wave,flux,fluxerr
320.00000,2.4410538e-11,2.9702786e-13
320.01000,2.4464626e-11,2.9589060e-13
320.02000,2.4480024e-11,2.9737772e-13
320.03000,2.4462678e-11,2.9856303e-13
320.04000,2.4481464e-11,2.9864004e-13
320.05000,2.4537963e-11,3.0014683e-13
320.06000,2.4646420e-11,3.0153777e-13
320.07000,2.4751781e-11,3.0214435e-13
320.08000,2.4763303e-11,3.0295363e-13
320.09000,2.4694644e-11,3.0262751e-13
320.10000,2.4617837e-11,3.0197586e-13
320.11000,2.4544300e-11,3.0135508e-13
320.12000,2.4492201e-11,3.0066379e-13
320.13000,2.4432868e-11,2.9969401e-13
320.14000,2.4297714e-11,2.9876842e-13
320.15000,2.4306756e-11,2.9944785e-13
320.16000,2.4516676e-11,3.0133365e-13
320.17000,2.4671449e-11,3.0245360e-13
320.18000,2.4736352e-11,3.0275349e-13
320.19000,2.4689382e-11,3.0155983e-13
320.20000,2.4532785e-11,2.9908501e-13
320.21000,2.4386943e-11,2.9717368e-13
320.22000,2.4310012e-11,2.9652707e-13
320.23000,2.4327175e-11,2.9709261e-13
320.24000,2.4334672e-11,2.9800618e-13
320.25000,2.4191747e-11,2.9721628e-13
320.26000,2.3898756e-11,2.9378456e-13
320.27000,2.3744611e-11,2.9132419e-13
320.28000,2.3996146e-11,2.9311856e-13
320.29000,2.4334480e-11,2.9595741e-13
320.30000,2.4461207e-11,2.9704042e-13
320.31000,2.4477174e-11,2.9758357e-13
320.32000,2.4461616e-11,2.9751107e-13
320.33000,2.4421472e-11,2.9685443e-13
320.34000,2.4434778e-11,2.9691084e-13
320.35000,2.4483108e-11,2.9737612e-13
320.36000,2.4469526e-11,2.9739698e-13
320.37000,2.4465476e-11,2.9794560e-13
320.38000,2.4493307e-11,2.9893672e-13
320.39000,2.4403763e-11,2.9804089e-13
320.40000,2.4271632e-11,2.9622124e-13
320.41000,2.4360191e-11,2.9645530e-13
320.42000,2.4656981e-11,2.9867697e-13
320.43000,2.4791956e-11,3.0032054e-13
320.44000,2.4718486e-11,3.0083346e-13
320.45000,2.4661447e-11,3.0089600e-13
320.46000,2.4661111e-11,3.0070882e-13
320.47000,2.4611008e-11,2.9976581e-13
320.48000,2.4507254e-11,2.9814488e-13
320.49000,2.4425070e-11,2.9712360e-13
320.50000,2.4353837e-11,2.9690433e-13
320.51000,2.4309216e-11,2.9709667e-13
320.52000,2.4260260e-11,2.9710650e-13
320.53000,2.4244525e-11,2.9741499e-13
320.54000,2.4359611e-11,2.9836075e-13
320.55000,2.4580269e-11,2.9974980e-13
320.56000,2.4744600e-11,3.0119766e-13
320.57000,2.4774620e-11,3.0207487e-13
320.58000,2.4748905e-11,3.0237401e-13
320.59000,2.4735076e-11,3.0288789e-13
320.60000,2.4764173e-11,3.0376985e-13
320.61000,2.4791490e-11,3.0423300e-13
320.62000,2.4766557e-11,3.0407188e-13
320.63000,2.4763243e-11,3.0406427e-13
320.64000,2.4761645e-11,3.0409125e-13
320.65000,2.4714968e-11,3.0395559e-13
320.66000,2.4633064e-11,3.0346661e-13
320.67000,2.4619994e-11,3.0366901e-13
320.68000,2.4701221e-11,3.0452905e-13
320.69000,2.4724185e-11,3.0489197e-13
320.70000,2.4677259e-11,3.0440784e-13
320.71000,2.4654874e-11,3.0401849e-13
320.72000,2.4699351e-11,3.0457487e-13
320.73000,2.4769503e-11,3.0494511e-13
320.74000,2.4794699e-11,3.0480543e-13
320.75000,2.4802998e-11,3.0455991e-13
320.76000,2.4764106e-11,3.0335958e-13
320.77000,2.4711662e-11,3.0240764e-13
320.78000,2.4683476e-11,3.0288896e-13
320.79000,2.4646997e-11,3.0320550e-13
320.80000,2.4566242e-11,3.0165231e-13
320.81000,2.4449614e-11,2.9932718e-13
320.82000,2.4365778e-11,2.9804414e-13
320.83000,2.4342835e-11,2.9787594e-13
320.84000,2.4348162e-11,2.9705932e-13
320.85000,2.4238145e-11,2.9444340e-13
320.86000,2.3841235e-11,2.9029091e-13
320.87000,2.3351499e-11,2.8572264e-13
320.88000,2.3290044e-11,2.8532983e-13
320.89000,2.3603435e-11,2.8939050e-13
320.90000,2.3749269e-11,2.9190063e-13
320.91000,2.3556611e-11,2.8998463e-13
320.92000,2.2854167e-11,2.8279763e-13
320.93000,2.1908295e-11,2.7365113e-13
320.94000,2.1941258e-11,2.7292902e-13
320.95000,2.3069145e-11,2.8168217e-13
320.96000,2.3934401e-11,2.8864503e-13
320.97000,2.4181950e-11,2.9046598e-13
320.98000,2.4186812e-11,2.9025714e-13
320.99000,2.4122081e-11,2.8970881e-13
321.00000,2.3829608e-11,2.8780089e-13
321.01000,2.3357623e-11,2.8475428e-13
321.02000,2.3156817e-11,2.8408616e-13
321.03000,2.3290816e-11,2.8589737e-13
321.04000,2.2995942e-11,2.8257585e-13
321.05000,2.1814890e-11,2.7063402e-13
321.06000,2.0897626e-11,2.6152756e-13
321.07000,2.1712398e-11,2.6815432e-13
321.08000,2.3369885e-11,2.8244583e-13
321.09000,2.4180537e-11,2.8998213e-13
321.10000,2.4307874e-11,2.9142111e-13
321.11000,2.4229128e-11,2.8946515e-13
321.12000,2.4148566e-11,2.8723055e-13
321.13000,2.4183815e-11,2.8705363e-13
321.14000,2.4233097e-11,2.8786985e-13
321.15000,2.4209402e-11,2.8783717e-13
321.16000,2.4216069e-11,2.8756254e-13
321.17000,2.4243127e-11,2.8847185e-13
321.18000,2.4210635e-11,2.8926695e-13
321.19000,2.4064945e-11,2.8784940e-13
321.20000,2.3591806e-11,2.8346400e-13
321.21000,2.2830998e-11,2.7680755e-13
321.22000,2.2555591e-11,2.7378752e-13
321.23000,2.3277934e-11,2.7987142e-13
321.24000,2.4117655e-11,2.8707595e-13
321.25000,2.4410020e-11,2.8879424e-13
321.26000,2.4331294e-11,2.8740304e-13
321.27000,2.4209615e-11,2.8587412e-13
321.28000,2.4174826e-11,2.8529278e-13
321.29000,2.4092449e-11,2.8425924e-13
321.30000,2.3947168e-11,2.8310458e-13
321.31000,2.3866737e-11,2.8266298e-13
321.32000,2.3576348e-11,2.8023276e-13
321.33000,2.2469994e-11,2.7089999e-13
321.34000,2.0737780e-11,2.5630034e-13
321.35000,2.0270806e-11,2.5161069e-13
321.36000,2.1977772e-11,2.6402859e-13
321.37000,2.3778961e-11,2.7756500e-13
321.38000,2.4393950e-11,2.8259483e-13
321.39000,2.4435711e-11,2.8376696e-13
321.40000,2.4366369e-11,2.8483586e-13
321.41000,2.4304130e-11,2.8614491e-13
321.42000,2.4277193e-11,2.8540453e-13
321.43000,2.4288712e-11,2.8308771e-13
321.44000,2.4319564e-11,2.8108399e-13
321.45000,2.4370284e-11,2.7982467e-13
321.46000,2.4384802e-11,2.7930912e-13
321.47000,2.4331789e-11,2.7919081e-13
321.48000,2.4348997e-11,2.7985108e-13
321.49000,2.4479170e-11,2.8113668e-13
321.50000,2.4594971e-11,2.8185992e-13
321.51000,2.4644250e-11,2.8142900e-13
321.52000,2.4671690e-11,2.8057566e-13
321.53000,2.4738998e-11,2.8005198e-13
321.54000,2.4808763e-11,2.7966395e-13
321.55000,2.4818905e-11,2.7946587e-13
321.56000,2.4803536e-11,2.7985594e-13
321.57000,2.4862550e-11,2.8085481e-13
321.58000,2.4943399e-11,2.8196481e-13
321.59000,2.4947731e-11,2.8255030e-13
321.60000,2.4790712e-11,2.8183564e-13
321.61000,2.4555582e-11,2.8028802e-13
321.62000,2.4430543e-11,2.7923514e-13
321.63000,2.4400193e-11,2.7898993e-13
321.64000,2.4336373e-11,2.7904055e-13
321.65000,2.4098726e-11,2.7749656e-13
321.66000,2.3683844e-11,2.7356039e-13
321.67000,2.3403467e-11,2.7056742e-13
321.68000,2.3555255e-11,2.7179909e-13
321.69000,2.3915089e-11,2.7494726e-13
321.70000,2.4048145e-11,2.7634453e-13
321.71000,2.3880631e-11,2.7587210e-13
321.72000,2.3650072e-11,2.7481687e-13
321.73000,2.3647610e-11,2.7460763e-13
321.74000,2.3421559e-11,2.7222902e-13
321.75000,2.2774524e-11,2.6713953e-13
321.76000,2.2752858e-11,2.6710359e-13
321.77000,2.3714834e-11,2.7432598e-13
321.78000,2.4525188e-11,2.8070683e-13
321.79000,2.4770256e-11,2.8330186e-13
321.80000,2.4770343e-11,2.8384772e-13
321.81000,2.4728296e-11,2.8364251e-13
321.82000,2.4689481e-11,2.8343416e-13
321.83000,2.4607997e-11,2.8285475e-13
321.84000,2.4560064e-11,2.8256454e-13
321.85000,2.4612488e-11,2.8362082e-13
321.86000,2.4660485e-11,2.8506520e-13
321.87000,2.4695927e-11,2.8594386e-13
321.88000,2.4733867e-11,2.8622332e-13
321.89000,2.4671834e-11,2.8564568e-13
321.90000,2.4583683e-11,2.8471709e-13
321.91000,2.4506993e-11,2.8334157e-13
321.92000,2.4361874e-11,2.8163133e-13
321.93000,2.4220040e-11,2.8062086e-13
321.94000,2.4239256e-11,2.8068038e-13
321.95000,2.4355608e-11,2.8098309e-13
321.96000,2.4404594e-11,2.8075753e-13
321.97000,2.4346399e-11,2.7969004e-13
321.98000,2.4324564e-11,2.7872296e-13
321.99000,2.4358893e-11,2.7859224e-13
322.00000,2.4437072e-11,2.7927123e-13
322.01000,2.4566423e-11,2.8044965e-13
322.02000,2.4650238e-11,2.8131040e-13
322.03000,2.4643589e-11,2.8057188e-13
322.04000,2.4586937e-11,2.7992177e-13
322.05000,2.4581423e-11,2.7865918e-13
322.06000,2.4624930e-11,2.7708323e-13
322.07000,2.4614343e-11,2.7812508e-13
322.08000,2.4527274e-11,2.7913733e-13
322.09000,2.4444246e-11,2.7667227e-13
322.10000,2.4438150e-11,2.7376582e-13
322.11000,2.4459664e-11,2.7327599e-13
322.12000,2.4447078e-11,2.7498528e-13
322.13000,2.4447835e-11,2.7734785e-13
322.14000,2.4464506e-11,2.7817453e-13
322.15000,2.4455864e-11,2.7682112e-13
322.16000,2.4455789e-11,2.7556767e-13
322.17000,2.4446006e-11,2.7538106e-13
322.18000,2.4401470e-11,2.7564764e-13
322.19000,2.4342218e-11,2.7645462e-13
322.20000,2.4356048e-11,2.7862154e-13
322.21000,2.4427635e-11,2.8071509e-13
322.22000,2.4399207e-11,2.7941666e-13
322.23000,2.4331072e-11,2.7564775e-13
322.24000,2.4315842e-11,2.7290679e-13
322.25000,2.4281554e-11,2.7246367e-13
322.26000,2.4212493e-11,2.7455726e-13
322.27000,2.4084908e-11,2.7604042e-13
322.28000,2.3851139e-11,2.7371848e-13
322.29000,2.3574351e-11,2.7035071e-13
322.30000,2.3504292e-11,2.7011912e-13
322.31000,2.3870764e-11,2.7243180e-13
322.32000,2.4328467e-11,2.7516930e-13
322.33000,2.4518872e-11,2.7717074e-13
322.34000,2.4544450e-11,2.7780160e-13
322.35000,2.4577865e-11,2.7847162e-13
322.36000,2.4608133e-11,2.7891235e-13
322.37000,2.4567806e-11,2.7892657e-13
322.38000,2.4512185e-11,2.7879485e-13
322.39000,2.4470409e-11,2.7862202e-13
322.40000,2.4433197e-11,2.7878172e-13
322.41000,2.4415996e-11,2.7922528e-13
322.42000,2.4419963e-11,2.7913139e-13
322.43000,2.4372576e-11,2.7836500e-13
322.44000,2.4363964e-11,2.7816187e-13
322.45000,2.4529837e-11,2.7941882e-13
322.46000,2.4692766e-11,2.8074071e-13
322.47000,2.4752484e-11,2.8144017e-13
322.48000,2.4767350e-11,2.8159539e-13
322.49000,2.4726811e-11,2.8105472e-13
322.50000,2.4608639e-11,2.7975745e-13
322.51000,2.4447425e-11,2.7783507e-13
322.52000,2.4327644e-11,2.7639039e-13
322.53000,2.4254112e-11,2.7606256e-13
322.54000,2.4143736e-11,2.7589374e-13
322.55000,2.3995693e-11,2.7527198e-13
322.56000,2.3964610e-11,2.7544801e-13
322.57000,2.4101208e-11,2.7689529e-13
322.58000,2.4204450e-11,2.7773903e-13
322.59000,2.4222915e-11,2.7788727e-13
322.60000,2.4230727e-11,2.7803903e-13
322.61000,2.4272685e-11,2.7801885e-13
322.62000,2.4279209e-11,2.7767997e-13
322.63000,2.4174706e-11,2.7671240e-13
322.64000,2.3968101e-11,2.7513891e-13
322.65000,2.3765303e-11,2.7395058e-13
322.66000,2.3780947e-11,2.7454446e-13
322.67000,2.4000254e-11,2.7647761e-13
322.68000,2.4196897e-11,2.7778982e-13
322.69000,2.4298671e-11,2.7822982e-13
322.70000,2.4299514e-11,2.7825183e-13
322.71000,2.4194615e-11,2.7778587e-13
322.72000,2.4080556e-11,2.7741780e-13
322.73000,2.4039671e-11,2.7768855e-13
322.74000,2.4012520e-11,2.7794728e-13
322.75000,2.3876084e-11,2.7717186e-13
322.76000,2.3529262e-11,2.7452349e-13
322.77000,2.2630233e-11,2.6737974e-13
322.78000,2.0904675e-11,2.5371678e-13
322.79000,1.9664708e-11,2.4382819e-13
322.80000,2.0725693e-11,2.5195241e-13
322.81000,2.2775420e-11,2.6820540e-13
322.82000,2.3752973e-11,2.7675100e-13
322.83000,2.3937080e-11,2.7888652e-13
322.84000,2.3992102e-11,2.7906437e-13
322.85000,2.3972543e-11,2.7833831e-13
322.86000,2.3786366e-11,2.7649846e-13
322.87000,2.3524258e-11,2.7416157e-13
322.88000,2.3419876e-11,2.7300526e-13
322.89000,2.3523022e-11,2.7368230e-13
322.90000,2.3576295e-11,2.7454224e-13
322.91000,2.3465220e-11,2.7409221e-13
322.92000,2.3294795e-11,2.7232456e-13
322.93000,2.3166094e-11,2.7034049e-13
322.94000,2.3245706e-11,2.6995674e-13
322.95000,2.3486145e-11,2.7133644e-13
322.96000,2.3740760e-11,2.7305855e-13
322.97000,2.4041391e-11,2.7531037e-13
322.98000,2.4229191e-11,2.7666572e-13
322.99000,2.4279401e-11,2.7720805e-13
323.00000,2.4314213e-11,2.7766511e-13
323.01000,2.4339042e-11,2.7704362e-13
323.02000,2.4352527e-11,2.7682790e-13
323.03000,2.4336710e-11,2.7689120e-13
323.04000,2.4315897e-11,2.7609370e-13
323.05000,2.4309447e-11,2.7557667e-13
323.06000,2.4250676e-11,2.7509978e-13
323.07000,2.4197337e-11,2.7446746e-13
323.08000,2.4226688e-11,2.7506934e-13
323.09000,2.4201874e-11,2.7562629e-13
323.10000,2.4089618e-11,2.7416490e-13
323.11000,2.3994814e-11,2.7212021e-13
323.12000,2.3977219e-11,2.7174188e-13
323.13000,2.4005451e-11,2.7272036e-13
323.14000,2.4025158e-11,2.7332132e-13
323.15000,2.3976693e-11,2.7193921e-13
323.16000,2.3788451e-11,2.6891437e-13
323.17000,2.3290209e-11,2.6407945e-13
323.18000,2.2592022e-11,2.5809303e-13
323.19000,2.2443341e-11,2.5689231e-13
323.20000,2.3101718e-11,2.6278147e-13
323.21000,2.3754457e-11,2.6894957e-13
323.22000,2.3937500e-11,2.7068006e-13
323.23000,2.3818060e-11,2.6906684e-13
323.24000,2.3646475e-11,2.6668513e-13
323.25000,2.3644640e-11,2.6582345e-13
323.26000,2.3738915e-11,2.6614831e-13
323.27000,2.3565168e-11,2.6455487e-13
323.28000,2.2997769e-11,2.5963356e-13
323.29000,2.2336223e-11,2.5387520e-13
323.30000,2.2441733e-11,2.5490327e-13
323.31000,2.3379375e-11,2.6347790e-13
323.32000,2.4127939e-11,2.7066036e-13
323.33000,2.4373625e-11,2.7233750e-13
323.34000,2.4371897e-11,2.7046908e-13
323.35000,2.4218792e-11,2.6740876e-13
323.36000,2.4043236e-11,2.6481731e-13
323.37000,2.3959373e-11,2.6322191e-13
323.38000,2.3935324e-11,2.6249164e-13
323.39000,2.3883509e-11,2.6284227e-13
323.40000,2.3684659e-11,2.6184419e-13
323.41000,2.3138955e-11,2.5652457e-13
323.42000,2.2538439e-11,2.5107780e-13
323.43000,2.2625029e-11,2.5209053e-13
323.44000,2.3143851e-11,2.5651447e-13
323.45000,2.3039307e-11,2.5526661e-13
323.46000,2.2251024e-11,2.4851166e-13
323.47000,2.1946962e-11,2.4608271e-13
323.48000,2.2821623e-11,2.5230714e-13
323.49000,2.3789781e-11,2.5847779e-13
323.50000,2.4129765e-11,2.6069247e-13
323.51000,2.4209999e-11,2.6115906e-13
323.52000,2.4281856e-11,2.6089770e-13
323.53000,2.4344033e-11,2.6101381e-13
323.54000,2.4351740e-11,2.6094173e-13
323.55000,2.4326057e-11,2.6025915e-13
323.56000,2.4292198e-11,2.5956712e-13
323.57000,2.4186790e-11,2.5852237e-13
323.58000,2.4059446e-11,2.5735121e-13
323.59000,2.4002757e-11,2.5608420e-13
323.60000,2.3968542e-11,2.5501594e-13
323.61000,2.3852882e-11,2.5378207e-13
323.62000,2.3649827e-11,2.5204512e-13
323.63000,2.3541159e-11,2.5088809e-13
323.64000,2.3650179e-11,2.5135656e-13
323.65000,2.3649904e-11,2.5109801e-13
323.66000,2.3151534e-11,2.4715584e-13
323.67000,2.2501857e-11,2.4211232e-13
323.68000,2.2621781e-11,2.4273223e-13
323.69000,2.3453509e-11,2.4851821e-13
323.70000,2.4055080e-11,2.5279107e-13
323.71000,2.4228050e-11,2.5431726e-13
323.72000,2.4226604e-11,2.5473161e-13
323.73000,2.4017577e-11,2.5389103e-13
323.74000,2.3582144e-11,2.5126474e-13
323.75000,2.3056448e-11,2.4725124e-13
323.76000,2.2948675e-11,2.4601631e-13
323.77000,2.3330907e-11,2.4850639e-13
323.78000,2.3292443e-11,2.4802186e-13
323.79000,2.2529765e-11,2.4237641e-13
323.80000,2.2117769e-11,2.3938396e-13
323.81000,2.2910550e-11,2.4479418e-13
323.82000,2.3944420e-11,2.5158429e-13
323.83000,2.4301872e-11,2.5380839e-13
323.84000,2.4219834e-11,2.5334724e-13
323.85000,2.3991049e-11,2.5208420e-13
323.86000,2.3774162e-11,2.5071493e-13
323.87000,2.3546508e-11,2.4898856e-13
323.88000,2.3184963e-11,2.4636000e-13
323.89000,2.2787616e-11,2.4335347e-13
323.90000,2.2603157e-11,2.4194186e-13
323.91000,2.2499205e-11,2.4161322e-13
323.92000,2.2458477e-11,2.4200664e-13
323.93000,2.2966253e-11,2.4603928e-13
323.94000,2.3749764e-11,2.5174433e-13
323.95000,2.4181009e-11,2.5490377e-13
323.96000,2.4292720e-11,2.5553458e-13
323.97000,2.4186894e-11,2.5435661e-13
323.98000,2.4044412e-11,2.5302003e-13
323.99000,2.4114674e-11,2.5333086e-13
324.00000,2.4345408e-11,2.5495398e-13
324.01000,2.4515527e-11,2.5649470e-13
324.02000,2.4557335e-11,2.5729196e-13
324.03000,2.4516728e-11,2.5728500e-13
324.04000,2.4507247e-11,2.5736575e-13
324.05000,2.4528180e-11,2.5760057e-13
324.06000,2.4540190e-11,2.5738621e-13
324.07000,2.4520644e-11,2.5666554e-13
324.08000,2.4444396e-11,2.5565116e-13
324.09000,2.4386244e-11,2.5512345e-13
324.10000,2.4432556e-11,2.5521622e-13
324.11000,2.4518390e-11,2.5544103e-13
324.12000,2.4478125e-11,2.5500031e-13
324.13000,2.4308407e-11,2.5350517e-13
324.14000,2.4165269e-11,2.5165090e-13
324.15000,2.4035917e-11,2.5008264e-13
324.16000,2.3783774e-11,2.4827737e-13
324.17000,2.3444159e-11,2.4585568e-13
324.18000,2.3131504e-11,2.4336409e-13
324.19000,2.2951478e-11,2.4163218e-13
324.20000,2.2772660e-11,2.3977179e-13
324.21000,2.2494828e-11,2.3720584e-13
324.22000,2.2721785e-11,2.3867560e-13
324.23000,2.3468704e-11,2.4413019e-13
324.24000,2.3979984e-11,2.4763200e-13
324.25000,2.4077122e-11,2.4787120e-13
324.26000,2.4070774e-11,2.4725527e-13
324.27000,2.4101466e-11,2.4652451e-13
324.28000,2.4138602e-11,2.4570706e-13
324.29000,2.4121561e-11,2.4495824e-13
324.30000,2.4063457e-11,2.4460403e-13
324.31000,2.4032851e-11,2.4403211e-13
324.32000,2.4038462e-11,2.4410690e-13
324.33000,2.3979117e-11,2.4363931e-13
324.34000,2.3850327e-11,2.4246953e-13
324.35000,2.3751180e-11,2.4265383e-13
324.36000,2.3570242e-11,2.4124116e-13
324.37000,2.3015391e-11,2.3615399e-13
324.38000,2.2066638e-11,2.3004038e-13
324.39000,2.1626424e-11,2.2828033e-13
324.40000,2.2416177e-11,2.3287290e-13
324.41000,2.3464901e-11,2.3765367e-13
324.42000,2.3912881e-11,2.3941214e-13
324.43000,2.4002836e-11,2.4072155e-13
324.44000,2.4009708e-11,2.4243699e-13
324.45000,2.3998369e-11,2.4393884e-13
324.46000,2.3961286e-11,2.4488801e-13
324.47000,2.3943923e-11,2.4539529e-13
324.48000,2.4000850e-11,2.4551783e-13
324.49000,2.4091605e-11,2.4514086e-13
324.50000,2.4115439e-11,2.4398793e-13
324.51000,2.4124900e-11,2.4263952e-13
324.52000,2.4152870e-11,2.4209519e-13
324.53000,2.4158101e-11,2.4322755e-13
324.54000,2.4151882e-11,2.4594434e-13
324.55000,2.4126709e-11,2.4795590e-13
324.56000,2.4080411e-11,2.4717703e-13
324.57000,2.4063806e-11,2.4581934e-13
324.58000,2.4080430e-11,2.4678058e-13
324.59000,2.4100894e-11,2.4852570e-13
324.60000,2.4140114e-11,2.4889491e-13
324.61000,2.4220117e-11,2.4943776e-13
324.62000,2.4294168e-11,2.5001311e-13
324.63000,2.4278674e-11,2.4953636e-13
324.64000,2.4227792e-11,2.4957706e-13
324.65000,2.4167790e-11,2.4952579e-13
324.66000,2.4042222e-11,2.4908971e-13
324.67000,2.3889627e-11,2.4850757e-13
324.68000,2.3720263e-11,2.4759907e-13
324.69000,2.3497255e-11,2.4627427e-13
324.70000,2.3202205e-11,2.4432899e-13
324.71000,2.2724681e-11,2.4080389e-13
324.72000,2.1820241e-11,2.3438354e-13
324.73000,2.0835586e-11,2.2757546e-13
324.74000,2.0816598e-11,2.2733406e-13
324.75000,2.1682700e-11,2.3345353e-13
324.76000,2.2468331e-11,2.3958002e-13
324.77000,2.3065665e-11,2.4438350e-13
324.78000,2.3488652e-11,2.4765774e-13
324.79000,2.3629809e-11,2.4917389e-13
324.80000,2.3579284e-11,2.4942361e-13
324.81000,2.3465126e-11,2.4883099e-13
324.82000,2.3364274e-11,2.4831672e-13
324.83000,2.3315261e-11,2.4829194e-13
324.84000,2.3297249e-11,2.4808923e-13
324.85000,2.3272011e-11,2.4763055e-13
324.86000,2.3105747e-11,2.4658911e-13
324.87000,2.2783723e-11,2.4469736e-13
324.88000,2.2759716e-11,2.4467505e-13
324.89000,2.3204789e-11,2.4777886e-13
324.90000,2.3586522e-11,2.5056379e-13
324.91000,2.3661001e-11,2.5131008e-13
324.92000,2.3555172e-11,2.5081860e-13
324.93000,2.3470358e-11,2.5022877e-13
324.94000,2.3509486e-11,2.5056619e-13
324.95000,2.3527645e-11,2.5106728e-13
324.96000,2.3392903e-11,2.5026151e-13
324.97000,2.3013406e-11,2.4802681e-13
324.98000,2.2605352e-11,2.4604717e-13
324.99000,2.2705470e-11,2.4712157e-13
325.00000,2.3174293e-11,2.5022581e-13
325.01000,2.3468498e-11,2.5257108e-13
325.02000,2.3608508e-11,2.5426961e-13
325.03000,2.3708831e-11,2.5440901e-13
325.04000,2.3734438e-11,2.5289065e-13
325.05000,2.3728236e-11,2.5189602e-13
325.06000,2.3744545e-11,2.5202618e-13
325.07000,2.3728081e-11,2.5238510e-13
325.08000,2.3672826e-11,2.5232966e-13
325.09000,2.3633105e-11,2.5194578e-13
325.10000,2.3632717e-11,2.5182079e-13
325.11000,2.3628192e-11,2.5160500e-13
325.12000,2.3597593e-11,2.5082501e-13
325.13000,2.3537537e-11,2.4969720e-13
325.14000,2.3419437e-11,2.4839062e-13
325.15000,2.3315221e-11,2.4730270e-13
325.16000,2.3324081e-11,2.4720254e-13
325.17000,2.3368157e-11,2.4766866e-13
325.18000,2.3316565e-11,2.4750949e-13
325.19000,2.3181243e-11,2.4661105e-13
325.20000,2.3063756e-11,2.4550262e-13
325.21000,2.3124444e-11,2.4532775e-13
325.22000,2.3374557e-11,2.4651059e-13
325.23000,2.3532179e-11,2.4734679e-13
325.24000,2.3540953e-11,2.4760492e-13
325.25000,2.3492175e-11,2.4799978e-13
325.26000,2.3386459e-11,2.4798087e-13
325.27000,2.3312001e-11,2.4761232e-13
325.28000,2.3312537e-11,2.4725909e-13
325.29000,2.3210667e-11,2.4640303e-13
325.30000,2.2972014e-11,2.4516405e-13
325.31000,2.2976862e-11,2.4617974e-13
325.32000,2.3389399e-11,2.4924383e-13
325.33000,2.3765180e-11,2.5124803e-13
325.34000,2.3861003e-11,2.5128303e-13
325.35000,2.3822547e-11,2.5021377e-13
325.36000,2.3771589e-11,2.4958078e-13
325.37000,2.3714326e-11,2.4938850e-13
325.38000,2.3638727e-11,2.4912298e-13
325.39000,2.3529378e-11,2.4919192e-13
325.40000,2.3448157e-11,2.4925156e-13
325.41000,2.3417630e-11,2.4836474e-13
325.42000,2.3331709e-11,2.4727500e-13
325.43000,2.3171603e-11,2.4685691e-13
325.44000,2.3104826e-11,2.4661132e-13
325.45000,2.3333662e-11,2.4742727e-13
325.46000,2.3676394e-11,2.4943201e-13
325.47000,2.3829029e-11,2.5103543e-13
325.48000,2.3808877e-11,2.5203782e-13
325.49000,2.3777905e-11,2.5188550e-13
325.50000,2.3826521e-11,2.5077676e-13
325.51000,2.3878435e-11,2.4999618e-13
325.52000,2.3842896e-11,2.4920969e-13
325.53000,2.3712770e-11,2.4753658e-13
325.54000,2.3557826e-11,2.4596776e-13
325.55000,2.3506532e-11,2.4602600e-13
325.56000,2.3567428e-11,2.4763210e-13
325.57000,2.3559104e-11,2.4925552e-13
325.58000,2.3265313e-11,2.4859269e-13
325.59000,2.2485389e-11,2.4327824e-13
325.60000,2.1541085e-11,2.3607073e-13
325.61000,2.1570207e-11,2.3615607e-13
325.62000,2.2712988e-11,2.4435710e-13
325.63000,2.3637102e-11,2.5034395e-13
325.64000,2.3916835e-11,2.5078209e-13
325.65000,2.3980992e-11,2.4923490e-13
325.66000,2.4064405e-11,2.4791890e-13
325.67000,2.4117627e-11,2.4693339e-13
325.68000,2.4055970e-11,2.4594971e-13
325.69000,2.3955821e-11,2.4504588e-13
325.70000,2.3935590e-11,2.4466667e-13
325.71000,2.3964405e-11,2.4531834e-13
325.72000,2.3985076e-11,2.4606597e-13
325.73000,2.3966325e-11,2.4503406e-13
325.74000,2.3860705e-11,2.4280810e-13
325.75000,2.3744515e-11,2.4146440e-13
325.76000,2.3769023e-11,2.4216962e-13
325.77000,2.3920965e-11,2.4370869e-13
325.78000,2.4006618e-11,2.4323448e-13
325.79000,2.3921751e-11,2.4135543e-13
325.80000,2.3729665e-11,2.3978293e-13
325.81000,2.3614618e-11,2.3858704e-13
325.82000,2.3666672e-11,2.3808379e-13
325.83000,2.3741134e-11,2.3844236e-13
325.84000,2.3709695e-11,2.3813265e-13
325.85000,2.3610814e-11,2.3668316e-13
325.86000,2.3477363e-11,2.3507456e-13
325.87000,2.3068780e-11,2.3180682e-13
325.88000,2.2123870e-11,2.2550478e-13
325.89000,2.1068776e-11,2.1904392e-13
325.90000,2.0815486e-11,2.1776140e-13
325.91000,2.1020477e-11,2.1943697e-13
325.92000,2.1022036e-11,2.1963695e-13
325.93000,2.1759529e-11,2.2466922e-13
325.94000,2.3141658e-11,2.3376114e-13
325.95000,2.4002580e-11,2.3925771e-13
325.96000,2.4237706e-11,2.4043529e-13
325.97000,2.4238796e-11,2.3990235e-13
325.98000,2.4218541e-11,2.3951018e-13
325.99000,2.4212238e-11,2.3958211e-13
326.00000,2.4213029e-11,2.3983457e-13
326.01000,2.4172983e-11,2.3989530e-13
326.02000,2.4155517e-11,2.4009527e-13
326.03000,2.4221514e-11,2.4069706e-13
326.04000,2.4263552e-11,2.4075397e-13
326.05000,2.4236807e-11,2.4016778e-13
326.06000,2.4229023e-11,2.3995031e-13
326.07000,2.4291856e-11,2.4030684e-13
326.08000,2.4368180e-11,2.4075657e-13
326.09000,2.4372159e-11,2.4076898e-13
326.10000,2.4297971e-11,2.4025541e-13
326.11000,2.4142835e-11,2.3902993e-13
326.12000,2.3960406e-11,2.3749583e-13
326.13000,2.3839072e-11,2.3676684e-13
326.14000,2.3743754e-11,2.3650800e-13
326.15000,2.3576743e-11,2.3533504e-13
326.16000,2.3221531e-11,2.3248177e-13
326.17000,2.2811590e-11,2.2919271e-13
326.18000,2.2895203e-11,2.2890959e-13
326.19000,2.3530985e-11,2.3239142e-13
326.20000,2.4080412e-11,2.3601176e-13
326.21000,2.4300010e-11,2.3784053e-13
326.22000,2.4359115e-11,2.3840210e-13
326.23000,2.4340535e-11,2.3812554e-13
326.24000,2.4178800e-11,2.3683853e-13
326.25000,2.3712669e-11,2.3356820e-13
326.26000,2.3375629e-11,2.3097420e-13
326.27000,2.3722774e-11,2.3276209e-13
326.28000,2.4183846e-11,2.3563126e-13
326.29000,2.4341629e-11,2.3698895e-13
326.30000,2.4352693e-11,2.3765443e-13
326.31000,2.4320771e-11,2.3809439e-13
326.32000,2.4223935e-11,2.3786702e-13
326.33000,2.4097111e-11,2.3690869e-13
326.34000,2.4026380e-11,2.3596500e-13
326.35000,2.4063246e-11,2.3592539e-13
326.36000,2.4150187e-11,2.3639614e-13
326.37000,2.4175919e-11,2.3628234e-13
326.38000,2.4097726e-11,2.3566689e-13
326.39000,2.4025166e-11,2.3534422e-13
326.40000,2.4015759e-11,2.3515340e-13
326.41000,2.4019264e-11,2.3454794e-13
326.42000,2.3954017e-11,2.3354551e-13
326.43000,2.3723061e-11,2.3185359e-13
326.44000,2.3477196e-11,2.3049169e-13
326.45000,2.3525405e-11,2.3454750e-13
326.46000,2.3750340e-11,2.4532495e-13
326.47000,2.3880056e-11,2.4897232e-13
326.48000,2.3830050e-11,2.3987059e-13
326.49000,2.3728572e-11,2.3287232e-13
326.50000,2.3844076e-11,2.3282946e-13
326.51000,2.4049526e-11,2.3440089e-13
326.52000,2.4094353e-11,2.3472885e-13
326.53000,2.4061791e-11,2.3454249e-13
326.54000,2.4064926e-11,2.3421023e-13
326.55000,2.4090934e-11,2.3349296e-13
326.56000,2.4115413e-11,2.3278793e-13
326.57000,2.4131410e-11,2.3231533e-13
326.58000,2.4159775e-11,2.3208357e-13
326.59000,2.4168686e-11,2.3213003e-13
326.60000,2.4100194e-11,2.3209540e-13
326.61000,2.4075913e-11,2.3202054e-13
326.62000,2.4115453e-11,2.3171970e-13
326.63000,2.4111347e-11,2.3084485e-13
326.64000,2.4067320e-11,2.2995907e-13
326.65000,2.4000726e-11,2.2890626e-13
326.66000,2.3945946e-11,2.2910602e-13
326.67000,2.3910782e-11,2.2932125e-13
326.68000,2.3844271e-11,2.2839845e-13
326.69000,2.3579235e-11,2.2745442e-13
326.70000,2.3001445e-11,2.2436460e-13
326.71000,2.2442001e-11,2.1943870e-13
326.72000,2.2554747e-11,2.1924730e-13
326.73000,2.3213643e-11,2.2498008e-13
326.74000,2.3694000e-11,2.3031641e-13
326.75000,2.3833623e-11,2.3138012e-13
326.76000,2.3875223e-11,2.2987721e-13
326.77000,2.3909859e-11,2.2816454e-13
326.78000,2.3862881e-11,2.2658469e-13
326.79000,2.3836180e-11,2.2590242e-13
326.80000,2.3948894e-11,2.2673907e-13
326.81000,2.4028668e-11,2.2760595e-13
326.82000,2.4002050e-11,2.2777529e-13
326.83000,2.3977930e-11,2.2829374e-13
326.84000,2.3941534e-11,2.2934325e-13
326.85000,2.3770684e-11,2.2976142e-13
326.86000,2.3493867e-11,2.2844664e-13
326.87000,2.3409477e-11,2.2649741e-13
326.88000,2.3657957e-11,2.2653979e-13
326.89000,2.3917459e-11,2.2874582e-13
326.90000,2.4015722e-11,2.3142341e-13
326.91000,2.3987629e-11,2.3178528e-13
326.92000,2.3890618e-11,2.3034159e-13
326.93000,2.3845360e-11,2.3019239e-13
326.94000,2.3889771e-11,2.3049324e-13
326.95000,2.3931380e-11,2.3029631e-13
326.96000,2.3864446e-11,2.3016694e-13
326.97000,2.3687226e-11,2.2946256e-13
326.98000,2.3429637e-11,2.2843343e-13
326.99000,2.3198880e-11,2.2759625e-13
327.00000,2.3193191e-11,2.2782161e-13
327.01000,2.3273915e-11,2.2807171e-13
327.02000,2.3186105e-11,2.2721580e-13
327.03000,2.3178117e-11,2.2713839e-13
327.04000,2.3466992e-11,2.2907431e-13
327.05000,2.3703707e-11,2.3088936e-13
327.06000,2.3713636e-11,2.3164655e-13
327.07000,2.3673035e-11,2.3196524e-13
327.08000,2.3622252e-11,2.3189957e-13
327.09000,2.3555970e-11,2.3192119e-13
327.10000,2.3483552e-11,2.3193291e-13
327.11000,2.3369480e-11,2.3112153e-13
327.12000,2.3238151e-11,2.3010084e-13
327.13000,2.3180581e-11,2.2986165e-13
327.14000,2.3286089e-11,2.3074131e-13
327.15000,2.3386022e-11,2.3156745e-13
327.16000,2.3345397e-11,2.3149027e-13
327.17000,2.3206292e-11,2.3080665e-13
327.18000,2.3116603e-11,2.3079430e-13
327.19000,2.3204573e-11,2.3212230e-13
327.20000,2.3377330e-11,2.3353823e-13
327.21000,2.3462032e-11,2.3396761e-13
327.22000,2.3481490e-11,2.3409552e-13
327.23000,2.3565520e-11,2.3472837e-13
327.24000,2.3692883e-11,2.3547286e-13
327.25000,2.3730010e-11,2.3552130e-13
327.26000,2.3683512e-11,2.3495324e-13
327.27000,2.3618726e-11,2.3436887e-13
327.28000,2.3611888e-11,2.3465404e-13
327.29000,2.3676315e-11,2.3535193e-13
327.30000,2.3709819e-11,2.3549430e-13
327.31000,2.3712437e-11,2.3544079e-13
327.32000,2.3734729e-11,2.3576780e-13
327.33000,2.3740010e-11,2.3622953e-13
327.34000,2.3653238e-11,2.3600849e-13
327.35000,2.3412713e-11,2.3424627e-13
327.36000,2.3111104e-11,2.3173103e-13
327.37000,2.3041404e-11,2.3101439e-13
327.38000,2.3307244e-11,2.3254890e-13
327.39000,2.3594382e-11,2.3388866e-13
327.40000,2.3734556e-11,2.3429377e-13
327.41000,2.3797252e-11,2.3441624e-13
327.42000,2.3813969e-11,2.3424856e-13
327.43000,2.3779102e-11,2.3380452e-13
327.44000,2.3753523e-11,2.3352737e-13
327.45000,2.3761241e-11,2.3358390e-13
327.46000,2.3715044e-11,2.3356143e-13
327.47000,2.3628821e-11,2.3331885e-13
327.48000,2.3567081e-11,2.3279172e-13
327.49000,2.3491551e-11,2.3179771e-13
327.50000,2.3413777e-11,2.3074580e-13
327.51000,2.3425694e-11,2.3063516e-13
327.52000,2.3544429e-11,2.3193712e-13
327.53000,2.3648512e-11,2.3339556e-13
327.54000,2.3703120e-11,2.3401693e-13
327.55000,2.3702740e-11,2.3382575e-13
327.56000,2.3624406e-11,2.3306408e-13
327.57000,2.3549300e-11,2.3227915e-13
327.58000,2.3495335e-11,2.3166798e-13
327.59000,2.3395258e-11,2.3115183e-13
327.60000,2.3280244e-11,2.3103664e-13
327.61000,2.3149422e-11,2.3087943e-13
327.62000,2.2954829e-11,2.2989390e-13
327.63000,2.2845331e-11,2.2880974e-13
327.64000,2.2974483e-11,2.2925016e-13
327.65000,2.3062200e-11,2.2962311e-13
327.66000,2.2739192e-11,2.2756948e-13
327.67000,2.2070017e-11,2.2345337e-13
327.68000,2.1819882e-11,2.2233022e-13
327.69000,2.2346766e-11,2.2603236e-13
327.70000,2.2895792e-11,2.2952255e-13
327.71000,2.3077736e-11,2.3083775e-13
327.72000,2.3001178e-11,2.3021957e-13
327.73000,2.2558558e-11,2.2725552e-13
327.74000,2.1640668e-11,2.2102762e-13
327.75000,2.0913280e-11,2.1537206e-13
327.76000,2.1407360e-11,2.1855868e-13
327.77000,2.2565859e-11,2.2693463e-13
327.78000,2.3153363e-11,2.3073045e-13
327.79000,2.3180635e-11,2.3049728e-13
327.80000,2.3155688e-11,2.3098380e-13
327.81000,2.3148210e-11,2.3194915e-13
327.82000,2.3081100e-11,2.3106418e-13
327.83000,2.2979909e-11,2.2897096e-13
327.84000,2.2869340e-11,2.2724709e-13
327.85000,2.2853093e-11,2.2696975e-13
327.86000,2.2975545e-11,2.2828971e-13
327.87000,2.3041393e-11,2.2861836e-13
327.88000,2.2999138e-11,2.2730176e-13
327.89000,2.2940949e-11,2.2618093e-13
327.90000,2.2824090e-11,2.2526950e-13
327.91000,2.2784083e-11,2.2466663e-13
327.92000,2.2988667e-11,2.2520430e-13
327.93000,2.3181899e-11,2.2573559e-13
327.94000,2.3175669e-11,2.2542453e-13
327.95000,2.3094692e-11,2.2511825e-13
327.96000,2.2982066e-11,2.2480050e-13
327.97000,2.2793402e-11,2.2370682e-13
327.98000,2.2672361e-11,2.2259955e-13
327.99000,2.2833430e-11,2.2300513e-13
328.00000,2.3139081e-11,2.2410377e-13
328.01000,2.3324255e-11,2.2452883e-13
328.02000,2.3385845e-11,2.2475819e-13
328.03000,2.3435324e-11,2.2527747e-13
328.04000,2.3510332e-11,2.2555991e-13
328.05000,2.3558728e-11,2.2544696e-13
328.06000,2.3531378e-11,2.2601862e-13
328.07000,2.3439719e-11,2.2716646e-13
328.08000,2.3354865e-11,2.2678560e-13
328.09000,2.3288041e-11,2.2478633e-13
328.10000,2.3223161e-11,2.2358046e-13
328.11000,2.3211337e-11,2.2413298e-13
328.12000,2.3072457e-11,2.2451301e-13
328.13000,2.2483518e-11,2.2095990e-13
328.14000,2.1652891e-11,2.1465951e-13
328.15000,2.1555946e-11,2.1360389e-13
328.16000,2.2409323e-11,2.1917518e-13
328.17000,2.3146856e-11,2.2353602e-13
328.18000,2.3335769e-11,2.2438903e-13
328.19000,2.3312970e-11,2.2468998e-13
328.20000,2.3307029e-11,2.2484406e-13
328.21000,2.3283283e-11,2.2446575e-13
328.22000,2.3219508e-11,2.2416987e-13
328.23000,2.3151741e-11,2.2340368e-13
328.24000,2.3090845e-11,2.2226840e-13
328.25000,2.3132542e-11,2.2194078e-13
328.26000,2.3302210e-11,2.2266655e-13
328.27000,2.3434214e-11,2.2353684e-13
328.28000,2.3471312e-11,2.2374014e-13
328.29000,2.3511198e-11,2.2402508e-13
328.30000,2.3522710e-11,2.2418106e-13
328.31000,2.3464669e-11,2.2370822e-13
328.32000,2.3417305e-11,2.2305341e-13
328.33000,2.3458475e-11,2.2295199e-13
328.34000,2.3560938e-11,2.2327049e-13
328.35000,2.3631363e-11,2.2326839e-13
328.36000,2.3615213e-11,2.2281013e-13
328.37000,2.3604707e-11,2.2272798e-13
328.38000,2.3638385e-11,2.2315628e-13
328.39000,2.3625136e-11,2.2322215e-13
328.40000,2.3588809e-11,2.2281425e-13
328.41000,2.3562081e-11,2.2230534e-13
328.42000,2.3497316e-11,2.2154408e-13
328.43000,2.3444731e-11,2.2098120e-13
328.44000,2.3401036e-11,2.2111459e-13
328.45000,2.3362494e-11,2.2138536e-13
328.46000,2.3372966e-11,2.2131205e-13
328.47000,2.3427900e-11,2.2119568e-13
328.48000,2.3482221e-11,2.2108970e-13
328.49000,2.3481813e-11,2.2041963e-13
328.50000,2.3427070e-11,2.1930153e-13
328.51000,2.3352802e-11,2.1848294e-13
328.52000,2.3327443e-11,2.1858859e-13
328.53000,2.3364594e-11,2.1937126e-13
328.54000,2.3308262e-11,2.1929337e-13
328.55000,2.3083672e-11,2.1780965e-13
328.56000,2.2961580e-11,2.1672328e-13
328.57000,2.3201066e-11,2.1760838e-13
328.58000,2.3555947e-11,2.1946093e-13
328.59000,2.3670594e-11,2.2079511e-13
328.60000,2.3555516e-11,2.2098623e-13
328.61000,2.3449778e-11,2.2063176e-13
328.62000,2.3440263e-11,2.2046999e-13
328.63000,2.3459488e-11,2.2021777e-13
328.64000,2.3433073e-11,2.1948024e-13
328.65000,2.3362335e-11,2.1862071e-13
328.66000,2.3339464e-11,2.1834184e-13
328.67000,2.3420265e-11,2.1858563e-13
328.68000,2.3548354e-11,2.1915376e-13
328.69000,2.3598742e-11,2.1976631e-13
328.70000,2.3543291e-11,2.2018460e-13
328.71000,2.3449855e-11,2.2030649e-13
328.72000,2.3320579e-11,2.1995653e-13
328.73000,2.3194279e-11,2.1942524e-13
328.74000,2.3122484e-11,2.1875812e-13
328.75000,2.3074222e-11,2.1795649e-13
328.76000,2.2975557e-11,2.1727518e-13
328.77000,2.2804860e-11,2.1641346e-13
328.78000,2.2693744e-11,2.1556949e-13
328.79000,2.2830845e-11,2.1612528e-13
328.80000,2.3071112e-11,2.1754042e-13
328.81000,2.3183547e-11,2.1812545e-13
328.82000,2.3246061e-11,2.1832124e-13
328.83000,2.3324029e-11,2.1899260e-13
328.84000,2.3370698e-11,2.1962819e-13
328.85000,2.3395581e-11,2.1966852e-13
328.86000,2.3421568e-11,2.1931259e-13
328.87000,2.3464821e-11,2.1886027e-13
328.88000,2.3521032e-11,2.1826576e-13
328.89000,2.3517718e-11,2.1752449e-13
328.90000,2.3459164e-11,2.1726651e-13
328.91000,2.3426424e-11,2.1752069e-13
328.92000,2.3378330e-11,2.1727188e-13
328.93000,2.3101309e-11,2.1539185e-13
328.94000,2.2450920e-11,2.1107183e-13
328.95000,2.1892836e-11,2.0692841e-13
328.96000,2.2236337e-11,2.0820172e-13
328.97000,2.3147045e-11,2.1330641e-13
328.98000,2.3701218e-11,2.1641843e-13
328.99000,2.3846823e-11,2.1695889e-13
329.00000,2.3833846e-11,2.1678325e-13
329.01000,2.3771990e-11,2.1622230e-13
329.02000,2.3740091e-11,2.1615318e-13
329.03000,2.3744452e-11,2.1568848e-13
329.04000,2.3735852e-11,2.1535772e-13
329.05000,2.3691141e-11,2.1587825e-13
329.06000,2.3619193e-11,2.1487924e-13
329.07000,2.3533877e-11,2.1301020e-13
329.08000,2.3523864e-11,2.1366315e-13
329.09000,2.3613007e-11,2.1625667e-13
329.10000,2.3704893e-11,2.1713209e-13
329.11000,2.3748383e-11,2.1548340e-13
329.12000,2.3747967e-11,2.1333325e-13
329.13000,2.3695218e-11,2.1189482e-13
329.14000,2.3634843e-11,2.1144091e-13
329.15000,2.3623351e-11,2.1160357e-13
329.16000,2.3615711e-11,2.1165438e-13
329.17000,2.3516740e-11,2.1114026e-13
329.18000,2.3332839e-11,2.1010753e-13
329.19000,2.3167492e-11,2.0930828e-13
329.20000,2.3187861e-11,2.1016576e-13
329.21000,2.3461469e-11,2.1318585e-13
329.22000,2.3745951e-11,2.1654150e-13
329.23000,2.3852143e-11,2.1837061e-13
329.24000,2.3840141e-11,2.1787904e-13
329.25000,2.3810878e-11,2.1641139e-13
329.26000,2.3768822e-11,2.1625100e-13
329.27000,2.3729747e-11,2.1727114e-13
329.28000,2.3720177e-11,2.1742030e-13
329.29000,2.3694354e-11,2.1725789e-13
329.30000,2.3650196e-11,2.1801600e-13
329.31000,2.3674402e-11,2.1848266e-13
329.32000,2.3774434e-11,2.1891326e-13
329.33000,2.3836328e-11,2.1928890e-13
329.34000,2.3864202e-11,2.1933317e-13
329.35000,2.3846486e-11,2.1909756e-13
329.36000,2.3751335e-11,2.1852635e-13
329.37000,2.3702786e-11,2.1857669e-13
329.38000,2.3744931e-11,2.1911409e-13
329.39000,2.3753219e-11,2.1935149e-13
329.40000,2.3703003e-11,2.1924034e-13
329.41000,2.3662802e-11,2.1898488e-13
329.42000,2.3669546e-11,2.1882638e-13
329.43000,2.3702069e-11,2.1906900e-13
329.44000,2.3715402e-11,2.1949125e-13
329.45000,2.3675283e-11,2.1980552e-13
329.46000,2.3596417e-11,2.1999732e-13
329.47000,2.3514314e-11,2.1995442e-13
329.48000,2.3445427e-11,2.1959969e-13
329.49000,2.3370708e-11,2.1911588e-13
329.50000,2.3284172e-11,2.1859912e-13
329.51000,2.3169192e-11,2.1783663e-13
329.52000,2.2943907e-11,2.1669480e-13
329.53000,2.2541087e-11,2.1464173e-13
329.54000,2.2093257e-11,2.1205791e-13
329.55000,2.1828548e-11,2.1034643e-13
329.56000,2.1893414e-11,2.1052040e-13
329.57000,2.2314144e-11,2.1288881e-13
329.58000,2.2496046e-11,2.1391091e-13
329.59000,2.2137955e-11,2.1158039e-13
329.60000,2.1991777e-11,2.1032920e-13
329.61000,2.2573803e-11,2.1347569e-13
329.62000,2.3253335e-11,2.1757368e-13
329.63000,2.3539424e-11,2.1953933e-13
329.64000,2.3574767e-11,2.2003719e-13
329.65000,2.3521566e-11,2.1998676e-13
329.66000,2.3505493e-11,2.1979697e-13
329.67000,2.3525125e-11,2.1941131e-13
329.68000,2.3468098e-11,2.1877626e-13
329.69000,2.3289460e-11,2.1786866e-13
329.70000,2.3159942e-11,2.1732105e-13
329.71000,2.3297587e-11,2.1820105e-13
329.72000,2.3537378e-11,2.1966829e-13
329.73000,2.3623941e-11,2.2008724e-13
329.74000,2.3609879e-11,2.1972496e-13
329.75000,2.3592111e-11,2.1944292e-13
329.76000,2.3534315e-11,2.1897627e-13
329.77000,2.3447843e-11,2.1851959e-13
329.78000,2.3305868e-11,2.1796544e-13
329.79000,2.2976029e-11,2.1611594e-13
329.80000,2.2618059e-11,2.1383271e-13
329.81000,2.2695221e-11,2.1421041e-13
329.82000,2.3149397e-11,2.1708371e-13
329.83000,2.3419742e-11,2.1905689e-13
329.84000,2.3445546e-11,2.1934464e-13
329.85000,2.3482681e-11,2.1943586e-13
329.86000,2.3541254e-11,2.1993858e-13
329.87000,2.3524890e-11,2.2019867e-13
329.88000,2.3492003e-11,2.2016947e-13
329.89000,2.3499458e-11,2.2018201e-13
329.90000,2.3527585e-11,2.2011203e-13
329.91000,2.3569324e-11,2.2018056e-13
329.92000,2.3579943e-11,2.2045652e-13
329.93000,2.3534646e-11,2.2042758e-13
329.94000,2.3508773e-11,2.2029267e-13
329.95000,2.3530385e-11,2.2049047e-13
329.96000,2.3584259e-11,2.2074303e-13
329.97000,2.3620365e-11,2.2067805e-13
329.98000,2.3592608e-11,2.2024180e-13
329.99000,2.3518415e-11,2.1942792e-13
330.00000,2.3499169e-11,2.1911921e-13
330.01000,2.3549739e-11,2.1960807e-13
330.02000,2.3590170e-11,2.2025401e-13
330.03000,2.3602173e-11,2.2061936e-13
330.04000,2.3612119e-11,2.2082698e-13
330.05000,2.3624788e-11,2.2049426e-13
330.06000,2.3660970e-11,2.1995054e-13
330.07000,2.3685083e-11,2.1938073e-13
330.08000,2.3633647e-11,2.1867153e-13
330.09000,2.3563188e-11,2.1825001e-13
330.10000,2.3506151e-11,2.1787872e-13
330.11000,2.3432976e-11,2.1753798e-13
330.12000,2.3421631e-11,2.1726082e-13
330.13000,2.3479699e-11,2.1714891e-13
330.14000,2.3497734e-11,2.1740941e-13
330.15000,2.3475064e-11,2.1715080e-13
330.16000,2.3448539e-11,2.1652059e-13
330.17000,2.3415281e-11,2.1636707e-13
330.18000,2.3384363e-11,2.1598742e-13
330.19000,2.3385453e-11,2.1517739e-13
330.20000,2.3374469e-11,2.1486132e-13
330.21000,2.3292616e-11,2.1502004e-13
330.22000,2.3217033e-11,2.1490972e-13
330.23000,2.3209991e-11,2.1415618e-13
330.24000,2.3203665e-11,2.1337878e-13
330.25000,2.3212230e-11,2.1299124e-13
330.26000,2.3256751e-11,2.1360773e-13
330.27000,2.3218197e-11,2.1424717e-13
330.28000,2.3014358e-11,2.1264507e-13
330.29000,2.2640302e-11,2.0901027e-13
330.30000,2.2322187e-11,2.0670661e-13
330.31000,2.2441730e-11,2.0829656e-13
330.32000,2.2849994e-11,2.1129001e-13
330.33000,2.3077738e-11,2.1230372e-13
330.34000,2.2992589e-11,2.1139996e-13
330.35000,2.2670887e-11,2.0919726e-13
330.36000,2.2387200e-11,2.0699080e-13
330.37000,2.2560887e-11,2.0751396e-13
330.38000,2.3023073e-11,2.1010452e-13
330.39000,2.3298379e-11,2.1179115e-13
330.40000,2.3389414e-11,2.1255299e-13
330.41000,2.3429548e-11,2.1360359e-13
330.42000,2.3425121e-11,2.1464657e-13
330.43000,2.3355312e-11,2.1455691e-13
330.44000,2.3244796e-11,2.1356531e-13
330.45000,2.3108896e-11,2.1320161e-13
330.46000,2.3039503e-11,2.1399034e-13
330.47000,2.3108928e-11,2.1448493e-13
330.48000,2.3236667e-11,2.1374690e-13
330.49000,2.3311847e-11,2.1306316e-13
330.50000,2.3331868e-11,2.1315627e-13
330.51000,2.3388889e-11,2.1416508e-13
330.52000,2.3463569e-11,2.1527653e-13
330.53000,2.3457336e-11,2.1482032e-13
330.54000,2.3423412e-11,2.1396598e-13
330.55000,2.3415203e-11,2.1395793e-13
330.56000,2.3382069e-11,2.1382923e-13
330.57000,2.3299465e-11,2.1277799e-13
330.58000,2.3199802e-11,2.1172943e-13
330.59000,2.3149599e-11,2.1133130e-13
330.60000,2.3164391e-11,2.1073408e-13
330.61000,2.3226256e-11,2.1024921e-13
330.62000,2.3290982e-11,2.1021215e-13
330.63000,2.3272565e-11,2.0957199e-13
330.64000,2.3203730e-11,2.0904498e-13
330.65000,2.3167722e-11,2.0889249e-13
330.66000,2.3167642e-11,2.0866796e-13
330.67000,2.3161851e-11,2.0853273e-13
330.68000,2.3154590e-11,2.0844588e-13
330.69000,2.3075682e-11,2.0777483e-13
330.70000,2.2820573e-11,2.0572075e-13
330.71000,2.2435961e-11,2.0321325e-13
330.72000,2.2296063e-11,2.0249038e-13
330.73000,2.2647565e-11,2.0442550e-13
330.74000,2.3150145e-11,2.0683789e-13
330.75000,2.3413190e-11,2.0804263e-13
330.76000,2.3516201e-11,2.0847943e-13
330.77000,2.3549033e-11,2.0845635e-13
330.78000,2.3545559e-11,2.0846808e-13
330.79000,2.3523316e-11,2.0854123e-13
330.80000,2.3551440e-11,2.0857600e-13
330.81000,2.3630959e-11,2.0862713e-13
330.82000,2.3604321e-11,2.0821801e-13
330.83000,2.3484778e-11,2.0728563e-13
330.84000,2.3434401e-11,2.0677570e-13
330.85000,2.3457039e-11,2.0715195e-13
330.86000,2.3441979e-11,2.0753755e-13
330.87000,2.3409620e-11,2.0734738e-13
330.88000,2.3410595e-11,2.0683458e-13
330.89000,2.3411629e-11,2.0652608e-13
330.90000,2.3389126e-11,2.0680207e-13
330.91000,2.3409736e-11,2.0784058e-13
330.92000,2.3471301e-11,2.0891434e-13
330.93000,2.3487652e-11,2.0922036e-13
330.94000,2.3453302e-11,2.0891081e-13
330.95000,2.3423057e-11,2.0881865e-13
330.96000,2.3431450e-11,2.0923143e-13
330.97000,2.3459965e-11,2.0964760e-13
330.98000,2.3542478e-11,2.1031437e-13
330.99000,2.3591759e-11,2.1087072e-13
331.00000,2.3494999e-11,2.1056711e-13
331.01000,2.3400539e-11,2.0995002e-13
331.02000,2.3386593e-11,2.0954347e-13
331.03000,2.3395386e-11,2.0920944e-13
331.04000,2.3401550e-11,2.0898552e-13
331.05000,2.3399940e-11,2.0895612e-13
331.06000,2.3339746e-11,2.0878771e-13
331.07000,2.3189037e-11,2.0824242e-13
331.08000,2.3026516e-11,2.0757563e-13
331.09000,2.3032559e-11,2.0759405e-13
331.10000,2.3259943e-11,2.0861867e-13
331.11000,2.3466852e-11,2.0947118e-13
331.12000,2.3509523e-11,2.0954100e-13
331.13000,2.3446055e-11,2.0940109e-13
331.14000,2.3362518e-11,2.0936925e-13
331.15000,2.3271899e-11,2.0894889e-13
331.16000,2.3175184e-11,2.0802596e-13
331.17000,2.3078533e-11,2.0707144e-13
331.18000,2.2973281e-11,2.0629241e-13
331.19000,2.2777802e-11,2.0478792e-13
331.20000,2.2451432e-11,2.0223553e-13
331.21000,2.2187661e-11,2.0025158e-13
331.22000,2.2232970e-11,2.0032417e-13
331.23000,2.2357349e-11,2.0088544e-13
331.24000,2.2544331e-11,2.0167931e-13
331.25000,2.2961182e-11,2.0358903e-13
331.26000,2.3252678e-11,2.0454588e-13
331.27000,2.3300414e-11,2.0424622e-13
331.28000,2.3307565e-11,2.0421637e-13
331.29000,2.3308764e-11,2.0419904e-13
331.30000,2.3280547e-11,2.0366847e-13
331.31000,2.3220695e-11,2.0288407e-13
331.32000,2.3125158e-11,2.0193705e-13
331.33000,2.3071193e-11,2.0120026e-13
331.34000,2.3086766e-11,2.0102579e-13
331.35000,2.3139962e-11,2.0125744e-13
331.36000,2.3200935e-11,2.0139561e-13
331.37000,2.3209175e-11,2.0106665e-13
331.38000,2.3145919e-11,2.0067702e-13
331.39000,2.3019897e-11,1.9994968e-13
331.40000,2.2844383e-11,1.9889302e-13
331.41000,2.2682126e-11,1.9791297e-13
331.42000,2.2668224e-11,1.9766104e-13
331.43000,2.2831895e-11,1.9897653e-13
331.44000,2.2982409e-11,1.9952632e-13
331.45000,2.3020448e-11,1.9906582e-13
331.46000,2.2955702e-11,1.9923971e-13
331.47000,2.2850833e-11,1.9920291e-13
331.48000,2.2827371e-11,1.9788814e-13
331.49000,2.2851346e-11,1.9624326e-13
331.50000,2.2853756e-11,1.9588519e-13
331.51000,2.2845142e-11,1.9735227e-13
331.52000,2.2817056e-11,1.9970096e-13
331.53000,2.2818672e-11,2.0173850e-13
331.54000,2.2848439e-11,2.0270422e-13
331.55000,2.2853383e-11,2.0284638e-13
331.56000,2.2894959e-11,2.0313444e-13
331.57000,2.3010674e-11,2.0408262e-13
331.58000,2.3116642e-11,2.0496974e-13
331.59000,2.3165880e-11,2.0460360e-13
331.60000,2.3187299e-11,2.0285480e-13
331.61000,2.3200361e-11,2.0099158e-13
331.62000,2.3216438e-11,2.0004337e-13
331.63000,2.3238876e-11,2.0074440e-13
331.64000,2.3226455e-11,2.0255653e-13
331.65000,2.3186696e-11,2.0321372e-13
331.66000,2.3186369e-11,2.0198168e-13
331.67000,2.3209616e-11,2.0148591e-13
331.68000,2.3242296e-11,2.0230453e-13
331.69000,2.3266463e-11,2.0224463e-13
331.70000,2.3248754e-11,2.0179455e-13
331.71000,2.3222055e-11,2.0201032e-13
331.72000,2.3168920e-11,2.0213500e-13
331.73000,2.3051720e-11,2.0202997e-13
331.74000,2.2945657e-11,2.0186088e-13
331.75000,2.2869999e-11,2.0173955e-13
331.76000,2.2780916e-11,2.0138155e-13
331.77000,2.2692176e-11,2.0070615e-13
331.78000,2.2686604e-11,2.0020020e-13
331.79000,2.2767429e-11,2.0018541e-13
331.80000,2.2834048e-11,2.0032380e-13
331.81000,2.2829649e-11,2.0036854e-13
331.82000,2.2824802e-11,2.0056339e-13
331.83000,2.2904907e-11,2.0121789e-13
331.84000,2.2988880e-11,2.0182497e-13
331.85000,2.3019931e-11,2.0206662e-13
331.86000,2.3042128e-11,2.0214165e-13
331.87000,2.3072858e-11,2.0220700e-13
331.88000,2.3071438e-11,2.0210391e-13
331.89000,2.3032281e-11,2.0185945e-13
331.90000,2.3012939e-11,2.0177091e-13
331.91000,2.3075601e-11,2.0203373e-13
331.92000,2.3119854e-11,2.0227659e-13
331.93000,2.3077634e-11,2.0230123e-13
331.94000,2.3072384e-11,2.0234010e-13
331.95000,2.3128597e-11,2.0244477e-13
331.96000,2.3141225e-11,2.0235315e-13
331.97000,2.3073447e-11,2.0195361e-13
331.98000,2.2997744e-11,2.0174616e-13
331.99000,2.2983415e-11,2.0202062e-13
332.00000,2.3004669e-11,2.0227405e-13
332.01000,2.3002608e-11,2.0203631e-13
332.02000,2.3007406e-11,2.0186516e-13
332.03000,2.3049518e-11,2.0203346e-13
332.04000,2.3084999e-11,2.0201612e-13
332.05000,2.3080026e-11,2.0189994e-13
332.06000,2.3046352e-11,2.0191780e-13
332.07000,2.3021868e-11,2.0220927e-13
332.08000,2.3024853e-11,2.0302527e-13
332.09000,2.3039989e-11,2.0401606e-13
332.10000,2.3018551e-11,2.0435461e-13
332.11000,2.2950811e-11,2.0395022e-13
332.12000,2.2891681e-11,2.0343327e-13
332.13000,2.2837147e-11,2.0309770e-13
332.14000,2.2740893e-11,2.0252195e-13
332.15000,2.2695577e-11,2.0186863e-13
332.16000,2.2702448e-11,2.0154523e-13
332.17000,2.2652172e-11,2.0140481e-13
332.18000,2.2570906e-11,2.0128159e-13
332.19000,2.2565253e-11,2.0133823e-13
332.20000,2.2680625e-11,2.0178242e-13
332.21000,2.2831094e-11,2.0238597e-13
332.22000,2.2900622e-11,2.0249492e-13
332.23000,2.2872784e-11,2.0216520e-13
332.24000,2.2746052e-11,2.0162696e-13
332.25000,2.2574342e-11,2.0108349e-13
332.26000,2.2436479e-11,2.0067415e-13
332.27000,2.2352866e-11,2.0014400e-13
332.28000,2.2287738e-11,1.9933830e-13
332.29000,2.2046998e-11,1.9761570e-13
332.30000,2.1441150e-11,1.9394925e-13
332.31000,2.0654277e-11,1.8914950e-13
332.32000,2.0403008e-11,1.8735068e-13
332.33000,2.1073190e-11,1.9094579e-13
332.34000,2.2112958e-11,1.9670617e-13
332.35000,2.2628547e-11,1.9952467e-13
332.36000,2.2641350e-11,1.9962046e-13
332.37000,2.2552381e-11,1.9929523e-13
332.38000,2.2512255e-11,1.9915301e-13
332.39000,2.2477609e-11,1.9848063e-13
332.40000,2.2337141e-11,1.9689736e-13
332.41000,2.2058503e-11,1.9473596e-13
332.42000,2.1729784e-11,1.9247618e-13
332.43000,2.1608528e-11,1.9140354e-13
332.44000,2.1702178e-11,1.9160538e-13
332.45000,2.1865696e-11,1.9243480e-13
332.46000,2.2235471e-11,1.9462216e-13
332.47000,2.2726454e-11,1.9753689e-13
332.48000,2.2972352e-11,1.9870760e-13
332.49000,2.2989535e-11,1.9849955e-13
332.50000,2.2930524e-11,1.9808218e-13
332.51000,2.2860724e-11,1.9755862e-13
332.52000,2.2860230e-11,1.9739953e-13
332.53000,2.2987901e-11,1.9785933e-13
332.54000,2.3129663e-11,1.9868696e-13
332.55000,2.3196880e-11,1.9911883e-13
332.56000,2.3219685e-11,1.9930156e-13
332.57000,2.3230639e-11,1.9974495e-13
332.58000,2.3225958e-11,1.9985952e-13
332.59000,2.3189714e-11,1.9964001e-13
332.60000,2.3122853e-11,1.9975760e-13
332.61000,2.3064450e-11,1.9963326e-13
332.62000,2.3002463e-11,1.9890120e-13
332.63000,2.2921042e-11,1.9856317e-13
332.64000,2.2851590e-11,1.9866288e-13
332.65000,2.2799852e-11,1.9794662e-13
332.66000,2.2779396e-11,1.9687077e-13
332.67000,2.2848885e-11,1.9707884e-13
332.68000,2.2943630e-11,1.9833330e-13
332.69000,2.2969944e-11,1.9961014e-13
332.70000,2.2993761e-11,1.9970828e-13
332.71000,2.3077916e-11,1.9892471e-13
332.72000,2.3148866e-11,1.9874072e-13
332.73000,2.3126362e-11,1.9887414e-13
332.74000,2.3039028e-11,1.9822458e-13
332.75000,2.2989555e-11,1.9740721e-13
332.76000,2.2998561e-11,1.9743470e-13
332.77000,2.3038967e-11,1.9824541e-13
332.78000,2.3062082e-11,1.9912293e-13
332.79000,2.3041399e-11,1.9972852e-13
332.80000,2.3011984e-11,2.0035771e-13
332.81000,2.2995464e-11,2.0096940e-13
332.82000,2.2967229e-11,2.0064415e-13
332.83000,2.2830647e-11,1.9835706e-13
332.84000,2.2558720e-11,1.9518007e-13
332.85000,2.2400018e-11,1.9333425e-13
332.86000,2.2589222e-11,1.9392635e-13
332.87000,2.2867894e-11,1.9545600e-13
332.88000,2.2946115e-11,1.9590136e-13
332.89000,2.2814202e-11,1.9491487e-13
332.90000,2.2654841e-11,1.9430153e-13
332.91000,2.2537736e-11,1.9441091e-13
332.92000,2.2462094e-11,1.9358332e-13
332.93000,2.2478428e-11,1.9220142e-13
332.94000,2.2517838e-11,1.9157096e-13
332.95000,2.2347670e-11,1.9079098e-13
332.96000,2.2157437e-11,1.9021797e-13
332.97000,2.2383639e-11,1.9099441e-13
332.98000,2.2833951e-11,1.9266993e-13
332.99000,2.3071469e-11,1.9411254e-13
333.00000,2.3153791e-11,1.9479037e-13
333.01000,2.3208644e-11,1.9445846e-13
333.02000,2.3226098e-11,1.9415414e-13
333.03000,2.3192775e-11,1.9429684e-13
333.04000,2.3146241e-11,1.9385554e-13
333.05000,2.3135184e-11,1.9352765e-13
333.06000,2.3165190e-11,1.9393141e-13
333.07000,2.3182805e-11,1.9429868e-13
333.08000,2.3124369e-11,1.9422546e-13
333.09000,2.3025577e-11,1.9357480e-13
333.10000,2.3018049e-11,1.9327819e-13
333.11000,2.3103945e-11,1.9348680e-13
333.12000,2.3197773e-11,1.9360491e-13
333.13000,2.3277024e-11,1.9371994e-13
333.14000,2.3282755e-11,1.9356679e-13
333.15000,2.3198321e-11,1.9289607e-13
333.16000,2.3075260e-11,1.9199633e-13
333.17000,2.3006848e-11,1.9169798e-13
333.18000,2.3007123e-11,1.9182819e-13
333.19000,2.3027535e-11,1.9181734e-13
333.20000,2.3060531e-11,1.9187053e-13
333.21000,2.3056182e-11,1.9198427e-13
333.22000,2.2950457e-11,1.9172587e-13
333.23000,2.2882206e-11,1.9162594e-13
333.24000,2.3001491e-11,1.9258455e-13
333.25000,2.3182999e-11,1.9405527e-13
333.26000,2.3282010e-11,1.9496786e-13
333.27000,2.3324998e-11,1.9550669e-13
333.28000,2.3296476e-11,1.9559276e-13
333.29000,2.3014295e-11,1.9379959e-13
333.30000,2.2383095e-11,1.8950773e-13
333.31000,2.2129250e-11,1.8771493e-13
333.32000,2.2531739e-11,1.9038364e-13
333.33000,2.2861949e-11,1.9263420e-13
333.34000,2.3051627e-11,1.9377241e-13
333.35000,2.3221822e-11,1.9494430e-13
333.36000,2.3281516e-11,1.9565531e-13
333.37000,2.3295686e-11,1.9592932e-13
333.38000,2.3344444e-11,1.9621540e-13
333.39000,2.3397131e-11,1.9656817e-13
333.40000,2.3416327e-11,1.9679912e-13
333.41000,2.3384562e-11,1.9687581e-13
333.42000,2.3315432e-11,1.9703532e-13
333.43000,2.3278773e-11,1.9732779e-13
333.44000,2.3316793e-11,1.9757877e-13
333.45000,2.3275808e-11,1.9726922e-13
333.46000,2.3083848e-11,1.9625406e-13
333.47000,2.2926568e-11,1.9506628e-13
333.48000,2.2839997e-11,1.9393302e-13
333.49000,2.2710121e-11,1.9266935e-13
333.50000,2.2583139e-11,1.9165195e-13
333.51000,2.2506647e-11,1.9113111e-13
333.52000,2.2304385e-11,1.9012335e-13
333.53000,2.1848951e-11,1.8790100e-13
333.54000,2.1407918e-11,1.8564949e-13
333.55000,2.1407804e-11,1.8557458e-13
333.56000,2.1869988e-11,1.8787796e-13
333.57000,2.2396106e-11,1.9021861e-13
333.58000,2.2705386e-11,1.9120542e-13
333.59000,2.2773144e-11,1.9113349e-13
333.60000,2.2731502e-11,1.9066093e-13
333.61000,2.2650993e-11,1.9016784e-13
333.62000,2.2557525e-11,1.8978455e-13
333.63000,2.2255530e-11,1.8802224e-13
333.64000,2.1724468e-11,1.8470254e-13
333.65000,2.1497411e-11,1.8287938e-13
333.66000,2.1968229e-11,1.8496113e-13
333.67000,2.2653630e-11,1.8843177e-13
333.68000,2.2960298e-11,1.8987046e-13
333.69000,2.2997217e-11,1.8988798e-13
333.70000,2.3005040e-11,1.8993326e-13
333.71000,2.3048600e-11,1.9014443e-13
333.72000,2.3056352e-11,1.8991252e-13
333.73000,2.3033748e-11,1.8937088e-13
333.74000,2.3005798e-11,1.8876308e-13
333.75000,2.2957756e-11,1.8818946e-13
333.76000,2.2942162e-11,1.8809850e-13
333.77000,2.2974386e-11,1.8853264e-13
333.78000,2.2979182e-11,1.8886299e-13
333.79000,2.2985464e-11,1.8907861e-13
333.80000,2.3032660e-11,1.8947771e-13
333.81000,2.3082526e-11,1.8982407e-13
333.82000,2.3103791e-11,1.9040239e-13
333.83000,2.3089222e-11,1.9087640e-13
333.84000,2.3050508e-11,1.9108771e-13
333.85000,2.2954485e-11,1.9086045e-13
333.86000,2.2770243e-11,1.8962529e-13
333.87000,2.2652526e-11,1.8931073e-13
333.88000,2.2757572e-11,1.9025270e-13
333.89000,2.2904413e-11,1.9014717e-13
333.90000,2.2964769e-11,1.8997274e-13
333.91000,2.3027274e-11,1.9185565e-13
333.92000,2.3006800e-11,1.9362543e-13
333.93000,2.2872591e-11,1.9280018e-13
333.94000,2.2735884e-11,1.9025479e-13
333.95000,2.2647186e-11,1.8790685e-13
333.96000,2.2572789e-11,1.8655411e-13
333.97000,2.2380993e-11,1.8523175e-13
333.98000,2.1816921e-11,1.8223368e-13
333.99000,2.0908234e-11,1.7764144e-13
334.00000,2.0540906e-11,1.7611579e-13
334.01000,2.1246129e-11,1.8019634e-13
334.02000,2.2134171e-11,1.8529632e-13
334.03000,2.2497688e-11,1.8805222e-13
334.04000,2.2521228e-11,1.8955590e-13
334.05000,2.2509703e-11,1.9061486e-13
334.06000,2.2662729e-11,1.9110951e-13
334.07000,2.2908326e-11,1.9103022e-13
334.08000,2.3067645e-11,1.9144731e-13
334.09000,2.3140272e-11,1.9257048e-13
334.10000,2.3155885e-11,1.9249011e-13
334.11000,2.3105161e-11,1.9144981e-13
334.12000,2.2998500e-11,1.9101656e-13
334.13000,2.2873173e-11,1.9064267e-13
334.14000,2.2749697e-11,1.8996200e-13
334.15000,2.2647728e-11,1.8956599e-13
334.16000,2.2605531e-11,1.8936967e-13
334.17000,2.2600155e-11,1.8933817e-13
334.18000,2.2457233e-11,1.8852159e-13
334.19000,2.1982054e-11,1.8609427e-13
334.20000,2.1413004e-11,1.8320626e-13
334.21000,2.1364155e-11,1.8294764e-13
334.22000,2.1918925e-11,1.8583466e-13
334.23000,2.2345306e-11,1.8795183e-13
334.24000,2.2467146e-11,1.8828261e-13
334.25000,2.2378957e-11,1.8768692e-13
334.26000,2.1914082e-11,1.8538433e-13
334.27000,2.1287322e-11,1.8227237e-13
334.28000,2.1357438e-11,1.8290835e-13
334.29000,2.2189085e-11,1.8751882e-13
334.30000,2.2854676e-11,1.9098122e-13
334.31000,2.2955374e-11,1.9124314e-13
334.32000,2.2897576e-11,1.9065614e-13
334.33000,2.2840279e-11,1.9020552e-13
334.34000,2.2802453e-11,1.9018586e-13
334.35000,2.2777473e-11,1.9054756e-13
334.36000,2.2758959e-11,1.9099672e-13
334.37000,2.2761507e-11,1.9141279e-13
334.38000,2.2807070e-11,1.9171628e-13
334.39000,2.2845422e-11,1.9182536e-13
334.40000,2.2865257e-11,1.9210419e-13
334.41000,2.2924133e-11,1.9274301e-13
334.42000,2.2978076e-11,1.9313108e-13
334.43000,2.2982909e-11,1.9317366e-13
334.44000,2.2951537e-11,1.9332579e-13
334.45000,2.2903712e-11,1.9349688e-13
334.46000,2.2890530e-11,1.9359588e-13
334.47000,2.2913155e-11,1.9348094e-13
334.48000,2.2935627e-11,1.9328346e-13
334.49000,2.2952419e-11,1.9333765e-13
334.50000,2.2957706e-11,1.9356085e-13
334.51000,2.2930068e-11,1.9355678e-13
334.52000,2.2902020e-11,1.9332183e-13
334.53000,2.2928685e-11,1.9339839e-13
334.54000,2.2968690e-11,1.9362082e-13
334.55000,2.2967805e-11,1.9364770e-13
334.56000,2.2922782e-11,1.9349802e-13
334.57000,2.2875616e-11,1.9314866e-13
334.58000,2.2861977e-11,1.9272073e-13
334.59000,2.2865682e-11,1.9236976e-13
334.60000,2.2880477e-11,1.9214388e-13
334.61000,2.2866544e-11,1.9191825e-13
334.62000,2.2791102e-11,1.9144067e-13
334.63000,2.2705693e-11,1.9082713e-13
334.64000,2.2624524e-11,1.9034165e-13
334.65000,2.2577718e-11,1.9019042e-13
334.66000,2.2584655e-11,1.9014989e-13
334.67000,2.2627847e-11,1.9018606e-13
334.68000,2.2660164e-11,1.9018467e-13
334.69000,2.2694936e-11,1.9009287e-13
334.70000,2.2757932e-11,1.8999442e-13
334.71000,2.2807783e-11,1.8995973e-13
334.72000,2.2785808e-11,1.8984084e-13
334.73000,2.2698782e-11,1.8954988e-13
334.74000,2.2613037e-11,1.8911483e-13
334.75000,2.2530773e-11,1.8846174e-13
334.76000,2.2485640e-11,1.8797004e-13
334.77000,2.2452811e-11,1.8759190e-13
334.78000,2.2219721e-11,1.8602586e-13
334.79000,2.1770796e-11,1.8331771e-13
334.80000,2.1545576e-11,1.8205411e-13
334.81000,2.1962066e-11,1.8422147e-13
334.82000,2.2483769e-11,1.8676163e-13
334.83000,2.2613160e-11,1.8726217e-13
334.84000,2.2423601e-11,1.8651939e-13
334.85000,2.2229999e-11,1.8607495e-13
334.86000,2.2148501e-11,1.8594012e-13
334.87000,2.2103251e-11,1.8564790e-13
334.88000,2.2006158e-11,1.8509331e-13
334.89000,2.1779025e-11,1.8408259e-13
334.90000,2.1398302e-11,1.8220529e-13
334.91000,2.0877527e-11,1.7920541e-13
334.92000,2.0587666e-11,1.7718800e-13
334.93000,2.0870469e-11,1.7841522e-13
334.94000,2.0940128e-11,1.7855077e-13
334.95000,2.0406378e-11,1.7551137e-13
334.96000,2.0310348e-11,1.7499027e-13
334.97000,2.1297148e-11,1.8059006e-13
334.98000,2.2250118e-11,1.8580369e-13
334.99000,2.2576288e-11,1.8750422e-13
335.00000,2.2604711e-11,1.8740169e-13
335.01000,2.2630211e-11,1.8691315e-13
335.02000,2.2659231e-11,1.8684696e-13
335.03000,2.2653855e-11,1.8678371e-13
335.04000,2.2550383e-11,1.8649597e-13
335.05000,2.2329090e-11,1.8581925e-13
335.06000,2.2226661e-11,1.8511281e-13
335.07000,2.2403840e-11,1.8580187e-13
335.08000,2.2632082e-11,1.8754077e-13
335.09000,2.2724789e-11,1.8813237e-13
335.10000,2.2741082e-11,1.8755710e-13
335.11000,2.2746421e-11,1.8747140e-13
335.12000,2.2776164e-11,1.8824437e-13
335.13000,2.2794767e-11,1.8830457e-13
335.14000,2.2755401e-11,1.8709159e-13
335.15000,2.2688446e-11,1.8584755e-13
335.16000,2.2666019e-11,1.8523179e-13
335.17000,2.2684872e-11,1.8543126e-13
335.18000,2.2725295e-11,1.8632377e-13
335.19000,2.2760810e-11,1.8643604e-13
335.20000,2.2753647e-11,1.8527575e-13
335.21000,2.2728796e-11,1.8408492e-13
335.22000,2.2707272e-11,1.8371474e-13
335.23000,2.2653253e-11,1.8380189e-13
335.24000,2.2594798e-11,1.8364182e-13
335.25000,2.2580638e-11,1.8290231e-13
335.26000,2.2584476e-11,1.8194957e-13
335.27000,2.2580098e-11,1.8123729e-13
335.28000,2.2533910e-11,1.8078333e-13
335.29000,2.2453546e-11,1.8056657e-13
335.30000,2.2396681e-11,1.8066017e-13
335.31000,2.2340518e-11,1.8032745e-13
335.32000,2.2176589e-11,1.7889205e-13
335.33000,2.2070386e-11,1.7783753e-13
335.34000,2.2247038e-11,1.7882999e-13
335.35000,2.2538698e-11,1.8093155e-13
335.36000,2.2764984e-11,1.8235268e-13
335.37000,2.2859073e-11,1.8212321e-13
335.38000,2.2794705e-11,1.8093686e-13
335.39000,2.2715479e-11,1.8050470e-13
335.40000,2.2730893e-11,1.8110550e-13
335.41000,2.2785014e-11,1.8226900e-13
335.42000,2.2800896e-11,1.8258485e-13
335.43000,2.2793005e-11,1.8158637e-13
335.44000,2.2806364e-11,1.8078404e-13
335.45000,2.2839618e-11,1.8096883e-13
335.46000,2.2877195e-11,1.8129514e-13
335.47000,2.2880382e-11,1.8106276e-13
335.48000,2.2816218e-11,1.8121057e-13
335.49000,2.2745919e-11,1.8169125e-13
335.50000,2.2749830e-11,1.8182013e-13
335.51000,2.2817749e-11,1.8210925e-13
335.52000,2.2881591e-11,1.8265353e-13
335.53000,2.2911659e-11,1.8281889e-13
335.54000,2.2936977e-11,1.8304172e-13
335.55000,2.2947076e-11,1.8321613e-13
335.56000,2.2868357e-11,1.8298275e-13
335.57000,2.2747924e-11,1.8235688e-13
335.58000,2.2675610e-11,1.8152497e-13
335.59000,2.2697465e-11,1.8119621e-13
335.60000,2.2763564e-11,1.8136630e-13
335.61000,2.2813738e-11,1.8178491e-13
335.62000,2.2761672e-11,1.8204022e-13
335.63000,2.2643016e-11,1.8248131e-13
335.64000,2.2597644e-11,1.8329809e-13
335.65000,2.2652616e-11,1.8406963e-13
335.66000,2.2743628e-11,1.8443933e-13
335.67000,2.2801952e-11,1.8441374e-13
335.68000,2.2784767e-11,1.8398436e-13
335.69000,2.2640942e-11,1.8319584e-13
335.70000,2.2259741e-11,1.8124762e-13
335.71000,2.1499486e-11,1.7682762e-13
335.72000,2.1054726e-11,1.7378543e-13
335.73000,2.1590495e-11,1.7641799e-13
335.74000,2.2086440e-11,1.7922421e-13
335.75000,2.2059509e-11,1.7902884e-13
335.76000,2.2024257e-11,1.7843644e-13
335.77000,2.2294146e-11,1.7955626e-13
335.78000,2.2526461e-11,1.8083049e-13
335.79000,2.2549812e-11,1.8113080e-13
335.80000,2.2464179e-11,1.8076575e-13
335.81000,2.2367838e-11,1.8026255e-13
335.82000,2.2284606e-11,1.7988947e-13
335.83000,2.2146615e-11,1.7953455e-13
335.84000,2.1858586e-11,1.7854713e-13
335.85000,2.1323523e-11,1.7566785e-13
335.86000,2.0663114e-11,1.7175711e-13
335.87000,2.0537426e-11,1.7074411e-13
335.88000,2.1389839e-11,1.7495182e-13
335.89000,2.2265212e-11,1.7925836e-13
335.90000,2.2633874e-11,1.8087552e-13
335.91000,2.2717816e-11,1.8123815e-13
335.92000,2.2732376e-11,1.8125171e-13
335.93000,2.2743144e-11,1.8100992e-13
335.94000,2.2734293e-11,1.8081961e-13
335.95000,2.2654571e-11,1.8067839e-13
335.96000,2.2515384e-11,1.8019973e-13
335.97000,2.2391355e-11,1.7919927e-13
335.98000,2.2294765e-11,1.7797883e-13
335.99000,2.2178048e-11,1.7681680e-13
336.00000,2.2120832e-11,1.7620027e-13
336.01000,2.2071424e-11,1.7603529e-13
336.02000,2.1751542e-11,1.7477066e-13
336.03000,2.1139233e-11,1.7154863e-13
336.04000,2.0551007e-11,1.6793904e-13
336.05000,2.0654360e-11,1.6792190e-13
336.06000,2.1497389e-11,1.7174974e-13
336.07000,2.2110144e-11,1.7435979e-13
336.08000,2.2205132e-11,1.7456284e-13
336.09000,2.2068466e-11,1.7399809e-13
336.10000,2.1959590e-11,1.7370390e-13
336.11000,2.1793863e-11,1.7323801e-13
336.12000,2.1268167e-11,1.7096290e-13
336.13000,2.0449895e-11,1.6690248e-13
336.14000,2.0213508e-11,1.6563487e-13
336.15000,2.0940672e-11,1.6930057e-13
336.16000,2.1790674e-11,1.7356906e-13
336.17000,2.2075019e-11,1.7482948e-13
336.18000,2.1903839e-11,1.7381381e-13
336.19000,2.1658806e-11,1.7268640e-13
336.20000,2.1789535e-11,1.7365447e-13
336.21000,2.2175392e-11,1.7592250e-13
336.22000,2.2425535e-11,1.7740188e-13
336.23000,2.2496167e-11,1.7779952e-13
336.24000,2.2534649e-11,1.7801038e-13
336.25000,2.2551965e-11,1.7819721e-13
336.26000,2.2570664e-11,1.7848565e-13
336.27000,2.2587928e-11,1.7886392e-13
336.28000,2.2564297e-11,1.7938236e-13
336.29000,2.2546761e-11,1.7978526e-13
336.30000,2.2536390e-11,1.7997866e-13
336.31000,2.2495468e-11,1.7978065e-13
336.32000,2.2433154e-11,1.7962722e-13
336.33000,2.2375480e-11,1.8013481e-13
336.34000,2.2355115e-11,1.7996804e-13
336.35000,2.2372502e-11,1.7969860e-13
336.36000,2.2398510e-11,1.8055790e-13
336.37000,2.2430180e-11,1.8125247e-13
336.38000,2.2438336e-11,1.8021673e-13
336.39000,2.2435386e-11,1.7843062e-13
336.40000,2.2497517e-11,1.7785905e-13
336.41000,2.2576653e-11,1.7866080e-13
336.42000,2.2582868e-11,1.7991202e-13
336.43000,2.2554716e-11,1.8108466e-13
336.44000,2.2551505e-11,1.8191944e-13
336.45000,2.2520735e-11,1.8209006e-13
336.46000,2.2494155e-11,1.8166878e-13
336.47000,2.2544345e-11,1.8105688e-13
336.48000,2.2609868e-11,1.8020838e-13
336.49000,2.2664955e-11,1.7936158e-13
336.50000,2.2702286e-11,1.7880728e-13
336.51000,2.2694632e-11,1.7896447e-13
336.52000,2.2662914e-11,1.7994576e-13
336.53000,2.2622273e-11,1.8081333e-13
336.54000,2.2574749e-11,1.8019706e-13
336.55000,2.2502693e-11,1.7896405e-13
336.56000,2.2442072e-11,1.7873763e-13
336.57000,2.2441794e-11,1.7920045e-13
336.58000,2.2468867e-11,1.7941418e-13
336.59000,2.2483875e-11,1.7975929e-13
336.60000,2.2524425e-11,1.8007735e-13
336.61000,2.2617135e-11,1.8028994e-13
336.62000,2.2680870e-11,1.8064393e-13
336.63000,2.2672658e-11,1.8054401e-13
336.64000,2.2652036e-11,1.8034594e-13
336.65000,2.2660648e-11,1.8018434e-13
336.66000,2.2660155e-11,1.7995497e-13
336.67000,2.2625957e-11,1.7988746e-13
336.68000,2.2582827e-11,1.8010468e-13
336.69000,2.2515780e-11,1.8030108e-13
336.70000,2.2382823e-11,1.8026477e-13
336.71000,2.2234948e-11,1.8001823e-13
336.72000,2.2212989e-11,1.8006251e-13
336.73000,2.2317204e-11,1.8056509e-13
336.74000,2.2326583e-11,1.8047903e-13
336.75000,2.2166578e-11,1.7944102e-13
336.76000,2.1996451e-11,1.7846902e-13
336.77000,2.1993687e-11,1.7855060e-13
336.78000,2.2099302e-11,1.7937709e-13
336.79000,2.2046856e-11,1.7945607e-13
336.80000,2.1571133e-11,1.7719143e-13
336.81000,2.0563401e-11,1.7181774e-13
336.82000,1.9796385e-11,1.6762735e-13
336.83000,2.0233871e-11,1.6995678e-13
336.84000,2.1510644e-11,1.7675829e-13
336.85000,2.2310188e-11,1.8099321e-13
336.86000,2.2432910e-11,1.8173506e-13
336.87000,2.2251544e-11,1.8097319e-13
336.88000,2.2054657e-11,1.7998758e-13
336.89000,2.1999902e-11,1.7948066e-13
336.90000,2.2028873e-11,1.7928879e-13
336.91000,2.1984838e-11,1.7908687e-13
336.92000,2.1890147e-11,1.7882255e-13
336.93000,2.1932665e-11,1.7905809e-13
336.94000,2.2092660e-11,1.7985462e-13
336.95000,2.2177901e-11,1.8037179e-13
336.96000,2.2255880e-11,1.8071153e-13
336.97000,2.2410689e-11,1.8121888e-13
336.98000,2.2527961e-11,1.8175316e-13
336.99000,2.2527580e-11,1.8184345e-13
337.00000,2.2496609e-11,1.8136652e-13
337.01000,2.2520438e-11,1.8091767e-13
337.02000,2.2557364e-11,1.8064716e-13
337.03000,2.2552881e-11,1.8050455e-13
337.04000,2.2520078e-11,1.8058804e-13
337.05000,2.2516394e-11,1.8085058e-13
337.06000,2.2531023e-11,1.8124402e-13
337.07000,2.2527301e-11,1.8142114e-13
337.08000,2.2542528e-11,1.8112853e-13
337.09000,2.2547375e-11,1.8049808e-13
337.10000,2.2494498e-11,1.8002692e-13
337.11000,2.2459534e-11,1.7995926e-13
337.12000,2.2485401e-11,1.8001444e-13
337.13000,2.2522097e-11,1.7989059e-13
337.14000,2.2499375e-11,1.7958759e-13
337.15000,2.2433822e-11,1.7922754e-13
337.16000,2.2367365e-11,1.7902018e-13
337.17000,2.2297474e-11,1.7888941e-13
337.18000,2.2241974e-11,1.7885578e-13
337.19000,2.2199977e-11,1.7884847e-13
337.20000,2.2164502e-11,1.7868052e-13
337.21000,2.2119028e-11,1.7836585e-13
337.22000,2.2034278e-11,1.7792201e-13
337.23000,2.1962987e-11,1.7768898e-13
337.24000,2.1954739e-11,1.7783053e-13
337.25000,2.1987913e-11,1.7800321e-13
337.26000,2.1997096e-11,1.7806677e-13
337.27000,2.1859826e-11,1.7755466e-13
337.28000,2.1429222e-11,1.7530359e-13
337.29000,2.0820147e-11,1.7179048e-13
337.30000,2.0713203e-11,1.7091167e-13
337.31000,2.1424704e-11,1.7437380e-13
337.32000,2.2146358e-11,1.7801666e-13
337.33000,2.2397348e-11,1.7948919e-13
337.34000,2.2400848e-11,1.7979513e-13
337.35000,2.2347422e-11,1.7952531e-13
337.36000,2.2319063e-11,1.7902191e-13
337.37000,2.2319200e-11,1.7862904e-13
337.38000,2.2272863e-11,1.7832357e-13
337.39000,2.2085360e-11,1.7750760e-13
337.40000,2.1706999e-11,1.7568538e-13
337.41000,2.1326437e-11,1.7386109e-13
337.42000,2.1391119e-11,1.7444153e-13
337.43000,2.1834146e-11,1.7681208e-13
337.44000,2.2194945e-11,1.7829108e-13
337.45000,2.2342914e-11,1.7845676e-13
337.46000,2.2417789e-11,1.7842219e-13
337.47000,2.2484903e-11,1.7857431e-13
337.48000,2.2556883e-11,1.7860279e-13
337.49000,2.2619579e-11,1.7861286e-13
337.50000,2.2641227e-11,1.7854427e-13
337.51000,2.2622934e-11,1.7846041e-13
337.52000,2.2613333e-11,1.7809379e-13
337.53000,2.2611096e-11,1.7750336e-13
337.54000,2.2584240e-11,1.7740636e-13
337.55000,2.2542618e-11,1.7721481e-13
337.56000,2.2505152e-11,1.7657045e-13
337.57000,2.2491181e-11,1.7638289e-13
337.58000,2.2512398e-11,1.7624227e-13
337.59000,2.2567323e-11,1.7568133e-13
337.60000,2.2596814e-11,1.7534280e-13
337.61000,2.2565547e-11,1.7537282e-13
337.62000,2.2517752e-11,1.7502588e-13
337.63000,2.2486330e-11,1.7415823e-13
337.64000,2.2456247e-11,1.7362579e-13
337.65000,2.2467449e-11,1.7407106e-13
337.66000,2.2524893e-11,1.7503161e-13
337.67000,2.2551714e-11,1.7467496e-13
337.68000,2.2535413e-11,1.7311144e-13
337.69000,2.2529568e-11,1.7225489e-13
337.70000,2.2559793e-11,1.7213699e-13
337.71000,2.2598175e-11,1.7197875e-13
337.72000,2.2604006e-11,1.7198106e-13
337.73000,2.2577047e-11,1.7240875e-13
337.74000,2.2547460e-11,1.7312477e-13
337.75000,2.2551576e-11,1.7393361e-13
337.76000,2.2568443e-11,1.7471193e-13
337.77000,2.2547618e-11,1.7516525e-13
337.78000,2.2483170e-11,1.7498411e-13
337.79000,2.2399256e-11,1.7434429e-13
337.80000,2.2309279e-11,1.7345599e-13
337.81000,2.2282368e-11,1.7263813e-13
337.82000,2.2268383e-11,1.7160130e-13
337.83000,2.2108691e-11,1.6995926e-13
337.84000,2.1795440e-11,1.6823216e-13
337.85000,2.1608244e-11,1.6762008e-13
337.86000,2.1822363e-11,1.6885013e-13
337.87000,2.2209090e-11,1.7078713e-13
337.88000,2.2368282e-11,1.7230511e-13
337.89000,2.2336419e-11,1.7292325e-13
337.90000,2.2264041e-11,1.7207847e-13
337.91000,2.2217985e-11,1.7104576e-13
337.92000,2.2165604e-11,1.7074980e-13
337.93000,2.2017939e-11,1.7055943e-13
337.94000,2.1680965e-11,1.6924395e-13
337.95000,2.1304776e-11,1.6702540e-13
337.96000,2.1312480e-11,1.6666294e-13
337.97000,2.1561769e-11,1.6793817e-13
337.98000,2.1482607e-11,1.6744599e-13
337.99000,2.0955382e-11,1.6455607e-13
338.00000,2.0678770e-11,1.6344749e-13
338.01000,2.1041998e-11,1.6555167e-13
338.02000,2.1561460e-11,1.6823901e-13
338.03000,2.1709967e-11,1.6935947e-13
338.04000,2.1613727e-11,1.6931019e-13
338.05000,2.1695971e-11,1.7040309e-13
338.06000,2.2012963e-11,1.7268938e-13
338.07000,2.2317775e-11,1.7433781e-13
338.08000,2.2462123e-11,1.7475159e-13
338.09000,2.2461637e-11,1.7439459e-13
338.10000,2.2316171e-11,1.7354756e-13
338.11000,2.2136875e-11,1.7257123e-13
338.12000,2.2144762e-11,1.7249948e-13
338.13000,2.2300116e-11,1.7316725e-13
338.14000,2.2394434e-11,1.7350024e-13
338.15000,2.2369527e-11,1.7318493e-13
338.16000,2.2144437e-11,1.7183283e-13
338.17000,2.1463260e-11,1.6781550e-13
338.18000,2.1014865e-11,1.6493894e-13
338.19000,2.1525888e-11,1.6767931e-13
338.20000,2.2196902e-11,1.7154223e-13
338.21000,2.2387711e-11,1.7259035e-13
338.22000,2.2359801e-11,1.7218306e-13
338.23000,2.2321565e-11,1.7179797e-13
338.24000,2.2302486e-11,1.7163982e-13
338.25000,2.2260577e-11,1.7119137e-13
338.26000,2.2106023e-11,1.7012919e-13
338.27000,2.1674481e-11,1.6781840e-13
338.28000,2.1151896e-11,1.6510833e-13
338.29000,2.1219624e-11,1.6529714e-13
338.30000,2.1851496e-11,1.6826708e-13
338.31000,2.2348996e-11,1.7052537e-13
338.32000,2.2449487e-11,1.7073737e-13
338.33000,2.2322219e-11,1.6992526e-13
338.34000,2.2157199e-11,1.6921959e-13
338.35000,2.2036939e-11,1.6860124e-13
338.36000,2.1943429e-11,1.6783671e-13
338.37000,2.1672671e-11,1.6638315e-13
338.38000,2.1148108e-11,1.6371695e-13
338.39000,2.0741638e-11,1.6128017e-13
338.40000,2.1116947e-11,1.6258686e-13
338.41000,2.1935080e-11,1.6619831e-13
338.42000,2.2447448e-11,1.6850878e-13
338.43000,2.2540246e-11,1.6901070e-13
338.44000,2.2547183e-11,1.6931172e-13
338.45000,2.2572935e-11,1.6981491e-13
338.46000,2.2582558e-11,1.7005177e-13
338.47000,2.2553162e-11,1.7002451e-13
338.48000,2.2525305e-11,1.7003176e-13
338.49000,2.2549044e-11,1.7010753e-13
338.50000,2.2605393e-11,1.7006538e-13
338.51000,2.2611182e-11,1.6967376e-13
338.52000,2.2595386e-11,1.6913356e-13
338.53000,2.2616044e-11,1.6870540e-13
338.54000,2.2628342e-11,1.6844981e-13
338.55000,2.2596178e-11,1.6837554e-13
338.56000,2.2533482e-11,1.6826552e-13
338.57000,2.2487843e-11,1.6802600e-13
338.58000,2.2480119e-11,1.6799299e-13
338.59000,2.2480614e-11,1.6801480e-13
338.60000,2.2493256e-11,1.6792554e-13
338.61000,2.2508895e-11,1.6782423e-13
338.62000,2.2516257e-11,1.6776934e-13
338.63000,2.2542719e-11,1.6787106e-13
338.64000,2.2553885e-11,1.6803955e-13
338.65000,2.2509764e-11,1.6810511e-13
338.66000,2.2443615e-11,1.6802197e-13
338.67000,2.2392323e-11,1.6793959e-13
338.68000,2.2343782e-11,1.6781340e-13
338.69000,2.2277476e-11,1.6745723e-13
338.70000,2.2237856e-11,1.6714854e-13
338.71000,2.2229475e-11,1.6706601e-13
338.72000,2.2169060e-11,1.6679887e-13
338.73000,2.2028955e-11,1.6615102e-13
338.74000,2.1862458e-11,1.6544531e-13
338.75000,2.1774483e-11,1.6510919e-13
338.76000,2.1803767e-11,1.6515834e-13
338.77000,2.1777300e-11,1.6487881e-13
338.78000,2.1589350e-11,1.6409441e-13
338.79000,2.1341215e-11,1.6299909e-13
338.80000,2.1287956e-11,1.6296277e-13
338.81000,2.1527078e-11,1.6412998e-13
338.82000,2.1803711e-11,1.6542296e-13
338.83000,2.1901044e-11,1.6627543e-13
338.84000,2.1997437e-11,1.6644548e-13
338.85000,2.2168120e-11,1.6668880e-13
338.86000,2.2275249e-11,1.6768422e-13
338.87000,2.2315061e-11,1.6838112e-13
338.88000,2.2337788e-11,1.6774220e-13
338.89000,2.2366103e-11,1.6665771e-13
338.90000,2.2373073e-11,1.6650483e-13
338.91000,2.2339577e-11,1.6731653e-13
338.92000,2.2279773e-11,1.6853828e-13
338.93000,2.2236383e-11,1.6967035e-13
338.94000,2.2258308e-11,1.7050964e-13
338.95000,2.2323011e-11,1.7102646e-13
338.96000,2.2362546e-11,1.7095335e-13
338.97000,2.2377460e-11,1.7024335e-13
338.98000,2.2371052e-11,1.6897312e-13
338.99000,2.2361364e-11,1.6769823e-13
339.00000,2.2370252e-11,1.6707082e-13
339.01000,2.2349574e-11,1.6723140e-13
339.02000,2.2309692e-11,1.6826489e-13
339.03000,2.2316584e-11,1.6969382e-13
339.04000,2.2320974e-11,1.6994660e-13
339.05000,2.2251873e-11,1.6906255e-13
339.06000,2.2153075e-11,1.6855655e-13
339.07000,2.2084105e-11,1.6843507e-13
339.08000,2.2030757e-11,1.6782201e-13
339.09000,2.1983988e-11,1.6749301e-13
339.10000,2.1982353e-11,1.6781226e-13
339.11000,2.2038020e-11,1.6836677e-13
339.12000,2.2062580e-11,1.6873242e-13
339.13000,2.1963330e-11,1.6836490e-13
339.14000,2.1735339e-11,1.6740934e-13
339.15000,2.1440555e-11,1.6586035e-13
339.16000,2.1320510e-11,1.6489898e-13
339.17000,2.1543018e-11,1.6573701e-13
339.18000,2.1823132e-11,1.6721026e-13
339.19000,2.1984230e-11,1.6835662e-13
339.20000,2.2102558e-11,1.6929300e-13
339.21000,2.2184095e-11,1.6983501e-13
339.22000,2.2186464e-11,1.6998785e-13
339.23000,2.2144983e-11,1.6999050e-13
339.24000,2.2060961e-11,1.6956397e-13
339.25000,2.1970838e-11,1.6901414e-13
339.26000,2.1922688e-11,1.6875385e-13
339.27000,2.1934437e-11,1.6859983e-13
339.28000,2.1972750e-11,1.6850489e-13
339.29000,2.1920255e-11,1.6824674e-13
339.30000,2.1711651e-11,1.6733721e-13
339.31000,2.1464928e-11,1.6610787e-13
339.32000,2.1471299e-11,1.6605705e-13
339.33000,2.1737962e-11,1.6730386e-13
339.34000,2.1904493e-11,1.6795865e-13
339.35000,2.1949611e-11,1.6780301e-13
339.36000,2.1943339e-11,1.6720799e-13
339.37000,2.1857921e-11,1.6639042e-13
339.38000,2.1608373e-11,1.6524124e-13
339.39000,2.1158465e-11,1.6335852e-13
339.40000,2.0807271e-11,1.6174860e-13
339.41000,2.0922789e-11,1.6220161e-13
339.42000,2.1170248e-11,1.6331334e-13
339.43000,2.1122570e-11,1.6293091e-13
339.44000,2.0894562e-11,1.6155203e-13
339.45000,2.0908631e-11,1.6133457e-13
339.46000,2.1182980e-11,1.6259611e-13
339.47000,2.1423697e-11,1.6393648e-13
339.48000,2.1623973e-11,1.6510643e-13
339.49000,2.1876241e-11,1.6646392e-13
339.50000,2.2023783e-11,1.6714085e-13
339.51000,2.2068957e-11,1.6719596e-13
339.52000,2.2069085e-11,1.6705586e-13
339.53000,2.2008367e-11,1.6686413e-13
339.54000,2.1859879e-11,1.6661988e-13
339.55000,2.1735948e-11,1.6652320e-13
339.56000,2.1753240e-11,1.6683495e-13
339.57000,2.1840040e-11,1.6725112e-13
339.58000,2.1878877e-11,1.6750767e-13
339.59000,2.1939837e-11,1.6797064e-13
339.60000,2.2032158e-11,1.6832846e-13
339.61000,2.2094997e-11,1.6824557e-13
339.62000,2.2134754e-11,1.6807910e-13
339.63000,2.2159234e-11,1.6796783e-13
339.64000,2.2162702e-11,1.6797620e-13
339.65000,2.2156738e-11,1.6826203e-13
339.66000,2.2129304e-11,1.6845192e-13
339.67000,2.2112252e-11,1.6851258e-13
339.68000,2.2149577e-11,1.6871534e-13
339.69000,2.2201581e-11,1.6876003e-13
339.70000,2.2193785e-11,1.6841725e-13
339.71000,2.2145232e-11,1.6796045e-13
339.72000,2.2101885e-11,1.6764073e-13
339.73000,2.2089144e-11,1.6786491e-13
339.74000,2.2098350e-11,1.6836394e-13
339.75000,2.2106983e-11,1.6868786e-13
339.76000,2.2127465e-11,1.6882082e-13
339.77000,2.2156468e-11,1.6863729e-13
339.78000,2.2119127e-11,1.6782507e-13
339.79000,2.2030506e-11,1.6682757e-13
339.80000,2.1970559e-11,1.6622132e-13
339.81000,2.1963028e-11,1.6611999e-13
339.82000,2.1968115e-11,1.6612510e-13
339.83000,2.1919505e-11,1.6570981e-13
339.84000,2.1807403e-11,1.6500590e-13
339.85000,2.1682966e-11,1.6442945e-13
339.86000,2.1692787e-11,1.6440564e-13
339.87000,2.1853085e-11,1.6501588e-13
339.88000,2.1998856e-11,1.6565266e-13
339.89000,2.2050683e-11,1.6588754e-13
339.90000,2.2036725e-11,1.6572732e-13
339.91000,2.2012126e-11,1.6537130e-13
339.92000,2.2021793e-11,1.6522213e-13
339.93000,2.2031178e-11,1.6518727e-13
339.94000,2.2008924e-11,1.6485957e-13
339.95000,2.1997127e-11,1.6442520e-13
339.96000,2.1971566e-11,1.6417569e-13
339.97000,2.1935820e-11,1.6397881e-13
339.98000,2.1971017e-11,1.6402225e-13
339.99000,2.2031383e-11,1.6414935e-13
340.00000,2.2030001e-11,1.6407111e-13
340.01000,2.2003864e-11,1.6377945e-13
340.02000,2.2007124e-11,1.6355967e-13
340.03000,2.2029902e-11,1.6338623e-13
340.04000,2.2087114e-11,1.6356991e-13
340.05000,2.2175422e-11,1.6405004e-13
340.06000,2.2201717e-11,1.6412038e-13
340.07000,2.2158433e-11,1.6423195e-13
340.08000,2.2127183e-11,1.6431834e-13
340.09000,2.2124965e-11,1.6416356e-13
340.10000,2.2136562e-11,1.6416321e-13
340.11000,2.2143909e-11,1.6382011e-13
340.12000,2.2113098e-11,1.6308119e-13
340.13000,2.2080495e-11,1.6294946e-13
340.14000,2.2107086e-11,1.6319604e-13
340.15000,2.2142977e-11,1.6284107e-13
340.16000,2.2121516e-11,1.6233282e-13
340.17000,2.2038882e-11,1.6223350e-13
340.18000,2.1861366e-11,1.6214121e-13
340.19000,2.1662795e-11,1.6144927e-13
340.20000,2.1611889e-11,1.6082400e-13
340.21000,2.1716749e-11,1.6104711e-13
340.22000,2.1809033e-11,1.6134482e-13
340.23000,2.1783810e-11,1.6167617e-13
340.24000,2.1643489e-11,1.6214456e-13
340.25000,2.1431645e-11,1.6186232e-13
340.26000,2.1385062e-11,1.6107710e-13
340.27000,2.1584278e-11,1.6099900e-13
340.28000,2.1805034e-11,1.6115581e-13
340.29000,2.1890566e-11,1.6087930e-13
340.30000,2.1860570e-11,1.6042793e-13
340.31000,2.1764005e-11,1.6000147e-13
340.32000,2.1508408e-11,1.5884937e-13
340.33000,2.0842452e-11,1.5564494e-13
340.34000,1.9974001e-11,1.5147212e-13
340.35000,1.9786118e-11,1.5066678e-13
340.36000,2.0709061e-11,1.5549068e-13
340.37000,2.1720002e-11,1.6129117e-13
340.38000,2.2138338e-11,1.6460982e-13
340.39000,2.2246743e-11,1.6560667e-13
340.40000,2.2278235e-11,1.6464706e-13
340.41000,2.2283980e-11,1.6344426e-13
340.42000,2.2280783e-11,1.6313210e-13
340.43000,2.2285351e-11,1.6338130e-13
340.44000,2.2291600e-11,1.6391440e-13
340.45000,2.2287950e-11,1.6463149e-13
340.46000,2.2268962e-11,1.6421327e-13
340.47000,2.2257720e-11,1.6306100e-13
340.48000,2.2307512e-11,1.6292664e-13
340.49000,2.2391679e-11,1.6402810e-13
340.50000,2.2419527e-11,1.6503189e-13
340.51000,2.2360051e-11,1.6506571e-13
340.52000,2.2322343e-11,1.6530498e-13
340.53000,2.2345359e-11,1.6582021e-13
340.54000,2.2342213e-11,1.6563864e-13
340.55000,2.2308899e-11,1.6525359e-13
340.56000,2.2275357e-11,1.6485408e-13
340.57000,2.2254010e-11,1.6422627e-13
340.58000,2.2272486e-11,1.6403164e-13
340.59000,2.2336349e-11,1.6416820e-13
340.60000,2.2395101e-11,1.6434317e-13
340.61000,2.2381025e-11,1.6431141e-13
340.62000,2.2345927e-11,1.6412046e-13
340.63000,2.2300336e-11,1.6387699e-13
340.64000,2.2135144e-11,1.6295313e-13
340.65000,2.1573252e-11,1.5981658e-13
340.66000,2.0769067e-11,1.5512733e-13
340.67000,2.0715091e-11,1.5437699e-13
340.68000,2.1284882e-11,1.5726139e-13
340.69000,2.1571200e-11,1.5903834e-13
340.70000,2.1611050e-11,1.5954505e-13
340.71000,2.1706519e-11,1.5999634e-13
340.72000,2.1709500e-11,1.5973441e-13
340.73000,2.1500216e-11,1.5852777e-13
340.74000,2.1203208e-11,1.5699120e-13
340.75000,2.1251437e-11,1.5702044e-13
340.76000,2.1721840e-11,1.5899959e-13
340.77000,2.2175221e-11,1.6113841e-13
340.78000,2.2361828e-11,1.6224597e-13
340.79000,2.2390049e-11,1.6242292e-13
340.80000,2.2352422e-11,1.6225744e-13
340.81000,2.2283889e-11,1.6228109e-13
340.82000,2.2205133e-11,1.6243795e-13
340.83000,2.2098391e-11,1.6233798e-13
340.84000,2.1972782e-11,1.6200866e-13
340.85000,2.1860570e-11,1.6157309e-13
340.86000,2.1716325e-11,1.6080841e-13
340.87000,2.1300653e-11,1.5875248e-13
340.88000,2.0473669e-11,1.5477743e-13
340.89000,1.9724358e-11,1.5097288e-13
340.90000,1.9960082e-11,1.5187486e-13
340.91000,2.1033417e-11,1.5702759e-13
340.92000,2.1821023e-11,1.6081734e-13
340.93000,2.2042171e-11,1.6169207e-13
340.94000,2.2051738e-11,1.6126552e-13
340.95000,2.2062906e-11,1.6070058e-13
340.96000,2.2092804e-11,1.6019844e-13
340.97000,2.2098596e-11,1.5974112e-13
340.98000,2.2053693e-11,1.5940849e-13
340.99000,2.2031033e-11,1.5942601e-13
341.00000,2.2065389e-11,1.5969187e-13
341.01000,2.2097096e-11,1.5981132e-13
341.02000,2.2104017e-11,1.5968562e-13
341.03000,2.2099861e-11,1.5936461e-13
341.04000,2.2086314e-11,1.5908490e-13
341.05000,2.2099091e-11,1.5910493e-13
341.06000,2.2141709e-11,1.5921729e-13
341.07000,2.2159856e-11,1.5900344e-13
341.08000,2.2145131e-11,1.5864757e-13
341.09000,2.2140247e-11,1.5846782e-13
341.10000,2.2143815e-11,1.5830283e-13
341.11000,2.2137478e-11,1.5807206e-13
341.12000,2.2142214e-11,1.5798786e-13
341.13000,2.2160162e-11,1.5808645e-13
341.14000,2.2173806e-11,1.5826839e-13
341.15000,2.2157681e-11,1.5847190e-13
341.16000,2.2088700e-11,1.5840025e-13
341.17000,2.2026156e-11,1.5807313e-13
341.18000,2.2038640e-11,1.5787754e-13
341.19000,2.2095498e-11,1.5780655e-13
341.20000,2.2115325e-11,1.5777432e-13
341.21000,2.2070627e-11,1.5785579e-13
341.22000,2.2030008e-11,1.5814676e-13
341.23000,2.2041966e-11,1.5848291e-13
341.24000,2.2083256e-11,1.5875155e-13
341.25000,2.2083324e-11,1.5877574e-13
341.26000,2.2038263e-11,1.5846702e-13
341.27000,2.2022854e-11,1.5821713e-13
341.28000,2.2064986e-11,1.5822099e-13
341.29000,2.2105480e-11,1.5823503e-13
341.30000,2.2085333e-11,1.5820470e-13
341.31000,2.2065286e-11,1.5842969e-13
341.32000,2.2055190e-11,1.5875414e-13
341.33000,2.2029588e-11,1.5872616e-13
341.34000,2.2024758e-11,1.5852695e-13
341.35000,2.2037514e-11,1.5852771e-13
341.36000,2.2051550e-11,1.5815532e-13
341.37000,2.2069136e-11,1.5820116e-13
341.38000,2.2069494e-11,1.5887053e-13
341.39000,2.2077488e-11,1.5897813e-13
341.40000,2.2080125e-11,1.5891440e-13
341.41000,2.1982999e-11,1.5953650e-13
341.42000,2.1788606e-11,1.6004573e-13
341.43000,2.1604255e-11,1.5936537e-13
341.44000,2.1554212e-11,1.5810737e-13
341.45000,2.1654739e-11,1.5743641e-13
341.46000,2.1779908e-11,1.5743626e-13
341.47000,2.1853067e-11,1.5778853e-13
341.48000,2.1896351e-11,1.5816566e-13
341.49000,2.1919824e-11,1.5824062e-13
341.50000,2.1952553e-11,1.5835100e-13
341.51000,2.1996887e-11,1.5889052e-13
341.52000,2.1998398e-11,1.5966684e-13
341.53000,2.1975552e-11,1.6053396e-13
341.54000,2.1967097e-11,1.6160842e-13
341.55000,2.1930656e-11,1.6198909e-13
341.56000,2.1848043e-11,1.6091941e-13
341.57000,2.1792143e-11,1.5976377e-13
341.58000,2.1792190e-11,1.5978315e-13
341.59000,2.1766788e-11,1.6014576e-13
341.60000,2.1603296e-11,1.5928430e-13
341.61000,2.1295387e-11,1.5772042e-13
341.62000,2.1156771e-11,1.5733670e-13
341.63000,2.1461085e-11,1.5865175e-13
341.64000,2.1851397e-11,1.6032896e-13
341.65000,2.2037659e-11,1.6111514e-13
341.66000,2.2079043e-11,1.6117290e-13
341.67000,2.2089456e-11,1.6124232e-13
341.68000,2.2069187e-11,1.6125858e-13
341.69000,2.2057161e-11,1.6139208e-13
341.70000,2.2070154e-11,1.6156285e-13
341.71000,2.2071500e-11,1.6144873e-13
341.72000,2.2048925e-11,1.6110293e-13
341.73000,2.2045612e-11,1.6097154e-13
341.74000,2.2049958e-11,1.6097524e-13
341.75000,2.2015947e-11,1.6093682e-13
341.76000,2.1970425e-11,1.6095905e-13
341.77000,2.1948712e-11,1.6090493e-13
341.78000,2.1946337e-11,1.6074110e-13
341.79000,2.1987370e-11,1.6074517e-13
341.80000,2.2039993e-11,1.6080142e-13
341.81000,2.2046947e-11,1.6058958e-13
341.82000,2.2014680e-11,1.6014263e-13
341.83000,2.1992999e-11,1.5979395e-13
341.84000,2.2011761e-11,1.5983473e-13
341.85000,2.2042804e-11,1.6018671e-13
341.86000,2.2080725e-11,1.6051679e-13
341.87000,2.2105078e-11,1.6062169e-13
341.88000,2.2063167e-11,1.6052784e-13
341.89000,2.2015229e-11,1.6049400e-13
341.90000,2.2013008e-11,1.6067396e-13
341.91000,2.2028960e-11,1.6089665e-13
341.92000,2.2033171e-11,1.6099864e-13
341.93000,2.2000208e-11,1.6093114e-13
341.94000,2.1974094e-11,1.6082253e-13
341.95000,2.1987869e-11,1.6084672e-13
341.96000,2.2015163e-11,1.6099638e-13
341.97000,2.2050296e-11,1.6123375e-13
341.98000,2.2076236e-11,1.6137960e-13
341.99000,2.2074728e-11,1.6138049e-13
342.00000,2.2070586e-11,1.6155171e-13
342.01000,2.2086102e-11,1.6191833e-13
342.02000,2.2085674e-11,1.6206642e-13
342.03000,2.2043984e-11,1.6187542e-13
342.04000,2.2008872e-11,1.6159517e-13
342.05000,2.1965130e-11,1.6125356e-13
342.06000,2.1860237e-11,1.6041885e-13
342.07000,2.1733061e-11,1.5933237e-13
342.08000,2.1649393e-11,1.5891441e-13
342.09000,2.1651432e-11,1.5931032e-13
342.10000,2.1672679e-11,1.5956407e-13
342.11000,2.1545343e-11,1.5882861e-13
342.12000,2.1089295e-11,1.5670262e-13
342.13000,2.0396168e-11,1.5367912e-13
342.14000,2.0128083e-11,1.5257019e-13
342.15000,2.0791333e-11,1.5557402e-13
342.16000,2.1585266e-11,1.5908058e-13
342.17000,2.1861106e-11,1.6032882e-13
342.18000,2.1878709e-11,1.6054385e-13
342.19000,2.1874660e-11,1.6072658e-13
342.20000,2.1857779e-11,1.6084001e-13
342.21000,2.1823657e-11,1.6062958e-13
342.22000,2.1757834e-11,1.5977492e-13
342.23000,2.1639336e-11,1.5853101e-13
342.24000,2.1541669e-11,1.5787205e-13
342.25000,2.1509063e-11,1.5788703e-13
342.26000,2.1403735e-11,1.5737412e-13
342.27000,2.0988425e-11,1.5534725e-13
342.28000,2.0180283e-11,1.5155521e-13
342.29000,1.9620836e-11,1.4889045e-13
342.30000,2.0161955e-11,1.5109185e-13
342.31000,2.1176319e-11,1.5520447e-13
342.32000,2.1683024e-11,1.5696534e-13
342.33000,2.1764413e-11,1.5687344e-13
342.34000,2.1746403e-11,1.5649113e-13
342.35000,2.1737027e-11,1.5634691e-13
342.36000,2.1751161e-11,1.5650106e-13
342.37000,2.1796157e-11,1.5679837e-13
342.38000,2.1821988e-11,1.5683136e-13
342.39000,2.1784708e-11,1.5654018e-13
342.40000,2.1757847e-11,1.5637777e-13
342.41000,2.1795176e-11,1.5640089e-13
342.42000,2.1851174e-11,1.5632602e-13
342.43000,2.1875163e-11,1.5620844e-13
342.44000,2.1889055e-11,1.5624430e-13
342.45000,2.1922647e-11,1.5653905e-13
342.46000,2.1950306e-11,1.5694938e-13
342.47000,2.1949166e-11,1.5719429e-13
342.48000,2.1928027e-11,1.5705676e-13
342.49000,2.1907905e-11,1.5663263e-13
342.50000,2.1901168e-11,1.5619043e-13
342.51000,2.1893176e-11,1.5578633e-13
342.52000,2.1885056e-11,1.5541917e-13
342.53000,2.1884399e-11,1.5513867e-13
342.54000,2.1877626e-11,1.5507775e-13
342.55000,2.1842367e-11,1.5514683e-13
342.56000,2.1776755e-11,1.5509440e-13
342.57000,2.1696407e-11,1.5481697e-13
342.58000,2.1694872e-11,1.5486282e-13
342.59000,2.1807128e-11,1.5545573e-13
342.60000,2.1900285e-11,1.5573469e-13
342.61000,2.1895251e-11,1.5550890e-13
342.62000,2.1868645e-11,1.5525902e-13
342.63000,2.1878298e-11,1.5544366e-13
342.64000,2.1873640e-11,1.5545225e-13
342.65000,2.1844655e-11,1.5519424e-13
342.66000,2.1832408e-11,1.5512947e-13
342.67000,2.1831216e-11,1.5481291e-13
342.68000,2.1831822e-11,1.5459807e-13
342.69000,2.1835540e-11,1.5519896e-13
342.70000,2.1850299e-11,1.5591582e-13
342.71000,2.1891906e-11,1.5614263e-13
342.72000,2.1940945e-11,1.5633015e-13
342.73000,2.1967710e-11,1.5653980e-13
342.74000,2.1968117e-11,1.5603813e-13
342.75000,2.1954970e-11,1.5521562e-13
342.76000,2.1949806e-11,1.5501285e-13
342.77000,2.1950005e-11,1.5571352e-13
342.78000,2.1958678e-11,1.5621646e-13
342.79000,2.1982623e-11,1.5556445e-13
342.80000,2.1998497e-11,1.5475000e-13
342.81000,2.1957655e-11,1.5426090e-13
342.82000,2.1886294e-11,1.5369951e-13
342.83000,2.1849174e-11,1.5346892e-13
342.84000,2.1840622e-11,1.5407892e-13
342.85000,2.1874904e-11,1.5575915e-13
342.86000,2.1901361e-11,1.5751608e-13
342.87000,2.1919702e-11,1.5849431e-13
342.88000,2.1970294e-11,1.5865358e-13
342.89000,2.2017391e-11,1.5852440e-13
342.90000,2.2046388e-11,1.5824091e-13
342.91000,2.2055590e-11,1.5804475e-13
342.92000,2.2044719e-11,1.5806414e-13
342.93000,2.2069663e-11,1.5784932e-13
342.94000,2.2134251e-11,1.5693856e-13
342.95000,2.2149647e-11,1.5553943e-13
342.96000,2.2088797e-11,1.5431721e-13
342.97000,2.2046802e-11,1.5394479e-13
342.98000,2.2050911e-11,1.5458025e-13
342.99000,2.2047268e-11,1.5544604e-13
343.00000,2.2010858e-11,1.5612360e-13
343.01000,2.1959811e-11,1.5672758e-13
343.02000,2.1931252e-11,1.5659386e-13
343.03000,2.1925068e-11,1.5576385e-13
343.04000,2.1905852e-11,1.5532270e-13
343.05000,2.1892030e-11,1.5558263e-13
343.06000,2.1929636e-11,1.5610848e-13
343.07000,2.2012792e-11,1.5601019e-13
343.08000,2.2104795e-11,1.5564957e-13
343.09000,2.2148566e-11,1.5572589e-13
343.10000,2.2137792e-11,1.5585942e-13
343.11000,2.2103761e-11,1.5555006e-13
343.12000,2.2064902e-11,1.5539235e-13
343.13000,2.2006717e-11,1.5523688e-13
343.14000,2.1948288e-11,1.5476067e-13
343.15000,2.1952685e-11,1.5454366e-13
343.16000,2.1992797e-11,1.5441281e-13
343.17000,2.2011960e-11,1.5431346e-13
343.18000,2.2000016e-11,1.5432479e-13
343.19000,2.1971142e-11,1.5420072e-13
343.20000,2.1945127e-11,1.5421051e-13
343.21000,2.1947014e-11,1.5451403e-13
343.22000,2.1956225e-11,1.5488943e-13
343.23000,2.1933493e-11,1.5504617e-13
343.24000,2.1916339e-11,1.5525959e-13
343.25000,2.1926327e-11,1.5551297e-13
343.26000,2.1911317e-11,1.5545903e-13
343.27000,2.1828907e-11,1.5498967e-13
343.28000,2.1710213e-11,1.5439321e-13
343.29000,2.1601161e-11,1.5396788e-13
343.30000,2.1543540e-11,1.5386683e-13
343.31000,2.1495578e-11,1.5376161e-13
343.32000,2.1299844e-11,1.5283955e-13
343.33000,2.0793842e-11,1.5040931e-13
343.34000,2.0126105e-11,1.4725715e-13
343.35000,1.9962901e-11,1.4653648e-13
343.36000,2.0633267e-11,1.4956681e-13
343.37000,2.1423564e-11,1.5301353e-13
343.38000,2.1770766e-11,1.5460928e-13
343.39000,2.1807339e-11,1.5496240e-13
343.40000,2.1784127e-11,1.5489757e-13
343.41000,2.1761255e-11,1.5472922e-13
343.42000,2.1769613e-11,1.5477525e-13
343.43000,2.1797182e-11,1.5490884e-13
343.44000,2.1808526e-11,1.5501280e-13
343.45000,2.1831054e-11,1.5529236e-13
343.46000,2.1857015e-11,1.5539292e-13
343.47000,2.1872853e-11,1.5493620e-13
343.48000,2.1923435e-11,1.5444225e-13
343.49000,2.1971372e-11,1.5400523e-13
343.50000,2.1950762e-11,1.5342449e-13
343.51000,2.1908326e-11,1.5294640e-13
343.52000,2.1887656e-11,1.5272731e-13
343.53000,2.1871014e-11,1.5248182e-13
343.54000,2.1847207e-11,1.5212663e-13
343.55000,2.1800123e-11,1.5180075e-13
343.56000,2.1735687e-11,1.5142787e-13
343.57000,2.1684389e-11,1.5089302e-13
343.58000,2.1636130e-11,1.5025115e-13
343.59000,2.1615243e-11,1.4982145e-13
343.60000,2.1578307e-11,1.4944620e-13
343.61000,2.1387069e-11,1.4855604e-13
343.62000,2.1070277e-11,1.4721451e-13
343.63000,2.0979343e-11,1.4674212e-13
343.64000,2.1277472e-11,1.4787334e-13
343.65000,2.1592583e-11,1.4914656e-13
343.66000,2.1683559e-11,1.4947666e-13
343.67000,2.1651714e-11,1.4929437e-13
343.68000,2.1609332e-11,1.4916463e-13
343.69000,2.1606327e-11,1.4916570e-13
343.70000,2.1642726e-11,1.4924964e-13
343.71000,2.1658939e-11,1.4934528e-13
343.72000,2.1647910e-11,1.4951212e-13
343.73000,2.1691893e-11,1.4988999e-13
343.74000,2.1774646e-11,1.5023028e-13
343.75000,2.1776199e-11,1.5020192e-13
343.76000,2.1679096e-11,1.4980059e-13
343.77000,2.1586120e-11,1.4942581e-13
343.78000,2.1557305e-11,1.4943369e-13
343.79000,2.1568018e-11,1.4968673e-13
343.80000,2.1569965e-11,1.4995336e-13
343.81000,2.1555999e-11,1.5029876e-13
343.82000,2.1579670e-11,1.5088125e-13
343.83000,2.1627226e-11,1.5139896e-13
343.84000,2.1631815e-11,1.5148631e-13
343.85000,2.1608877e-11,1.5139546e-13
343.86000,2.1584861e-11,1.5131110e-13
343.87000,2.1558764e-11,1.5117821e-13
343.88000,2.1551715e-11,1.5106603e-13
343.89000,2.1554434e-11,1.5112254e-13
343.90000,2.1509121e-11,1.5105368e-13
343.91000,2.1432501e-11,1.5101468e-13
343.92000,2.1458988e-11,1.5157632e-13
343.93000,2.1608931e-11,1.5221681e-13
343.94000,2.1759964e-11,1.5296991e-13
343.95000,2.1827288e-11,1.5337794e-13
343.96000,2.1842912e-11,1.5284621e-13
343.97000,2.1816854e-11,1.5260824e-13
343.98000,2.1738697e-11,1.5348857e-13
343.99000,2.1662230e-11,1.5417098e-13
344.00000,2.1604191e-11,1.5347687e-13
344.01000,2.1535650e-11,1.5206824e-13
344.02000,2.1469049e-11,1.5104613e-13
344.03000,2.1420656e-11,1.5060152e-13
344.04000,2.1374096e-11,1.5035564e-13
344.05000,2.1347699e-11,1.5031230e-13
344.06000,2.1338666e-11,1.5041376e-13
344.07000,2.1319368e-11,1.5045905e-13
344.08000,2.1350341e-11,1.5061322e-13
344.09000,2.1470036e-11,1.5107211e-13
344.10000,2.1580174e-11,1.5172943e-13
344.11000,2.1604236e-11,1.5260442e-13
344.12000,2.1579882e-11,1.5356585e-13
344.13000,2.1531682e-11,1.5383201e-13
344.14000,2.1430608e-11,1.5283781e-13
344.15000,2.1307225e-11,1.5142058e-13
344.16000,2.1236506e-11,1.5103024e-13
344.17000,2.1188999e-11,1.5125847e-13
344.18000,2.1088431e-11,1.5089963e-13
344.19000,2.0777925e-11,1.4973939e-13
344.20000,2.0070907e-11,1.4693397e-13
344.21000,1.9215937e-11,1.4298441e-13
344.22000,1.9056177e-11,1.4202281e-13
344.23000,1.9831947e-11,1.4520697e-13
344.24000,2.0618013e-11,1.4844901e-13
344.25000,2.1121664e-11,1.5050424e-13
344.26000,2.1482540e-11,1.5207073e-13
344.27000,2.1636244e-11,1.5285312e-13
344.28000,2.1657187e-11,1.5304015e-13
344.29000,2.1624194e-11,1.5304266e-13
344.30000,2.1571632e-11,1.5308601e-13
344.31000,2.1513746e-11,1.5319619e-13
344.32000,2.1468328e-11,1.5325604e-13
344.33000,2.1417163e-11,1.5292866e-13
344.34000,2.1341745e-11,1.5232113e-13
344.35000,2.1292424e-11,1.5198819e-13
344.36000,2.1278141e-11,1.5198114e-13
344.37000,2.1248486e-11,1.5200911e-13
344.38000,2.1140783e-11,1.5179512e-13
344.39000,2.0966529e-11,1.5123230e-13
344.40000,2.0893343e-11,1.5097653e-13
344.41000,2.1012804e-11,1.5157599e-13
344.42000,2.1195538e-11,1.5246599e-13
344.43000,2.1269782e-11,1.5287766e-13
344.44000,2.1246034e-11,1.5297673e-13
344.45000,2.1240903e-11,1.5317346e-13
344.46000,2.1372361e-11,1.5381356e-13
344.47000,2.1547556e-11,1.5466474e-13
344.48000,2.1596488e-11,1.5505320e-13
344.49000,2.1545780e-11,1.5491072e-13
344.50000,2.1527423e-11,1.5480983e-13
344.51000,2.1575464e-11,1.5493018e-13
344.52000,2.1613984e-11,1.5492262e-13
344.53000,2.1640421e-11,1.5488311e-13
344.54000,2.1682434e-11,1.5503147e-13
344.55000,2.1685240e-11,1.5519215e-13
344.56000,2.1599388e-11,1.5524087e-13
344.57000,2.1471532e-11,1.5500294e-13
344.58000,2.1378895e-11,1.5448731e-13
344.59000,2.1369464e-11,1.5422446e-13
344.60000,2.1418542e-11,1.5430639e-13
344.61000,2.1453870e-11,1.5420879e-13
344.62000,2.1487917e-11,1.5393930e-13
344.63000,2.1541978e-11,1.5383019e-13
344.64000,2.1555431e-11,1.5371019e-13
344.65000,2.1534298e-11,1.5363148e-13
344.66000,2.1574267e-11,1.5396276e-13
344.67000,2.1639592e-11,1.5424262e-13
344.68000,2.1649698e-11,1.5422228e-13
344.69000,2.1637670e-11,1.5406329e-13
344.70000,2.1640689e-11,1.5371119e-13
344.71000,2.1662214e-11,1.5354140e-13
344.72000,2.1685928e-11,1.5372598e-13
344.73000,2.1680517e-11,1.5391834e-13
344.74000,2.1663932e-11,1.5395901e-13
344.75000,2.1650654e-11,1.5376088e-13
344.76000,2.1634109e-11,1.5336527e-13
344.77000,2.1627641e-11,1.5298516e-13
344.78000,2.1634513e-11,1.5272414e-13
344.79000,2.1655638e-11,1.5268359e-13
344.80000,2.1686549e-11,1.5269956e-13
344.81000,2.1715713e-11,1.5242742e-13
344.82000,2.1751551e-11,1.5203236e-13
344.83000,2.1781024e-11,1.5181087e-13
344.84000,2.1763155e-11,1.5163501e-13
344.85000,2.1736693e-11,1.5143756e-13
344.86000,2.1734969e-11,1.5133150e-13
344.87000,2.1747852e-11,1.5141285e-13
344.88000,2.1762844e-11,1.5165169e-13
344.89000,2.1741130e-11,1.5158037e-13
344.90000,2.1699447e-11,1.5132083e-13
344.91000,2.1694798e-11,1.5123693e-13
344.92000,2.1711775e-11,1.5109759e-13
344.93000,2.1700438e-11,1.5081814e-13
344.94000,2.1687977e-11,1.5058987e-13
344.95000,2.1701985e-11,1.5046950e-13
344.96000,2.1735041e-11,1.5040438e-13
344.97000,2.1775949e-11,1.5046005e-13
344.98000,2.1791984e-11,1.5056909e-13
344.99000,2.1760243e-11,1.5061822e-13
345.00000,2.1726064e-11,1.5068471e-13
345.01000,2.1723470e-11,1.5078146e-13
345.02000,2.1726212e-11,1.5078314e-13
345.03000,2.1732732e-11,1.5067300e-13
345.04000,2.1763209e-11,1.5055003e-13
345.05000,2.1793236e-11,1.5044580e-13
345.06000,2.1818029e-11,1.5053039e-13
345.07000,2.1842390e-11,1.5067440e-13
345.08000,2.1837955e-11,1.5053399e-13
345.09000,2.1799954e-11,1.5021162e-13
345.10000,2.1775777e-11,1.5003099e-13
345.11000,2.1766850e-11,1.4990512e-13
345.12000,2.1712738e-11,1.4959555e-13
345.13000,2.1610710e-11,1.4922058e-13
345.14000,2.1503538e-11,1.4893676e-13
345.15000,2.1454984e-11,1.4871953e-13
345.16000,2.1484862e-11,1.4864071e-13
345.17000,2.1548764e-11,1.4883766e-13
345.18000,2.1613603e-11,1.4918748e-13
345.19000,2.1634772e-11,1.4935564e-13
345.20000,2.1616055e-11,1.4938401e-13
345.21000,2.1582638e-11,1.4942468e-13
345.22000,2.1516508e-11,1.4930578e-13
345.23000,2.1469306e-11,1.4898903e-13
345.24000,2.1473751e-11,1.4884525e-13
345.25000,2.1481245e-11,1.4867053e-13
345.26000,2.1487553e-11,1.4864472e-13
345.27000,2.1530045e-11,1.4896506e-13
345.28000,2.1566278e-11,1.4908613e-13
345.29000,2.1570933e-11,1.4930020e-13
345.30000,2.1608750e-11,1.4966584e-13
345.31000,2.1644551e-11,1.4952225e-13
345.32000,2.1612185e-11,1.4926356e-13
345.33000,2.1574218e-11,1.4930275e-13
345.34000,2.1591227e-11,1.4908108e-13
345.35000,2.1612241e-11,1.4859655e-13
345.36000,2.1566054e-11,1.4838455e-13
345.37000,2.1447521e-11,1.4825509e-13
345.38000,2.1354345e-11,1.4763496e-13
345.39000,2.1380213e-11,1.4688833e-13
345.40000,2.1478094e-11,1.4668881e-13
345.41000,2.1499526e-11,1.4651090e-13
345.42000,2.1285101e-11,1.4603565e-13
345.43000,2.0976553e-11,1.4592782e-13
345.44000,2.1020017e-11,1.4686457e-13
345.45000,2.1385175e-11,1.4803419e-13
345.46000,2.1688013e-11,1.4834677e-13
345.47000,2.1781202e-11,1.4780045e-13
345.48000,2.1779552e-11,1.4728144e-13
345.49000,2.1722847e-11,1.4721571e-13
345.50000,2.1582810e-11,1.4726624e-13
345.51000,2.1466172e-11,1.4747500e-13
345.52000,2.1528472e-11,1.4791469e-13
345.53000,2.1695728e-11,1.4833529e-13
345.54000,2.1778812e-11,1.4843651e-13
345.55000,2.1762319e-11,1.4830753e-13
345.56000,2.1706259e-11,1.4829898e-13
345.57000,2.1627207e-11,1.4875283e-13
345.58000,2.1544232e-11,1.4952741e-13
345.59000,2.1482172e-11,1.4966490e-13
345.60000,2.1466668e-11,1.4859570e-13
345.61000,2.1476025e-11,1.4742995e-13
345.62000,2.1509106e-11,1.4723961e-13
345.63000,2.1552566e-11,1.4768508e-13
345.64000,2.1545866e-11,1.4847407e-13
345.65000,2.1502915e-11,1.4901482e-13
345.66000,2.1513234e-11,1.4875156e-13
345.67000,2.1567946e-11,1.4856097e-13
345.68000,2.1558884e-11,1.4893258e-13
345.69000,2.1407364e-11,1.4892404e-13
345.70000,2.1123311e-11,1.4771381e-13
345.71000,2.0912763e-11,1.4678445e-13
345.72000,2.1045985e-11,1.4754823e-13
345.73000,2.1411209e-11,1.4869223e-13
345.74000,2.1661995e-11,1.4933596e-13
345.75000,2.1714705e-11,1.4984022e-13
345.76000,2.1650780e-11,1.4960795e-13
345.77000,2.1506643e-11,1.4876131e-13
345.78000,2.1365448e-11,1.4825674e-13
345.79000,2.1335650e-11,1.4832351e-13
345.80000,2.1372647e-11,1.4865515e-13
345.81000,2.1384405e-11,1.4854348e-13
345.82000,2.1398369e-11,1.4820969e-13
345.83000,2.1467385e-11,1.4821233e-13
345.84000,2.1577595e-11,1.4866425e-13
345.85000,2.1649653e-11,1.4933693e-13
345.86000,2.1673261e-11,1.5009295e-13
345.87000,2.1668236e-11,1.5079057e-13
345.88000,2.1656891e-11,1.5118053e-13
345.89000,2.1661438e-11,1.5126011e-13
345.90000,2.1671391e-11,1.5117040e-13
345.91000,2.1646011e-11,1.5073074e-13
345.92000,2.1589380e-11,1.5011828e-13
345.93000,2.1525945e-11,1.4959086e-13
345.94000,2.1466037e-11,1.4918214e-13
345.95000,2.1435369e-11,1.4901418e-13
345.96000,2.1414988e-11,1.4915051e-13
345.97000,2.1353176e-11,1.4909626e-13
345.98000,2.1274716e-11,1.4828202e-13
345.99000,2.1200865e-11,1.4735771e-13
346.00000,2.1100907e-11,1.4680307e-13
346.01000,2.0969656e-11,1.4611034e-13
346.02000,2.0780767e-11,1.4485892e-13
346.03000,2.0402066e-11,1.4280287e-13
346.04000,1.9810691e-11,1.4000210e-13
346.05000,1.9576229e-11,1.3891001e-13
346.06000,2.0169679e-11,1.4146260e-13
346.07000,2.1008904e-11,1.4487206e-13
346.08000,2.1383874e-11,1.4597123e-13
346.09000,2.1390947e-11,1.4549747e-13
346.10000,2.1294894e-11,1.4474986e-13
346.11000,2.1199135e-11,1.4406913e-13
346.12000,2.1115302e-11,1.4365917e-13
346.13000,2.1045846e-11,1.4355089e-13
346.14000,2.1004869e-11,1.4347847e-13
346.15000,2.0964836e-11,1.4323467e-13
346.16000,2.0931717e-11,1.4299642e-13
346.17000,2.1019114e-11,1.4321136e-13
346.18000,2.1242250e-11,1.4388686e-13
346.19000,2.1421224e-11,1.4439263e-13
346.20000,2.1473316e-11,1.4455047e-13
346.21000,2.1481216e-11,1.4463725e-13
346.22000,2.1498219e-11,1.4472868e-13
346.23000,2.1512255e-11,1.4485028e-13
346.24000,2.1503641e-11,1.4494122e-13
346.25000,2.1476447e-11,1.4496329e-13
346.26000,2.1440131e-11,1.4496589e-13
346.27000,2.1412910e-11,1.4503034e-13
346.28000,2.1420984e-11,1.4519310e-13
346.29000,2.1434412e-11,1.4528787e-13
346.30000,2.1437466e-11,1.4529158e-13
346.31000,2.1458675e-11,1.4532351e-13
346.32000,2.1495656e-11,1.4538303e-13
346.33000,2.1495202e-11,1.4537378e-13
346.34000,2.1468591e-11,1.4538656e-13
346.35000,2.1443973e-11,1.4549517e-13
346.36000,2.1403023e-11,1.4556192e-13
346.37000,2.1358749e-11,1.4553598e-13
346.38000,2.1323339e-11,1.4536140e-13
346.39000,2.1272106e-11,1.4498971e-13
346.40000,2.1205624e-11,1.4468933e-13
346.41000,2.1162731e-11,1.4473152e-13
346.42000,2.1198524e-11,1.4524753e-13
346.43000,2.1274968e-11,1.4583691e-13
346.44000,2.1292865e-11,1.4597978e-13
346.45000,2.1209500e-11,1.4565605e-13
346.46000,2.1063991e-11,1.4517958e-13
346.47000,2.1037384e-11,1.4521911e-13
346.48000,2.1194662e-11,1.4589840e-13
346.49000,2.1339822e-11,1.4645847e-13
346.50000,2.1345607e-11,1.4634987e-13
346.51000,2.1273820e-11,1.4590150e-13
346.52000,2.1179735e-11,1.4529373e-13
346.53000,2.1101155e-11,1.4493699e-13
346.54000,2.1088762e-11,1.4485210e-13
346.55000,2.1066351e-11,1.4449326e-13
346.56000,2.0886139e-11,1.4414852e-13
346.57000,2.0579850e-11,1.4338597e-13
346.58000,2.0406542e-11,1.4224497e-13
346.59000,2.0657592e-11,1.4287383e-13
346.60000,2.1109599e-11,1.4530058e-13
346.61000,2.1387713e-11,1.4747894e-13
346.62000,2.1504828e-11,1.4820803e-13
346.63000,2.1562932e-11,1.4760104e-13
346.64000,2.1582144e-11,1.4672076e-13
346.65000,2.1557759e-11,1.4615211e-13
346.66000,2.1515700e-11,1.4588408e-13
346.67000,2.1473890e-11,1.4564984e-13
346.68000,2.1430472e-11,1.4542271e-13
346.69000,2.1382031e-11,1.4536194e-13
346.70000,2.1356548e-11,1.4569963e-13
346.71000,2.1373051e-11,1.4656519e-13
346.72000,2.1392407e-11,1.4759955e-13
346.73000,2.1411028e-11,1.4786305e-13
346.74000,2.1473980e-11,1.4739975e-13
346.75000,2.1544781e-11,1.4712745e-13
346.76000,2.1546762e-11,1.4732425e-13
346.77000,2.1530422e-11,1.4757482e-13
346.78000,2.1571582e-11,1.4757638e-13
346.79000,2.1622388e-11,1.4767638e-13
346.80000,2.1596052e-11,1.4781488e-13
346.81000,2.1495458e-11,1.4754215e-13
346.82000,2.1371920e-11,1.4726996e-13
346.83000,2.1286680e-11,1.4727609e-13
346.84000,2.1249809e-11,1.4725056e-13
346.85000,2.1219042e-11,1.4701962e-13
346.86000,2.1045816e-11,1.4619383e-13
346.87000,2.0582962e-11,1.4432181e-13
346.88000,2.0058758e-11,1.4224213e-13
346.89000,2.0024622e-11,1.4219321e-13
346.90000,2.0608302e-11,1.4468415e-13
346.91000,2.1174348e-11,1.4706764e-13
346.92000,2.1413526e-11,1.4812432e-13
346.93000,2.1496154e-11,1.4864561e-13
346.94000,2.1500472e-11,1.4885007e-13
346.95000,2.1474586e-11,1.4883172e-13
346.96000,2.1450759e-11,1.4882983e-13
346.97000,2.1453453e-11,1.4890256e-13
346.98000,2.1476416e-11,1.4905394e-13
346.99000,2.1490091e-11,1.4942997e-13
347.00000,2.1483849e-11,1.4981615e-13
347.01000,2.1468656e-11,1.4987562e-13
347.02000,2.1448527e-11,1.4961053e-13
347.03000,2.1420588e-11,1.4925665e-13
347.04000,2.1433478e-11,1.4910780e-13
347.05000,2.1513232e-11,1.4933062e-13
347.06000,2.1576928e-11,1.4954396e-13
347.07000,2.1535950e-11,1.4932701e-13
347.08000,2.1425285e-11,1.4891182e-13
347.09000,2.1316707e-11,1.4851591e-13
347.10000,2.1244067e-11,1.4822800e-13
347.11000,2.1237874e-11,1.4829328e-13
347.12000,2.1265368e-11,1.4840860e-13
347.13000,2.1201514e-11,1.4797774e-13
347.14000,2.0952281e-11,1.4677802e-13
347.15000,2.0652344e-11,1.4532837e-13
347.16000,2.0632218e-11,1.4500617e-13
347.17000,2.0968741e-11,1.4634653e-13
347.18000,2.1270748e-11,1.4776911e-13
347.19000,2.1309786e-11,1.4814281e-13
347.20000,2.1230173e-11,1.4784392e-13
347.21000,2.1110563e-11,1.4723895e-13
347.22000,2.1014705e-11,1.4684024e-13
347.23000,2.1035939e-11,1.4712459e-13
347.24000,2.1187244e-11,1.4760238e-13
347.25000,2.1349448e-11,1.4762901e-13
347.26000,2.1417452e-11,1.4746883e-13
347.27000,2.1412845e-11,1.4733122e-13
347.28000,2.1389409e-11,1.4713887e-13
347.29000,2.1370885e-11,1.4703262e-13
347.30000,2.1354795e-11,1.4695486e-13
347.31000,2.1342606e-11,1.4664446e-13
347.32000,2.1349978e-11,1.4628131e-13
347.33000,2.1350673e-11,1.4591872e-13
347.34000,2.1266851e-11,1.4551924e-13
347.35000,2.1128021e-11,1.4500755e-13
347.36000,2.1007053e-11,1.4425570e-13
347.37000,2.0903518e-11,1.4356381e-13
347.38000,2.0784228e-11,1.4310417e-13
347.39000,2.0611971e-11,1.4254898e-13
347.40000,2.0278122e-11,1.4124085e-13
347.41000,1.9595303e-11,1.3823724e-13
347.42000,1.8875468e-11,1.3490917e-13
347.43000,1.8925829e-11,1.3494864e-13
347.44000,1.9906450e-11,1.3924254e-13
347.45000,2.0845420e-11,1.4349188e-13
347.46000,2.1194259e-11,1.4509042e-13
347.47000,2.1233450e-11,1.4500472e-13
347.48000,2.1154920e-11,1.4414136e-13
347.49000,2.1052752e-11,1.4333359e-13
347.50000,2.0968125e-11,1.4291254e-13
347.51000,2.0907130e-11,1.4276598e-13
347.52000,2.0856273e-11,1.4251269e-13
347.53000,2.0865367e-11,1.4249722e-13
347.54000,2.0976475e-11,1.4310885e-13
347.55000,2.1111657e-11,1.4372584e-13
347.56000,2.1183201e-11,1.4394395e-13
347.57000,2.1143508e-11,1.4377072e-13
347.58000,2.1025522e-11,1.4326562e-13
347.59000,2.0926496e-11,1.4273579e-13
347.60000,2.0948761e-11,1.4274979e-13
347.61000,2.1040276e-11,1.4314320e-13
347.62000,2.1092818e-11,1.4328899e-13
347.63000,2.1132903e-11,1.4320375e-13
347.64000,2.1151715e-11,1.4295618e-13
347.65000,2.1116298e-11,1.4257991e-13
347.66000,2.1047843e-11,1.4215748e-13
347.67000,2.1004770e-11,1.4192399e-13
347.68000,2.0987721e-11,1.4197979e-13
347.69000,2.0990663e-11,1.4223311e-13
347.70000,2.1036328e-11,1.4255671e-13
347.71000,2.1093894e-11,1.4284196e-13
347.72000,2.1061464e-11,1.4278133e-13
347.73000,2.0981579e-11,1.4235932e-13
347.74000,2.1010760e-11,1.4208859e-13
347.75000,2.1115531e-11,1.4207522e-13
347.76000,2.1204290e-11,1.4209703e-13
347.77000,2.1277944e-11,1.4216640e-13
347.78000,2.1327736e-11,1.4222617e-13
347.79000,2.1293665e-11,1.4210940e-13
347.80000,2.1216267e-11,1.4192476e-13
347.81000,2.1186314e-11,1.4184298e-13
347.82000,2.1206685e-11,1.4188307e-13
347.83000,2.1203287e-11,1.4172300e-13
347.84000,2.1187291e-11,1.4132219e-13
347.85000,2.1180016e-11,1.4084813e-13
347.86000,2.1115295e-11,1.4031163e-13
347.87000,2.1020729e-11,1.3992718e-13
347.88000,2.1005585e-11,1.3999407e-13
347.89000,2.1057317e-11,1.4026751e-13
347.90000,2.1090584e-11,1.4028597e-13
347.91000,2.1112628e-11,1.4042074e-13
347.92000,2.1139438e-11,1.4039381e-13
347.93000,2.1146342e-11,1.4020133e-13
347.94000,2.1150516e-11,1.4023320e-13
347.95000,2.1191194e-11,1.4009961e-13
347.96000,2.1253259e-11,1.4000705e-13
347.97000,2.1279643e-11,1.4023400e-13
347.98000,2.1239942e-11,1.4003257e-13
347.99000,2.1154211e-11,1.3937153e-13
348.00000,2.1092107e-11,1.3920281e-13
348.01000,2.1109414e-11,1.3961916e-13
348.02000,2.1208063e-11,1.3977766e-13
348.03000,2.1272937e-11,1.3938025e-13
348.04000,2.1235799e-11,1.3893511e-13
348.05000,2.1151908e-11,1.3917632e-13
348.06000,2.1111505e-11,1.4037087e-13
348.07000,2.1119407e-11,1.4122156e-13
348.08000,2.1129659e-11,1.4086656e-13
348.09000,2.1123824e-11,1.4053223e-13
348.10000,2.1131101e-11,1.4078856e-13
348.11000,2.1195747e-11,1.4119795e-13
348.12000,2.1278186e-11,1.4157835e-13
348.13000,2.1334290e-11,1.4202324e-13
348.14000,2.1363419e-11,1.4236801e-13
348.15000,2.1377377e-11,1.4243233e-13
348.16000,2.1381625e-11,1.4240927e-13
348.17000,2.1358470e-11,1.4226635e-13
348.18000,2.1313921e-11,1.4192772e-13
348.19000,2.1300590e-11,1.4188445e-13
348.20000,2.1307574e-11,1.4204895e-13
348.21000,2.1302850e-11,1.4185264e-13
348.22000,2.1271477e-11,1.4154471e-13
348.23000,2.1157319e-11,1.4126432e-13
348.24000,2.1005488e-11,1.4073857e-13
348.25000,2.0919310e-11,1.4031210e-13
348.26000,2.0891320e-11,1.4057278e-13
348.27000,2.0871505e-11,1.4112124e-13
348.28000,2.0790463e-11,1.4100418e-13
348.29000,2.0439062e-11,1.3995910e-13
348.30000,1.9890200e-11,1.3826228e-13
348.31000,1.9704945e-11,1.3704932e-13
348.32000,2.0233790e-11,1.3851809e-13
348.33000,2.0854181e-11,1.4044498e-13
348.34000,2.1059617e-11,1.4069581e-13
348.35000,2.1085905e-11,1.4069014e-13
348.36000,2.1111032e-11,1.4086659e-13
348.37000,2.1133914e-11,1.4081945e-13
348.38000,2.1150881e-11,1.4112198e-13
348.39000,2.1184723e-11,1.4194545e-13
348.40000,2.1221935e-11,1.4234781e-13
348.41000,2.1225437e-11,1.4245796e-13
348.42000,2.1162867e-11,1.4233547e-13
348.43000,2.1094356e-11,1.4193696e-13
348.44000,2.1110901e-11,1.4202634e-13
348.45000,2.1177106e-11,1.4234908e-13
348.46000,2.1210769e-11,1.4276381e-13
348.47000,2.1216399e-11,1.4324322e-13
348.48000,2.1215158e-11,1.4316326e-13
348.49000,2.1208376e-11,1.4264063e-13
348.50000,2.1205832e-11,1.4212089e-13
348.51000,2.1211703e-11,1.4194998e-13
348.52000,2.1194769e-11,1.4189685e-13
348.53000,2.1168417e-11,1.4159062e-13
348.54000,2.1164396e-11,1.4133930e-13
348.55000,2.1157992e-11,1.4161651e-13
348.56000,2.1122911e-11,1.4223777e-13
348.57000,2.1075635e-11,1.4231157e-13
348.58000,2.1043172e-11,1.4140039e-13
348.59000,2.1047366e-11,1.4044106e-13
348.60000,2.1103705e-11,1.3997055e-13
348.61000,2.1184435e-11,1.3994555e-13
348.62000,2.1210514e-11,1.4003000e-13
348.63000,2.1176979e-11,1.4016720e-13
348.64000,2.1144045e-11,1.4030897e-13
348.65000,2.1112683e-11,1.4021008e-13
348.66000,2.1081961e-11,1.3979533e-13
348.67000,2.1098156e-11,1.3928284e-13
348.68000,2.1164978e-11,1.3896043e-13
348.69000,2.1233504e-11,1.3891942e-13
348.70000,2.1256461e-11,1.3899360e-13
348.71000,2.1235104e-11,1.3907375e-13
348.72000,2.1195751e-11,1.3915362e-13
348.73000,2.1161769e-11,1.3926303e-13
348.74000,2.1105098e-11,1.3926798e-13
348.75000,2.1027898e-11,1.3905850e-13
348.76000,2.0976620e-11,1.3877339e-13
348.77000,2.0969226e-11,1.3850790e-13
348.78000,2.0974225e-11,1.3828539e-13
348.79000,2.0937141e-11,1.3798726e-13
348.80000,2.0810815e-11,1.3741038e-13
348.81000,2.0649179e-11,1.3668920e-13
348.82000,2.0587088e-11,1.3632084e-13
348.83000,2.0685811e-11,1.3659890e-13
348.84000,2.0798702e-11,1.3711808e-13
348.85000,2.0794729e-11,1.3749575e-13
348.86000,2.0568982e-11,1.3715942e-13
348.87000,2.0116732e-11,1.3573044e-13
348.88000,1.9650354e-11,1.3396000e-13
348.89000,1.9714640e-11,1.3409803e-13
348.90000,2.0286405e-11,1.3610503e-13
348.91000,2.0769230e-11,1.3773139e-13
348.92000,2.0908041e-11,1.3813332e-13
348.93000,2.0920907e-11,1.3822926e-13
348.94000,2.0908488e-11,1.3841188e-13
348.95000,2.0897507e-11,1.3860877e-13
348.96000,2.0916820e-11,1.3877341e-13
348.97000,2.0954181e-11,1.3873877e-13
348.98000,2.0976485e-11,1.3852933e-13
348.99000,2.0969317e-11,1.3824688e-13
349.00000,2.0914390e-11,1.3786384e-13
349.01000,2.0870387e-11,1.3765850e-13
349.02000,2.0876723e-11,1.3779067e-13
349.03000,2.0881663e-11,1.3795093e-13
349.04000,2.0852768e-11,1.3797758e-13
349.05000,2.0801594e-11,1.3789025e-13
349.06000,2.0773795e-11,1.3774803e-13
349.07000,2.0755255e-11,1.3759037e-13
349.08000,2.0741263e-11,1.3762169e-13
349.09000,2.0784397e-11,1.3791995e-13
349.10000,2.0864161e-11,1.3823557e-13
349.11000,2.0909458e-11,1.3837189e-13
349.12000,2.0925987e-11,1.3839344e-13
349.13000,2.0993494e-11,1.3851129e-13
349.14000,2.1092981e-11,1.3869130e-13
349.15000,2.1142434e-11,1.3885551e-13
349.16000,2.1153307e-11,1.3897973e-13
349.17000,2.1134632e-11,1.3909018e-13
349.18000,2.1100015e-11,1.3906872e-13
349.19000,2.1088079e-11,1.3913675e-13
349.20000,2.1091453e-11,1.4080689e-13
349.21000,2.1090195e-11,1.4344472e-13
349.22000,2.1071956e-11,1.4358076e-13
349.23000,2.1029034e-11,1.4137362e-13
349.24000,2.0972352e-11,1.4010456e-13
349.25000,2.0896635e-11,1.3943947e-13
349.26000,2.0823250e-11,1.3839605e-13
349.27000,2.0806926e-11,1.3769998e-13
349.28000,2.0847789e-11,1.3771076e-13
349.29000,2.0861933e-11,1.3790081e-13
349.30000,2.0847990e-11,1.3814330e-13
349.31000,2.0857217e-11,1.3856611e-13
349.32000,2.0884385e-11,1.3908623e-13
349.33000,2.0848414e-11,1.3924960e-13
349.34000,2.0580345e-11,1.3818393e-13
349.35000,1.9980922e-11,1.3550782e-13
349.36000,1.9334217e-11,1.3267259e-13
349.37000,1.9416114e-11,1.3314045e-13
349.38000,2.0185415e-11,1.3679857e-13
349.39000,2.0829353e-11,1.4001935e-13
349.40000,2.1040339e-11,1.4085422e-13
349.41000,2.1070344e-11,1.4047218e-13
349.42000,2.1024734e-11,1.4030449e-13
349.43000,2.0959834e-11,1.4046814e-13
349.44000,2.0947633e-11,1.4044005e-13
349.45000,2.0959063e-11,1.4047273e-13
349.46000,2.0880141e-11,1.4034994e-13
349.47000,2.0642970e-11,1.3933683e-13
349.48000,2.0365494e-11,1.3827557e-13
349.49000,2.0352181e-11,1.3844029e-13
349.50000,2.0583381e-11,1.3949193e-13
349.51000,2.0735262e-11,1.4012044e-13
349.52000,2.0711505e-11,1.4010107e-13
349.53000,2.0597451e-11,1.3989988e-13
349.54000,2.0425639e-11,1.3946049e-13
349.55000,2.0242081e-11,1.3866034e-13
349.56000,2.0126074e-11,1.3789111e-13
349.57000,2.0063960e-11,1.3741030e-13
349.58000,1.9955441e-11,1.3684239e-13
349.59000,1.9829720e-11,1.3620989e-13
349.60000,1.9858886e-11,1.3637009e-13
349.61000,2.0204179e-11,1.3800081e-13
349.62000,2.0704082e-11,1.4015856e-13
349.63000,2.0991233e-11,1.4120070e-13
349.64000,2.1029379e-11,1.4121175e-13
349.65000,2.0944820e-11,1.4079286e-13
349.66000,2.0900403e-11,1.4042452e-13
349.67000,2.0916681e-11,1.4013711e-13
349.68000,2.0865555e-11,1.3962659e-13
349.69000,2.0703258e-11,1.3901426e-13
349.70000,2.0581690e-11,1.3873593e-13
349.71000,2.0643250e-11,1.3896487e-13
349.72000,2.0801623e-11,1.3938213e-13
349.73000,2.0881636e-11,1.3954241e-13
349.74000,2.0828495e-11,1.3926185e-13
349.75000,2.0634222e-11,1.3843581e-13
349.76000,2.0346970e-11,1.3715786e-13
349.77000,2.0174818e-11,1.3627091e-13
349.78000,2.0375848e-11,1.3685005e-13
349.79000,2.0740104e-11,1.3807770e-13
349.80000,2.0984718e-11,1.3894959e-13
349.81000,2.1069902e-11,1.3940680e-13
349.82000,2.1102509e-11,1.3961053e-13
349.83000,2.1149330e-11,1.3963580e-13
349.84000,2.1180110e-11,1.3955359e-13
349.85000,2.1153341e-11,1.3934855e-13
349.86000,2.1113710e-11,1.3909973e-13
349.87000,2.1132032e-11,1.3900499e-13
349.88000,2.1168762e-11,1.3913009e-13
349.89000,2.1176478e-11,1.3931219e-13
349.90000,2.1174130e-11,1.3933198e-13
349.91000,2.1166672e-11,1.3922022e-13
349.92000,2.1150093e-11,1.3920032e-13
349.93000,2.1147689e-11,1.3936067e-13
349.94000,2.1150330e-11,1.3939955e-13
349.95000,2.1140498e-11,1.3926582e-13
349.96000,2.1122993e-11,1.3924552e-13
349.97000,2.1087725e-11,1.3926687e-13
349.98000,2.1029125e-11,1.3910063e-13
349.99000,2.0915126e-11,1.3865968e-13
350.00000,2.0760700e-11,1.3810303e-13
350.01000,2.0718673e-11,1.3798477e-13
350.02000,2.0832832e-11,1.3833406e-13
350.03000,2.0965825e-11,1.3864679e-13
350.04000,2.1058033e-11,1.3891921e-13
350.05000,2.1117995e-11,1.3905030e-13
350.06000,2.1149041e-11,1.3891896e-13
350.07000,2.1138002e-11,1.3880097e-13
350.08000,2.1107415e-11,1.3905248e-13
350.09000,2.1109805e-11,1.3961172e-13
350.10000,2.1152511e-11,1.4044683e-13
350.11000,2.1164863e-11,1.4133609e-13
350.12000,2.1123785e-11,1.4113611e-13
350.13000,2.1076890e-11,1.3962266e-13
350.14000,2.1047734e-11,1.3849457e-13
350.15000,2.1039733e-11,1.3827354e-13
350.16000,2.1038277e-11,1.3826358e-13
350.17000,2.0968737e-11,1.3779046e-13
350.18000,2.0833122e-11,1.3696521e-13
350.19000,2.0756398e-11,1.3649305e-13
350.20000,2.0837206e-11,1.3681014e-13
350.21000,2.0973024e-11,1.3722201e-13
350.22000,2.1052817e-11,1.3714968e-13
350.23000,2.1075602e-11,1.3694360e-13
350.24000,2.1061103e-11,1.3678913e-13
350.25000,2.1045415e-11,1.3652321e-13
350.26000,2.1076468e-11,1.3639794e-13
350.27000,2.1110244e-11,1.3640583e-13
350.28000,2.1115215e-11,1.3627615e-13
350.29000,2.1094922e-11,1.3592418e-13
350.30000,2.1060013e-11,1.3557848e-13
350.31000,2.1005455e-11,1.3539397e-13
350.32000,2.0973268e-11,1.3535052e-13
350.33000,2.1010335e-11,1.3540306e-13
350.34000,2.1050815e-11,1.3545663e-13
350.35000,2.1016521e-11,1.3522698e-13
350.36000,2.0957260e-11,1.3463364e-13
350.37000,2.0954630e-11,1.3413619e-13
350.38000,2.1002347e-11,1.3395296e-13
350.39000,2.1027647e-11,1.3379452e-13
350.40000,2.1021073e-11,1.3361481e-13
350.41000,2.0988206e-11,1.3350125e-13
350.42000,2.0928575e-11,1.3334339e-13
350.43000,2.0862518e-11,1.3297956e-13
350.44000,2.0809177e-11,1.3251931e-13
350.45000,2.0752106e-11,1.3210273e-13
350.46000,2.0708909e-11,1.3176649e-13
350.47000,2.0724745e-11,1.3166274e-13
350.48000,2.0720562e-11,1.3159104e-13
350.49000,2.0587304e-11,1.3118180e-13
350.50000,2.0397337e-11,1.3060227e-13
350.51000,2.0367705e-11,1.3050430e-13
350.52000,2.0553345e-11,1.3124657e-13
350.53000,2.0733764e-11,1.3214390e-13
350.54000,2.0817684e-11,1.3256915e-13
350.55000,2.0900376e-11,1.3249272e-13
350.56000,2.0987574e-11,1.3236293e-13
350.57000,2.1051487e-11,1.3233415e-13
350.58000,2.1097012e-11,1.3249714e-13
350.59000,2.1108852e-11,1.3273668e-13
350.60000,2.1098805e-11,1.3293762e-13
350.61000,2.1107599e-11,1.3341667e-13
350.62000,2.1126420e-11,1.3394529e-13
350.63000,2.1107447e-11,1.3433967e-13
350.64000,2.1069867e-11,1.3438597e-13
350.65000,2.1070475e-11,1.3409785e-13
350.66000,2.1096524e-11,1.3446517e-13
350.67000,2.1112397e-11,1.3558210e-13
350.68000,2.1103227e-11,1.3596765e-13
350.69000,2.1049463e-11,1.3557426e-13
350.70000,2.0999586e-11,1.3567997e-13
350.71000,2.1013114e-11,1.3634458e-13
350.72000,2.1027868e-11,1.3620004e-13
350.73000,2.0983751e-11,1.3520777e-13
350.74000,2.0895393e-11,1.3449133e-13
350.75000,2.0795870e-11,1.3439770e-13
350.76000,2.0794528e-11,1.3537887e-13
350.77000,2.0931119e-11,1.3644742e-13
350.78000,2.1039607e-11,1.3626482e-13
350.79000,2.1013472e-11,1.3554645e-13
350.80000,2.0967008e-11,1.3557179e-13
350.81000,2.0995613e-11,1.3602553e-13
350.82000,2.1028551e-11,1.3605742e-13
350.83000,2.0998218e-11,1.3560274e-13
350.84000,2.0971025e-11,1.3543636e-13
350.85000,2.1007660e-11,1.3569535e-13
350.86000,2.1076819e-11,1.3572691e-13
350.87000,2.1122336e-11,1.3540043e-13
350.88000,2.1138315e-11,1.3519334e-13
350.89000,2.1132773e-11,1.3518430e-13
350.90000,2.1134167e-11,1.3564352e-13
350.91000,2.1164927e-11,1.3678741e-13
350.92000,2.1182641e-11,1.3739935e-13
350.93000,2.1168798e-11,1.3639326e-13
350.94000,2.1148677e-11,1.3562176e-13
350.95000,2.1119160e-11,1.3606085e-13
350.96000,2.1082614e-11,1.3641141e-13
350.97000,2.1039045e-11,1.3557984e-13
350.98000,2.0964395e-11,1.3435554e-13
350.99000,2.0873574e-11,1.3379817e-13
351.00000,2.0837504e-11,1.3398669e-13
351.01000,2.0838696e-11,1.3415594e-13
351.02000,2.0825255e-11,1.3363881e-13
351.03000,2.0800799e-11,1.3311209e-13
351.04000,2.0780607e-11,1.3321926e-13
351.05000,2.0789052e-11,1.3360172e-13
351.06000,2.0830761e-11,1.3368091e-13
351.07000,2.0850991e-11,1.3372742e-13
351.08000,2.0819760e-11,1.3384977e-13
351.09000,2.0738252e-11,1.3353173e-13
351.10000,2.0680796e-11,1.3321396e-13
351.11000,2.0750363e-11,1.3344634e-13
351.12000,2.0876372e-11,1.3370570e-13
351.13000,2.0896254e-11,1.3381522e-13
351.14000,2.0841256e-11,1.3396986e-13
351.15000,2.0800283e-11,1.3396198e-13
351.16000,2.0810133e-11,1.3368858e-13
351.17000,2.0811643e-11,1.3356499e-13
351.18000,2.0728359e-11,1.3369543e-13
351.19000,2.0580457e-11,1.3340758e-13
351.20000,2.0524362e-11,1.3270356e-13
351.21000,2.0653659e-11,1.3265153e-13
351.22000,2.0830142e-11,1.3324987e-13
351.23000,2.0891742e-11,1.3363568e-13
351.24000,2.0889908e-11,1.3388195e-13
351.25000,2.0899591e-11,1.3411194e-13
351.26000,2.0942034e-11,1.3435315e-13
351.27000,2.0978724e-11,1.3466334e-13
351.28000,2.1000947e-11,1.3488501e-13
351.29000,2.1013255e-11,1.3485376e-13
351.30000,2.0982001e-11,1.3454004e-13
351.31000,2.0912717e-11,1.3402713e-13
351.32000,2.0840504e-11,1.3334981e-13
351.33000,2.0790119e-11,1.3269086e-13
351.34000,2.0735516e-11,1.3226425e-13
351.35000,2.0647346e-11,1.3201726e-13
351.36000,2.0566906e-11,1.3200852e-13
351.37000,2.0531762e-11,1.3214582e-13
351.38000,2.0512440e-11,1.3211134e-13
351.39000,2.0376031e-11,1.3132623e-13
351.40000,1.9935501e-11,1.2916443e-13
351.41000,1.9386481e-11,1.2673862e-13
351.42000,1.9357821e-11,1.2662087e-13
351.43000,1.9974976e-11,1.2902621e-13
351.44000,2.0529383e-11,1.3120344e-13
351.45000,2.0684099e-11,1.3189526e-13
351.46000,2.0666830e-11,1.3189574e-13
351.47000,2.0668651e-11,1.3193112e-13
351.48000,2.0691852e-11,1.3200658e-13
351.49000,2.0741551e-11,1.3202552e-13
351.50000,2.0805434e-11,1.3207245e-13
351.51000,2.0823690e-11,1.3218333e-13
351.52000,2.0827585e-11,1.3234860e-13
351.53000,2.0864187e-11,1.3250003e-13
351.54000,2.0887794e-11,1.3259486e-13
351.55000,2.0897315e-11,1.3270144e-13
351.56000,2.0921377e-11,1.3279511e-13
351.57000,2.0933031e-11,1.3279082e-13
351.58000,2.0900438e-11,1.3273631e-13
351.59000,2.0847521e-11,1.3269373e-13
351.60000,2.0809019e-11,1.3266094e-13
351.61000,2.0814295e-11,1.3278320e-13
351.62000,2.0840380e-11,1.3291482e-13
351.63000,2.0831044e-11,1.3278684e-13
351.64000,2.0786411e-11,1.3249440e-13
351.65000,2.0771069e-11,1.3232431e-13
351.66000,2.0807378e-11,1.3238008e-13
351.67000,2.0836503e-11,1.3253325e-13
351.68000,2.0826329e-11,1.3260893e-13
351.69000,2.0795723e-11,1.3258686e-13
351.70000,2.0779148e-11,1.3260210e-13
351.71000,2.0802142e-11,1.3277401e-13
351.72000,2.0828287e-11,1.3288272e-13
351.73000,2.0831077e-11,1.3295017e-13
351.74000,2.0810888e-11,1.3311251e-13
351.75000,2.0793018e-11,1.3322897e-13
351.76000,2.0799417e-11,1.3320652e-13
351.77000,2.0818526e-11,1.3310480e-13
351.78000,2.0853107e-11,1.3309913e-13
351.79000,2.0890825e-11,1.3312149e-13
351.80000,2.0912573e-11,1.3309567e-13
351.81000,2.0926278e-11,1.3311349e-13
351.82000,2.0917357e-11,1.3309145e-13
351.83000,2.0884296e-11,1.3305784e-13
351.84000,2.0863227e-11,1.3326871e-13
351.85000,2.0852394e-11,1.3355860e-13
351.86000,2.0811981e-11,1.3377243e-13
351.87000,2.0763086e-11,1.3379840e-13
351.88000,2.0777434e-11,1.3406005e-13
351.89000,2.0837093e-11,1.3452410e-13
351.90000,2.0858369e-11,1.3448898e-13
351.91000,2.0835785e-11,1.3453353e-13
351.92000,2.0844116e-11,1.3521797e-13
351.93000,2.0900118e-11,1.3555326e-13
351.94000,2.0930540e-11,1.3507339e-13
351.95000,2.0882313e-11,1.3450058e-13
351.96000,2.0783027e-11,1.3442589e-13
351.97000,2.0700801e-11,1.3477178e-13
351.98000,2.0676373e-11,1.3543584e-13
351.99000,2.0653702e-11,1.3607902e-13
352.00000,2.0634379e-11,1.3657881e-13
352.01000,2.0669182e-11,1.3697957e-13
352.02000,2.0745063e-11,1.3717841e-13
352.03000,2.0790843e-11,1.3699552e-13
352.04000,2.0788674e-11,1.3643931e-13
352.05000,2.0791775e-11,1.3581105e-13
352.06000,2.0817747e-11,1.3551948e-13
352.07000,2.0807568e-11,1.3565926e-13
352.08000,2.0752149e-11,1.3607821e-13
352.09000,2.0704237e-11,1.3633184e-13
352.10000,2.0704329e-11,1.3597372e-13
352.11000,2.0723713e-11,1.3554640e-13
352.12000,2.0738442e-11,1.3572729e-13
352.13000,2.0770241e-11,1.3609453e-13
352.14000,2.0812358e-11,1.3625318e-13
352.15000,2.0822532e-11,1.3639188e-13
352.16000,2.0795663e-11,1.3626149e-13
352.17000,2.0753517e-11,1.3599048e-13
352.18000,2.0719928e-11,1.3573731e-13
352.19000,2.0726702e-11,1.3557328e-13
352.20000,2.0795384e-11,1.3569666e-13
352.21000,2.0863380e-11,1.3585068e-13
352.22000,2.0859309e-11,1.3575060e-13
352.23000,2.0822886e-11,1.3560940e-13
352.24000,2.0826123e-11,1.3577583e-13
352.25000,2.0890016e-11,1.3606855e-13
352.26000,2.0948925e-11,1.3609503e-13
352.27000,2.0948336e-11,1.3592595e-13
352.28000,2.0888976e-11,1.3571926e-13
352.29000,2.0823149e-11,1.3558833e-13
352.30000,2.0787361e-11,1.3551249e-13
352.31000,2.0788975e-11,1.3534832e-13
352.32000,2.0825590e-11,1.3514610e-13
352.33000,2.0876953e-11,1.3498241e-13
352.34000,2.0891768e-11,1.3475524e-13
352.35000,2.0840749e-11,1.3442148e-13
352.36000,2.0760868e-11,1.3412951e-13
352.37000,2.0726431e-11,1.3407143e-13
352.38000,2.0735408e-11,1.3414352e-13
352.39000,2.0721246e-11,1.3408304e-13
352.40000,2.0667694e-11,1.3390658e-13
352.41000,2.0599912e-11,1.3379084e-13
352.42000,2.0527559e-11,1.3369672e-13
352.43000,2.0479412e-11,1.3349314e-13
352.44000,2.0499480e-11,1.3335434e-13
352.45000,2.0570291e-11,1.3338525e-13
352.46000,2.0630334e-11,1.3344705e-13
352.47000,2.0653569e-11,1.3357620e-13
352.48000,2.0705298e-11,1.3388884e-13
352.49000,2.0797892e-11,1.3414362e-13
352.50000,2.0852982e-11,1.3412644e-13
352.51000,2.0846178e-11,1.3394033e-13
352.52000,2.0833901e-11,1.3376179e-13
352.53000,2.0848981e-11,1.3367188e-13
352.54000,2.0842561e-11,1.3341556e-13
352.55000,2.0763739e-11,1.3284802e-13
352.56000,2.0671672e-11,1.3235054e-13
352.57000,2.0606444e-11,1.3204232e-13
352.58000,2.0563955e-11,1.3178364e-13
352.59000,2.0544568e-11,1.3160422e-13
352.60000,2.0534196e-11,1.3146234e-13
352.61000,2.0518687e-11,1.3112770e-13
352.62000,2.0498866e-11,1.3070634e-13
352.63000,2.0498827e-11,1.3060301e-13
352.64000,2.0515682e-11,1.3078803e-13
352.65000,2.0526837e-11,1.3089306e-13
352.66000,2.0572846e-11,1.3091966e-13
352.67000,2.0688030e-11,1.3125133e-13
352.68000,2.0792616e-11,1.3168520e-13
352.69000,2.0825700e-11,1.3186359e-13
352.70000,2.0825659e-11,1.3185690e-13
352.71000,2.0830724e-11,1.3170927e-13
352.72000,2.0854898e-11,1.3149844e-13
352.73000,2.0872786e-11,1.3127924e-13
352.74000,2.0861781e-11,1.3107048e-13
352.75000,2.0842436e-11,1.3095133e-13
352.76000,2.0806669e-11,1.3081400e-13
352.77000,2.0782725e-11,1.3068496e-13
352.78000,2.0824055e-11,1.3107128e-13
352.79000,2.0890382e-11,1.3167372e-13
352.80000,2.0905360e-11,1.3156076e-13
352.81000,2.0879156e-11,1.3083511e-13
352.82000,2.0855485e-11,1.3028560e-13
352.83000,2.0824197e-11,1.3015340e-13
352.84000,2.0795959e-11,1.3025946e-13
352.85000,2.0777274e-11,1.3035491e-13
352.86000,2.0763971e-11,1.3033972e-13
352.87000,2.0781421e-11,1.3027233e-13
352.88000,2.0826760e-11,1.3014582e-13
352.89000,2.0884842e-11,1.2997493e-13
352.90000,2.0922410e-11,1.2972944e-13
352.91000,2.0904807e-11,1.2937539e-13
352.92000,2.0844448e-11,1.2903612e-13
352.93000,2.0782251e-11,1.2892253e-13
352.94000,2.0738878e-11,1.2885470e-13
352.95000,2.0723259e-11,1.2848409e-13
352.96000,2.0720723e-11,1.2808001e-13
352.97000,2.0724046e-11,1.2814270e-13
352.98000,2.0750792e-11,1.2843328e-13
352.99000,2.0798631e-11,1.2838022e-13
353.00000,2.0840538e-11,1.2806667e-13
353.01000,2.0812266e-11,1.2768625e-13
353.02000,2.0725827e-11,1.2729696e-13
353.03000,2.0658364e-11,1.2693386e-13
353.04000,2.0638140e-11,1.2677446e-13
353.05000,2.0655403e-11,1.2691163e-13
353.06000,2.0683732e-11,1.2705516e-13
353.07000,2.0704538e-11,1.2713645e-13
353.08000,2.0726336e-11,1.2728909e-13
353.09000,2.0719152e-11,1.2709711e-13
353.10000,2.0696382e-11,1.2653893e-13
353.11000,2.0710290e-11,1.2620348e-13
353.12000,2.0723472e-11,1.2619897e-13
353.13000,2.0700806e-11,1.2633582e-13
353.14000,2.0685289e-11,1.2656505e-13
353.15000,2.0691810e-11,1.2684424e-13
353.16000,2.0701834e-11,1.2716307e-13
353.17000,2.0718137e-11,1.2748674e-13
353.18000,2.0746609e-11,1.2773734e-13
353.19000,2.0783487e-11,1.2783201e-13
353.20000,2.0806737e-11,1.2785033e-13
353.21000,2.0789835e-11,1.2781752e-13
353.22000,2.0759558e-11,1.2781094e-13
353.23000,2.0754094e-11,1.2769038e-13
353.24000,2.0753507e-11,1.2745355e-13
353.25000,2.0720303e-11,1.2735017e-13
353.26000,2.0650377e-11,1.2726736e-13
353.27000,2.0562194e-11,1.2702955e-13
353.28000,2.0500274e-11,1.2703771e-13
353.29000,2.0529262e-11,1.2782345e-13
353.30000,2.0638455e-11,1.2937906e-13
353.31000,2.0723208e-11,1.3056591e-13
353.32000,2.0745279e-11,1.3079983e-13
353.33000,2.0732423e-11,1.3051599e-13
353.34000,2.0720841e-11,1.3025485e-13
353.35000,2.0718981e-11,1.3048813e-13
353.36000,2.0734678e-11,1.3102189e-13
353.37000,2.0776426e-11,1.3171892e-13
353.38000,2.0824652e-11,1.3227017e-13
353.39000,2.0868448e-11,1.3195887e-13
353.40000,2.0893719e-11,1.3126493e-13
353.41000,2.0863686e-11,1.3099728e-13
353.42000,2.0810595e-11,1.3084033e-13
353.43000,2.0790534e-11,1.3045726e-13
353.44000,2.0782265e-11,1.3026648e-13
353.45000,2.0759251e-11,1.3047326e-13
353.46000,2.0746339e-11,1.3043708e-13
353.47000,2.0741832e-11,1.2972284e-13
353.48000,2.0688321e-11,1.2899522e-13
353.49000,2.0595177e-11,1.2863884e-13
353.50000,2.0525839e-11,1.2884405e-13
353.51000,2.0513637e-11,1.2969786e-13
353.52000,2.0546540e-11,1.3026607e-13
353.53000,2.0572584e-11,1.2983211e-13
353.54000,2.0546811e-11,1.2893138e-13
353.55000,2.0496202e-11,1.2847090e-13
353.56000,2.0475373e-11,1.2879544e-13
353.57000,2.0510010e-11,1.2984462e-13
353.58000,2.0583738e-11,1.3084994e-13
353.59000,2.0669258e-11,1.3092053e-13
353.60000,2.0743607e-11,1.3083409e-13
353.61000,2.0787060e-11,1.3081403e-13
353.62000,2.0763247e-11,1.3029579e-13
353.63000,2.0653546e-11,1.2924808e-13
353.64000,2.0503690e-11,1.2799262e-13
353.65000,2.0442582e-11,1.2737505e-13
353.66000,2.0508142e-11,1.2812681e-13
353.67000,2.0601750e-11,1.2983136e-13
353.68000,2.0688799e-11,1.3116010e-13
353.69000,2.0763414e-11,1.3118143e-13
353.70000,2.0794256e-11,1.3049182e-13
353.71000,2.0792310e-11,1.3001326e-13
353.72000,2.0772957e-11,1.2991007e-13
353.73000,2.0740222e-11,1.3026742e-13
353.74000,2.0737039e-11,1.3085478e-13
353.75000,2.0783783e-11,1.3102792e-13
353.76000,2.0809285e-11,1.3116409e-13
353.77000,2.0796024e-11,1.3204228e-13
353.78000,2.0801710e-11,1.3330916e-13
353.79000,2.0829055e-11,1.3384993e-13
353.80000,2.0841756e-11,1.3353390e-13
353.81000,2.0818534e-11,1.3314839e-13
353.82000,2.0774224e-11,1.3278048e-13
353.83000,2.0733345e-11,1.3254964e-13
353.84000,2.0697399e-11,1.3258156e-13
353.85000,2.0666184e-11,1.3262861e-13
353.86000,2.0644839e-11,1.3268487e-13
353.87000,2.0628589e-11,1.3261856e-13
353.88000,2.0595647e-11,1.3248732e-13
353.89000,2.0545505e-11,1.3224346e-13
353.90000,2.0515433e-11,1.3202077e-13
353.91000,2.0529000e-11,1.3223408e-13
353.92000,2.0581243e-11,1.3260884e-13
353.93000,2.0630677e-11,1.3274539e-13
353.94000,2.0652119e-11,1.3265631e-13
353.95000,2.0659843e-11,1.3259881e-13
353.96000,2.0657845e-11,1.3264160e-13
353.97000,2.0639475e-11,1.3277510e-13
353.98000,2.0639542e-11,1.3303157e-13
353.99000,2.0650784e-11,1.3327214e-13
354.00000,2.0637561e-11,1.3339327e-13
354.01000,2.0603757e-11,1.3325326e-13
354.02000,2.0559086e-11,1.3289681e-13
354.03000,2.0543700e-11,1.3272696e-13
354.04000,2.0565909e-11,1.3263421e-13
354.05000,2.0555340e-11,1.3219565e-13
354.06000,2.0523501e-11,1.3169533e-13
354.07000,2.0517243e-11,1.3149540e-13
354.08000,2.0527024e-11,1.3147874e-13
354.09000,2.0537080e-11,1.3143359e-13
354.10000,2.0545095e-11,1.3137352e-13
354.11000,2.0546681e-11,1.3141013e-13
354.12000,2.0557379e-11,1.3154065e-13
354.13000,2.0584297e-11,1.3157111e-13
354.14000,2.0582974e-11,1.3135002e-13
354.15000,2.0539854e-11,1.3106664e-13
354.16000,2.0495095e-11,1.3080785e-13
354.17000,2.0486500e-11,1.3048205e-13
354.18000,2.0513935e-11,1.3030043e-13
354.19000,2.0531032e-11,1.3030566e-13
354.20000,2.0520219e-11,1.3036496e-13
354.21000,2.0520689e-11,1.3044361e-13
354.22000,2.0537619e-11,1.3050288e-13
354.23000,2.0549243e-11,1.3057094e-13
354.24000,2.0555048e-11,1.3057092e-13
354.25000,2.0569573e-11,1.3045005e-13
354.26000,2.0617014e-11,1.3036833e-13
354.27000,2.0680382e-11,1.3041829e-13
354.28000,2.0703331e-11,1.3048348e-13
354.29000,2.0678561e-11,1.3048004e-13
354.30000,2.0654971e-11,1.3046270e-13
354.31000,2.0644719e-11,1.3042874e-13
354.32000,2.0643768e-11,1.3036303e-13
354.33000,2.0639192e-11,1.3026280e-13
354.34000,2.0616438e-11,1.3014209e-13
354.35000,2.0615335e-11,1.3011299e-13
354.36000,2.0646848e-11,1.3014302e-13
354.37000,2.0677356e-11,1.3020245e-13
354.38000,2.0696526e-11,1.3034599e-13
354.39000,2.0718616e-11,1.3048562e-13
354.40000,2.0735108e-11,1.3059506e-13
354.41000,2.0743851e-11,1.3070387e-13
354.42000,2.0745123e-11,1.3071814e-13
354.43000,2.0716915e-11,1.3061251e-13
354.44000,2.0683566e-11,1.3053401e-13
354.45000,2.0669698e-11,1.3048860e-13
354.46000,2.0640366e-11,1.3032140e-13
354.47000,2.0582720e-11,1.3000219e-13
354.48000,2.0539271e-11,1.2969556e-13
354.49000,2.0526612e-11,1.2956776e-13
354.50000,2.0532899e-11,1.2962218e-13
354.51000,2.0539702e-11,1.2968693e-13
354.52000,2.0521160e-11,1.2959605e-13
354.53000,2.0532564e-11,1.2963341e-13
354.54000,2.0596584e-11,1.2990439e-13
354.55000,2.0633660e-11,1.2996187e-13
354.56000,2.0618204e-11,1.2972672e-13
354.57000,2.0592887e-11,1.2949058e-13
354.58000,2.0610776e-11,1.2953923e-13
354.59000,2.0680166e-11,1.2985158e-13
354.60000,2.0723527e-11,1.3003868e-13
354.61000,2.0706698e-11,1.3016557e-13
354.62000,2.0687049e-11,1.2999259e-13
354.63000,2.0692764e-11,1.2966427e-13
354.64000,2.0710189e-11,1.2978095e-13
354.65000,2.0718751e-11,1.2983338e-13
354.66000,2.0708241e-11,1.2925268e-13
354.67000,2.0710495e-11,1.2873890e-13
354.68000,2.0730372e-11,1.2889504e-13
354.69000,2.0708137e-11,1.2947021e-13
354.70000,2.0664309e-11,1.3006679e-13
354.71000,2.0650641e-11,1.3031261e-13
354.72000,2.0644516e-11,1.2995206e-13
354.73000,2.0628355e-11,1.2939183e-13
354.74000,2.0600237e-11,1.2906533e-13
354.75000,2.0575299e-11,1.2911509e-13
354.76000,2.0565558e-11,1.2939838e-13
354.77000,2.0554588e-11,1.2935752e-13
354.78000,2.0551762e-11,1.2874503e-13
354.79000,2.0560735e-11,1.2786124e-13
354.80000,2.0566853e-11,1.2720029e-13
354.81000,2.0554396e-11,1.2710170e-13
354.82000,2.0531019e-11,1.2750607e-13
354.83000,2.0529887e-11,1.2770833e-13
354.84000,2.0549250e-11,1.2739332e-13
354.85000,2.0550155e-11,1.2714086e-13
354.86000,2.0520985e-11,1.2713645e-13
354.87000,2.0497507e-11,1.2715510e-13
354.88000,2.0504673e-11,1.2733414e-13
354.89000,2.0531506e-11,1.2752119e-13
354.90000,2.0554184e-11,1.2757082e-13
354.91000,2.0564782e-11,1.2762692e-13
354.92000,2.0578923e-11,1.2761112e-13
354.93000,2.0605372e-11,1.2753401e-13
354.94000,2.0647104e-11,1.2750632e-13
354.95000,2.0679339e-11,1.2753897e-13
354.96000,2.0656999e-11,1.2753055e-13
354.97000,2.0611019e-11,1.2755676e-13
354.98000,2.0596760e-11,1.2792716e-13
354.99000,2.0627276e-11,1.2878364e-13
355.00000,2.0679547e-11,1.2923192e-13
355.01000,2.0713281e-11,1.2852822e-13
355.02000,2.0699593e-11,1.2771887e-13
355.03000,2.0676098e-11,1.2762683e-13
355.04000,2.0665321e-11,1.2787432e-13
355.05000,2.0649122e-11,1.2789452e-13
355.06000,2.0612843e-11,1.2773746e-13
355.07000,2.0578543e-11,1.2753716e-13
355.08000,2.0588682e-11,1.2740427e-13
355.09000,2.0632878e-11,1.2750676e-13
355.10000,2.0662967e-11,1.2772918e-13
355.11000,2.0669434e-11,1.2787351e-13
355.12000,2.0656419e-11,1.2779705e-13
355.13000,2.0628255e-11,1.2758659e-13
355.14000,2.0584736e-11,1.2739534e-13
355.15000,2.0529064e-11,1.2730890e-13
355.16000,2.0490455e-11,1.2736100e-13
355.17000,2.0495703e-11,1.2750542e-13
355.18000,2.0510042e-11,1.2763116e-13
355.19000,2.0512847e-11,1.2753662e-13
355.20000,2.0545998e-11,1.2726704e-13
355.21000,2.0602603e-11,1.2703434e-13
355.22000,2.0626604e-11,1.2688146e-13
355.23000,2.0647734e-11,1.2681762e-13
355.24000,2.0671048e-11,1.2684631e-13
355.25000,2.0665973e-11,1.2689468e-13
355.26000,2.0654053e-11,1.2689639e-13
355.27000,2.0636379e-11,1.2678879e-13
355.28000,2.0609902e-11,1.2662805e-13
355.29000,2.0604311e-11,1.2659864e-13
355.30000,2.0608873e-11,1.2663308e-13
355.31000,2.0578447e-11,1.2648867e-13
355.32000,2.0501198e-11,1.2613607e-13
355.33000,2.0435896e-11,1.2576272e-13
355.34000,2.0423863e-11,1.2549577e-13
355.35000,2.0434609e-11,1.2528303e-13
355.36000,2.0471983e-11,1.2515780e-13
355.37000,2.0538901e-11,1.2524556e-13
355.38000,2.0571772e-11,1.2535950e-13
355.39000,2.0560320e-11,1.2537796e-13
355.40000,2.0554265e-11,1.2538528e-13
355.41000,2.0556337e-11,1.2545668e-13
355.42000,2.0540205e-11,1.2548439e-13
355.43000,2.0508414e-11,1.2527444e-13
355.44000,2.0473468e-11,1.2488010e-13
355.45000,2.0440987e-11,1.2452098e-13
355.46000,2.0420377e-11,1.2430860e-13
355.47000,2.0401226e-11,1.2420338e-13
355.48000,2.0380295e-11,1.2426607e-13
355.49000,2.0383009e-11,1.2481084e-13
355.50000,2.0405020e-11,1.2536916e-13
355.51000,2.0444822e-11,1.2531183e-13
355.52000,2.0511458e-11,1.2511539e-13
355.53000,2.0562831e-11,1.2517422e-13
355.54000,2.0570809e-11,1.2511261e-13
355.55000,2.0577276e-11,1.2485678e-13
355.56000,2.0606420e-11,1.2471459e-13
355.57000,2.0639221e-11,1.2468640e-13
355.58000,2.0640639e-11,1.2460108e-13
355.59000,2.0584625e-11,1.2448421e-13
355.60000,2.0504250e-11,1.2446439e-13
355.61000,2.0424753e-11,1.2429533e-13
355.62000,2.0339191e-11,1.2383111e-13
355.63000,2.0266516e-11,1.2349717e-13
355.64000,2.0205795e-11,1.2337143e-13
355.65000,2.0168012e-11,1.2308546e-13
355.66000,2.0217080e-11,1.2296920e-13
355.67000,2.0324770e-11,1.2343570e-13
355.68000,2.0410903e-11,1.2424908e-13
355.69000,2.0452907e-11,1.2463507e-13
355.70000,2.0488113e-11,1.2453473e-13
355.71000,2.0534701e-11,1.2490895e-13
355.72000,2.0578235e-11,1.2560620e-13
355.73000,2.0594635e-11,1.2562597e-13
355.74000,2.0587802e-11,1.2519790e-13
355.75000,2.0569905e-11,1.2489842e-13
355.76000,2.0541376e-11,1.2474408e-13
355.77000,2.0526236e-11,1.2463553e-13
355.78000,2.0519733e-11,1.2462698e-13
355.79000,2.0484415e-11,1.2467131e-13
355.80000,2.0425010e-11,1.2461868e-13
355.81000,2.0371439e-11,1.2435027e-13
355.82000,2.0345015e-11,1.2408319e-13
355.83000,2.0370205e-11,1.2429760e-13
355.84000,2.0406504e-11,1.2497672e-13
355.85000,2.0406761e-11,1.2558865e-13
355.86000,2.0397443e-11,1.2555786e-13
355.87000,2.0421092e-11,1.2527778e-13
355.88000,2.0480132e-11,1.2535121e-13
355.89000,2.0533196e-11,1.2564922e-13
355.90000,2.0556429e-11,1.2605667e-13
355.91000,2.0540282e-11,1.2633053e-13
355.92000,2.0514614e-11,1.2626880e-13
355.93000,2.0511281e-11,1.2624755e-13
355.94000,2.0520191e-11,1.2661179e-13
355.95000,2.0522107e-11,1.2708831e-13
355.96000,2.0517370e-11,1.2758632e-13
355.97000,2.0526490e-11,1.2845520e-13
355.98000,2.0549830e-11,1.2981671e-13
355.99000,2.0561864e-11,1.3112410e-13
356.00000,2.0517103e-11,1.3159685e-13
356.01000,2.0438630e-11,1.3159988e-13
356.02000,2.0424370e-11,1.3154581e-13
356.03000,2.0467170e-11,1.3127921e-13
356.04000,2.0472179e-11,1.3094557e-13
356.05000,2.0446807e-11,1.3072297e-13
356.06000,2.0464876e-11,1.3091534e-13
356.07000,2.0520636e-11,1.3144080e-13
356.08000,2.0572766e-11,1.3166465e-13
356.09000,2.0604430e-11,1.3159407e-13
356.10000,2.0589603e-11,1.3161913e-13
356.11000,2.0521444e-11,1.3157770e-13
356.12000,2.0441601e-11,1.3159318e-13
356.13000,2.0409945e-11,1.3171572e-13
356.14000,2.0445156e-11,1.3192486e-13
356.15000,2.0499236e-11,1.3198793e-13
356.16000,2.0529555e-11,1.3193989e-13
356.17000,2.0555889e-11,1.3242271e-13
356.18000,2.0589746e-11,1.3306201e-13
356.19000,2.0597823e-11,1.3286868e-13
356.20000,2.0573428e-11,1.3222513e-13
356.21000,2.0550972e-11,1.3201137e-13
356.22000,2.0554312e-11,1.3219922e-13
356.23000,2.0584234e-11,1.3204831e-13
356.24000,2.0633303e-11,1.3185369e-13
356.25000,2.0665146e-11,1.3238038e-13
356.26000,2.0632826e-11,1.3356289e-13
356.27000,2.0570559e-11,1.3531629e-13
356.28000,2.0554356e-11,1.3576523e-13
356.29000,2.0572546e-11,1.3323137e-13
356.30000,2.0567304e-11,1.3074008e-13
356.31000,2.0560941e-11,1.3009084e-13
356.32000,2.0597988e-11,1.3004197e-13
356.33000,2.0646411e-11,1.2967205e-13
356.34000,2.0668042e-11,1.2905434e-13
356.35000,2.0625065e-11,1.2854849e-13
356.36000,2.0283010e-11,1.2693455e-13
356.37000,1.9435431e-11,1.2252040e-13
356.38000,1.8754014e-11,1.1886345e-13
356.39000,1.9178172e-11,1.2150972e-13
356.40000,1.9956718e-11,1.2591133e-13
356.41000,2.0315479e-11,1.2735084e-13
356.42000,2.0443760e-11,1.2741779e-13
356.43000,2.0512950e-11,1.2767308e-13
356.44000,2.0529315e-11,1.2822831e-13
356.45000,2.0451302e-11,1.2856157e-13
356.46000,2.0264048e-11,1.2838155e-13
356.47000,2.0107565e-11,1.2821767e-13
356.48000,2.0149086e-11,1.2845405e-13
356.49000,2.0271392e-11,1.2838329e-13
356.50000,2.0299987e-11,1.2784722e-13
356.51000,2.0270204e-11,1.2748399e-13
356.52000,2.0269801e-11,1.2762141e-13
356.53000,2.0287834e-11,1.2782202e-13
356.54000,2.0251848e-11,1.2736455e-13
356.55000,2.0168933e-11,1.2662398e-13
356.56000,2.0151023e-11,1.2633074e-13
356.57000,2.0191218e-11,1.2612297e-13
356.58000,2.0181341e-11,1.2563337e-13
356.59000,2.0150402e-11,1.2563181e-13
356.60000,2.0119037e-11,1.2599907e-13
356.61000,2.0027978e-11,1.2576712e-13
356.62000,1.9909861e-11,1.2518838e-13
356.63000,1.9871559e-11,1.2478244e-13
356.64000,1.9970206e-11,1.2457867e-13
356.65000,2.0135982e-11,1.2456920e-13
356.66000,2.0270496e-11,1.2444694e-13
356.67000,2.0370323e-11,1.2434203e-13
356.68000,2.0426936e-11,1.2430131e-13
356.69000,2.0415106e-11,1.2413271e-13
356.70000,2.0376792e-11,1.2376870e-13
356.71000,2.0363634e-11,1.2337596e-13
356.72000,2.0358744e-11,1.2301735e-13
356.73000,2.0325733e-11,1.2270953e-13
356.74000,2.0283503e-11,1.2277840e-13
356.75000,2.0287642e-11,1.2368707e-13
356.76000,2.0353288e-11,1.2507770e-13
356.77000,2.0430840e-11,1.2507671e-13
356.78000,2.0443679e-11,1.2346838e-13
356.79000,2.0391030e-11,1.2200440e-13
356.80000,2.0348317e-11,1.2112533e-13
356.81000,2.0350747e-11,1.2069173e-13
356.82000,2.0356199e-11,1.2054419e-13
356.83000,2.0343929e-11,1.2037468e-13
356.84000,2.0345353e-11,1.2012990e-13
356.85000,2.0367988e-11,1.1993044e-13
356.86000,2.0381693e-11,1.1974431e-13
356.87000,2.0356799e-11,1.1951307e-13
356.88000,2.0302354e-11,1.1937844e-13
356.89000,2.0272364e-11,1.1949344e-13
356.90000,2.0261054e-11,1.1969090e-13
356.91000,2.0228582e-11,1.1968860e-13
356.92000,2.0208131e-11,1.1955377e-13
356.93000,2.0223854e-11,1.1938397e-13
356.94000,2.0212631e-11,1.1914281e-13
356.95000,2.0127673e-11,1.1881602e-13
356.96000,2.0026164e-11,1.1848255e-13
356.97000,1.9957089e-11,1.1828556e-13
356.98000,1.9918070e-11,1.1826283e-13
356.99000,1.9903421e-11,1.1838491e-13
357.00000,1.9887783e-11,1.1863292e-13
357.01000,1.9831246e-11,1.1879257e-13
357.02000,1.9747729e-11,1.1873643e-13
357.03000,1.9764144e-11,1.1880838e-13
357.04000,1.9940354e-11,1.1930716e-13
357.05000,2.0164452e-11,1.2003240e-13
357.06000,2.0321046e-11,1.2071052e-13
357.07000,2.0376831e-11,1.2109178e-13
357.08000,2.0373493e-11,1.2114264e-13
357.09000,2.0355139e-11,1.2118383e-13
357.10000,2.0307646e-11,1.2125319e-13
357.11000,2.0243126e-11,1.2127467e-13
357.12000,2.0199595e-11,1.2128262e-13
357.13000,2.0180935e-11,1.2124944e-13
357.14000,2.0183469e-11,1.2118217e-13
357.15000,2.0200868e-11,1.2125473e-13
357.16000,2.0198661e-11,1.2143566e-13
357.17000,2.0168879e-11,1.2161166e-13
357.18000,2.0143863e-11,1.2183167e-13
357.19000,2.0123968e-11,1.2194932e-13
357.20000,2.0100069e-11,1.2196008e-13
357.21000,2.0089716e-11,1.2204772e-13
357.22000,2.0115926e-11,1.2217853e-13
357.23000,2.0172189e-11,1.2231352e-13
357.24000,2.0214585e-11,1.2247870e-13
357.25000,2.0217134e-11,1.2255028e-13
357.26000,2.0203530e-11,1.2253547e-13
357.27000,2.0210989e-11,1.2265408e-13
357.28000,2.0229506e-11,1.2281630e-13
357.29000,2.0231348e-11,1.2280052e-13
357.30000,2.0217144e-11,1.2265404e-13
357.31000,2.0212466e-11,1.2253697e-13
357.32000,2.0220732e-11,1.2246644e-13
357.33000,2.0202293e-11,1.2234105e-13
357.34000,2.0174532e-11,1.2218580e-13
357.35000,2.0185610e-11,1.2210552e-13
357.36000,2.0225520e-11,1.2211676e-13
357.37000,2.0251518e-11,1.2231753e-13
357.38000,2.0241811e-11,1.2232328e-13
357.39000,2.0232900e-11,1.2229835e-13
357.40000,2.0264395e-11,1.2259595e-13
357.41000,2.0304638e-11,1.2256955e-13
357.42000,2.0312659e-11,1.2225896e-13
357.43000,2.0304151e-11,1.2240429e-13
357.44000,2.0296517e-11,1.2277765e-13
357.45000,2.0294790e-11,1.2262916e-13
357.46000,2.0319917e-11,1.2200839e-13
357.47000,2.0360893e-11,1.2146166e-13
357.48000,2.0373857e-11,1.2115554e-13
357.49000,2.0348625e-11,1.2107211e-13
357.50000,2.0310128e-11,1.2106452e-13
357.51000,2.0285737e-11,1.2100052e-13
357.52000,2.0288173e-11,1.2088812e-13
357.53000,2.0281811e-11,1.2072566e-13
357.54000,2.0259799e-11,1.2074021e-13
357.55000,2.0285363e-11,1.2127704e-13
357.56000,2.0351438e-11,1.2220329e-13
357.57000,2.0385273e-11,1.2283553e-13
357.58000,2.0369179e-11,1.2269779e-13
357.59000,2.0325227e-11,1.2222384e-13
357.60000,2.0271491e-11,1.2216839e-13
357.61000,2.0207288e-11,1.2243602e-13
357.62000,2.0129116e-11,1.2235000e-13
357.63000,2.0059024e-11,1.2206585e-13
357.64000,2.0015221e-11,1.2208089e-13
357.65000,1.9994588e-11,1.2217425e-13
357.66000,1.9964859e-11,1.2214869e-13
357.67000,1.9852797e-11,1.2176691e-13
357.68000,1.9579373e-11,1.2080760e-13
357.69000,1.9277028e-11,1.1983943e-13
357.70000,1.9331079e-11,1.2015892e-13
357.71000,1.9766368e-11,1.2181041e-13
357.72000,2.0156700e-11,1.2321297e-13
357.73000,2.0305639e-11,1.2372302e-13
357.74000,2.0327646e-11,1.2381056e-13
357.75000,2.0324475e-11,1.2386431e-13
357.76000,2.0304532e-11,1.2392612e-13
357.77000,2.0280584e-11,1.2403174e-13
357.78000,2.0279826e-11,1.2423530e-13
357.79000,2.0290538e-11,1.2433068e-13
357.80000,2.0258514e-11,1.2418167e-13
357.81000,2.0182594e-11,1.2388562e-13
357.82000,2.0120695e-11,1.2350374e-13
357.83000,2.0100043e-11,1.2318080e-13
357.84000,2.0113828e-11,1.2321780e-13
357.85000,2.0149655e-11,1.2354735e-13
357.86000,2.0205613e-11,1.2385552e-13
357.87000,2.0256841e-11,1.2409297e-13
357.88000,2.0286757e-11,1.2430996e-13
357.89000,2.0304644e-11,1.2438195e-13
357.90000,2.0301171e-11,1.2437351e-13
357.91000,2.0278495e-11,1.2428047e-13
357.92000,2.0236951e-11,1.2389218e-13
357.93000,2.0201917e-11,1.2348331e-13
357.94000,2.0216177e-11,1.2343040e-13
357.95000,2.0260175e-11,1.2363223e-13
357.96000,2.0298538e-11,1.2391931e-13
357.97000,2.0317267e-11,1.2418592e-13
357.98000,2.0323500e-11,1.2430590e-13
357.99000,2.0336925e-11,1.2433635e-13
358.00000,2.0338491e-11,1.2433964e-13
358.01000,2.0307228e-11,1.2443110e-13
358.02000,2.0280436e-11,1.2477237e-13
358.03000,2.0258198e-11,1.2495948e-13
358.04000,2.0191621e-11,1.2454178e-13
358.05000,2.0088058e-11,1.2381889e-13
358.06000,1.9981966e-11,1.2318429e-13
358.07000,1.9899107e-11,1.2282928e-13
358.08000,1.9850924e-11,1.2307858e-13
358.09000,1.9842866e-11,1.2401700e-13
358.10000,1.9850653e-11,1.2464286e-13
358.11000,1.9831609e-11,1.2427715e-13
358.12000,1.9754273e-11,1.2382814e-13
358.13000,1.9654371e-11,1.2384455e-13
358.14000,1.9673383e-11,1.2413277e-13
358.15000,1.9867967e-11,1.2446396e-13
358.16000,2.0052969e-11,1.2458216e-13
358.17000,2.0130480e-11,1.2458100e-13
358.18000,2.0173923e-11,1.2478887e-13
358.19000,2.0223576e-11,1.2514559e-13
358.20000,2.0248140e-11,1.2546429e-13
358.21000,2.0240682e-11,1.2574151e-13
358.22000,2.0232801e-11,1.2597771e-13
358.23000,2.0246846e-11,1.2600954e-13
358.24000,2.0258526e-11,1.2578573e-13
358.25000,2.0250500e-11,1.2556501e-13
358.26000,2.0238622e-11,1.2545165e-13
358.27000,2.0231130e-11,1.2538485e-13
358.28000,2.0238770e-11,1.2537184e-13
358.29000,2.0263801e-11,1.2544198e-13
358.30000,2.0261353e-11,1.2553081e-13
358.31000,2.0213767e-11,1.2588319e-13
358.32000,2.0185646e-11,1.2689469e-13
358.33000,2.0208713e-11,1.2800047e-13
358.34000,2.0236891e-11,1.2816704e-13
358.35000,2.0235975e-11,1.2779611e-13
358.36000,2.0235629e-11,1.2747265e-13
358.37000,2.0247920e-11,1.2702941e-13
358.38000,2.0253058e-11,1.2665461e-13
358.39000,2.0242610e-11,1.2649556e-13
358.40000,2.0204341e-11,1.2618915e-13
358.41000,2.0133852e-11,1.2565271e-13
358.42000,2.0039966e-11,1.2528500e-13
358.43000,1.9978468e-11,1.2538508e-13
358.44000,1.9968188e-11,1.2572868e-13
358.45000,1.9961672e-11,1.2605988e-13
358.46000,1.9915398e-11,1.2621617e-13
358.47000,1.9832940e-11,1.2574361e-13
358.48000,1.9756091e-11,1.2476936e-13
358.49000,1.9707954e-11,1.2413117e-13
358.50000,1.9704385e-11,1.2415254e-13
358.51000,1.9688294e-11,1.2400005e-13
358.52000,1.9554803e-11,1.2314188e-13
358.53000,1.9272843e-11,1.2193636e-13
358.54000,1.8900102e-11,1.2059447e-13
358.55000,1.8689880e-11,1.1977082e-13
358.56000,1.8834301e-11,1.2007013e-13
358.57000,1.9174736e-11,1.2109333e-13
358.58000,1.9565460e-11,1.2238687e-13
358.59000,1.9894126e-11,1.2352146e-13
358.60000,2.0095892e-11,1.2428429e-13
358.61000,2.0167194e-11,1.2452489e-13
358.62000,2.0133350e-11,1.2428482e-13
358.63000,2.0061081e-11,1.2367175e-13
358.64000,2.0017772e-11,1.2326176e-13
358.65000,1.9956251e-11,1.2330223e-13
358.66000,1.9825756e-11,1.2326959e-13
358.67000,1.9684704e-11,1.2269717e-13
358.68000,1.9649906e-11,1.2204468e-13
358.69000,1.9758313e-11,1.2246668e-13
358.70000,1.9873635e-11,1.2369729e-13
358.71000,1.9877122e-11,1.2442730e-13
358.72000,1.9822410e-11,1.2448981e-13
358.73000,1.9835765e-11,1.2468324e-13
358.74000,1.9925845e-11,1.2496364e-13
358.75000,1.9978195e-11,1.2464902e-13
358.76000,1.9961427e-11,1.2389465e-13
358.77000,1.9965247e-11,1.2348698e-13
358.78000,2.0014871e-11,1.2316847e-13
358.79000,2.0050021e-11,1.2262339e-13
358.80000,2.0082218e-11,1.2218094e-13
358.81000,2.0122095e-11,1.2182161e-13
358.82000,2.0146145e-11,1.2167844e-13
358.83000,2.0153879e-11,1.2170398e-13
358.84000,2.0153072e-11,1.2135803e-13
358.85000,2.0154807e-11,1.2086833e-13
358.86000,2.0159487e-11,1.2090397e-13
358.87000,2.0152083e-11,1.2146639e-13
358.88000,2.0143130e-11,1.2171374e-13
358.89000,2.0143995e-11,1.2154974e-13
358.90000,2.0132999e-11,1.2151956e-13
358.91000,2.0103867e-11,1.2146337e-13
358.92000,2.0060315e-11,1.2090961e-13
358.93000,2.0002902e-11,1.2020614e-13
358.94000,1.9964170e-11,1.1975209e-13
358.95000,1.9953526e-11,1.1972443e-13
358.96000,1.9942704e-11,1.1988473e-13
358.97000,1.9958126e-11,1.1961598e-13
358.98000,2.0042312e-11,1.1941043e-13
358.99000,2.0126586e-11,1.1960646e-13
359.00000,2.0157102e-11,1.2047411e-13
359.01000,2.0166022e-11,1.2361865e-13
359.02000,2.0172769e-11,1.2703106e-13
359.03000,2.0188980e-11,1.2584159e-13
359.04000,2.0217110e-11,1.2238462e-13
359.05000,2.0220150e-11,1.2115638e-13
359.06000,2.0201862e-11,1.2175545e-13
359.07000,2.0203701e-11,1.2214276e-13
359.08000,2.0221225e-11,1.2152111e-13
359.09000,2.0241945e-11,1.2088190e-13
359.10000,2.0260571e-11,1.2106557e-13
359.11000,2.0246430e-11,1.2141427e-13
359.12000,2.0192743e-11,1.2143476e-13
359.13000,2.0155568e-11,1.2124981e-13
359.14000,2.0151164e-11,1.2131102e-13
359.15000,2.0139413e-11,1.2169499e-13
359.16000,2.0122857e-11,1.2182147e-13
359.17000,2.0111343e-11,1.2173779e-13
359.18000,2.0095064e-11,1.2182443e-13
359.19000,2.0080862e-11,1.2215842e-13
359.20000,2.0099669e-11,1.2275883e-13
359.21000,2.0148842e-11,1.2334563e-13
359.22000,2.0198586e-11,1.2414444e-13
359.23000,2.0251413e-11,1.2512740e-13
359.24000,2.0286833e-11,1.2516835e-13
359.25000,2.0279488e-11,1.2400792e-13
359.26000,2.0235423e-11,1.2240086e-13
359.27000,2.0156743e-11,1.2090589e-13
359.28000,2.0061469e-11,1.2020877e-13
359.29000,1.9997254e-11,1.2060744e-13
359.30000,1.9977962e-11,1.2158402e-13
359.31000,1.9972322e-11,1.2253739e-13
359.32000,1.9968018e-11,1.2280715e-13
359.33000,1.9980846e-11,1.2204687e-13
359.34000,2.0018585e-11,1.2095820e-13
359.35000,2.0056701e-11,1.2024578e-13
359.36000,2.0062049e-11,1.1999613e-13
359.37000,2.0047734e-11,1.1986282e-13
359.38000,2.0051183e-11,1.1987545e-13
359.39000,2.0068177e-11,1.2020025e-13
359.40000,2.0055517e-11,1.2034752e-13
359.41000,2.0025042e-11,1.2012331e-13
359.42000,2.0011082e-11,1.1988737e-13
359.43000,2.0012436e-11,1.1961852e-13
359.44000,2.0025384e-11,1.1915003e-13
359.45000,2.0045187e-11,1.1854326e-13
359.46000,2.0035945e-11,1.1819773e-13
359.47000,2.0004052e-11,1.1825341e-13
359.48000,2.0016214e-11,1.1812651e-13
359.49000,2.0082181e-11,1.1787667e-13
359.50000,2.0141985e-11,1.1796135e-13
359.51000,2.0149090e-11,1.1816468e-13
359.52000,2.0105247e-11,1.1797635e-13
359.53000,2.0044497e-11,1.1732281e-13
359.54000,1.9999709e-11,1.1673520e-13
359.55000,1.9960623e-11,1.1638356e-13
359.56000,1.9920031e-11,1.1613038e-13
359.57000,1.9906538e-11,1.1585242e-13
359.58000,1.9924198e-11,1.1569124e-13
359.59000,1.9963353e-11,1.1585007e-13
359.60000,2.0016450e-11,1.1608465e-13
359.61000,2.0018183e-11,1.1605951e-13
359.62000,1.9960923e-11,1.1611411e-13
359.63000,1.9939255e-11,1.1651372e-13
359.64000,1.9965147e-11,1.1673912e-13
359.65000,1.9986018e-11,1.1656806e-13
359.66000,1.9984951e-11,1.1647964e-13
359.67000,1.9968498e-11,1.1656997e-13
359.68000,1.9978388e-11,1.1675161e-13
359.69000,2.0036588e-11,1.1727105e-13
359.70000,2.0082471e-11,1.1763951e-13
359.71000,2.0068298e-11,1.1734093e-13
359.72000,2.0032304e-11,1.1696747e-13
359.73000,1.9987671e-11,1.1700151e-13
359.74000,1.9921928e-11,1.1724022e-13
359.75000,1.9862462e-11,1.1741958e-13
359.76000,1.9847556e-11,1.1756212e-13
359.77000,1.9889012e-11,1.1766961e-13
359.78000,1.9946252e-11,1.1762135e-13
359.79000,1.9993621e-11,1.1749388e-13
359.80000,2.0039929e-11,1.1749477e-13
359.81000,2.0088053e-11,1.1768044e-13
359.82000,2.0103564e-11,1.1797309e-13
359.83000,2.0076995e-11,1.1822452e-13
359.84000,2.0031736e-11,1.1831258e-13
359.85000,1.9992483e-11,1.1835256e-13
359.86000,1.9994826e-11,1.1851020e-13
359.87000,2.0023576e-11,1.1865002e-13
359.88000,2.0025748e-11,1.1864214e-13
359.89000,2.0017102e-11,1.1863229e-13
359.90000,2.0017125e-11,1.1869054e-13
359.91000,2.0007828e-11,1.1881289e-13
359.92000,1.9989339e-11,1.1910516e-13
359.93000,1.9975650e-11,1.1930325e-13
359.94000,1.9977160e-11,1.1920628e-13
359.95000,1.9985660e-11,1.1917092e-13
359.96000,1.9992504e-11,1.1926226e-13
359.97000,2.0003749e-11,1.1928480e-13
359.98000,2.0019510e-11,1.1926942e-13
359.99000,2.0032750e-11,1.1930876e-13
360.00000,2.0026936e-11,1.1929602e-13
360.01000,1.9998955e-11,1.1920681e-13
360.02000,1.9964194e-11,1.1916607e-13
360.03000,1.9923606e-11,1.1916661e-13
360.04000,1.9890424e-11,1.1917315e-13
360.05000,1.9879612e-11,1.1916601e-13
360.06000,1.9888622e-11,1.1917043e-13
360.07000,1.9916654e-11,1.1924532e-13
360.08000,1.9959169e-11,1.1941073e-13
360.09000,2.0008519e-11,1.1971652e-13
360.10000,2.0038870e-11,1.2003823e-13
360.11000,2.0029943e-11,1.2027881e-13
360.12000,1.9982567e-11,1.2040824e-13
360.13000,1.9928450e-11,1.2029365e-13
360.14000,1.9909560e-11,1.2002108e-13
360.15000,1.9917171e-11,1.1983788e-13
360.16000,1.9915931e-11,1.1978758e-13
360.17000,1.9907564e-11,1.1976355e-13
360.18000,1.9918868e-11,1.1997173e-13
360.19000,1.9942962e-11,1.2026168e-13
360.20000,1.9963508e-11,1.2054227e-13
360.21000,1.9983772e-11,1.2101894e-13
360.22000,2.0012136e-11,1.2124859e-13
360.23000,2.0044149e-11,1.2123445e-13
360.24000,2.0058185e-11,1.2169479e-13
360.25000,2.0049818e-11,1.2244729e-13
360.26000,2.0037879e-11,1.2262442e-13
360.27000,1.9999972e-11,1.2202951e-13
360.28000,1.9926116e-11,1.2127998e-13
360.29000,1.9865383e-11,1.2085674e-13
360.30000,1.9842732e-11,1.2085281e-13
360.31000,1.9835527e-11,1.2115672e-13
360.32000,1.9785231e-11,1.2127297e-13
360.33000,1.9691576e-11,1.2089960e-13
360.34000,1.9629136e-11,1.2044161e-13
360.35000,1.9634685e-11,1.2027328e-13
360.36000,1.9625282e-11,1.2030043e-13
360.37000,1.9515491e-11,1.2044682e-13
360.38000,1.9384085e-11,1.2073130e-13
360.39000,1.9371789e-11,1.2105279e-13
360.40000,1.9527431e-11,1.2137860e-13
360.41000,1.9743405e-11,1.2189006e-13
360.42000,1.9900970e-11,1.2261639e-13
360.43000,2.0000696e-11,1.2315110e-13
360.44000,2.0068928e-11,1.2329256e-13
360.45000,2.0099156e-11,1.2339686e-13
360.46000,2.0083126e-11,1.2337545e-13
360.47000,2.0014501e-11,1.2307185e-13
360.48000,1.9906424e-11,1.2276676e-13
360.49000,1.9820283e-11,1.2261078e-13
360.50000,1.9782533e-11,1.2260898e-13
360.51000,1.9782139e-11,1.2263562e-13
360.52000,1.9803387e-11,1.2258261e-13
360.53000,1.9832264e-11,1.2249633e-13
360.54000,1.9884613e-11,1.2257961e-13
360.55000,1.9951776e-11,1.2278982e-13
360.56000,1.9986346e-11,1.2285204e-13
360.57000,1.9979089e-11,1.2272682e-13
360.58000,1.9977644e-11,1.2256568e-13
360.59000,1.9981536e-11,1.2242175e-13
360.60000,1.9944522e-11,1.2224818e-13
360.61000,1.9878227e-11,1.2205555e-13
360.62000,1.9847082e-11,1.2197056e-13
360.63000,1.9858206e-11,1.2188918e-13
360.64000,1.9874943e-11,1.2169592e-13
360.65000,1.9904834e-11,1.2153352e-13
360.66000,1.9945626e-11,1.2145522e-13
360.67000,1.9962288e-11,1.2144072e-13
360.68000,1.9933756e-11,1.2133628e-13
360.69000,1.9911512e-11,1.2114876e-13
360.70000,1.9953447e-11,1.2115243e-13
360.71000,2.0016786e-11,1.2140829e-13
360.72000,2.0052875e-11,1.2161306e-13
360.73000,2.0054827e-11,1.2148923e-13
360.74000,2.0038302e-11,1.2125431e-13
360.75000,2.0040643e-11,1.2101810e-13
360.76000,2.0063910e-11,1.2082453e-13
360.77000,2.0083388e-11,1.2085464e-13
360.78000,2.0075807e-11,1.2081946e-13
360.79000,2.0024118e-11,1.2048299e-13
360.80000,1.9950307e-11,1.2005911e-13
360.81000,1.9901051e-11,1.1959492e-13
360.82000,1.9859256e-11,1.1914260e-13
360.83000,1.9779728e-11,1.1874184e-13
360.84000,1.9693640e-11,1.1834059e-13
360.85000,1.9660704e-11,1.1799652e-13
360.86000,1.9679280e-11,1.1778652e-13
360.87000,1.9661897e-11,1.1761978e-13
360.88000,1.9549507e-11,1.1740889e-13
360.89000,1.9402305e-11,1.1712341e-13
360.90000,1.9357535e-11,1.1682925e-13
360.91000,1.9516262e-11,1.1688425e-13
360.92000,1.9788731e-11,1.1749472e-13
360.93000,1.9984056e-11,1.1837153e-13
360.94000,2.0056499e-11,1.1893504e-13
360.95000,2.0021692e-11,1.1880174e-13
360.96000,1.9926658e-11,1.1807069e-13
360.97000,1.9844856e-11,1.1723863e-13
360.98000,1.9801251e-11,1.1693010e-13
360.99000,1.9746973e-11,1.1709895e-13
361.00000,1.9677322e-11,1.1710321e-13
361.01000,1.9643446e-11,1.1668154e-13
361.02000,1.9636611e-11,1.1613409e-13
361.03000,1.9639070e-11,1.1568151e-13
361.04000,1.9659980e-11,1.1549888e-13
361.05000,1.9695554e-11,1.1557633e-13
361.06000,1.9737334e-11,1.1591206e-13
361.07000,1.9781922e-11,1.1646413e-13
361.08000,1.9815317e-11,1.1663663e-13
361.09000,1.9823447e-11,1.1633880e-13
361.10000,1.9826312e-11,1.1619336e-13
361.11000,1.9833207e-11,1.1633483e-13
361.12000,1.9838142e-11,1.1662547e-13
361.13000,1.9859054e-11,1.1724028e-13
361.14000,1.9888179e-11,1.1874100e-13
361.15000,1.9876649e-11,1.2094120e-13
361.16000,1.9826646e-11,1.2196787e-13
361.17000,1.9802784e-11,1.2102338e-13
361.18000,1.9842435e-11,1.1971796e-13
361.19000,1.9911977e-11,1.1880488e-13
361.20000,1.9949335e-11,1.1763825e-13
361.21000,1.9930045e-11,1.1648446e-13
361.22000,1.9880164e-11,1.1601568e-13
361.23000,1.9855083e-11,1.1607416e-13
361.24000,1.9837452e-11,1.1645460e-13
361.25000,1.9767559e-11,1.1639798e-13
361.26000,1.9664178e-11,1.1558963e-13
361.27000,1.9598891e-11,1.1490661e-13
361.28000,1.9595633e-11,1.1487363e-13
361.29000,1.9626799e-11,1.1559035e-13
361.30000,1.9667774e-11,1.1629167e-13
361.31000,1.9676175e-11,1.1598725e-13
361.32000,1.9587765e-11,1.1510094e-13
361.33000,1.9464712e-11,1.1468105e-13
361.34000,1.9464269e-11,1.1521191e-13
361.35000,1.9589856e-11,1.1594884e-13
361.36000,1.9703959e-11,1.1590949e-13
361.37000,1.9745019e-11,1.1580581e-13
361.38000,1.9756477e-11,1.1662689e-13
361.39000,1.9762564e-11,1.1718478e-13
361.40000,1.9745905e-11,1.1632810e-13
361.41000,1.9717978e-11,1.1518206e-13
361.42000,1.9702161e-11,1.1454620e-13
361.43000,1.9697099e-11,1.1428609e-13
361.44000,1.9708944e-11,1.1492967e-13
361.45000,1.9740329e-11,1.1665336e-13
361.46000,1.9763180e-11,1.1836625e-13
361.47000,1.9747983e-11,1.1902044e-13
361.48000,1.9680834e-11,1.1832164e-13
361.49000,1.9540350e-11,1.1673569e-13
361.50000,1.9382179e-11,1.1549497e-13
361.51000,1.9366453e-11,1.1594532e-13
361.52000,1.9536195e-11,1.1737162e-13
361.53000,1.9725019e-11,1.1779391e-13
361.54000,1.9791507e-11,1.1731947e-13
361.55000,1.9780785e-11,1.1676446e-13
361.56000,1.9795893e-11,1.1618730e-13
361.57000,1.9817095e-11,1.1597920e-13
361.58000,1.9811277e-11,1.1617760e-13
361.59000,1.9854093e-11,1.1643875e-13
361.60000,1.9940888e-11,1.1689694e-13
361.61000,1.9956542e-11,1.1685927e-13
361.62000,1.9891253e-11,1.1596563e-13
361.63000,1.9842333e-11,1.1552864e-13
361.64000,1.9846355e-11,1.1589031e-13
361.65000,1.9861099e-11,1.1606517e-13
361.66000,1.9861099e-11,1.1594595e-13
361.67000,1.9852444e-11,1.1591423e-13
361.68000,1.9829687e-11,1.1592443e-13
361.69000,1.9793924e-11,1.1611021e-13
361.70000,1.9789189e-11,1.1648993e-13
361.71000,1.9839707e-11,1.1674417e-13
361.72000,1.9887187e-11,1.1659922e-13
361.73000,1.9882737e-11,1.1630796e-13
361.74000,1.9850548e-11,1.1611722e-13
361.75000,1.9849605e-11,1.1640076e-13
361.76000,1.9885492e-11,1.1720301e-13
361.77000,1.9896166e-11,1.1779947e-13
361.78000,1.9863222e-11,1.1815345e-13
361.79000,1.9840958e-11,1.2067868e-13
361.80000,1.9846159e-11,1.2561922e-13
361.81000,1.9829246e-11,1.2599705e-13
361.82000,1.9785720e-11,1.2088895e-13
361.83000,1.9747237e-11,1.1750616e-13
361.84000,1.9692695e-11,1.1680518e-13
361.85000,1.9637604e-11,1.1657164e-13
361.86000,1.9615771e-11,1.1661152e-13
361.87000,1.9561522e-11,1.1669081e-13
361.88000,1.9452811e-11,1.1647533e-13
361.89000,1.9377359e-11,1.1626204e-13
361.90000,1.9417191e-11,1.1605490e-13
361.91000,1.9559989e-11,1.1564926e-13
361.92000,1.9696583e-11,1.1537911e-13
361.93000,1.9746236e-11,1.1579010e-13
361.94000,1.9736298e-11,1.1673828e-13
361.95000,1.9742391e-11,1.1730394e-13
361.96000,1.9786787e-11,1.1727033e-13
361.97000,1.9839493e-11,1.1662956e-13
361.98000,1.9879361e-11,1.1592609e-13
361.99000,1.9907333e-11,1.1601468e-13
362.00000,1.9924100e-11,1.1695462e-13
362.01000,1.9938018e-11,1.1795084e-13
362.02000,1.9946636e-11,1.1837477e-13
362.03000,1.9946342e-11,1.1837457e-13
362.04000,1.9935639e-11,1.1863803e-13
362.05000,1.9905423e-11,1.1903854e-13
362.06000,1.9864654e-11,1.1864296e-13
362.07000,1.9817829e-11,1.1812278e-13
362.08000,1.9750541e-11,1.1824326e-13
362.09000,1.9685108e-11,1.1822926e-13
362.10000,1.9652665e-11,1.1751566e-13
362.11000,1.9587907e-11,1.1623260e-13
362.12000,1.9388440e-11,1.1459024e-13
362.13000,1.9096910e-11,1.1296109e-13
362.14000,1.8892347e-11,1.1173371e-13
362.15000,1.8972413e-11,1.1156618e-13
362.16000,1.9311768e-11,1.1299693e-13
362.17000,1.9606045e-11,1.1491427e-13
362.18000,1.9714786e-11,1.1579836e-13
362.19000,1.9734520e-11,1.1556051e-13
362.20000,1.9741041e-11,1.1495754e-13
362.21000,1.9732615e-11,1.1473085e-13
362.22000,1.9716100e-11,1.1493443e-13
362.23000,1.9720269e-11,1.1499585e-13
362.24000,1.9734039e-11,1.1490280e-13
362.25000,1.9746120e-11,1.1468308e-13
362.26000,1.9756891e-11,1.1408950e-13
362.27000,1.9763639e-11,1.1359154e-13
362.28000,1.9774648e-11,1.1366544e-13
362.29000,1.9790333e-11,1.1397771e-13
362.30000,1.9791328e-11,1.1411641e-13
362.31000,1.9772412e-11,1.1409867e-13
362.32000,1.9753492e-11,1.1393448e-13
362.33000,1.9725355e-11,1.1350835e-13
362.34000,1.9683137e-11,1.1297644e-13
362.35000,1.9674241e-11,1.1274873e-13
362.36000,1.9706094e-11,1.1279767e-13
362.37000,1.9740431e-11,1.1282568e-13
362.38000,1.9752960e-11,1.1280820e-13
362.39000,1.9738552e-11,1.1267724e-13
362.40000,1.9730098e-11,1.1260836e-13
362.41000,1.9726228e-11,1.1278295e-13
362.42000,1.9672300e-11,1.1297662e-13
362.43000,1.9583337e-11,1.1307701e-13
362.44000,1.9519501e-11,1.1320271e-13
362.45000,1.9456804e-11,1.1318444e-13
362.46000,1.9403983e-11,1.1298894e-13
362.47000,1.9431104e-11,1.1289218e-13
362.48000,1.9464622e-11,1.1273140e-13
362.49000,1.9380526e-11,1.1221329e-13
362.50000,1.9247647e-11,1.1173636e-13
362.51000,1.9257371e-11,1.1183543e-13
362.52000,1.9449306e-11,1.1250684e-13
362.53000,1.9648768e-11,1.1329081e-13
362.54000,1.9734778e-11,1.1367110e-13
362.55000,1.9747302e-11,1.1350541e-13
362.56000,1.9735417e-11,1.1315862e-13
362.57000,1.9716368e-11,1.1304508e-13
362.58000,1.9721755e-11,1.1326370e-13
362.59000,1.9751449e-11,1.1358306e-13
362.60000,1.9772371e-11,1.1370253e-13
362.61000,1.9775813e-11,1.1357989e-13
362.62000,1.9774033e-11,1.1344014e-13
362.63000,1.9771874e-11,1.1340414e-13
362.64000,1.9762430e-11,1.1336871e-13
362.65000,1.9740427e-11,1.1327022e-13
362.66000,1.9715248e-11,1.1318771e-13
362.67000,1.9704328e-11,1.1316206e-13
362.68000,1.9719007e-11,1.1321324e-13
362.69000,1.9750567e-11,1.1341095e-13
362.70000,1.9776183e-11,1.1351561e-13
362.71000,1.9774439e-11,1.1338876e-13
362.72000,1.9758744e-11,1.1339666e-13
362.73000,1.9742958e-11,1.1355131e-13
362.74000,1.9724118e-11,1.1363720e-13
362.75000,1.9709648e-11,1.1376745e-13
362.76000,1.9706912e-11,1.1388654e-13
362.77000,1.9712442e-11,1.1378309e-13
362.78000,1.9712860e-11,1.1352202e-13
362.79000,1.9707768e-11,1.1331859e-13
362.80000,1.9689141e-11,1.1325771e-13
362.81000,1.9668378e-11,1.1329604e-13
362.82000,1.9676583e-11,1.1334384e-13
362.83000,1.9689807e-11,1.1329152e-13
362.84000,1.9689269e-11,1.1321073e-13
362.85000,1.9713399e-11,1.1325449e-13
362.86000,1.9747120e-11,1.1337284e-13
362.87000,1.9766360e-11,1.1355163e-13
362.88000,1.9784656e-11,1.1384941e-13
362.89000,1.9809751e-11,1.1423901e-13
362.90000,1.9831004e-11,1.1467263e-13
362.91000,1.9817273e-11,1.1503216e-13
362.92000,1.9783320e-11,1.1516751e-13
362.93000,1.9768009e-11,1.1510993e-13
362.94000,1.9756614e-11,1.1499048e-13
362.95000,1.9754608e-11,1.1489633e-13
362.96000,1.9784615e-11,1.1491490e-13
362.97000,1.9817286e-11,1.1493477e-13
362.98000,1.9828803e-11,1.1489212e-13
362.99000,1.9829432e-11,1.1495335e-13
363.00000,1.9801612e-11,1.1502911e-13
363.01000,1.9758639e-11,1.1498830e-13
363.02000,1.9747070e-11,1.1491961e-13
363.03000,1.9747588e-11,1.1490932e-13
363.04000,1.9742037e-11,1.1491266e-13
363.05000,1.9722795e-11,1.1475768e-13
363.06000,1.9661840e-11,1.1471716e-13
363.07000,1.9581342e-11,1.1471819e-13
363.08000,1.9524869e-11,1.1446929e-13
363.09000,1.9481147e-11,1.1433576e-13
363.10000,1.9433148e-11,1.1450610e-13
363.11000,1.9395738e-11,1.1443206e-13
363.12000,1.9371029e-11,1.1388142e-13
363.13000,1.9321990e-11,1.1323614e-13
363.14000,1.9205001e-11,1.1272179e-13
363.15000,1.8983198e-11,1.1220229e-13
363.16000,1.8744690e-11,1.1170159e-13
363.17000,1.8742550e-11,1.1176073e-13
363.18000,1.8989416e-11,1.1250357e-13
363.19000,1.9269535e-11,1.1340156e-13
363.20000,1.9482865e-11,1.1397159e-13
363.21000,1.9607267e-11,1.1416859e-13
363.22000,1.9642823e-11,1.1436292e-13
363.23000,1.9607444e-11,1.1474039e-13
363.24000,1.9533094e-11,1.1499777e-13
363.25000,1.9485048e-11,1.1486449e-13
363.26000,1.9530814e-11,1.1454701e-13
363.27000,1.9610895e-11,1.1442274e-13
363.28000,1.9647304e-11,1.1474051e-13
363.29000,1.9670725e-11,1.1524329e-13
363.30000,1.9708023e-11,1.1556304e-13
363.31000,1.9745106e-11,1.1589296e-13
363.32000,1.9775635e-11,1.1626877e-13
363.33000,1.9790226e-11,1.1619207e-13
363.34000,1.9777007e-11,1.1550606e-13
363.35000,1.9758749e-11,1.1480190e-13
363.36000,1.9743715e-11,1.1446471e-13
363.37000,1.9732136e-11,1.1434102e-13
363.38000,1.9738615e-11,1.1420515e-13
363.39000,1.9749709e-11,1.1395858e-13
363.40000,1.9739549e-11,1.1376392e-13
363.41000,1.9714405e-11,1.1364229e-13
363.42000,1.9699417e-11,1.1353836e-13
363.43000,1.9700980e-11,1.1362390e-13
363.44000,1.9718580e-11,1.1394598e-13
363.45000,1.9741571e-11,1.1417343e-13
363.46000,1.9739779e-11,1.1403109e-13
363.47000,1.9705914e-11,1.1366822e-13
363.48000,1.9674481e-11,1.1332390e-13
363.49000,1.9668571e-11,1.1307784e-13
363.50000,1.9676117e-11,1.1297317e-13
363.51000,1.9689230e-11,1.1311668e-13
363.52000,1.9688235e-11,1.1342408e-13
363.53000,1.9668611e-11,1.1349886e-13
363.54000,1.9666538e-11,1.1331607e-13
363.55000,1.9687346e-11,1.1324401e-13
363.56000,1.9704634e-11,1.1334144e-13
363.57000,1.9711671e-11,1.1337014e-13
363.58000,1.9713655e-11,1.1324173e-13
363.59000,1.9711168e-11,1.1314272e-13
363.60000,1.9703325e-11,1.1324993e-13
363.61000,1.9706492e-11,1.1379725e-13
363.62000,1.9726719e-11,1.1457084e-13
363.63000,1.9740068e-11,1.1452453e-13
363.64000,1.9736797e-11,1.1384630e-13
363.65000,1.9726269e-11,1.1362697e-13
363.66000,1.9714333e-11,1.1375844e-13
363.67000,1.9705453e-11,1.1368464e-13
363.68000,1.9705842e-11,1.1351229e-13
363.69000,1.9699767e-11,1.1346740e-13
363.70000,1.9681334e-11,1.1352146e-13
363.71000,1.9691490e-11,1.1372804e-13
363.72000,1.9715079e-11,1.1398234e-13
363.73000,1.9706201e-11,1.1396115e-13
363.74000,1.9694941e-11,1.1376371e-13
363.75000,1.9703178e-11,1.1355308e-13
363.76000,1.9708054e-11,1.1347599e-13
363.77000,1.9705754e-11,1.1378048e-13
363.78000,1.9695587e-11,1.1400212e-13
363.79000,1.9676805e-11,1.1363845e-13
363.80000,1.9659210e-11,1.1321010e-13
363.81000,1.9652308e-11,1.1323795e-13
363.82000,1.9668464e-11,1.1381298e-13
363.83000,1.9696977e-11,1.1450220e-13
363.84000,1.9709658e-11,1.1443708e-13
363.85000,1.9708510e-11,1.1367172e-13
363.86000,1.9699548e-11,1.1312144e-13
363.87000,1.9693737e-11,1.1335775e-13
363.88000,1.9698096e-11,1.1389518e-13
363.89000,1.9706846e-11,1.1389205e-13
363.90000,1.9709720e-11,1.1362526e-13
363.91000,1.9705116e-11,1.1374348e-13
363.92000,1.9709320e-11,1.1403914e-13
363.93000,1.9726366e-11,1.1396276e-13
363.94000,1.9738388e-11,1.1352021e-13
363.95000,1.9734038e-11,1.1319798e-13
363.96000,1.9719952e-11,1.1308072e-13
363.97000,1.9682525e-11,1.1313270e-13
363.98000,1.9640874e-11,1.1336760e-13
363.99000,1.9634750e-11,1.1364445e-13
364.00000,1.9633856e-11,1.1366410e-13
364.01000,1.9601917e-11,1.1329077e-13
364.02000,1.9582889e-11,1.1289673e-13
364.03000,1.9625887e-11,1.1256917e-13
364.04000,1.9685516e-11,1.1218469e-13
364.05000,1.9699421e-11,1.1192814e-13
364.06000,1.9649604e-11,1.1172970e-13
364.07000,1.9558572e-11,1.1205544e-13
364.08000,1.9487573e-11,1.1296588e-13
364.09000,1.9451663e-11,1.1302255e-13
364.10000,1.9426062e-11,1.1208633e-13
364.11000,1.9406492e-11,1.1131990e-13
364.12000,1.9404490e-11,1.1118496e-13
364.13000,1.9426602e-11,1.1172733e-13
364.14000,1.9449618e-11,1.1258425e-13
364.15000,1.9456137e-11,1.1366550e-13
364.16000,1.9472036e-11,1.1507720e-13
364.17000,1.9518211e-11,1.1560568e-13
364.18000,1.9567865e-11,1.1480613e-13
364.19000,1.9611738e-11,1.1362492e-13
364.20000,1.9658658e-11,1.1281356e-13
364.21000,1.9686406e-11,1.1244459e-13
364.22000,1.9660404e-11,1.1197671e-13
364.23000,1.9587962e-11,1.1167306e-13
364.24000,1.9541720e-11,1.1271189e-13
364.25000,1.9547254e-11,1.1521937e-13
364.26000,1.9543152e-11,1.1673161e-13
364.27000,1.9506080e-11,1.1613481e-13
364.28000,1.9491192e-11,1.1557512e-13
364.29000,1.9521274e-11,1.1535166e-13
364.30000,1.9563626e-11,1.1451367e-13
364.31000,1.9598665e-11,1.1381189e-13
364.32000,1.9630139e-11,1.1363682e-13
364.33000,1.9639346e-11,1.1362006e-13
364.34000,1.9611363e-11,1.1339413e-13
364.35000,1.9604673e-11,1.1332608e-13
364.36000,1.9630345e-11,1.1377080e-13
364.37000,1.9635206e-11,1.1425619e-13
364.38000,1.9632574e-11,1.1454363e-13
364.39000,1.9641868e-11,1.1447489e-13
364.40000,1.9659152e-11,1.1415511e-13
364.41000,1.9685291e-11,1.1404394e-13
364.42000,1.9698060e-11,1.1427687e-13
364.43000,1.9685180e-11,1.1417591e-13
364.44000,1.9662510e-11,1.1404996e-13
364.45000,1.9636018e-11,1.1424796e-13
364.46000,1.9601644e-11,1.1434568e-13
364.47000,1.9576200e-11,1.1409724e-13
364.48000,1.9560286e-11,1.1346531e-13
364.49000,1.9545657e-11,1.1369220e-13
364.50000,1.9547617e-11,1.1495063e-13
364.51000,1.9554962e-11,1.1511342e-13
364.52000,1.9564960e-11,1.1391366e-13
364.53000,1.9604204e-11,1.1311135e-13
364.54000,1.9648513e-11,1.1341246e-13
364.55000,1.9655090e-11,1.1466786e-13
364.56000,1.9636597e-11,1.1573677e-13
364.57000,1.9613094e-11,1.1549576e-13
364.58000,1.9598020e-11,1.1464141e-13
364.59000,1.9611103e-11,1.1439765e-13
364.60000,1.9640511e-11,1.1503714e-13
364.61000,1.9657361e-11,1.1618970e-13
364.62000,1.9654879e-11,1.1834289e-13
364.63000,1.9631267e-11,1.2070463e-13
364.64000,1.9608838e-11,1.1976443e-13
364.65000,1.9635509e-11,1.1664886e-13
364.66000,1.9687439e-11,1.1512838e-13
364.67000,1.9707756e-11,1.1467445e-13
364.68000,1.9692283e-11,1.1371310e-13
364.69000,1.9671427e-11,1.1275271e-13
364.70000,1.9657950e-11,1.1284454e-13
364.71000,1.9621934e-11,1.1370687e-13
364.72000,1.9539409e-11,1.1453439e-13
364.73000,1.9441393e-11,1.1452694e-13
364.74000,1.9375410e-11,1.1356896e-13
364.75000,1.9343818e-11,1.1293306e-13
364.76000,1.9346897e-11,1.1304825e-13
364.77000,1.9391679e-11,1.1321524e-13
364.78000,1.9454379e-11,1.1333605e-13
364.79000,1.9475451e-11,1.1351442e-13
364.80000,1.9450520e-11,1.1362497e-13
364.81000,1.9466707e-11,1.1388667e-13
364.82000,1.9543307e-11,1.1393314e-13
364.83000,1.9603289e-11,1.1352693e-13
364.84000,1.9618876e-11,1.1282692e-13
364.85000,1.9627859e-11,1.1237445e-13
364.86000,1.9639335e-11,1.1267147e-13
364.87000,1.9632883e-11,1.1305693e-13
364.88000,1.9627176e-11,1.1345572e-13
364.89000,1.9636625e-11,1.1424201e-13
364.90000,1.9622085e-11,1.1489453e-13
364.91000,1.9576682e-11,1.1444348e-13
364.92000,1.9551510e-11,1.1295411e-13
364.93000,1.9556689e-11,1.1170973e-13
364.94000,1.9553359e-11,1.1131497e-13
364.95000,1.9533593e-11,1.1167731e-13
364.96000,1.9510955e-11,1.1241993e-13
364.97000,1.9490145e-11,1.1323763e-13
364.98000,1.9476819e-11,1.1353228e-13
364.99000,1.9456500e-11,1.1289252e-13
365.00000,1.9435962e-11,1.1230517e-13
365.01000,1.9421356e-11,1.1233326e-13
365.02000,1.9391072e-11,1.1298587e-13
365.03000,1.9348371e-11,1.1395057e-13
365.04000,1.9313013e-11,1.1415179e-13
365.05000,1.9278652e-11,1.1306415e-13
365.06000,1.9280528e-11,1.1194728e-13
365.07000,1.9348803e-11,1.1195238e-13
365.08000,1.9407934e-11,1.1231354e-13
365.09000,1.9409092e-11,1.1220593e-13
365.10000,1.9382171e-11,1.1161256e-13
365.11000,1.9354334e-11,1.1095323e-13
365.12000,1.9344894e-11,1.1090328e-13
365.13000,1.9364739e-11,1.1128564e-13
365.14000,1.9390777e-11,1.1123294e-13
365.15000,1.9386859e-11,1.1082929e-13
365.16000,1.9365398e-11,1.1087158e-13
365.17000,1.9387091e-11,1.1113166e-13
365.18000,1.9446231e-11,1.1103689e-13
365.19000,1.9470516e-11,1.1082608e-13
365.20000,1.9467023e-11,1.1083868e-13
365.21000,1.9462720e-11,1.1109718e-13
365.22000,1.9434394e-11,1.1147659e-13
365.23000,1.9418158e-11,1.1158089e-13
365.24000,1.9449096e-11,1.1131665e-13
365.25000,1.9486254e-11,1.1091144e-13
365.26000,1.9479528e-11,1.1061757e-13
365.27000,1.9445780e-11,1.1047521e-13
365.28000,1.9415091e-11,1.1022423e-13
365.29000,1.9381229e-11,1.0987924e-13
365.30000,1.9344394e-11,1.0969332e-13
365.31000,1.9321556e-11,1.0970425e-13
365.32000,1.9312673e-11,1.0976595e-13
365.33000,1.9321669e-11,1.1002707e-13
365.34000,1.9358096e-11,1.1029180e-13
365.35000,1.9397356e-11,1.1002321e-13
365.36000,1.9403753e-11,1.0949812e-13
365.37000,1.9386535e-11,1.0930146e-13
365.38000,1.9380956e-11,1.0943061e-13
365.39000,1.9377202e-11,1.0949646e-13
365.40000,1.9370109e-11,1.0941849e-13
365.41000,1.9364007e-11,1.0941714e-13
365.42000,1.9358761e-11,1.0952272e-13
365.43000,1.9366620e-11,1.0963971e-13
365.44000,1.9380269e-11,1.0960462e-13
365.45000,1.9379283e-11,1.0932450e-13
365.46000,1.9366162e-11,1.0902017e-13
365.47000,1.9359177e-11,1.0890972e-13
365.48000,1.9372339e-11,1.0899047e-13
365.49000,1.9396198e-11,1.0909222e-13
365.50000,1.9392799e-11,1.0912326e-13
365.51000,1.9340283e-11,1.0904178e-13
365.52000,1.9287457e-11,1.0890098e-13
365.53000,1.9276557e-11,1.0888978e-13
365.54000,1.9279792e-11,1.0907823e-13
365.55000,1.9284257e-11,1.0934526e-13
365.56000,1.9303449e-11,1.0940677e-13
365.57000,1.9334564e-11,1.0915986e-13
365.58000,1.9362382e-11,1.0883587e-13
365.59000,1.9375831e-11,1.0866477e-13
365.60000,1.9371024e-11,1.0869003e-13
365.61000,1.9357541e-11,1.0884367e-13
365.62000,1.9351367e-11,1.0903145e-13
365.63000,1.9347802e-11,1.0928496e-13
365.64000,1.9343199e-11,1.0969821e-13
365.65000,1.9349251e-11,1.0998305e-13
365.66000,1.9356531e-11,1.0985685e-13
365.67000,1.9360705e-11,1.0965228e-13
365.68000,1.9362759e-11,1.0965431e-13
365.69000,1.9361890e-11,1.0975413e-13
365.70000,1.9381407e-11,1.0994638e-13
365.71000,1.9429376e-11,1.1030096e-13
365.72000,1.9455411e-11,1.1060556e-13
365.73000,1.9420573e-11,1.1066269e-13
365.74000,1.9359033e-11,1.1058753e-13
365.75000,1.9332705e-11,1.1057608e-13
365.76000,1.9351129e-11,1.1062830e-13
365.77000,1.9364996e-11,1.1062464e-13
365.78000,1.9357847e-11,1.1055143e-13
365.79000,1.9368212e-11,1.1057157e-13
365.80000,1.9402210e-11,1.1073135e-13
365.81000,1.9418347e-11,1.1089054e-13
365.82000,1.9403664e-11,1.1102717e-13
365.83000,1.9375045e-11,1.1119160e-13
365.84000,1.9374980e-11,1.1141826e-13
365.85000,1.9407860e-11,1.1158309e-13
365.86000,1.9421206e-11,1.1153105e-13
365.87000,1.9419975e-11,1.1140225e-13
365.88000,1.9444537e-11,1.1137282e-13
365.89000,1.9465359e-11,1.1137988e-13
365.90000,1.9445824e-11,1.1133096e-13
365.91000,1.9401906e-11,1.1124912e-13
365.92000,1.9338078e-11,1.1119158e-13
365.93000,1.9265865e-11,1.1113549e-13
365.94000,1.9218433e-11,1.1104121e-13
365.95000,1.9207293e-11,1.1089758e-13
365.96000,1.9226095e-11,1.1068174e-13
365.97000,1.9272613e-11,1.1077530e-13
365.98000,1.9318930e-11,1.1103914e-13
365.99000,1.9327610e-11,1.1086085e-13
366.00000,1.9318406e-11,1.1051070e-13
366.01000,1.9331782e-11,1.1068196e-13
366.02000,1.9358922e-11,1.1126589e-13
366.03000,1.9392173e-11,1.1157868e-13
366.04000,1.9435495e-11,1.1127722e-13
366.05000,1.9456467e-11,1.1066291e-13
366.06000,1.9435198e-11,1.1009571e-13
366.07000,1.9406609e-11,1.0974377e-13
366.08000,1.9379989e-11,1.0959338e-13
366.09000,1.9357146e-11,1.0964357e-13
366.10000,1.9359648e-11,1.0999766e-13
366.11000,1.9369726e-11,1.1044711e-13
366.12000,1.9353094e-11,1.1069829e-13
366.13000,1.9330938e-11,1.1063286e-13
366.14000,1.9334548e-11,1.1026403e-13
366.15000,1.9346170e-11,1.0998063e-13
366.16000,1.9332299e-11,1.1004579e-13
366.17000,1.9285426e-11,1.1013902e-13
366.18000,1.9233457e-11,1.0992491e-13
366.19000,1.9196846e-11,1.0962161e-13
366.20000,1.9178942e-11,1.0962550e-13
366.21000,1.9190213e-11,1.0984594e-13
366.22000,1.9221662e-11,1.0997018e-13
366.23000,1.9234815e-11,1.0995497e-13
366.24000,1.9241428e-11,1.1000923e-13
366.25000,1.9293716e-11,1.1029149e-13
366.26000,1.9352919e-11,1.1048680e-13
366.27000,1.9362060e-11,1.1025094e-13
366.28000,1.9341371e-11,1.0981082e-13
366.29000,1.9318501e-11,1.0951282e-13
366.30000,1.9299396e-11,1.0935869e-13
366.31000,1.9300459e-11,1.0930659e-13
366.32000,1.9310908e-11,1.0934407e-13
366.33000,1.9310544e-11,1.0943659e-13
366.34000,1.9323189e-11,1.0968338e-13
366.35000,1.9355401e-11,1.0993151e-13
366.36000,1.9387413e-11,1.0997233e-13
366.37000,1.9392069e-11,1.0993292e-13
366.38000,1.9344169e-11,1.1002224e-13
366.39000,1.9293638e-11,1.1031302e-13
366.40000,1.9292860e-11,1.1054887e-13
366.41000,1.9303595e-11,1.1051108e-13
366.42000,1.9294191e-11,1.1035288e-13
366.43000,1.9284287e-11,1.1037669e-13
366.44000,1.9279761e-11,1.1053897e-13
366.45000,1.9271957e-11,1.1043148e-13
366.46000,1.9265117e-11,1.1016337e-13
366.47000,1.9271013e-11,1.1021853e-13
366.48000,1.9282853e-11,1.1069450e-13
366.49000,1.9281000e-11,1.1103935e-13
366.50000,1.9266657e-11,1.1088482e-13
366.51000,1.9269921e-11,1.1077514e-13
366.52000,1.9312718e-11,1.1113609e-13
366.53000,1.9357292e-11,1.1142494e-13
366.54000,1.9363078e-11,1.1132480e-13
366.55000,1.9370635e-11,1.1141440e-13
366.56000,1.9395823e-11,1.1180655e-13
366.57000,1.9384101e-11,1.1140321e-13
366.58000,1.9341468e-11,1.1039882e-13
366.59000,1.9333604e-11,1.1017575e-13
366.60000,1.9357562e-11,1.1078304e-13
366.61000,1.9364909e-11,1.1119647e-13
366.62000,1.9348663e-11,1.1091122e-13
366.63000,1.9330182e-11,1.1026995e-13
366.64000,1.9334649e-11,1.0979755e-13
366.65000,1.9351954e-11,1.0968063e-13
366.66000,1.9339286e-11,1.0975910e-13
366.67000,1.9311398e-11,1.0997603e-13
366.68000,1.9306164e-11,1.1026371e-13
366.69000,1.9314243e-11,1.1068391e-13
366.70000,1.9319048e-11,1.1088378e-13
366.71000,1.9342091e-11,1.1086444e-13
366.72000,1.9368070e-11,1.1110581e-13
366.73000,1.9339565e-11,1.1132552e-13
366.74000,1.9269355e-11,1.1077741e-13
366.75000,1.9233223e-11,1.0989897e-13
366.76000,1.9243520e-11,1.0955932e-13
366.77000,1.9257162e-11,1.0931428e-13
366.78000,1.9262917e-11,1.0871454e-13
366.79000,1.9259538e-11,1.0826443e-13
366.80000,1.9251426e-11,1.0829574e-13
366.81000,1.9266097e-11,1.0863072e-13
366.82000,1.9321204e-11,1.0892153e-13
366.83000,1.9388748e-11,1.0916500e-13
366.84000,1.9408570e-11,1.0954322e-13
366.85000,1.9359201e-11,1.1016743e-13
366.86000,1.9294870e-11,1.1097317e-13
366.87000,1.9263461e-11,1.1076622e-13
366.88000,1.9259755e-11,1.0985219e-13
366.89000,1.9248965e-11,1.1007622e-13
366.90000,1.9220609e-11,1.1072571e-13
366.91000,1.9193897e-11,1.1003938e-13
366.92000,1.9174408e-11,1.0874520e-13
366.93000,1.9168745e-11,1.0819874e-13
366.94000,1.9190968e-11,1.0838999e-13
366.95000,1.9210878e-11,1.0894817e-13
366.96000,1.9215841e-11,1.0975610e-13
366.97000,1.9213627e-11,1.1007152e-13
366.98000,1.9205499e-11,1.0938155e-13
366.99000,1.9210802e-11,1.0857947e-13
367.00000,1.9231149e-11,1.0851024e-13
367.01000,1.9237248e-11,1.0882791e-13
367.02000,1.9227876e-11,1.0892974e-13
367.03000,1.9234185e-11,1.0857742e-13
367.04000,1.9265246e-11,1.0796252e-13
367.05000,1.9309857e-11,1.0750102e-13
367.06000,1.9340148e-11,1.0778812e-13
367.07000,1.9321569e-11,1.0906236e-13
367.08000,1.9282599e-11,1.1016941e-13
367.09000,1.9249706e-11,1.1002272e-13
367.10000,1.9218201e-11,1.0980942e-13
367.11000,1.9214482e-11,1.1030786e-13
367.12000,1.9255479e-11,1.1080327e-13
367.13000,1.9300328e-11,1.1105174e-13
367.14000,1.9311870e-11,1.1121646e-13
367.15000,1.9295724e-11,1.1128006e-13
367.16000,1.9269420e-11,1.1135786e-13
367.17000,1.9250973e-11,1.1108075e-13
367.18000,1.9261147e-11,1.1012955e-13
367.19000,1.9289320e-11,1.0950167e-13
367.20000,1.9293294e-11,1.0990056e-13
367.21000,1.9255474e-11,1.1261527e-13
367.22000,1.9213167e-11,1.1788075e-13
367.23000,1.9228906e-11,1.2077741e-13
367.24000,1.9288267e-11,1.1844404e-13
367.25000,1.9325429e-11,1.1460705e-13
367.26000,1.9315748e-11,1.1183992e-13
367.27000,1.9291091e-11,1.1014063e-13
367.28000,1.9280839e-11,1.0972359e-13
367.29000,1.9280474e-11,1.1003665e-13
367.30000,1.9290371e-11,1.1001817e-13
367.31000,1.9302677e-11,1.0985104e-13
367.32000,1.9278416e-11,1.0972758e-13
367.33000,1.9230179e-11,1.0955341e-13
367.34000,1.9207245e-11,1.0970525e-13
367.35000,1.9201753e-11,1.1012339e-13
367.36000,1.9182882e-11,1.1050234e-13
367.37000,1.9170595e-11,1.1062506e-13
367.38000,1.9173404e-11,1.1095605e-13
367.39000,1.9170244e-11,1.1149781e-13
367.40000,1.9169714e-11,1.1138355e-13
367.41000,1.9185146e-11,1.1099965e-13
367.42000,1.9190486e-11,1.1111298e-13
367.43000,1.9179839e-11,1.1103019e-13
367.44000,1.9192743e-11,1.1032732e-13
367.45000,1.9234945e-11,1.1019702e-13
367.46000,1.9264676e-11,1.1076148e-13
367.47000,1.9243688e-11,1.1099381e-13
367.48000,1.9190329e-11,1.1162717e-13
367.49000,1.9159402e-11,1.1470734e-13
367.50000,1.9161414e-11,1.1957352e-13
367.51000,1.9171962e-11,1.2034201e-13
367.52000,1.9192466e-11,1.1588131e-13
367.53000,1.9228725e-11,1.1282812e-13
367.54000,1.9269912e-11,1.1243856e-13
367.55000,1.9293997e-11,1.1196093e-13
367.56000,1.9286823e-11,1.1105085e-13
367.57000,1.9255021e-11,1.1022439e-13
367.58000,1.9224193e-11,1.0909821e-13
367.59000,1.9225757e-11,1.0834941e-13
367.60000,1.9239784e-11,1.0878855e-13
367.61000,1.9209217e-11,1.0959377e-13
367.62000,1.9166237e-11,1.0978409e-13
367.63000,1.9174774e-11,1.0989232e-13
367.64000,1.9207549e-11,1.1016223e-13
367.65000,1.9214428e-11,1.0985487e-13
367.66000,1.9197795e-11,1.0903348e-13
367.67000,1.9170220e-11,1.0862622e-13
367.68000,1.9129037e-11,1.0867587e-13
367.69000,1.9095047e-11,1.0892220e-13
367.70000,1.9078546e-11,1.0929009e-13
367.71000,1.9047337e-11,1.0935453e-13
367.72000,1.8977098e-11,1.0928985e-13
367.73000,1.8879689e-11,1.0948927e-13
367.74000,1.8794725e-11,1.0967828e-13
367.75000,1.8767321e-11,1.0956427e-13
367.76000,1.8762068e-11,1.0979933e-13
367.77000,1.8680827e-11,1.1011714e-13
367.78000,1.8508257e-11,1.0907610e-13
367.79000,1.8389273e-11,1.0748167e-13
367.80000,1.8455133e-11,1.0739112e-13
367.81000,1.8689198e-11,1.0880713e-13
367.82000,1.8962218e-11,1.0993939e-13
367.83000,1.9154027e-11,1.0982441e-13
367.84000,1.9234867e-11,1.0941686e-13
367.85000,1.9220217e-11,1.0953866e-13
367.86000,1.9151171e-11,1.0959318e-13
367.87000,1.9099015e-11,1.0917685e-13
367.88000,1.9066485e-11,1.0846946e-13
367.89000,1.9056738e-11,1.0754272e-13
367.90000,1.9059051e-11,1.0643598e-13
367.91000,1.9046964e-11,1.0556912e-13
367.92000,1.9007733e-11,1.0528356e-13
367.93000,1.8942950e-11,1.0544484e-13
367.94000,1.8906410e-11,1.0573283e-13
367.95000,1.8906812e-11,1.0630595e-13
367.96000,1.8895331e-11,1.0693812e-13
367.97000,1.8894301e-11,1.0707077e-13
367.98000,1.8926191e-11,1.0713790e-13
367.99000,1.8977257e-11,1.0752194e-13
368.00000,1.9031781e-11,1.0816987e-13
368.01000,1.9060813e-11,1.0872210e-13
368.02000,1.9057349e-11,1.0827393e-13
368.03000,1.9040818e-11,1.0706164e-13
368.04000,1.9031493e-11,1.0622868e-13
368.05000,1.9040375e-11,1.0604108e-13
368.06000,1.9078479e-11,1.0612574e-13
368.07000,1.9118862e-11,1.0597162e-13
368.08000,1.9112311e-11,1.0571699e-13
368.09000,1.9080600e-11,1.0581718e-13
368.10000,1.9076448e-11,1.0624036e-13
368.11000,1.9081616e-11,1.0629968e-13
368.12000,1.9080059e-11,1.0589881e-13
368.13000,1.9096919e-11,1.0557830e-13
368.14000,1.9118540e-11,1.0523056e-13
368.15000,1.9113870e-11,1.0478299e-13
368.16000,1.9090602e-11,1.0457095e-13
368.17000,1.9056959e-11,1.0430302e-13
368.18000,1.9013499e-11,1.0393588e-13
368.19000,1.8967825e-11,1.0362007e-13
368.20000,1.8918140e-11,1.0331914e-13
368.21000,1.8872354e-11,1.0308832e-13
368.22000,1.8843491e-11,1.0301980e-13
368.23000,1.8841096e-11,1.0291710e-13
368.24000,1.8860365e-11,1.0260867e-13
368.25000,1.8876885e-11,1.0235425e-13
368.26000,1.8868653e-11,1.0226905e-13
368.27000,1.8829312e-11,1.0247249e-13
368.28000,1.8791124e-11,1.0283985e-13
368.29000,1.8784833e-11,1.0290517e-13
368.30000,1.8806842e-11,1.0266409e-13
368.31000,1.8840822e-11,1.0241511e-13
368.32000,1.8882539e-11,1.0228256e-13
368.33000,1.8938237e-11,1.0242846e-13
368.34000,1.8999923e-11,1.0275157e-13
368.35000,1.9046210e-11,1.0287528e-13
368.36000,1.9059540e-11,1.0286496e-13
368.37000,1.9043568e-11,1.0303135e-13
368.38000,1.9019425e-11,1.0338657e-13
368.39000,1.9011457e-11,1.0369849e-13
368.40000,1.9032090e-11,1.0387914e-13
368.41000,1.9082060e-11,1.0404342e-13
368.42000,1.9133680e-11,1.0456790e-13
368.43000,1.9159462e-11,1.0542500e-13
368.44000,1.9140424e-11,1.0564153e-13
368.45000,1.9085218e-11,1.0492220e-13
368.46000,1.9031047e-11,1.0416230e-13
368.47000,1.8984808e-11,1.0370735e-13
368.48000,1.8929332e-11,1.0345708e-13
368.49000,1.8880865e-11,1.0341481e-13
368.50000,1.8847465e-11,1.0350317e-13
368.51000,1.8760234e-11,1.0349159e-13
368.52000,1.8526507e-11,1.0296888e-13
368.53000,1.8201131e-11,1.0194530e-13
368.54000,1.8094655e-11,1.0153423e-13
368.55000,1.8422305e-11,1.0259643e-13
368.56000,1.8831362e-11,1.0399135e-13
368.57000,1.9013712e-11,1.0463839e-13
368.58000,1.9033772e-11,1.0472689e-13
368.59000,1.9001896e-11,1.0474931e-13
368.60000,1.8960696e-11,1.0481376e-13
368.61000,1.8921130e-11,1.0462720e-13
368.62000,1.8895076e-11,1.0416781e-13
368.63000,1.8874065e-11,1.0387812e-13
368.64000,1.8830026e-11,1.0381299e-13
368.65000,1.8778878e-11,1.0381891e-13
368.66000,1.8739072e-11,1.0379095e-13
368.67000,1.8685453e-11,1.0363755e-13
368.68000,1.8616418e-11,1.0347371e-13
368.69000,1.8572371e-11,1.0337608e-13
368.70000,1.8552660e-11,1.0324151e-13
368.71000,1.8551621e-11,1.0313822e-13
368.72000,1.8589733e-11,1.0317010e-13
368.73000,1.8660994e-11,1.0328065e-13
368.74000,1.8757240e-11,1.0347927e-13
368.75000,1.8863567e-11,1.0378437e-13
368.76000,1.8928245e-11,1.0404350e-13
368.77000,1.8969777e-11,1.0430339e-13
368.78000,1.9047706e-11,1.0468322e-13
368.79000,1.9146307e-11,1.0498288e-13
368.80000,1.9230286e-11,1.0516429e-13
368.81000,1.9277131e-11,1.0534023e-13
368.82000,1.9285814e-11,1.0542361e-13
368.83000,1.9286978e-11,1.0533556e-13
368.84000,1.9316492e-11,1.0524536e-13
368.85000,1.9371759e-11,1.0528648e-13
368.86000,1.9403895e-11,1.0538888e-13
368.87000,1.9407511e-11,1.0556173e-13
368.88000,1.9419095e-11,1.0574744e-13
368.89000,1.9438201e-11,1.0579702e-13
368.90000,1.9449544e-11,1.0588485e-13
368.91000,1.9465930e-11,1.0589777e-13
368.92000,1.9480737e-11,1.0582590e-13
368.93000,1.9480740e-11,1.0588974e-13
368.94000,1.9470540e-11,1.0591842e-13
368.95000,1.9454892e-11,1.0567874e-13
368.96000,1.9437075e-11,1.0541616e-13
368.97000,1.9405456e-11,1.0545189e-13
368.98000,1.9346192e-11,1.0577407e-13
368.99000,1.9272948e-11,1.0617362e-13
369.00000,1.9210483e-11,1.0637053e-13
369.01000,1.9164322e-11,1.0622530e-13
369.02000,1.9125249e-11,1.0594120e-13
369.03000,1.9094269e-11,1.0573856e-13
369.04000,1.9062000e-11,1.0559976e-13
369.05000,1.9013743e-11,1.0542921e-13
369.06000,1.8942700e-11,1.0503157e-13
369.07000,1.8860252e-11,1.0437383e-13
369.08000,1.8781076e-11,1.0366989e-13
369.09000,1.8705944e-11,1.0321854e-13
369.10000,1.8652174e-11,1.0311630e-13
369.11000,1.8616226e-11,1.0327436e-13
369.12000,1.8551391e-11,1.0340872e-13
369.13000,1.8468168e-11,1.0341738e-13
369.14000,1.8415137e-11,1.0334229e-13
369.15000,1.8391200e-11,1.0318762e-13
369.16000,1.8374439e-11,1.0311911e-13
369.17000,1.8357468e-11,1.0319597e-13
369.18000,1.8359137e-11,1.0322538e-13
369.19000,1.8405709e-11,1.0318766e-13
369.20000,1.8489332e-11,1.0324542e-13
369.21000,1.8589299e-11,1.0350365e-13
369.22000,1.8694353e-11,1.0383094e-13
369.23000,1.8789789e-11,1.0393159e-13
369.24000,1.8872723e-11,1.0388139e-13
369.25000,1.8956278e-11,1.0411903e-13
369.26000,1.9047758e-11,1.0465253e-13
369.27000,1.9132780e-11,1.0517760e-13
369.28000,1.9194320e-11,1.0546362e-13
369.29000,1.9254106e-11,1.0554288e-13
369.30000,1.9336689e-11,1.0587903e-13
369.31000,1.9434569e-11,1.0658516e-13
369.32000,1.9517399e-11,1.0713167e-13
369.33000,1.9555379e-11,1.0720859e-13
369.34000,1.9552402e-11,1.0706700e-13
369.35000,1.9541408e-11,1.0698281e-13
369.36000,1.9550045e-11,1.0694863e-13
369.37000,1.9569530e-11,1.0687847e-13
369.38000,1.9575454e-11,1.0680739e-13
369.39000,1.9577300e-11,1.0727847e-13
369.40000,1.9611375e-11,1.0838094e-13
369.41000,1.9688100e-11,1.0904920e-13
369.42000,1.9765384e-11,1.0883542e-13
369.43000,1.9812106e-11,1.0815922e-13
369.44000,1.9819609e-11,1.0721927e-13
369.45000,1.9784483e-11,1.0644764e-13
369.46000,1.9749475e-11,1.0639458e-13
369.47000,1.9751950e-11,1.0678884e-13
369.48000,1.9761824e-11,1.0687278e-13
369.49000,1.9749140e-11,1.0666325e-13
369.50000,1.9717825e-11,1.0662354e-13
369.51000,1.9662119e-11,1.0666372e-13
369.52000,1.9567544e-11,1.0620043e-13
369.53000,1.9474789e-11,1.0554268e-13
369.54000,1.9416018e-11,1.0552241e-13
369.55000,1.9351458e-11,1.0596690e-13
369.56000,1.9253380e-11,1.0619156e-13
369.57000,1.9129786e-11,1.0606421e-13
369.58000,1.9011748e-11,1.0564619e-13
369.59000,1.8940303e-11,1.0491698e-13
369.60000,1.8882631e-11,1.0436090e-13
369.61000,1.8763702e-11,1.0385889e-13
369.62000,1.8603871e-11,1.0311364e-13
369.63000,1.8471386e-11,1.0274681e-13
369.64000,1.8383162e-11,1.0343218e-13
369.65000,1.8306775e-11,1.0415537e-13
369.66000,1.8214575e-11,1.0366917e-13
369.67000,1.8090714e-11,1.0255818e-13
369.68000,1.7947258e-11,1.0130761e-13
369.69000,1.7821870e-11,1.0045132e-13
369.70000,1.7741892e-11,1.0019549e-13
369.71000,1.7701459e-11,1.0038473e-13
369.72000,1.7665370e-11,1.0074438e-13
369.73000,1.7635146e-11,1.0129118e-13
369.74000,1.7633599e-11,1.0176649e-13
369.75000,1.7686667e-11,1.0116979e-13
369.76000,1.7799913e-11,1.0019786e-13
369.77000,1.7941239e-11,1.0049497e-13
369.78000,1.8075213e-11,1.0184928e-13
369.79000,1.8187385e-11,1.0302313e-13
369.80000,1.8289835e-11,1.0383451e-13
369.81000,1.8411764e-11,1.0470732e-13
369.82000,1.8569696e-11,1.0537106e-13
369.83000,1.8751042e-11,1.0510548e-13
369.84000,1.8918198e-11,1.0409268e-13
369.85000,1.9066507e-11,1.0343565e-13
369.86000,1.9212170e-11,1.0362047e-13
369.87000,1.9348189e-11,1.0439171e-13
369.88000,1.9470134e-11,1.0547591e-13
369.89000,1.9583982e-11,1.0635009e-13
369.90000,1.9688910e-11,1.0661403e-13
369.91000,1.9792422e-11,1.0688999e-13
369.92000,1.9899596e-11,1.0740962e-13
369.93000,2.0007699e-11,1.0804575e-13
369.94000,2.0097724e-11,1.0866082e-13
369.95000,2.0163584e-11,1.0852702e-13
369.96000,2.0229944e-11,1.0789002e-13
369.97000,2.0307405e-11,1.0775974e-13
369.98000,2.0370242e-11,1.0870328e-13
369.99000,2.0372453e-11,1.1114485e-13
370.00000,2.0333198e-11,1.1437667e-13
370.01000,2.0314440e-11,1.1628449e-13
370.02000,2.0324120e-11,1.1581527e-13
370.03000,2.0353471e-11,1.1430156e-13
370.04000,2.0375079e-11,1.1223924e-13
370.05000,2.0353881e-11,1.1054499e-13
370.06000,2.0317487e-11,1.1073357e-13
370.07000,2.0305647e-11,1.1257463e-13
370.08000,2.0279681e-11,1.1357753e-13
370.09000,2.0222726e-11,1.1232275e-13
370.10000,2.0178145e-11,1.1045245e-13
370.11000,2.0164803e-11,1.0967816e-13
370.12000,2.0170348e-11,1.0983833e-13
370.13000,2.0168223e-11,1.1005633e-13
370.14000,2.0131793e-11,1.1038270e-13
370.15000,2.0051730e-11,1.1117819e-13
370.16000,1.9941521e-11,1.1170468e-13
370.17000,1.9833884e-11,1.1071045e-13
370.18000,1.9732422e-11,1.0848072e-13
370.19000,1.9609978e-11,1.0671126e-13
370.20000,1.9470109e-11,1.0643560e-13
370.21000,1.9335612e-11,1.0731545e-13
370.22000,1.9209146e-11,1.0756259e-13
370.23000,1.9081234e-11,1.0657365e-13
370.24000,1.8957486e-11,1.0578764e-13
370.25000,1.8822718e-11,1.0534085e-13
370.26000,1.8651451e-11,1.0481434e-13
370.27000,1.8472648e-11,1.0486107e-13
370.28000,1.8317383e-11,1.0540826e-13
370.29000,1.8174040e-11,1.0496964e-13
370.30000,1.8013655e-11,1.0341256e-13
370.31000,1.7830271e-11,1.0214532e-13
370.32000,1.7650499e-11,1.0193702e-13
370.33000,1.7479364e-11,1.0161978e-13
370.34000,1.7306222e-11,1.0057182e-13
370.35000,1.7134997e-11,9.9994518e-14
370.36000,1.6977875e-11,9.9628443e-14
370.37000,1.6846648e-11,9.8427864e-14
370.38000,1.6745974e-11,9.7083667e-14
370.39000,1.6690771e-11,9.7670363e-14
370.40000,1.6697807e-11,1.0126435e-13
370.41000,1.6761052e-11,1.0829087e-13
370.42000,1.6851840e-11,1.1468734e-13
370.43000,1.6979467e-11,1.1251986e-13
370.44000,1.7157060e-11,1.0488394e-13
370.45000,1.7360659e-11,1.0090515e-13
370.46000,1.7564070e-11,1.0153937e-13
370.47000,1.7756767e-11,1.0280721e-13
370.48000,1.7926361e-11,1.0296782e-13
370.49000,1.8070279e-11,1.0278797e-13
370.50000,1.8219192e-11,1.0293120e-13
370.51000,1.8399084e-11,1.0375769e-13
370.52000,1.8554838e-11,1.0586116e-13
370.53000,1.8643352e-11,1.0798839e-13
370.54000,1.8703499e-11,1.0830604e-13
370.55000,1.8763319e-11,1.0760917e-13
370.56000,1.8840294e-11,1.0753556e-13
370.57000,1.8969702e-11,1.0769251e-13
370.58000,1.9141003e-11,1.0747837e-13
370.59000,1.9264868e-11,1.0721840e-13
370.60000,1.9248157e-11,1.0697935e-13
370.61000,1.9092221e-11,1.0654959e-13
370.62000,1.9061624e-11,1.0679313e-13
370.63000,1.9471621e-11,1.0845537e-13
370.64000,2.0080635e-11,1.1039847e-13
370.65000,2.0520246e-11,1.1187794e-13
370.66000,2.0731555e-11,1.1316031e-13
370.67000,2.0838165e-11,1.1450793e-13
370.68000,2.0911950e-11,1.1512153e-13
370.69000,2.1001320e-11,1.1495696e-13
370.70000,2.1120062e-11,1.1495852e-13
370.71000,2.1212981e-11,1.1469168e-13
370.72000,2.1248824e-11,1.1391261e-13
370.73000,2.1259100e-11,1.1327501e-13
370.74000,2.1275047e-11,1.1342864e-13
370.75000,2.1313152e-11,1.1508157e-13
370.76000,2.1369253e-11,1.1689865e-13
370.77000,2.1417432e-11,1.1693646e-13
370.78000,2.1432768e-11,1.1569747e-13
370.79000,2.1437487e-11,1.1492591e-13
370.80000,2.1436435e-11,1.1493792e-13
370.81000,2.1403165e-11,1.1496795e-13
370.82000,2.1357919e-11,1.1444777e-13
370.83000,2.1326427e-11,1.1341280e-13
370.84000,2.1273810e-11,1.1231603e-13
370.85000,2.1181744e-11,1.1178087e-13
370.86000,2.1048040e-11,1.1179227e-13
370.87000,2.0879814e-11,1.1214513e-13
370.88000,2.0733537e-11,1.1211843e-13
370.89000,2.0635894e-11,1.1076305e-13
370.90000,2.0546450e-11,1.0877305e-13
370.91000,2.0457408e-11,1.0734318e-13
370.92000,2.0397055e-11,1.0681440e-13
370.93000,2.0351798e-11,1.0678101e-13
370.94000,2.0275334e-11,1.0604133e-13
370.95000,2.0155219e-11,1.0486714e-13
370.96000,1.9988579e-11,1.0437663e-13
370.97000,1.9764030e-11,1.0434447e-13
370.98000,1.9532661e-11,1.0402857e-13
370.99000,1.9352268e-11,1.0360380e-13
371.00000,1.9211155e-11,1.0343431e-13
371.01000,1.9070000e-11,1.0308017e-13
371.02000,1.8917090e-11,1.0214473e-13
371.03000,1.8759265e-11,1.0113925e-13
371.04000,1.8580026e-11,1.0078727e-13
371.05000,1.8375480e-11,1.0029228e-13
371.06000,1.8169614e-11,9.9196562e-14
371.07000,1.7969298e-11,9.8100118e-14
371.08000,1.7763871e-11,9.6819086e-14
371.09000,1.7545288e-11,9.5466432e-14
371.10000,1.7303477e-11,9.4604200e-14
371.11000,1.7045629e-11,9.4043803e-14
371.12000,1.6804632e-11,9.3355387e-14
371.13000,1.6595911e-11,9.2634227e-14
371.14000,1.6408381e-11,9.1777767e-14
371.15000,1.6238206e-11,9.0761000e-14
371.16000,1.6053194e-11,9.0048073e-14
371.17000,1.5848225e-11,8.9814660e-14
371.18000,1.5667543e-11,8.9858737e-14
371.19000,1.5536462e-11,8.9748407e-14
371.20000,1.5447542e-11,8.9420568e-14
371.21000,1.5387573e-11,8.9222048e-14
371.22000,1.5386015e-11,8.9308297e-14
371.23000,1.5473156e-11,8.9735277e-14
371.24000,1.5612398e-11,9.0287972e-14
371.25000,1.5788321e-11,9.0686756e-14
371.26000,1.6005432e-11,9.1028518e-14
371.27000,1.6251129e-11,9.1620270e-14
371.28000,1.6482216e-11,9.2529931e-14
371.29000,1.6652828e-11,9.3440891e-14
371.30000,1.6771570e-11,9.4243026e-14
371.31000,1.6933132e-11,9.5021692e-14
371.32000,1.7237776e-11,9.5828464e-14
371.33000,1.7653711e-11,9.6700700e-14
371.34000,1.8036696e-11,9.7522372e-14
371.35000,1.8335129e-11,9.8661632e-14
371.36000,1.8564780e-11,1.0015354e-13
371.37000,1.8766007e-11,1.0106560e-13
371.38000,1.8965588e-11,1.0113936e-13
371.39000,1.9159741e-11,1.0126832e-13
371.40000,1.9355508e-11,1.0175552e-13
371.41000,1.9581977e-11,1.0238929e-13
371.42000,1.9833535e-11,1.0310237e-13
371.43000,2.0050366e-11,1.0379808e-13
371.44000,2.0212720e-11,1.0430503e-13
371.45000,2.0359127e-11,1.0471115e-13
371.46000,2.0505691e-11,1.0511680e-13
371.47000,2.0626751e-11,1.0539264e-13
371.48000,2.0726347e-11,1.0552321e-13
371.49000,2.0841365e-11,1.0583942e-13
371.50000,2.0972235e-11,1.0637527e-13
371.51000,2.1092606e-11,1.0692280e-13
371.52000,2.1193669e-11,1.0739162e-13
371.53000,2.1278410e-11,1.0761709e-13
371.54000,2.1388730e-11,1.0770978e-13
371.55000,2.1570949e-11,1.0806713e-13
371.56000,2.1804529e-11,1.0877862e-13
371.57000,2.2051847e-11,1.0949746e-13
371.58000,2.2270483e-11,1.0991499e-13
371.59000,2.2421138e-11,1.1012719e-13
371.60000,2.2530476e-11,1.1032255e-13
371.61000,2.2653280e-11,1.1068633e-13
371.62000,2.2773920e-11,1.1115573e-13
371.63000,2.2839421e-11,1.1139184e-13
371.64000,2.2866927e-11,1.1145078e-13
371.65000,2.2898483e-11,1.1161214e-13
371.66000,2.2952397e-11,1.1184289e-13
371.67000,2.3011362e-11,1.1205448e-13
371.68000,2.3039196e-11,1.1229526e-13
371.69000,2.3049898e-11,1.1252450e-13
371.70000,2.3058726e-11,1.1261239e-13
371.71000,2.3031263e-11,1.1254342e-13
371.72000,2.2984107e-11,1.1238624e-13
371.73000,2.2946434e-11,1.1213696e-13
371.74000,2.2914923e-11,1.1191495e-13
371.75000,2.2871418e-11,1.1169783e-13
371.76000,2.2776619e-11,1.1122051e-13
371.77000,2.2671574e-11,1.1072910e-13
371.78000,2.2609626e-11,1.1057832e-13
371.79000,2.2551441e-11,1.1056522e-13
371.80000,2.2468121e-11,1.1040625e-13
371.81000,2.2376018e-11,1.1024445e-13
371.82000,2.2269178e-11,1.1009242e-13
371.83000,2.2142082e-11,1.0976488e-13
371.84000,2.2000465e-11,1.0929712e-13
371.85000,2.1855654e-11,1.0893654e-13
371.86000,2.1728817e-11,1.0860847e-13
371.87000,2.1613429e-11,1.0802003e-13
371.88000,2.1481541e-11,1.0739073e-13
371.89000,2.1327486e-11,1.0704146e-13
371.90000,2.1159431e-11,1.0697606e-13
371.91000,2.0956553e-11,1.0677170e-13
371.92000,2.0709454e-11,1.0592285e-13
371.93000,2.0438179e-11,1.0483631e-13
371.94000,2.0168028e-11,1.0430307e-13
371.95000,1.9908543e-11,1.0400582e-13
371.96000,1.9651676e-11,1.0324463e-13
371.97000,1.9394776e-11,1.0219311e-13
371.98000,1.9151438e-11,1.0133525e-13
371.99000,1.8942562e-11,1.0076160e-13
372.00000,1.8747189e-11,1.0013257e-13
372.01000,1.8540693e-11,9.9327943e-14
372.02000,1.8344209e-11,9.8883278e-14
372.03000,1.8155922e-11,9.8716702e-14
372.04000,1.7938383e-11,9.7935742e-14
372.05000,1.7707072e-11,9.6928243e-14
372.06000,1.7473080e-11,9.6538890e-14
372.07000,1.7209639e-11,9.6479282e-14
372.08000,1.6915766e-11,9.5822831e-14
372.09000,1.6612392e-11,9.4571342e-14
372.10000,1.6310803e-11,9.3461476e-14
372.11000,1.6027234e-11,9.2989486e-14
372.12000,1.5776562e-11,9.2653456e-14
372.13000,1.5517398e-11,9.1624651e-14
372.14000,1.5228840e-11,9.0202545e-14
372.15000,1.4958705e-11,8.9033061e-14
372.16000,1.4733836e-11,8.8185179e-14
372.17000,1.4534481e-11,8.7577743e-14
372.18000,1.4338894e-11,8.7082347e-14
372.19000,1.4154543e-11,8.6720935e-14
372.20000,1.4027528e-11,8.6678066e-14
372.21000,1.4004466e-11,8.6896421e-14
372.22000,1.4112193e-11,8.7335762e-14
372.23000,1.4312221e-11,8.8181649e-14
372.24000,1.4529495e-11,8.9180408e-14
372.25000,1.4750935e-11,8.9858287e-14
372.26000,1.5006794e-11,9.0337377e-14
372.27000,1.5293029e-11,9.0958602e-14
372.28000,1.5579487e-11,9.1447799e-14
372.29000,1.5853477e-11,9.1676132e-14
372.30000,1.6131889e-11,9.2152819e-14
372.31000,1.6417755e-11,9.3026173e-14
372.32000,1.6702937e-11,9.4152172e-14
372.33000,1.6974267e-11,9.5280766e-14
372.34000,1.7211712e-11,9.6267601e-14
372.35000,1.7443107e-11,9.7297667e-14
372.36000,1.7698268e-11,9.8555597e-14
372.37000,1.7967511e-11,9.9665472e-14
372.38000,1.8240054e-11,1.0012067e-13
372.39000,1.8507154e-11,1.0047982e-13
372.40000,1.8777205e-11,1.0132372e-13
372.41000,1.9073170e-11,1.0251100e-13
372.42000,1.9386155e-11,1.0372205e-13
372.43000,1.9670102e-11,1.0467180e-13
372.44000,1.9907152e-11,1.0513648e-13
372.45000,2.0127524e-11,1.0548319e-13
372.46000,2.0364562e-11,1.0629458e-13
372.47000,2.0621691e-11,1.0722238e-13
372.48000,2.0875774e-11,1.0783639e-13
372.49000,2.1099252e-11,1.0824786e-13
372.50000,2.1305482e-11,1.0870767e-13
372.51000,2.1529874e-11,1.0945156e-13
372.52000,2.1754184e-11,1.1025624e-13
372.53000,2.1942478e-11,1.1077911e-13
372.54000,2.2092298e-11,1.1114312e-13
372.55000,2.2244944e-11,1.1145687e-13
372.56000,2.2455374e-11,1.1156898e-13
372.57000,2.2707224e-11,1.1149044e-13
372.58000,2.2955898e-11,1.1157033e-13
372.59000,2.3165127e-11,1.1239531e-13
372.60000,2.3326594e-11,1.1397100e-13
372.61000,2.3464243e-11,1.1556792e-13
372.62000,2.3601504e-11,1.1666316e-13
372.63000,2.3724563e-11,1.1740237e-13
372.64000,2.3821118e-11,1.1788793e-13
372.65000,2.3921636e-11,1.1805566e-13
372.66000,2.4037628e-11,1.1821477e-13
372.67000,2.4134985e-11,1.1858052e-13
372.68000,2.4187835e-11,1.1832075e-13
372.69000,2.4182498e-11,1.1729206e-13
372.70000,2.4108569e-11,1.1679166e-13
372.71000,2.3983817e-11,1.1693123e-13
372.72000,2.3926399e-11,1.1748686e-13
372.73000,2.4062491e-11,1.1917974e-13
372.74000,2.4315065e-11,1.2194359e-13
372.75000,2.4518788e-11,1.2384817e-13
372.76000,2.4674842e-11,1.2353086e-13
372.77000,2.4828693e-11,1.2193227e-13
372.78000,2.4962340e-11,1.2126027e-13
372.79000,2.5093491e-11,1.2206267e-13
372.80000,2.5207090e-11,1.2334978e-13
372.81000,2.5274081e-11,1.2420106e-13
372.82000,2.5325135e-11,1.2397435e-13
372.83000,2.5381603e-11,1.2289135e-13
372.84000,2.5427364e-11,1.2196836e-13
372.85000,2.5426461e-11,1.2154314e-13
372.86000,2.5392278e-11,1.2096207e-13
372.87000,2.5360821e-11,1.2054877e-13
372.88000,2.5335158e-11,1.2098058e-13
372.89000,2.5274641e-11,1.2206686e-13
372.90000,2.5141025e-11,1.2316134e-13
372.91000,2.4965335e-11,1.2389416e-13
372.92000,2.4819362e-11,1.2430558e-13
372.93000,2.4732094e-11,1.2426891e-13
372.94000,2.4655642e-11,1.2392983e-13
372.95000,2.4573817e-11,1.2399641e-13
372.96000,2.4486809e-11,1.2450331e-13
372.97000,2.4365385e-11,1.2480185e-13
372.98000,2.4217310e-11,1.2492374e-13
372.99000,2.4099641e-11,1.2511970e-13
373.00000,2.3998089e-11,1.2537980e-13
373.01000,2.3839192e-11,1.2577197e-13
373.02000,2.3621335e-11,1.2584940e-13
373.03000,2.3406547e-11,1.2490133e-13
373.04000,2.3218294e-11,1.2249506e-13
373.05000,2.3041004e-11,1.2087413e-13
373.06000,2.2865295e-11,1.2264885e-13
373.07000,2.2685624e-11,1.2420948e-13
373.08000,2.2488960e-11,1.2210908e-13
373.09000,2.2289807e-11,1.1833007e-13
373.10000,2.2117656e-11,1.1548901e-13
373.11000,2.1941454e-11,1.1443110e-13
373.12000,2.1712201e-11,1.1550921e-13
373.13000,2.1431439e-11,1.1715955e-13
373.14000,2.1140986e-11,1.1736016e-13
373.15000,2.0860006e-11,1.1562780e-13
373.16000,2.0569980e-11,1.1312676e-13
373.17000,2.0278494e-11,1.1164926e-13
373.18000,2.0016952e-11,1.1075646e-13
373.19000,1.9773813e-11,1.0935324e-13
373.20000,1.9517028e-11,1.0743938e-13
373.21000,1.9247273e-11,1.0612845e-13
373.22000,1.8976738e-11,1.0589954e-13
373.23000,1.8703871e-11,1.0578161e-13
373.24000,1.8419715e-11,1.0500705e-13
373.25000,1.8128197e-11,1.0332040e-13
373.26000,1.7843949e-11,1.0130221e-13
373.27000,1.7558975e-11,9.9925785e-14
373.28000,1.7257897e-11,9.9260789e-14
373.29000,1.6938698e-11,9.8328181e-14
373.30000,1.6624433e-11,9.6762290e-14
373.31000,1.6334531e-11,9.5563227e-14
373.32000,1.6078852e-11,9.5019896e-14
373.33000,1.5839863e-11,9.4674835e-14
373.34000,1.5567484e-11,9.4195768e-14
373.35000,1.5275141e-11,9.3709791e-14
373.36000,1.5003990e-11,9.6266083e-14
373.37000,1.4743227e-11,1.1271426e-13
373.38000,1.4471668e-11,1.4888972e-13
373.39000,1.4166031e-11,1.6489569e-13
373.40000,1.3826938e-11,1.3653807e-13
373.41000,1.3512821e-11,1.0201823e-13
373.42000,1.3238692e-11,8.8522899e-14
373.43000,1.2995232e-11,8.5078381e-14
373.44000,1.2826359e-11,8.3847421e-14
373.45000,1.2776797e-11,8.3872672e-14
373.46000,1.2852591e-11,8.4595069e-14
373.47000,1.3027418e-11,8.5227064e-14
373.48000,1.3275609e-11,8.5773790e-14
373.49000,1.3551614e-11,8.6551615e-14
373.50000,1.3834209e-11,8.7487159e-14
373.51000,1.4156140e-11,8.8537950e-14
373.52000,1.4517823e-11,9.0386544e-14
373.53000,1.4867279e-11,9.3285536e-14
373.54000,1.5173987e-11,9.5532200e-14
373.55000,1.5455943e-11,9.6712531e-14
373.56000,1.5755389e-11,9.9041375e-14
373.57000,1.6078003e-11,1.0384813e-13
373.58000,1.6369021e-11,1.0727624e-13
373.59000,1.6631243e-11,1.0603924e-13
373.60000,1.6877149e-11,1.0260638e-13
373.61000,1.7084995e-11,1.0020746e-13
373.62000,1.7271310e-11,9.8925857e-14
373.63000,1.7457075e-11,9.9239684e-14
373.64000,1.7613520e-11,1.0100734e-13
373.65000,1.7726588e-11,1.0198778e-13
373.66000,1.7870427e-11,1.0177865e-13
373.67000,1.8080775e-11,1.0161859e-13
373.68000,1.8256722e-11,1.0192912e-13
373.69000,1.8238885e-11,1.0235038e-13
373.70000,1.8101077e-11,1.0251207e-13
373.71000,1.8260851e-11,1.0265517e-13
373.72000,1.8991538e-11,1.0408805e-13
373.73000,1.9918250e-11,1.0698278e-13
373.74000,2.0600699e-11,1.0969358e-13
373.75000,2.0997367e-11,1.1085031e-13
373.76000,2.1224934e-11,1.1027905e-13
373.77000,2.1438139e-11,1.0989313e-13
373.78000,2.1682539e-11,1.1083267e-13
373.79000,2.1909751e-11,1.1229736e-13
373.80000,2.2090204e-11,1.1292061e-13
373.81000,2.2276946e-11,1.1321372e-13
373.82000,2.2495414e-11,1.1386080e-13
373.83000,2.2703668e-11,1.1462809e-13
373.84000,2.2864612e-11,1.1502228e-13
373.85000,2.3029667e-11,1.1461887e-13
373.86000,2.3306373e-11,1.1419456e-13
373.87000,2.3685680e-11,1.1487180e-13
373.88000,2.3988359e-11,1.1600409e-13
373.89000,2.4171861e-11,1.1677183e-13
373.90000,2.4344875e-11,1.1692104e-13
373.91000,2.4537725e-11,1.1638239e-13
373.92000,2.4723493e-11,1.1585602e-13
373.93000,2.4923412e-11,1.1605608e-13
373.94000,2.5131185e-11,1.1657822e-13
373.95000,2.5329113e-11,1.1705119e-13
373.96000,2.5536060e-11,1.1736576e-13
373.97000,2.5763409e-11,1.1715885e-13
373.98000,2.6004819e-11,1.1794142e-13
373.99000,2.6211330e-11,1.2017375e-13
374.00000,2.6356339e-11,1.2197665e-13
374.01000,2.6502488e-11,1.2331742e-13
374.02000,2.6669536e-11,1.2452823e-13
374.03000,2.6793657e-11,1.2545118e-13
374.04000,2.6879554e-11,1.2549993e-13
374.05000,2.6972887e-11,1.2408143e-13
374.06000,2.7083675e-11,1.2252705e-13
374.07000,2.7191691e-11,1.2168725e-13
374.08000,2.7287920e-11,1.2149532e-13
374.09000,2.7341955e-11,1.2206995e-13
374.10000,2.7317684e-11,1.2312584e-13
374.11000,2.7256893e-11,1.2377597e-13
374.12000,2.7233063e-11,1.2327331e-13
374.13000,2.7254203e-11,1.2257518e-13
374.14000,2.7283326e-11,1.2223746e-13
374.15000,2.7271250e-11,1.2169627e-13
374.16000,2.7138800e-11,1.2079877e-13
374.17000,2.6945506e-11,1.2025063e-13
374.18000,2.6972233e-11,1.2072941e-13
374.19000,2.7335931e-11,1.2165186e-13
374.20000,2.7805099e-11,1.2223862e-13
374.21000,2.8099715e-11,1.2293166e-13
374.22000,2.8178059e-11,1.2412927e-13
374.23000,2.8154285e-11,1.2500260e-13
374.24000,2.8133727e-11,1.2480883e-13
374.25000,2.8091992e-11,1.2408887e-13
374.26000,2.7984221e-11,1.2351257e-13
374.27000,2.7838353e-11,1.2306014e-13
374.28000,2.7690693e-11,1.2270251e-13
374.29000,2.7578145e-11,1.2239623e-13
374.30000,2.7525768e-11,1.2212519e-13
374.31000,2.7523820e-11,1.2187845e-13
374.32000,2.7521138e-11,1.2192320e-13
374.33000,2.7453821e-11,1.2226031e-13
374.34000,2.7327757e-11,1.2202948e-13
374.35000,2.7224392e-11,1.2152232e-13
374.36000,2.7221252e-11,1.2131962e-13
374.37000,2.7282777e-11,1.2105717e-13
374.38000,2.7324251e-11,1.2074296e-13
374.39000,2.7299276e-11,1.2060279e-13
374.40000,2.7231142e-11,1.2037261e-13
374.41000,2.7154807e-11,1.1991932e-13
374.42000,2.7079563e-11,1.1943175e-13
374.43000,2.6974045e-11,1.1904112e-13
374.44000,2.6843319e-11,1.1892613e-13
374.45000,2.6707448e-11,1.1896059e-13
374.46000,2.6546286e-11,1.1855088e-13
374.47000,2.6339740e-11,1.1754711e-13
374.48000,2.6096727e-11,1.1644903e-13
374.49000,2.5835356e-11,1.1558418e-13
374.50000,2.5573950e-11,1.1506549e-13
374.51000,2.5299412e-11,1.1467042e-13
374.52000,2.4988036e-11,1.1414132e-13
374.53000,2.4677601e-11,1.1340187e-13
374.54000,2.4428567e-11,1.1246948e-13
374.55000,2.4229751e-11,1.1149891e-13
374.56000,2.4046602e-11,1.1069609e-13
374.57000,2.3895570e-11,1.1011427e-13
374.58000,2.3817019e-11,1.0988551e-13
374.59000,2.3781867e-11,1.1000746e-13
374.60000,2.3714326e-11,1.1014199e-13
374.61000,2.3569614e-11,1.0983962e-13
374.62000,2.3368192e-11,1.0921643e-13
374.63000,2.3131406e-11,1.0860181e-13
374.64000,2.2866671e-11,1.0803507e-13
374.65000,2.2582503e-11,1.0743725e-13
374.66000,2.2289852e-11,1.0673609e-13
374.67000,2.2009160e-11,1.0591967e-13
374.68000,2.1756093e-11,1.0517724e-13
374.69000,2.1513401e-11,1.0465162e-13
374.70000,2.1273198e-11,1.0422375e-13
374.71000,2.1048181e-11,1.0359698e-13
374.72000,2.0808000e-11,1.0267232e-13
374.73000,2.0530103e-11,1.0170223e-13
374.74000,2.0230455e-11,1.0091629e-13
374.75000,1.9922112e-11,1.0028074e-13
374.76000,1.9599921e-11,9.9501376e-14
374.77000,1.9254827e-11,9.8531419e-14
374.78000,1.8902452e-11,9.7518632e-14
374.79000,1.8569401e-11,9.6486843e-14
374.80000,1.8258332e-11,9.5489687e-14
374.81000,1.7967737e-11,9.4652927e-14
374.82000,1.7691905e-11,9.4024678e-14
374.83000,1.7412447e-11,9.3493811e-14
374.84000,1.7085229e-11,9.2655659e-14
374.85000,1.6667154e-11,9.1310179e-14
374.86000,1.6213043e-11,8.9973713e-14
374.87000,1.5870177e-11,8.9237885e-14
374.88000,1.5685800e-11,8.8981414e-14
374.89000,1.5512691e-11,8.8274725e-14
374.90000,1.5260305e-11,8.7093364e-14
374.91000,1.4968562e-11,8.6049552e-14
374.92000,1.4655914e-11,8.5277143e-14
374.93000,1.4334827e-11,8.4411749e-14
374.94000,1.4037156e-11,8.3555403e-14
374.95000,1.3756036e-11,8.2876974e-14
374.96000,1.3463018e-11,8.1947210e-14
374.97000,1.3175002e-11,8.0829507e-14
374.98000,1.2916577e-11,8.0045115e-14
374.99000,1.2668847e-11,7.9424629e-14
375.00000,1.2428888e-11,7.8528219e-14
375.01000,1.2213737e-11,7.7513993e-14
375.02000,1.2050040e-11,7.6791372e-14
375.03000,1.1992154e-11,7.6605029e-14
375.04000,1.2064670e-11,7.6940947e-14
375.05000,1.2252342e-11,7.7682718e-14
375.06000,1.2520987e-11,7.8791192e-14
375.07000,1.2833279e-11,7.9999778e-14
375.08000,1.3159598e-11,8.1135591e-14
375.09000,1.3460194e-11,8.2293778e-14
375.10000,1.3728441e-11,8.3349352e-14
375.11000,1.3991607e-11,8.4263038e-14
375.12000,1.4277383e-11,8.5266558e-14
375.13000,1.4581409e-11,8.6130443e-14
375.14000,1.4887827e-11,8.6783365e-14
375.15000,1.5198726e-11,8.7597544e-14
375.16000,1.5520195e-11,8.8583453e-14
375.17000,1.5847558e-11,8.9532192e-14
375.18000,1.6179859e-11,9.0508573e-14
375.19000,1.6502718e-11,9.1235352e-14
375.20000,1.6791862e-11,9.1747478e-14
375.21000,1.7061351e-11,9.2579585e-14
375.22000,1.7351932e-11,9.3751858e-14
375.23000,1.7669581e-11,9.5093426e-14
375.24000,1.7974252e-11,9.6761213e-14
375.25000,1.8267294e-11,9.9218001e-14
375.26000,1.8578079e-11,1.0175505e-13
375.27000,1.8891316e-11,1.0255688e-13
375.28000,1.9188457e-11,1.0203946e-13
375.29000,1.9472757e-11,1.0180536e-13
375.30000,1.9743183e-11,1.0196683e-13
375.31000,2.0010309e-11,1.0228005e-13
375.32000,2.0289353e-11,1.0280533e-13
375.33000,2.0578290e-11,1.0378318e-13
375.34000,2.0879967e-11,1.0559581e-13
375.35000,2.1192115e-11,1.0811299e-13
375.36000,2.1477476e-11,1.0972755e-13
375.37000,2.1702325e-11,1.0949901e-13
375.38000,2.1913502e-11,1.0934431e-13
375.39000,2.2158229e-11,1.1029383e-13
375.40000,2.2399704e-11,1.1134097e-13
375.41000,2.2634633e-11,1.1196379e-13
375.42000,2.2898401e-11,1.1222543e-13
375.43000,2.3176310e-11,1.1226203e-13
375.44000,2.3441792e-11,1.1228964e-13
375.45000,2.3682552e-11,1.1240819e-13
375.46000,2.3876977e-11,1.1300618e-13
375.47000,2.4061801e-11,1.1399586e-13
375.48000,2.4318679e-11,1.1497547e-13
375.49000,2.4681236e-11,1.1581246e-13
375.50000,2.5050364e-11,1.1665835e-13
375.51000,2.5338688e-11,1.1750873e-13
375.52000,2.5542712e-11,1.1822392e-13
375.53000,2.5735178e-11,1.1888813e-13
375.54000,2.5945342e-11,1.1967738e-13
375.55000,2.6109860e-11,1.2090036e-13
375.56000,2.6169692e-11,1.2249554e-13
375.57000,2.6215797e-11,1.2349062e-13
375.58000,2.6421121e-11,1.2385567e-13
375.59000,2.6795267e-11,1.2408471e-13
375.60000,2.7154168e-11,1.2417493e-13
375.61000,2.7417942e-11,1.2440988e-13
375.62000,2.7615003e-11,1.2476004e-13
375.63000,2.7797781e-11,1.2531901e-13
375.64000,2.8001988e-11,1.2681744e-13
375.65000,2.8185229e-11,1.2871595e-13
375.66000,2.8306032e-11,1.2965829e-13
375.67000,2.8409906e-11,1.3044420e-13
375.68000,2.8531519e-11,1.3208599e-13
375.69000,2.8663205e-11,1.3270553e-13
375.70000,2.8758704e-11,1.3143337e-13
375.71000,2.8811828e-11,1.3069399e-13
375.72000,2.8895937e-11,1.3170349e-13
375.73000,2.9047694e-11,1.3257173e-13
375.74000,2.9222860e-11,1.3302279e-13
375.75000,2.9344640e-11,1.3407896e-13
375.76000,2.9351641e-11,1.3517078e-13
375.77000,2.9236862e-11,1.3482370e-13
375.78000,2.9107815e-11,1.3357530e-13
375.79000,2.9175952e-11,1.3313154e-13
375.80000,2.9492352e-11,1.3347240e-13
375.81000,2.9843425e-11,1.3384660e-13
375.82000,2.9973530e-11,1.3364315e-13
375.83000,2.9882793e-11,1.3339224e-13
375.84000,2.9832875e-11,1.3404872e-13
375.85000,3.0071192e-11,1.3588040e-13
375.86000,3.0410827e-11,1.3789416e-13
375.87000,3.0567199e-11,1.3819761e-13
375.88000,3.0548133e-11,1.3699884e-13
375.89000,3.0472800e-11,1.3668414e-13
375.90000,3.0422195e-11,1.3848283e-13
375.91000,3.0373962e-11,1.4065850e-13
375.92000,3.0078729e-11,1.4038076e-13
375.93000,2.9270538e-11,1.3753525e-13
375.94000,2.8035169e-11,1.3340876e-13
375.95000,2.7299091e-11,1.3161062e-13
375.96000,2.7730174e-11,1.3401891e-13
375.97000,2.9010723e-11,1.3773637e-13
375.98000,3.0343614e-11,1.4002890e-13
375.99000,3.1192964e-11,1.4188114e-13
376.00000,3.1531804e-11,1.4359990e-13
376.01000,3.1611208e-11,1.4487493e-13
376.02000,3.1686366e-11,1.4546786e-13
376.03000,3.1760640e-11,1.4546705e-13
376.04000,3.1757486e-11,1.4495567e-13
376.05000,3.1671702e-11,1.4425360e-13
376.06000,3.1535314e-11,1.4337808e-13
376.07000,3.1367312e-11,1.4183034e-13
376.08000,3.1207887e-11,1.4011078e-13
376.09000,3.1077775e-11,1.3975770e-13
376.10000,3.0964303e-11,1.4102240e-13
376.11000,3.0829177e-11,1.4285578e-13
376.12000,3.0536411e-11,1.4438333e-13
376.13000,2.9879418e-11,1.4276313e-13
376.14000,2.8919020e-11,1.3789960e-13
376.15000,2.8381395e-11,1.3466766e-13
376.16000,2.8958297e-11,1.3580509e-13
376.17000,3.0100389e-11,1.3895295e-13
376.18000,3.0816110e-11,1.4052178e-13
376.19000,3.0976734e-11,1.4084273e-13
376.20000,3.0912137e-11,1.4164096e-13
376.21000,3.0884889e-11,1.4216791e-13
376.22000,3.0963991e-11,1.4189446e-13
376.23000,3.1041194e-11,1.4099438e-13
376.24000,3.1029136e-11,1.4022022e-13
376.25000,3.0938618e-11,1.4069543e-13
376.26000,3.0805302e-11,1.4151785e-13
376.27000,3.0666973e-11,1.4093974e-13
376.28000,3.0473718e-11,1.3956671e-13
376.29000,3.0105624e-11,1.3845166e-13
376.30000,2.9597371e-11,1.3698816e-13
376.31000,2.9245923e-11,1.3537219e-13
376.32000,2.9247647e-11,1.3475409e-13
376.33000,2.9376103e-11,1.3438813e-13
376.34000,2.9371071e-11,1.3339868e-13
376.35000,2.9229580e-11,1.3343618e-13
376.36000,2.9045613e-11,1.3414824e-13
376.37000,2.8847693e-11,1.3319167e-13
376.38000,2.8603891e-11,1.2992476e-13
376.39000,2.8353369e-11,1.2385185e-13
376.40000,2.8195279e-11,1.1961544e-13
376.41000,2.8108344e-11,1.2285453e-13
376.42000,2.7969735e-11,1.2849271e-13
376.43000,2.7866881e-11,1.3087705e-13
376.44000,2.7941408e-11,1.3170545e-13
376.45000,2.8058875e-11,1.3219696e-13
376.46000,2.8029949e-11,1.3247270e-13
376.47000,2.7857971e-11,1.3285732e-13
376.48000,2.7610208e-11,1.3204620e-13
376.49000,2.7326990e-11,1.2981911e-13
376.50000,2.7053893e-11,1.2763939e-13
376.51000,2.6845359e-11,1.2766963e-13
376.52000,2.6644833e-11,1.2932233e-13
376.53000,2.6393631e-11,1.2961030e-13
376.54000,2.6116388e-11,1.2808219e-13
376.55000,2.5874784e-11,1.2692595e-13
376.56000,2.5651092e-11,1.2664350e-13
376.57000,2.5426883e-11,1.2729191e-13
376.58000,2.5270198e-11,1.2684312e-13
376.59000,2.5184963e-11,1.2412114e-13
376.60000,2.5052471e-11,1.2104232e-13
376.61000,2.4818619e-11,1.1966012e-13
376.62000,2.4523341e-11,1.1968116e-13
376.63000,2.4200986e-11,1.1926421e-13
376.64000,2.3872959e-11,1.1765039e-13
376.65000,2.3550271e-11,1.1622094e-13
376.66000,2.3235621e-11,1.1535154e-13
376.67000,2.2925679e-11,1.1467180e-13
376.68000,2.2639757e-11,1.1492118e-13
376.69000,2.2408549e-11,1.1536784e-13
376.70000,2.2195583e-11,1.1494426e-13
376.71000,2.1949218e-11,1.1435075e-13
376.72000,2.1663749e-11,1.1344582e-13
376.73000,2.1368770e-11,1.1191345e-13
376.74000,2.1110632e-11,1.1007860e-13
376.75000,2.0912243e-11,1.0873412e-13
376.76000,2.0702853e-11,1.0831444e-13
376.77000,2.0429281e-11,1.0815421e-13
376.78000,2.0108260e-11,1.0753106e-13
376.79000,1.9789702e-11,1.0622686e-13
376.80000,1.9483781e-11,1.0457281e-13
376.81000,1.9173910e-11,1.0381037e-13
376.82000,1.8850836e-11,1.0326564e-13
376.83000,1.8529789e-11,1.0131702e-13
376.84000,1.8229423e-11,9.9166244e-14
376.85000,1.7943574e-11,9.8768640e-14
376.86000,1.7639769e-11,9.9813469e-14
376.87000,1.7297536e-11,9.9790680e-14
376.88000,1.6943603e-11,9.7219088e-14
376.89000,1.6594187e-11,9.4539054e-14
376.90000,1.6237039e-11,9.4146805e-14
376.91000,1.5869114e-11,9.4506019e-14
376.92000,1.5510001e-11,9.3864870e-14
376.93000,1.5171452e-11,9.2427876e-14
376.94000,1.4834116e-11,9.0551286e-14
376.95000,1.4460829e-11,8.8614754e-14
376.96000,1.4085287e-11,8.7508804e-14
376.97000,1.3818223e-11,8.7085606e-14
376.98000,1.3644539e-11,8.6351708e-14
376.99000,1.3441639e-11,8.4444141e-14
377.00000,1.3174424e-11,8.2409380e-14
377.01000,1.2877180e-11,8.1196995e-14
377.02000,1.2557056e-11,8.0259292e-14
377.03000,1.2229797e-11,7.9114991e-14
377.04000,1.1925856e-11,7.8335430e-14
377.05000,1.1652279e-11,7.7417762e-14
377.06000,1.1396503e-11,7.6211995e-14
377.07000,1.1206174e-11,7.5844761e-14
377.08000,1.1178939e-11,7.5967635e-14
377.09000,1.1320625e-11,7.5578494e-14
377.10000,1.1591584e-11,7.5307960e-14
377.11000,1.1931305e-11,7.5795785e-14
377.12000,1.2279374e-11,7.6686788e-14
377.13000,1.2613235e-11,7.7823703e-14
377.14000,1.2909867e-11,7.9092457e-14
377.15000,1.3187190e-11,8.0373859e-14
377.16000,1.3475686e-11,8.1629375e-14
377.17000,1.3778828e-11,8.3016987e-14
377.18000,1.4096154e-11,8.4417294e-14
377.19000,1.4416223e-11,8.5575967e-14
377.20000,1.4724434e-11,8.6964926e-14
377.21000,1.5033404e-11,8.8007508e-14
377.22000,1.5337281e-11,8.8105233e-14
377.23000,1.5624905e-11,8.8577209e-14
377.24000,1.5913629e-11,8.9637553e-14
377.25000,1.6221165e-11,9.0692912e-14
377.26000,1.6534125e-11,9.1458747e-14
377.27000,1.6840734e-11,9.1854630e-14
377.28000,1.7153352e-11,9.2406041e-14
377.29000,1.7468322e-11,9.3540035e-14
377.30000,1.7772728e-11,9.4739718e-14
377.31000,1.8066220e-11,9.5456302e-14
377.32000,1.8359385e-11,9.6158936e-14
377.33000,1.8657821e-11,9.7480595e-14
377.34000,1.8946767e-11,9.9739239e-14
377.35000,1.9210974e-11,1.0171435e-13
377.36000,1.9456379e-11,1.0191978e-13
377.37000,1.9685135e-11,1.0083701e-13
377.38000,1.9921047e-11,1.0014431e-13
377.39000,2.0190471e-11,1.0011141e-13
377.40000,2.0469997e-11,1.0054099e-13
377.41000,2.0748124e-11,1.0130343e-13
377.42000,2.1049520e-11,1.0209271e-13
377.43000,2.1379725e-11,1.0306117e-13
377.44000,2.1723461e-11,1.0434699e-13
377.45000,2.2054346e-11,1.0539018e-13
377.46000,2.2350655e-11,1.0597434e-13
377.47000,2.2633458e-11,1.0668852e-13
377.48000,2.2930033e-11,1.0792443e-13
377.49000,2.3217551e-11,1.0925339e-13
377.50000,2.3465235e-11,1.1021811e-13
377.51000,2.3696650e-11,1.1078787e-13
377.52000,2.3951548e-11,1.1114884e-13
377.53000,2.4223364e-11,1.1176747e-13
377.54000,2.4476262e-11,1.1282708e-13
377.55000,2.4696786e-11,1.1369349e-13
377.56000,2.4917955e-11,1.1429274e-13
377.57000,2.5161252e-11,1.1494285e-13
377.58000,2.5410317e-11,1.1548759e-13
377.59000,2.5651911e-11,1.1585959e-13
377.60000,2.5877875e-11,1.1643212e-13
377.61000,2.6097159e-11,1.1737890e-13
377.62000,2.6333479e-11,1.1841626e-13
377.63000,2.6590316e-11,1.1915648e-13
377.64000,2.6846109e-11,1.1963233e-13
377.65000,2.7089280e-11,1.2012162e-13
377.66000,2.7339032e-11,1.2084408e-13
377.67000,2.7602913e-11,1.2170799e-13
377.68000,2.7854006e-11,1.2262540e-13
377.69000,2.8072559e-11,1.2344594e-13
377.70000,2.8263655e-11,1.2402218e-13
377.71000,2.8450065e-11,1.2456488e-13
377.72000,2.8663202e-11,1.2517139e-13
377.73000,2.8878898e-11,1.2579944e-13
377.74000,2.9060375e-11,1.2656156e-13
377.75000,2.9234658e-11,1.2735337e-13
377.76000,2.9422610e-11,1.2788136e-13
377.77000,2.9606152e-11,1.2803963e-13
377.78000,2.9765938e-11,1.2817406e-13
377.79000,2.9914548e-11,1.2854039e-13
377.80000,3.0080732e-11,1.2924404e-13
377.81000,3.0251635e-11,1.3016362e-13
377.82000,3.0398424e-11,1.3076816e-13
377.83000,3.0518696e-11,1.3080464e-13
377.84000,3.0624202e-11,1.3070938e-13
377.85000,3.0757030e-11,1.3084924e-13
377.86000,3.0958572e-11,1.3122368e-13
377.87000,3.1182213e-11,1.3171526e-13
377.88000,3.1359307e-11,1.3226992e-13
377.89000,3.1501654e-11,1.3291302e-13
377.90000,3.1647207e-11,1.3356883e-13
377.91000,3.1791333e-11,1.3409886e-13
377.92000,3.1912444e-11,1.3436186e-13
377.93000,3.2013981e-11,1.3439304e-13
377.94000,3.2106802e-11,1.3459402e-13
377.95000,3.2201588e-11,1.3509387e-13
377.96000,3.2285357e-11,1.3569131e-13
377.97000,3.2358351e-11,1.3622274e-13
377.98000,3.2495317e-11,1.3683067e-13
377.99000,3.2730361e-11,1.3777196e-13
378.00000,3.2956083e-11,1.3887378e-13
378.01000,3.3094955e-11,1.3941235e-13
378.02000,3.3180943e-11,1.3932133e-13
378.03000,3.3284190e-11,1.3978594e-13
378.04000,3.3399195e-11,1.4053754e-13
378.05000,3.3479670e-11,1.4044473e-13
378.06000,3.3540674e-11,1.3998292e-13
378.07000,3.3626855e-11,1.3985636e-13
378.08000,3.3736700e-11,1.4000948e-13
378.09000,3.3846730e-11,1.4038714e-13
378.10000,3.3948476e-11,1.4100026e-13
378.11000,3.4037496e-11,1.4167465e-13
378.12000,3.4098559e-11,1.4227107e-13
378.13000,3.4122328e-11,1.4258349e-13
378.14000,3.4138332e-11,1.4267796e-13
378.15000,3.4143794e-11,1.4261561e-13
378.16000,3.4108884e-11,1.4213034e-13
378.17000,3.4107128e-11,1.4172914e-13
378.18000,3.4242517e-11,1.4188764e-13
378.19000,3.4455137e-11,1.4245199e-13
378.20000,3.4614858e-11,1.4343428e-13
378.21000,3.4707429e-11,1.4461501e-13
378.22000,3.4773078e-11,1.4515288e-13
378.23000,3.4821416e-11,1.4480891e-13
378.24000,3.4866601e-11,1.4435492e-13
378.25000,3.4902341e-11,1.4429577e-13
378.26000,3.4887735e-11,1.4398198e-13
378.27000,3.4823714e-11,1.4324837e-13
378.28000,3.4753993e-11,1.4328922e-13
378.29000,3.4703264e-11,1.4477939e-13
378.30000,3.4670344e-11,1.4655790e-13
378.31000,3.4622925e-11,1.4710751e-13
378.32000,3.4479285e-11,1.4612573e-13
378.33000,3.4155647e-11,1.4458394e-13
378.34000,3.3681755e-11,1.4310805e-13
378.35000,3.3418359e-11,1.4232128e-13
378.36000,3.3757216e-11,1.4287084e-13
378.37000,3.4527761e-11,1.4433904e-13
378.38000,3.5114200e-11,1.4539028e-13
378.39000,3.5384318e-11,1.4618784e-13
378.40000,3.5483184e-11,1.4752189e-13
378.41000,3.5486610e-11,1.4894766e-13
378.42000,3.5434445e-11,1.4910763e-13
378.43000,3.5381066e-11,1.4835777e-13
378.44000,3.5360249e-11,1.4839115e-13
378.45000,3.5363367e-11,1.4932200e-13
378.46000,3.5369835e-11,1.5027421e-13
378.47000,3.5372963e-11,1.5115625e-13
378.48000,3.5354875e-11,1.5172029e-13
378.49000,3.5326602e-11,1.5166812e-13
378.50000,3.5327643e-11,1.5142995e-13
378.51000,3.5328070e-11,1.5168417e-13
378.52000,3.5276336e-11,1.5264905e-13
378.53000,3.5194555e-11,1.5351975e-13
378.54000,3.5121762e-11,1.5309982e-13
378.55000,3.5053208e-11,1.5185363e-13
378.56000,3.4961193e-11,1.5142963e-13
378.57000,3.4855919e-11,1.5194879e-13
378.58000,3.4758898e-11,1.5123952e-13
378.59000,3.4676705e-11,1.4914148e-13
378.60000,3.4627936e-11,1.4759822e-13
378.61000,3.4631274e-11,1.4744195e-13
378.62000,3.4667449e-11,1.4847464e-13
378.63000,3.4691739e-11,1.4987122e-13
378.64000,3.4685175e-11,1.5145861e-13
378.65000,3.4648268e-11,1.5293904e-13
378.66000,3.4613075e-11,1.5399878e-13
378.67000,3.4621230e-11,1.5495970e-13
378.68000,3.4641135e-11,1.5511129e-13
378.69000,3.4628489e-11,1.5406355e-13
378.70000,3.4563036e-11,1.5289451e-13
378.71000,3.4451218e-11,1.5249351e-13
378.72000,3.4293753e-11,1.5249015e-13
378.73000,3.4128408e-11,1.5173499e-13
378.74000,3.4017136e-11,1.5107611e-13
378.75000,3.3959630e-11,1.5157555e-13
378.76000,3.3895517e-11,1.5157470e-13
378.77000,3.3829079e-11,1.5109192e-13
378.78000,3.3785893e-11,1.5169568e-13
378.79000,3.3699322e-11,1.5264506e-13
378.80000,3.3521869e-11,1.5240570e-13
378.81000,3.3343889e-11,1.5151983e-13
378.82000,3.3240741e-11,1.5127791e-13
378.83000,3.3165586e-11,1.5096932e-13
378.84000,3.3057941e-11,1.5005382e-13
378.85000,3.2935736e-11,1.4975319e-13
378.86000,3.2860294e-11,1.5047047e-13
378.87000,3.2856205e-11,1.5145021e-13
378.88000,3.2874534e-11,1.5233233e-13
378.89000,3.2822888e-11,1.5258338e-13
378.90000,3.2689861e-11,1.5204440e-13
378.91000,3.2544756e-11,1.5140162e-13
378.92000,3.2421764e-11,1.5098951e-13
378.93000,3.2290537e-11,1.4991266e-13
378.94000,3.2128741e-11,1.4878969e-13
378.95000,3.1962563e-11,1.4888948e-13
378.96000,3.1813134e-11,1.4923203e-13
378.97000,3.1671383e-11,1.4911939e-13
378.98000,3.1532338e-11,1.4881866e-13
378.99000,3.1402362e-11,1.4892939e-13
379.00000,3.1270993e-11,1.4979031e-13
379.01000,3.1122513e-11,1.4991446e-13
379.02000,3.0966221e-11,1.4829264e-13
379.03000,3.0815678e-11,1.4641643e-13
379.04000,3.0651217e-11,1.4503873e-13
379.05000,3.0473270e-11,1.4419185e-13
379.06000,3.0326741e-11,1.4399167e-13
379.07000,3.0200016e-11,1.4377280e-13
379.08000,3.0040480e-11,1.4286347e-13
379.09000,2.9853663e-11,1.4130314e-13
379.10000,2.9677530e-11,1.4050112e-13
379.11000,2.9501780e-11,1.4036014e-13
379.12000,2.9320741e-11,1.3941163e-13
379.13000,2.9144145e-11,1.3846181e-13
379.14000,2.8947699e-11,1.3891398e-13
379.15000,2.8716786e-11,1.4006102e-13
379.16000,2.8491970e-11,1.4164464e-13
379.17000,2.8301421e-11,1.4256126e-13
379.18000,2.8114987e-11,1.4117269e-13
379.19000,2.7896910e-11,1.3955660e-13
379.20000,2.7649960e-11,1.3996420e-13
379.21000,2.7393987e-11,1.4033837e-13
379.22000,2.7149841e-11,1.3806545e-13
379.23000,2.6925079e-11,1.3492851e-13
379.24000,2.6723818e-11,1.3309060e-13
379.25000,2.6546381e-11,1.3237254e-13
379.26000,2.6361375e-11,1.3257215e-13
379.27000,2.6133460e-11,1.3330614e-13
379.28000,2.5860959e-11,1.3324579e-13
379.29000,2.5584653e-11,1.3223746e-13
379.30000,2.5327541e-11,1.3091776e-13
379.31000,2.5073823e-11,1.2982359e-13
379.32000,2.4813396e-11,1.2949999e-13
379.33000,2.4555432e-11,1.2920029e-13
379.34000,2.4311962e-11,1.2797481e-13
379.35000,2.4075656e-11,1.2683040e-13
379.36000,2.3824480e-11,1.2675873e-13
379.37000,2.3550999e-11,1.2710726e-13
379.38000,2.3252717e-11,1.2640810e-13
379.39000,2.2936779e-11,1.2449380e-13
379.40000,2.2629105e-11,1.2366240e-13
379.41000,2.2334938e-11,1.2513759e-13
379.42000,2.2043412e-11,1.2605318e-13
379.43000,2.1751357e-11,1.2316989e-13
379.44000,2.1448632e-11,1.1940886e-13
379.45000,2.1138676e-11,1.1975709e-13
379.46000,2.0833884e-11,1.2190153e-13
379.47000,2.0533386e-11,1.2073269e-13
379.48000,2.0238210e-11,1.1802514e-13
379.49000,1.9950334e-11,1.1765182e-13
379.50000,1.9671448e-11,1.1797383e-13
379.51000,1.9403318e-11,1.1563534e-13
379.52000,1.9133889e-11,1.1156765e-13
379.53000,1.8850356e-11,1.0937990e-13
379.54000,1.8564810e-11,1.0952351e-13
379.55000,1.8282962e-11,1.0956656e-13
379.56000,1.7999565e-11,1.0818534e-13
379.57000,1.7713882e-11,1.0667830e-13
379.58000,1.7418565e-11,1.0580304e-13
379.59000,1.7112310e-11,1.0455696e-13
379.60000,1.6807809e-11,1.0244911e-13
379.61000,1.6507762e-11,1.0052975e-13
379.62000,1.6198957e-11,9.9052768e-14
379.63000,1.5873637e-11,9.7543414e-14
379.64000,1.5540783e-11,9.6391226e-14
379.65000,1.5219662e-11,9.5668386e-14
379.66000,1.4908225e-11,9.4595914e-14
379.67000,1.4591268e-11,9.3157453e-14
379.68000,1.4274161e-11,9.2118070e-14
379.69000,1.3962896e-11,9.1700922e-14
379.70000,1.3643444e-11,9.1028967e-14
379.71000,1.3306823e-11,8.9580004e-14
379.72000,1.2959976e-11,8.8195432e-14
379.73000,1.2615552e-11,8.7413116e-14
379.74000,1.2282962e-11,8.6614852e-14
379.75000,1.1969631e-11,8.5550143e-14
379.76000,1.1667531e-11,8.4310876e-14
379.77000,1.1362870e-11,8.2674646e-14
379.78000,1.1063306e-11,8.0871453e-14
379.79000,1.0800330e-11,7.9742077e-14
379.80000,1.0630438e-11,7.9923558e-14
379.81000,1.0633671e-11,8.0692604e-14
379.82000,1.0835008e-11,8.1226321e-14
379.83000,1.1162208e-11,8.2173774e-14
379.84000,1.1519716e-11,8.3864671e-14
379.85000,1.1859622e-11,8.5353722e-14
379.86000,1.2185954e-11,8.6351557e-14
379.87000,1.2511396e-11,8.7514923e-14
379.88000,1.2824884e-11,8.9102506e-14
379.89000,1.3115381e-11,9.1008808e-14
379.90000,1.3391186e-11,9.2588963e-14
379.91000,1.3671574e-11,9.3166130e-14
379.92000,1.3961352e-11,9.3503052e-14
379.93000,1.4249771e-11,9.4611505e-14
379.94000,1.4536532e-11,9.6105571e-14
379.95000,1.4834713e-11,9.6989608e-14
379.96000,1.5142024e-11,9.7449726e-14
379.97000,1.5456420e-11,9.8187917e-14
379.98000,1.5780723e-11,9.8780075e-14
379.99000,1.6098456e-11,9.9114912e-14
380.00000,1.6399614e-11,1.0007618e-13
380.01000,1.6700840e-11,1.0127661e-13
380.02000,1.7009907e-11,1.0211307e-13
380.03000,1.7312761e-11,1.0297791e-13
380.04000,1.7600653e-11,1.0405998e-13
380.05000,1.7881351e-11,1.0555088e-13
380.06000,1.8171998e-11,1.0733448e-13
380.07000,1.8476207e-11,1.0920398e-13
380.08000,1.8769854e-11,1.1077488e-13
380.09000,1.9050978e-11,1.1116103e-13
380.10000,1.9335067e-11,1.1058570e-13
380.11000,1.9612848e-11,1.1044770e-13
380.12000,1.9883720e-11,1.1091081e-13
380.13000,2.0166906e-11,1.1131780e-13
380.14000,2.0462763e-11,1.1201273e-13
380.15000,2.0752939e-11,1.1301366e-13
380.16000,2.1032174e-11,1.1358862e-13
380.17000,2.1322685e-11,1.1388654e-13
380.18000,2.1626143e-11,1.1477630e-13
380.19000,2.1907881e-11,1.1602216e-13
380.20000,2.2163559e-11,1.1687092e-13
380.21000,2.2425994e-11,1.1774500e-13
380.22000,2.2704237e-11,1.1885273e-13
380.23000,2.2975490e-11,1.1951141e-13
380.24000,2.3232812e-11,1.1998958e-13
380.25000,2.3498575e-11,1.2120354e-13
380.26000,2.3777187e-11,1.2250228e-13
380.27000,2.4036192e-11,1.2278837e-13
380.28000,2.4273774e-11,1.2271993e-13
380.29000,2.4510105e-11,1.2289055e-13
380.30000,2.4738258e-11,1.2328943e-13
380.31000,2.4971516e-11,1.2428407e-13
380.32000,2.5226902e-11,1.2545063e-13
380.33000,2.5483389e-11,1.2615958e-13
380.34000,2.5724416e-11,1.2668506e-13
380.35000,2.5947862e-11,1.2724876e-13
380.36000,2.6168017e-11,1.2795485e-13
380.37000,2.6403821e-11,1.2887699e-13
380.38000,2.6652532e-11,1.2975478e-13
380.39000,2.6894608e-11,1.3050034e-13
380.40000,2.7112968e-11,1.3125825e-13
380.41000,2.7318955e-11,1.3222867e-13
380.42000,2.7535351e-11,1.3350426e-13
380.43000,2.7763942e-11,1.3444069e-13
380.44000,2.7986871e-11,1.3467741e-13
380.45000,2.8170563e-11,1.3448840e-13
380.46000,2.8305274e-11,1.3456012e-13
380.47000,2.8420512e-11,1.3509948e-13
380.48000,2.8543886e-11,1.3569001e-13
380.49000,2.8699820e-11,1.3628262e-13
380.50000,2.8878680e-11,1.3708841e-13
380.51000,2.9069001e-11,1.3819385e-13
380.52000,2.9278186e-11,1.3931203e-13
380.53000,2.9502378e-11,1.4013916e-13
380.54000,2.9704817e-11,1.4048738e-13
380.55000,2.9882219e-11,1.4078996e-13
380.56000,3.0084904e-11,1.4148315e-13
380.57000,3.0305630e-11,1.4229567e-13
380.58000,3.0481782e-11,1.4293927e-13
380.59000,3.0612453e-11,1.4339530e-13
380.60000,3.0732377e-11,1.4371934e-13
380.61000,3.0857479e-11,1.4417133e-13
380.62000,3.0995473e-11,1.4478337e-13
380.63000,3.1143090e-11,1.4554208e-13
380.64000,3.1265395e-11,1.4637770e-13
380.65000,3.1347798e-11,1.4713230e-13
380.66000,3.1419020e-11,1.4785772e-13
380.67000,3.1508981e-11,1.4861145e-13
380.68000,3.1639162e-11,1.4924397e-13
380.69000,3.1805894e-11,1.4960294e-13
380.70000,3.1994250e-11,1.4988337e-13
380.71000,3.2185718e-11,1.5040013e-13
380.72000,3.2369381e-11,1.5122374e-13
380.73000,3.2547721e-11,1.5219207e-13
380.74000,3.2733371e-11,1.5298829e-13
380.75000,3.2927240e-11,1.5348272e-13
380.76000,3.3107277e-11,1.5384424e-13
380.77000,3.3246318e-11,1.5418900e-13
380.78000,3.3360726e-11,1.5451032e-13
380.79000,3.3497230e-11,1.5492858e-13
380.80000,3.3654444e-11,1.5549166e-13
380.81000,3.3762422e-11,1.5597620e-13
380.82000,3.3805581e-11,1.5619074e-13
380.83000,3.3862279e-11,1.5628581e-13
380.84000,3.3980631e-11,1.5659296e-13
380.85000,3.4125823e-11,1.5731241e-13
380.86000,3.4256082e-11,1.5838223e-13
380.87000,3.4374851e-11,1.5929749e-13
380.88000,3.4505188e-11,1.5959872e-13
380.89000,3.4634726e-11,1.5945120e-13
380.90000,3.4733979e-11,1.5948555e-13
380.91000,3.4809817e-11,1.5990789e-13
380.92000,3.4884695e-11,1.6040957e-13
380.93000,3.4945649e-11,1.6085317e-13
380.94000,3.4980221e-11,1.6138726e-13
380.95000,3.5036910e-11,1.6193673e-13
380.96000,3.5164464e-11,1.6226729e-13
380.97000,3.5327777e-11,1.6237729e-13
380.98000,3.5437174e-11,1.6234280e-13
380.99000,3.5467880e-11,1.6224553e-13
381.00000,3.5482595e-11,1.6223809e-13
381.01000,3.5532875e-11,1.6238035e-13
381.02000,3.5604517e-11,1.6258869e-13
381.03000,3.5687691e-11,1.6284742e-13
381.04000,3.5774921e-11,1.6318040e-13
381.05000,3.5841862e-11,1.6354687e-13
381.06000,3.5901988e-11,1.6391514e-13
381.07000,3.5999409e-11,1.6437500e-13
381.08000,3.6122185e-11,1.6484569e-13
381.09000,3.6218199e-11,1.6527458e-13
381.10000,3.6282064e-11,1.6584608e-13
381.11000,3.6341138e-11,1.6661031e-13
381.12000,3.6395702e-11,1.6733135e-13
381.13000,3.6425743e-11,1.6773063e-13
381.14000,3.6446748e-11,1.6773331e-13
381.15000,3.6504116e-11,1.6765506e-13
381.16000,3.6582506e-11,1.6764827e-13
381.17000,3.6625399e-11,1.6753104e-13
381.18000,3.6622462e-11,1.6735838e-13
381.19000,3.6638385e-11,1.6759051e-13
381.20000,3.6740403e-11,1.6848074e-13
381.21000,3.6887461e-11,1.6943625e-13
381.22000,3.6917725e-11,1.6939050e-13
381.23000,3.6788196e-11,1.6856276e-13
381.24000,3.6613386e-11,1.6799813e-13
381.25000,3.6493928e-11,1.6820588e-13
381.26000,3.6439075e-11,1.6884613e-13
381.27000,3.6405539e-11,1.6914890e-13
381.28000,3.6382521e-11,1.6898203e-13
381.29000,3.6394245e-11,1.6889691e-13
381.30000,3.6456723e-11,1.6907200e-13
381.31000,3.6559978e-11,1.6916382e-13
381.32000,3.6698000e-11,1.6917522e-13
381.33000,3.6866676e-11,1.6963187e-13
381.34000,3.7005620e-11,1.7043570e-13
381.35000,3.7060618e-11,1.7069183e-13
381.36000,3.7053372e-11,1.7047175e-13
381.37000,3.7036082e-11,1.7058313e-13
381.38000,3.7018406e-11,1.7092681e-13
381.39000,3.6946288e-11,1.7105543e-13
381.40000,3.6695741e-11,1.7035826e-13
381.41000,3.6182323e-11,1.6859481e-13
381.42000,3.5491662e-11,1.6643985e-13
381.43000,3.5106873e-11,1.6536218e-13
381.44000,3.5521291e-11,1.6671980e-13
381.45000,3.6383535e-11,1.6942570e-13
381.46000,3.7026126e-11,1.7124925e-13
381.47000,3.7268750e-11,1.7171229e-13
381.48000,3.7364706e-11,1.7183124e-13
381.49000,3.7457835e-11,1.7235110e-13
381.50000,3.7502293e-11,1.7321148e-13
381.51000,3.7426094e-11,1.7349087e-13
381.52000,3.7250839e-11,1.7275740e-13
381.53000,3.7041110e-11,1.7178966e-13
381.54000,3.6870166e-11,1.7142227e-13
381.55000,3.6774358e-11,1.7143984e-13
381.56000,3.6757957e-11,1.7140997e-13
381.57000,3.6768826e-11,1.7112421e-13
381.58000,3.6684744e-11,1.7087290e-13
381.59000,3.6455192e-11,1.7066976e-13
381.60000,3.6289782e-11,1.7039247e-13
381.61000,3.6535096e-11,1.7085537e-13
381.62000,3.7072131e-11,1.7215428e-13
381.63000,3.7473408e-11,1.7361762e-13
381.64000,3.7652851e-11,1.7599832e-13
381.65000,3.7732641e-11,1.8028008e-13
381.66000,3.7795563e-11,1.8484199e-13
381.67000,3.7825115e-11,1.8735161e-13
381.68000,3.7823037e-11,1.8794191e-13
381.69000,3.7804614e-11,1.8783456e-13
381.70000,3.7764102e-11,1.8755758e-13
381.71000,3.7680771e-11,1.8694956e-13
381.72000,3.7562248e-11,1.8622392e-13
381.73000,3.7435525e-11,1.8555271e-13
381.74000,3.7296201e-11,1.8492285e-13
381.75000,3.7159365e-11,1.8447452e-13
381.76000,3.7106449e-11,1.8436243e-13
381.77000,3.7151670e-11,1.8414146e-13
381.78000,3.7211923e-11,1.8328806e-13
381.79000,3.7231133e-11,1.8225255e-13
381.80000,3.7203012e-11,1.8161132e-13
381.81000,3.7117189e-11,1.8141759e-13
381.82000,3.7006930e-11,1.8148142e-13
381.83000,3.6923031e-11,1.8160627e-13
381.84000,3.6873773e-11,1.8153574e-13
381.85000,3.6828518e-11,1.8105330e-13
381.86000,3.6728278e-11,1.8030898e-13
381.87000,3.6554164e-11,1.7946567e-13
381.88000,3.6350153e-11,1.7855646e-13
381.89000,3.6143518e-11,1.7770937e-13
381.90000,3.5934716e-11,1.7686900e-13
381.91000,3.5724167e-11,1.7603928e-13
381.92000,3.5511894e-11,1.7569221e-13
381.93000,3.5263362e-11,1.7551052e-13
381.94000,3.4947128e-11,1.7467740e-13
381.95000,3.4612098e-11,1.7308734e-13
381.96000,3.4284527e-11,1.7108026e-13
381.97000,3.3915659e-11,1.6895509e-13
381.98000,3.3522621e-11,1.6677797e-13
381.99000,3.3217971e-11,1.6498754e-13
382.00000,3.3112882e-11,1.6412107e-13
382.01000,3.3252489e-11,1.6438829e-13
382.02000,3.3558436e-11,1.6554949e-13
382.03000,3.3844423e-11,1.6699029e-13
382.04000,3.3886304e-11,1.6750452e-13
382.05000,3.3654973e-11,1.6655962e-13
382.06000,3.3582108e-11,1.6598168e-13
382.07000,3.4108372e-11,1.6753922e-13
382.08000,3.4943470e-11,1.7016741e-13
382.09000,3.5533808e-11,1.7222859e-13
382.10000,3.5800526e-11,1.7360447e-13
382.11000,3.5912824e-11,1.7446823e-13
382.12000,3.5961330e-11,1.7456070e-13
382.13000,3.5991460e-11,1.7429950e-13
382.14000,3.6036708e-11,1.7420600e-13
382.15000,3.6104481e-11,1.7407248e-13
382.16000,3.6172691e-11,1.7391755e-13
382.17000,3.6228024e-11,1.7391491e-13
382.18000,3.6233738e-11,1.7374501e-13
382.19000,3.6140569e-11,1.7324406e-13
382.20000,3.5982128e-11,1.7263596e-13
382.21000,3.5904527e-11,1.7216401e-13
382.22000,3.6010393e-11,1.7237925e-13
382.23000,3.6205210e-11,1.7337018e-13
382.24000,3.6289756e-11,1.7398498e-13
382.25000,3.6251335e-11,1.7379245e-13
382.26000,3.6196629e-11,1.7364897e-13
382.27000,3.6155198e-11,1.7393816e-13
382.28000,3.6079018e-11,1.7407274e-13
382.29000,3.5960031e-11,1.7356938e-13
382.30000,3.5878645e-11,1.7271407e-13
382.31000,3.5868852e-11,1.7240717e-13
382.32000,3.5868232e-11,1.7258254e-13
382.33000,3.5828070e-11,1.7276841e-13
382.34000,3.5759182e-11,1.7307526e-13
382.35000,3.5666684e-11,1.7288762e-13
382.36000,3.5529586e-11,1.7213072e-13
382.37000,3.5321627e-11,1.7132140e-13
382.38000,3.5047826e-11,1.7004915e-13
382.39000,3.4780815e-11,1.6868644e-13
382.40000,3.4579481e-11,1.6821609e-13
382.41000,3.4439679e-11,1.6798376e-13
382.42000,3.4311061e-11,1.6678569e-13
382.43000,3.4161749e-11,1.6528087e-13
382.44000,3.4045620e-11,1.6503085e-13
382.45000,3.4040607e-11,1.6609252e-13
382.46000,3.4121068e-11,1.6693264e-13
382.47000,3.4189101e-11,1.6654676e-13
382.48000,3.4137686e-11,1.6528402e-13
382.49000,3.3820760e-11,1.6350931e-13
382.50000,3.3283471e-11,1.6156615e-13
382.51000,3.2863587e-11,1.6025782e-13
382.52000,3.2838381e-11,1.6041374e-13
382.53000,3.3034796e-11,1.6173785e-13
382.54000,3.3108747e-11,1.6273114e-13
382.55000,3.3044568e-11,1.6294865e-13
382.56000,3.2969546e-11,1.6345911e-13
382.57000,3.2902735e-11,1.6402658e-13
382.58000,3.2766165e-11,1.6304550e-13
382.59000,3.2448185e-11,1.6040512e-13
382.60000,3.2046967e-11,1.5786800e-13
382.61000,3.1920861e-11,1.5699712e-13
382.62000,3.2192964e-11,1.5823771e-13
382.63000,3.2502687e-11,1.6014351e-13
382.64000,3.2548875e-11,1.6150844e-13
382.65000,3.2404595e-11,1.6208836e-13
382.66000,3.2229353e-11,1.6146612e-13
382.67000,3.2083243e-11,1.6021668e-13
382.68000,3.1947105e-11,1.5946119e-13
382.69000,3.1763024e-11,1.5929638e-13
382.70000,3.1447235e-11,1.5853157e-13
382.71000,3.0938121e-11,1.5631859e-13
382.72000,3.0347446e-11,1.5402665e-13
382.73000,2.9983340e-11,1.5308376e-13
382.74000,3.0017973e-11,1.5314609e-13
382.75000,3.0190316e-11,1.5347208e-13
382.76000,3.0232028e-11,1.5393591e-13
382.77000,3.0152764e-11,1.5401406e-13
382.78000,3.0006151e-11,1.5367198e-13
382.79000,2.9788516e-11,1.5329880e-13
382.80000,2.9608084e-11,1.5326618e-13
382.81000,2.9616375e-11,1.5375104e-13
382.82000,2.9715521e-11,1.5408704e-13
382.83000,2.9680497e-11,1.5400824e-13
382.84000,2.9420606e-11,1.5345959e-13
382.85000,2.9006335e-11,1.5236578e-13
382.86000,2.8665151e-11,1.5153220e-13
382.87000,2.8475563e-11,1.5130419e-13
382.88000,2.8297628e-11,1.5097804e-13
382.89000,2.8052213e-11,1.5017978e-13
382.90000,2.7787719e-11,1.4926744e-13
382.91000,2.7554829e-11,1.4851735e-13
382.92000,2.7322318e-11,1.4784295e-13
382.93000,2.7007687e-11,1.4691665e-13
382.94000,2.6562036e-11,1.4539558e-13
382.95000,2.6146733e-11,1.4384752e-13
382.96000,2.6057657e-11,1.4344545e-13
382.97000,2.6247584e-11,1.4400161e-13
382.98000,2.6379765e-11,1.4445048e-13
382.99000,2.6308699e-11,1.4445883e-13
383.00000,2.6137002e-11,1.4412837e-13
383.01000,2.5950884e-11,1.4342539e-13
383.02000,2.5741446e-11,1.4247263e-13
383.03000,2.5488904e-11,1.4159111e-13
383.04000,2.5202677e-11,1.4099162e-13
383.05000,2.4914092e-11,1.4047081e-13
383.06000,2.4635067e-11,1.3961341e-13
383.07000,2.4364955e-11,1.3847307e-13
383.08000,2.4099158e-11,1.3728727e-13
383.09000,2.3831313e-11,1.3608602e-13
383.10000,2.3561172e-11,1.3489827e-13
383.11000,2.3303991e-11,1.3388126e-13
383.12000,2.3057295e-11,1.3291596e-13
383.13000,2.2785177e-11,1.3175464e-13
383.14000,2.2487037e-11,1.3053766e-13
383.15000,2.2174661e-11,1.2932466e-13
383.16000,2.1824185e-11,1.2791152e-13
383.17000,2.1430724e-11,1.2635740e-13
383.18000,2.1039536e-11,1.2487230e-13
383.19000,2.0720580e-11,1.2359505e-13
383.20000,2.0475961e-11,1.2253838e-13
383.21000,2.0208121e-11,1.2134571e-13
383.22000,1.9811228e-11,1.1961806e-13
383.23000,1.9250694e-11,1.1739224e-13
383.24000,1.8650429e-11,1.1521650e-13
383.25000,1.8298582e-11,1.1401200e-13
383.26000,1.8317374e-11,1.1404226e-13
383.27000,1.8450719e-11,1.1429024e-13
383.28000,1.8394487e-11,1.1364442e-13
383.29000,1.8180078e-11,1.1233670e-13
383.30000,1.7929779e-11,1.1107185e-13
383.31000,1.7671118e-11,1.1000243e-13
383.32000,1.7393132e-11,1.0885416e-13
383.33000,1.7084018e-11,1.0757896e-13
383.34000,1.6752068e-11,1.0633717e-13
383.35000,1.6416767e-11,1.0508850e-13
383.36000,1.6081579e-11,1.0374108e-13
383.37000,1.5748727e-11,1.0236742e-13
383.38000,1.5428025e-11,1.0101719e-13
383.39000,1.5109609e-11,9.9628883e-14
383.40000,1.4786781e-11,9.8280161e-14
383.41000,1.4471790e-11,9.7056625e-14
383.42000,1.4164650e-11,9.5813512e-14
383.43000,1.3866218e-11,9.4530537e-14
383.44000,1.3589399e-11,9.3290937e-14
383.45000,1.3320988e-11,9.2076946e-14
383.46000,1.3026583e-11,9.0902745e-14
383.47000,1.2699897e-11,8.9746946e-14
383.48000,1.2362519e-11,8.8502253e-14
383.49000,1.2027937e-11,8.7200691e-14
383.50000,1.1683273e-11,8.5941612e-14
383.51000,1.1328787e-11,8.4670331e-14
383.52000,1.0977571e-11,8.3354105e-14
383.53000,1.0641240e-11,8.2105975e-14
383.54000,1.0363363e-11,8.1050782e-14
383.55000,1.0207466e-11,8.0359230e-14
383.56000,1.0237171e-11,8.0378729e-14
383.57000,1.0460728e-11,8.1260238e-14
383.58000,1.0837406e-11,8.2866293e-14
383.59000,1.1255826e-11,8.4666600e-14
383.60000,1.1642736e-11,8.6370725e-14
383.61000,1.1993545e-11,8.8065716e-14
383.62000,1.2324111e-11,8.9813166e-14
383.63000,1.2639124e-11,9.1355694e-14
383.64000,1.2941232e-11,9.2526331e-14
383.65000,1.3241334e-11,9.3525505e-14
383.66000,1.3547522e-11,9.4556963e-14
383.67000,1.3869915e-11,9.5767491e-14
383.68000,1.4200171e-11,9.7147513e-14
383.69000,1.4513263e-11,9.8555328e-14
383.70000,1.4806714e-11,9.9977827e-14
383.71000,1.5103941e-11,1.0144470e-13
383.72000,1.5419411e-11,1.0289200e-13
383.73000,1.5767066e-11,1.0451522e-13
383.74000,1.6145844e-11,1.0656354e-13
383.75000,1.6454009e-11,1.0817536e-13
383.76000,1.6607414e-11,1.0837759e-13
383.77000,1.6704346e-11,1.0810042e-13
383.78000,1.6856627e-11,1.0841069e-13
383.79000,1.7071152e-11,1.0926779e-13
383.80000,1.7315618e-11,1.1029194e-13
383.81000,1.7566253e-11,1.1131246e-13
383.82000,1.7752963e-11,1.1200616e-13
383.83000,1.7754564e-11,1.1198040e-13
383.84000,1.7643993e-11,1.1156909e-13
383.85000,1.7822899e-11,1.1233495e-13
383.86000,1.8494092e-11,1.1496533e-13
383.87000,1.9325800e-11,1.1803133e-13
383.88000,1.9929031e-11,1.2017922e-13
383.89000,2.0296007e-11,1.2149666e-13
383.90000,2.0582558e-11,1.2259564e-13
383.91000,2.0853858e-11,1.2366125e-13
383.92000,2.1116889e-11,1.2455015e-13
383.93000,2.1398752e-11,1.2547278e-13
383.94000,2.1705142e-11,1.2657468e-13
383.95000,2.1997862e-11,1.2758919e-13
383.96000,2.2249161e-11,1.2851075e-13
383.97000,2.2437404e-11,1.2935703e-13
383.98000,2.2592797e-11,1.3002487e-13
383.99000,2.2777909e-11,1.3075663e-13
384.00000,2.3019134e-11,1.3176978e-13
384.01000,2.3278338e-11,1.3270448e-13
384.02000,2.3496034e-11,1.3328785e-13
384.03000,2.3668797e-11,1.3389661e-13
384.04000,2.3821952e-11,1.3467377e-13
384.05000,2.3976096e-11,1.3523185e-13
384.06000,2.4194524e-11,1.3571067e-13
384.07000,2.4520641e-11,1.3667255e-13
384.08000,2.4886569e-11,1.3802971e-13
384.09000,2.5207456e-11,1.3926994e-13
384.10000,2.5466932e-11,1.4001210e-13
384.11000,2.5695003e-11,1.4045330e-13
384.12000,2.5943146e-11,1.4112924e-13
384.13000,2.6266333e-11,1.4236344e-13
384.14000,2.6626254e-11,1.4407429e-13
384.15000,2.6925845e-11,1.4571031e-13
384.16000,2.7171445e-11,1.4667337e-13
384.17000,2.7414684e-11,1.4694599e-13
384.18000,2.7640417e-11,1.4713720e-13
384.19000,2.7836500e-11,1.4769448e-13
384.20000,2.8031057e-11,1.4849932e-13
384.21000,2.8223491e-11,1.4925844e-13
384.22000,2.8387263e-11,1.4988028e-13
384.23000,2.8530361e-11,1.5047126e-13
384.24000,2.8684746e-11,1.5118479e-13
384.25000,2.8854262e-11,1.5204037e-13
384.26000,2.9017814e-11,1.5301609e-13
384.27000,2.9172777e-11,1.5412923e-13
384.28000,2.9334817e-11,1.5524439e-13
384.29000,2.9511184e-11,1.5617703e-13
384.30000,2.9674818e-11,1.5679696e-13
384.31000,2.9832215e-11,1.5715638e-13
384.32000,3.0018827e-11,1.5752161e-13
384.33000,3.0206543e-11,1.5787199e-13
384.34000,3.0362702e-11,1.5800582e-13
384.35000,3.0530675e-11,1.5796507e-13
384.36000,3.0756088e-11,1.5794146e-13
384.37000,3.0999851e-11,1.5803046e-13
384.38000,3.1195136e-11,1.5831492e-13
384.39000,3.1348804e-11,1.5883261e-13
384.40000,3.1509040e-11,1.5941273e-13
384.41000,3.1674107e-11,1.6004882e-13
384.42000,3.1801091e-11,1.6098880e-13
384.43000,3.1888155e-11,1.6227923e-13
384.44000,3.1971475e-11,1.6328230e-13
384.45000,3.2054715e-11,1.6324124e-13
384.46000,3.2151140e-11,1.6273367e-13
384.47000,3.2258247e-11,1.6260546e-13
384.48000,3.2327229e-11,1.6282123e-13
384.49000,3.2356574e-11,1.6324772e-13
384.50000,3.2411531e-11,1.6366652e-13
384.51000,3.2467011e-11,1.6355552e-13
384.52000,3.2370367e-11,1.6286052e-13
384.53000,3.2143072e-11,1.6220616e-13
384.54000,3.2165530e-11,1.6268364e-13
384.55000,3.2657214e-11,1.6449039e-13
384.56000,3.3242156e-11,1.6628842e-13
384.57000,3.3561855e-11,1.6735752e-13
384.58000,3.3683392e-11,1.6793458e-13
384.59000,3.3770670e-11,1.6808166e-13
384.60000,3.3884848e-11,1.6807159e-13
384.61000,3.3975947e-11,1.6822184e-13
384.62000,3.4056014e-11,1.6836201e-13
384.63000,3.4161587e-11,1.6852931e-13
384.64000,3.4271151e-11,1.6906334e-13
384.65000,3.4372222e-11,1.6968507e-13
384.66000,3.4492998e-11,1.7023200e-13
384.67000,3.4606443e-11,1.7092474e-13
384.68000,3.4663621e-11,1.7131972e-13
384.69000,3.4718152e-11,1.7138194e-13
384.70000,3.4833335e-11,1.7158197e-13
384.71000,3.5003735e-11,1.7198665e-13
384.72000,3.5178338e-11,1.7251677e-13
384.73000,3.5328382e-11,1.7298248e-13
384.74000,3.5468705e-11,1.7342254e-13
384.75000,3.5585727e-11,1.7385344e-13
384.76000,3.5635012e-11,1.7402084e-13
384.77000,3.5642386e-11,1.7402268e-13
384.78000,3.5674446e-11,1.7402850e-13
384.79000,3.5761815e-11,1.7414894e-13
384.80000,3.5824508e-11,1.7412143e-13
384.81000,3.5706172e-11,1.7345918e-13
384.82000,3.5267763e-11,1.7191187e-13
384.83000,3.4628702e-11,1.7001526e-13
384.84000,3.4285433e-11,1.6913506e-13
384.85000,3.4626302e-11,1.7031035e-13
384.86000,3.5412769e-11,1.7288231e-13
384.87000,3.6025006e-11,1.7491709e-13
384.88000,3.6262988e-11,1.7557104e-13
384.89000,3.6308470e-11,1.7551456e-13
384.90000,3.6330552e-11,1.7558635e-13
384.91000,3.6374918e-11,1.7594512e-13
384.92000,3.6354892e-11,1.7599231e-13
384.93000,3.6215500e-11,1.7549903e-13
384.94000,3.5973235e-11,1.7474423e-13
384.95000,3.5592601e-11,1.7364282e-13
384.96000,3.5019940e-11,1.7199134e-13
384.97000,3.4546017e-11,1.7052028e-13
384.98000,3.4742558e-11,1.7096357e-13
384.99000,3.5555841e-11,1.7334693e-13
385.00000,3.6347871e-11,1.7554999e-13
385.01000,3.6735919e-11,1.7635549e-13
385.02000,3.6850409e-11,1.7657731e-13
385.03000,3.6797316e-11,1.7657144e-13
385.04000,3.6526999e-11,1.7577477e-13
385.05000,3.6177865e-11,1.7451921e-13
385.06000,3.6117521e-11,1.7425736e-13
385.07000,3.6548044e-11,1.7570209e-13
385.08000,3.7124931e-11,1.7755574e-13
385.09000,3.7499540e-11,1.7862999e-13
385.10000,3.7674357e-11,1.7896358e-13
385.11000,3.7756201e-11,1.7888859e-13
385.12000,3.7861803e-11,1.7883102e-13
385.13000,3.8023544e-11,1.7909082e-13
385.14000,3.8181390e-11,1.7961976e-13
385.15000,3.8291661e-11,1.8040221e-13
385.16000,3.8355225e-11,1.8130614e-13
385.17000,3.8377738e-11,1.8178555e-13
385.18000,3.8380492e-11,1.8170632e-13
385.19000,3.8390249e-11,1.8153565e-13
385.20000,3.8407537e-11,1.8158629e-13
385.21000,3.8396422e-11,1.8177252e-13
385.22000,3.8380694e-11,1.8188812e-13
385.23000,3.8419210e-11,1.8186362e-13
385.24000,3.8501850e-11,1.8181447e-13
385.25000,3.8587879e-11,1.8180253e-13
385.26000,3.8656510e-11,1.8187512e-13
385.27000,3.8701953e-11,1.8196953e-13
385.28000,3.8719202e-11,1.8196709e-13
385.29000,3.8702000e-11,1.8190099e-13
385.30000,3.8639425e-11,1.8162460e-13
385.31000,3.8527502e-11,1.8103864e-13
385.32000,3.8382427e-11,1.8042993e-13
385.33000,3.8295505e-11,1.8013735e-13
385.34000,3.8274221e-11,1.7993665e-13
385.35000,3.8035633e-11,1.7888040e-13
385.36000,3.7001435e-11,1.7530256e-13
385.37000,3.4940891e-11,1.6854570e-13
385.38000,3.2834769e-11,1.6166676e-13
385.39000,3.2640786e-11,1.6093638e-13
385.40000,3.4869885e-11,1.6814057e-13
385.41000,3.7390129e-11,1.7645753e-13
385.42000,3.8719106e-11,1.8103543e-13
385.43000,3.9113878e-11,1.8251486e-13
385.44000,3.9204254e-11,1.8276388e-13
385.45000,3.9257751e-11,1.8271423e-13
385.46000,3.9309260e-11,1.8258085e-13
385.47000,3.9346402e-11,1.8249645e-13
385.48000,3.9375747e-11,1.8253229e-13
385.49000,3.9389064e-11,1.8247694e-13
385.50000,3.9371794e-11,1.8221972e-13
385.51000,3.9333829e-11,1.8195429e-13
385.52000,3.9260314e-11,1.8177580e-13
385.53000,3.9087615e-11,1.8141151e-13
385.54000,3.8810656e-11,1.8062126e-13
385.55000,3.8510234e-11,1.7947160e-13
385.56000,3.8248803e-11,1.7825081e-13
385.57000,3.7956617e-11,1.7710411e-13
385.58000,3.7437629e-11,1.7527505e-13
385.59000,3.6168398e-11,1.7121070e-13
385.60000,3.3572751e-11,1.6279335e-13
385.61000,3.0079452e-11,1.5120312e-13
385.62000,2.8074622e-11,1.4481902e-13
385.63000,2.9874246e-11,1.5075582e-13
385.64000,3.4010156e-11,1.6373799e-13
385.65000,3.7339212e-11,1.7455527e-13
385.66000,3.8841885e-11,1.8003475e-13
385.67000,3.9392322e-11,1.8151532e-13
385.68000,3.9590332e-11,1.8114185e-13
385.69000,3.9672486e-11,1.8134221e-13
385.70000,3.9733356e-11,1.8296890e-13
385.71000,3.9785230e-11,1.8445801e-13
385.72000,3.9803515e-11,1.8402342e-13
385.73000,3.9792114e-11,1.8225919e-13
385.74000,3.9773363e-11,1.8075970e-13
385.75000,3.9744117e-11,1.8009087e-13
385.76000,3.9643441e-11,1.7998452e-13
385.77000,3.9464992e-11,1.7999828e-13
385.78000,3.9318142e-11,1.8017231e-13
385.79000,3.9274056e-11,1.8054022e-13
385.80000,3.9316680e-11,1.8090255e-13
385.81000,3.9383879e-11,1.8104110e-13
385.82000,3.9450499e-11,1.8092939e-13
385.83000,3.9543847e-11,1.8071330e-13
385.84000,3.9654968e-11,1.8043386e-13
385.85000,3.9720299e-11,1.8002577e-13
385.86000,3.9722727e-11,1.7963161e-13
385.87000,3.9691676e-11,1.7974516e-13
385.88000,3.9646782e-11,1.8085334e-13
385.89000,3.9603471e-11,1.8286206e-13
385.90000,3.9565518e-11,1.8449909e-13
385.91000,3.9484226e-11,1.8418802e-13
385.92000,3.9333325e-11,1.8239214e-13
385.93000,3.9131722e-11,1.8113241e-13
385.94000,3.8947486e-11,1.8146294e-13
385.95000,3.8853516e-11,1.8213981e-13
385.96000,3.8890850e-11,1.8201175e-13
385.97000,3.9015682e-11,1.8213947e-13
385.98000,3.9136907e-11,1.8320015e-13
385.99000,3.9181725e-11,1.8377444e-13
386.00000,3.9167600e-11,1.8360923e-13
386.01000,3.9213723e-11,1.8398273e-13
386.02000,3.9401670e-11,1.8490879e-13
386.03000,3.9640692e-11,1.8599775e-13
386.04000,3.9840817e-11,1.8712473e-13
386.05000,3.9983090e-11,1.8787321e-13
386.06000,4.0013480e-11,1.8813542e-13
386.07000,3.9919442e-11,1.8798065e-13
386.08000,3.9801112e-11,1.8782182e-13
386.09000,3.9780714e-11,1.8795450e-13
386.10000,3.9858748e-11,1.8826398e-13
386.11000,3.9957080e-11,1.8868074e-13
386.12000,4.0010606e-11,1.8921850e-13
386.13000,4.0018135e-11,1.8975616e-13
386.14000,4.0032398e-11,1.8998122e-13
386.15000,4.0083999e-11,1.8975609e-13
386.16000,4.0131927e-11,1.8930821e-13
386.17000,4.0109322e-11,1.8894242e-13
386.18000,3.9972100e-11,1.8860087e-13
386.19000,3.9721185e-11,1.8788542e-13
386.20000,3.9409177e-11,1.8674118e-13
386.21000,3.9131366e-11,1.8557145e-13
386.22000,3.8929893e-11,1.8474870e-13
386.23000,3.8760415e-11,1.8416720e-13
386.24000,3.8361407e-11,1.8284814e-13
386.25000,3.7145211e-11,1.7883799e-13
386.26000,3.4525301e-11,1.7021364e-13
386.27000,3.1292607e-11,1.5954833e-13
386.28000,2.9933965e-11,1.5494338e-13
386.29000,3.2123987e-11,1.6189707e-13
386.30000,3.5828624e-11,1.7382321e-13
386.31000,3.8310916e-11,1.8183538e-13
386.32000,3.9239328e-11,1.8477762e-13
386.33000,3.9389986e-11,1.8502514e-13
386.34000,3.9349335e-11,1.8447725e-13
386.35000,3.9288556e-11,1.8382814e-13
386.36000,3.9276907e-11,1.8346715e-13
386.37000,3.9334284e-11,1.8349335e-13
386.38000,3.9387373e-11,1.8340092e-13
386.39000,3.9346381e-11,1.8278467e-13
386.40000,3.9199555e-11,1.8192840e-13
386.41000,3.9086131e-11,1.8142928e-13
386.42000,3.9169879e-11,1.8155556e-13
386.43000,3.9414670e-11,1.8214422e-13
386.44000,3.9635888e-11,1.8271111e-13
386.45000,3.9724872e-11,1.8292517e-13
386.46000,3.9691780e-11,1.8268995e-13
386.47000,3.9590487e-11,1.8189694e-13
386.48000,3.9412733e-11,1.8056294e-13
386.49000,3.9150388e-11,1.7899943e-13
386.50000,3.8894292e-11,1.7772807e-13
386.51000,3.8768931e-11,1.7706322e-13
386.52000,3.8741864e-11,1.7671550e-13
386.53000,3.8732956e-11,1.7648764e-13
386.54000,3.8741974e-11,1.7650363e-13
386.55000,3.8741455e-11,1.7672424e-13
386.56000,3.8621060e-11,1.7661263e-13
386.57000,3.8422189e-11,1.7601680e-13
386.58000,3.8430996e-11,1.7599166e-13
386.59000,3.8781166e-11,1.7746139e-13
386.60000,3.9156810e-11,1.7934960e-13
386.61000,3.9290521e-11,1.7987938e-13
386.62000,3.9254748e-11,1.7892672e-13
386.63000,3.9204177e-11,1.7794646e-13
386.64000,3.9156549e-11,1.7753230e-13
386.65000,3.9110536e-11,1.7731554e-13
386.66000,3.9070427e-11,1.7707203e-13
386.67000,3.9029231e-11,1.7704871e-13
386.68000,3.8985967e-11,1.7745822e-13
386.69000,3.8962289e-11,1.7796664e-13
386.70000,3.8964943e-11,1.7801952e-13
386.71000,3.8961824e-11,1.7768863e-13
386.72000,3.8916456e-11,1.7737800e-13
386.73000,3.8809922e-11,1.7706610e-13
386.74000,3.8638151e-11,1.7657289e-13
386.75000,3.8350079e-11,1.7567763e-13
386.76000,3.7943813e-11,1.7443053e-13
386.77000,3.7546978e-11,1.7334747e-13
386.78000,3.7369857e-11,1.7305535e-13
386.79000,3.7481978e-11,1.7356073e-13
386.80000,3.7822613e-11,1.7465111e-13
386.81000,3.8214178e-11,1.7601185e-13
386.82000,3.8511038e-11,1.7707479e-13
386.83000,3.8674543e-11,1.7761619e-13
386.84000,3.8748922e-11,1.7800081e-13
386.85000,3.8792986e-11,1.7825826e-13
386.86000,3.8818681e-11,1.7820667e-13
386.87000,3.8824727e-11,1.7804142e-13
386.88000,3.8824275e-11,1.7801089e-13
386.89000,3.8799680e-11,1.7805651e-13
386.90000,3.8732452e-11,1.7807701e-13
386.91000,3.8667334e-11,1.7817334e-13
386.92000,3.8641435e-11,1.7833139e-13
386.93000,3.8632899e-11,1.7839200e-13
386.94000,3.8628307e-11,1.7828814e-13
386.95000,3.8623707e-11,1.7804280e-13
386.96000,3.8619408e-11,1.7784877e-13
386.97000,3.8619938e-11,1.7788278e-13
386.98000,3.8602529e-11,1.7810172e-13
386.99000,3.8563671e-11,1.7825108e-13
387.00000,3.8538365e-11,1.7824198e-13
387.01000,3.8545634e-11,1.7825871e-13
387.02000,3.8554905e-11,1.7831748e-13
387.03000,3.8537138e-11,1.7826962e-13
387.04000,3.8495313e-11,1.7813703e-13
387.05000,3.8437558e-11,1.7784167e-13
387.06000,3.8400697e-11,1.7751649e-13
387.07000,3.8418402e-11,1.7757657e-13
387.08000,3.8426003e-11,1.7784027e-13
387.09000,3.8340152e-11,1.7784015e-13
387.10000,3.8192110e-11,1.7752148e-13
387.11000,3.8061308e-11,1.7716210e-13
387.12000,3.7972100e-11,1.7689337e-13
387.13000,3.7898063e-11,1.7658248e-13
387.14000,3.7835911e-11,1.7612925e-13
387.15000,3.7809362e-11,1.7570318e-13
387.16000,3.7808719e-11,1.7561384e-13
387.17000,3.7762834e-11,1.7569475e-13
387.18000,3.7629716e-11,1.7559207e-13
387.19000,3.7459176e-11,1.7518381e-13
387.20000,3.7305287e-11,1.7464344e-13
387.21000,3.7180409e-11,1.7416766e-13
387.22000,3.7082519e-11,1.7378439e-13
387.23000,3.7011262e-11,1.7361032e-13
387.24000,3.6974394e-11,1.7363781e-13
387.25000,3.6962735e-11,1.7367508e-13
387.26000,3.6942358e-11,1.7370919e-13
387.27000,3.6885337e-11,1.7353637e-13
387.28000,3.6766004e-11,1.7297223e-13
387.29000,3.6627070e-11,1.7252334e-13
387.30000,3.6651057e-11,1.7279590e-13
387.31000,3.6864481e-11,1.7342523e-13
387.32000,3.7063659e-11,1.7381989e-13
387.33000,3.7136258e-11,1.7406463e-13
387.34000,3.7149153e-11,1.7425911e-13
387.35000,3.7124213e-11,1.7398932e-13
387.36000,3.7070668e-11,1.7342672e-13
387.37000,3.7026892e-11,1.7327156e-13
387.38000,3.6991882e-11,1.7347774e-13
387.39000,3.6942738e-11,1.7335529e-13
387.40000,3.6894134e-11,1.7290213e-13
387.41000,3.6867760e-11,1.7270483e-13
387.42000,3.6869270e-11,1.7292932e-13
387.43000,3.6895008e-11,1.7335340e-13
387.44000,3.6913549e-11,1.7324785e-13
387.45000,3.6888520e-11,1.7246299e-13
387.46000,3.6819934e-11,1.7172779e-13
387.47000,3.6761969e-11,1.7139099e-13
387.48000,3.6737371e-11,1.7123172e-13
387.49000,3.6698788e-11,1.7140006e-13
387.50000,3.6615387e-11,1.7196461e-13
387.51000,3.6507195e-11,1.7244205e-13
387.52000,3.6406100e-11,1.7222786e-13
387.53000,3.6320993e-11,1.7136514e-13
387.54000,3.6228177e-11,1.7032895e-13
387.55000,3.6115135e-11,1.6945301e-13
387.56000,3.6029315e-11,1.6888740e-13
387.57000,3.6007972e-11,1.6881261e-13
387.58000,3.6016385e-11,1.6910652e-13
387.59000,3.6004476e-11,1.6926157e-13
387.60000,3.5959010e-11,1.6904829e-13
387.61000,3.5863432e-11,1.6852342e-13
387.62000,3.5727098e-11,1.6782986e-13
387.63000,3.5598476e-11,1.6718201e-13
387.64000,3.5507746e-11,1.6667945e-13
387.65000,3.5454768e-11,1.6630904e-13
387.66000,3.5402166e-11,1.6601693e-13
387.67000,3.5313301e-11,1.6577311e-13
387.68000,3.5201787e-11,1.6577561e-13
387.69000,3.5102619e-11,1.6630476e-13
387.70000,3.5018650e-11,1.6710864e-13
387.71000,3.4940342e-11,1.6731190e-13
387.72000,3.4851353e-11,1.6634533e-13
387.73000,3.4705598e-11,1.6471529e-13
387.74000,3.4490096e-11,1.6328238e-13
387.75000,3.4277171e-11,1.6248738e-13
387.76000,3.4116515e-11,1.6209739e-13
387.77000,3.3977183e-11,1.6211217e-13
387.78000,3.3806581e-11,1.6228464e-13
387.79000,3.3599587e-11,1.6182890e-13
387.80000,3.3374129e-11,1.6066716e-13
387.81000,3.3152424e-11,1.5956573e-13
387.82000,3.2994150e-11,1.5906086e-13
387.83000,3.2954628e-11,1.5919620e-13
387.84000,3.2991275e-11,1.5941329e-13
387.85000,3.2988161e-11,1.5919391e-13
387.86000,3.2942959e-11,1.5888413e-13
387.87000,3.2921360e-11,1.5879675e-13
387.88000,3.2931350e-11,1.5867390e-13
387.89000,3.2939747e-11,1.5831290e-13
387.90000,3.2926878e-11,1.5810932e-13
387.91000,3.2882155e-11,1.5810625e-13
387.92000,3.2817487e-11,1.5784599e-13
387.93000,3.2777341e-11,1.5743160e-13
387.94000,3.2751945e-11,1.5723988e-13
387.95000,3.2667358e-11,1.5691252e-13
387.96000,3.2498730e-11,1.5627644e-13
387.97000,3.2299620e-11,1.5580825e-13
387.98000,3.2117230e-11,1.5531775e-13
387.99000,3.1967244e-11,1.5464422e-13
388.00000,3.1835276e-11,1.5407248e-13
388.01000,3.1704965e-11,1.5352311e-13
388.02000,3.1577344e-11,1.5306156e-13
388.03000,3.1449635e-11,1.5267413e-13
388.04000,3.1299158e-11,1.5209363e-13
388.05000,3.1129160e-11,1.5141525e-13
388.06000,3.0981067e-11,1.5082641e-13
388.07000,3.0850842e-11,1.5031397e-13
388.08000,3.0680878e-11,1.4982045e-13
388.09000,3.0492192e-11,1.4937904e-13
388.10000,3.0351106e-11,1.4889733e-13
388.11000,3.0240463e-11,1.4830657e-13
388.12000,3.0077708e-11,1.4770259e-13
388.13000,2.9863287e-11,1.4720204e-13
388.14000,2.9661963e-11,1.4676333e-13
388.15000,2.9476860e-11,1.4615424e-13
388.16000,2.9285806e-11,1.4541688e-13
388.17000,2.9107862e-11,1.4479465e-13
388.18000,2.8940138e-11,1.4430609e-13
388.19000,2.8756343e-11,1.4378311e-13
388.20000,2.8573534e-11,1.4324732e-13
388.21000,2.8400139e-11,1.4267031e-13
388.22000,2.8232400e-11,1.4191038e-13
388.23000,2.8086773e-11,1.4117699e-13
388.24000,2.7965074e-11,1.4080955e-13
388.25000,2.7829005e-11,1.4063092e-13
388.26000,2.7644867e-11,1.4008879e-13
388.27000,2.7418059e-11,1.3907375e-13
388.28000,2.7203205e-11,1.3818799e-13
388.29000,2.7022581e-11,1.3779107e-13
388.30000,2.6839117e-11,1.3750050e-13
388.31000,2.6638240e-11,1.3686686e-13
388.32000,2.6430765e-11,1.3607064e-13
388.33000,2.6237390e-11,1.3558570e-13
388.34000,2.6063705e-11,1.3552806e-13
388.35000,2.5864715e-11,1.3552481e-13
388.36000,2.5634545e-11,1.3507332e-13
388.37000,2.5404506e-11,1.3409308e-13
388.38000,2.5168884e-11,1.3301834e-13
388.39000,2.4919186e-11,1.3208384e-13
388.40000,2.4679512e-11,1.3127058e-13
388.41000,2.4446569e-11,1.3051133e-13
388.42000,2.4188878e-11,1.2966312e-13
388.43000,2.3913793e-11,1.2878726e-13
388.44000,2.3646811e-11,1.2795522e-13
388.45000,2.3407604e-11,1.2700410e-13
388.46000,2.3195032e-11,1.2593856e-13
388.47000,2.2975476e-11,1.2481208e-13
388.48000,2.2727845e-11,1.2366855e-13
388.49000,2.2466836e-11,1.2260665e-13
388.50000,2.2220808e-11,1.2169317e-13
388.51000,2.1993907e-11,1.2090468e-13
388.52000,2.1753106e-11,1.2011401e-13
388.53000,2.1474401e-11,1.1917575e-13
388.54000,2.1173688e-11,1.1815025e-13
388.55000,2.0874199e-11,1.1714805e-13
388.56000,2.0569447e-11,1.1611106e-13
388.57000,2.0259848e-11,1.1500160e-13
388.58000,1.9964292e-11,1.1389796e-13
388.59000,1.9670637e-11,1.1276322e-13
388.60000,1.9369116e-11,1.1150069e-13
388.61000,1.9083165e-11,1.1025973e-13
388.62000,1.8823703e-11,1.0919657e-13
388.63000,1.8578893e-11,1.0821237e-13
388.64000,1.8331971e-11,1.0722287e-13
388.65000,1.8067457e-11,1.0625091e-13
388.66000,1.7784203e-11,1.0534296e-13
388.67000,1.7497030e-11,1.0450343e-13
388.68000,1.7214815e-11,1.0364190e-13
388.69000,1.6931546e-11,1.0262009e-13
388.70000,1.6645082e-11,1.0148969e-13
388.71000,1.6358389e-11,1.0036334e-13
388.72000,1.6065000e-11,9.9167424e-14
388.73000,1.5772084e-11,9.7901732e-14
388.74000,1.5493908e-11,9.6735551e-14
388.75000,1.5208242e-11,9.5680298e-14
388.76000,1.4897550e-11,9.4586127e-14
388.77000,1.4585894e-11,9.3394522e-14
388.78000,1.4288963e-11,9.2211138e-14
388.79000,1.3987518e-11,9.1006358e-14
388.80000,1.3663684e-11,8.9713214e-14
388.81000,1.3313968e-11,8.8344825e-14
388.82000,1.2958225e-11,8.6978651e-14
388.83000,1.2622952e-11,8.5767304e-14
388.84000,1.2314558e-11,8.4669781e-14
388.85000,1.2014459e-11,8.3446651e-14
388.86000,1.1701800e-11,8.2037708e-14
388.87000,1.1361121e-11,8.0606799e-14
388.88000,1.0985717e-11,7.9112231e-14
388.89000,1.0580559e-11,7.7416521e-14
388.90000,1.0176543e-11,7.5773999e-14
388.91000,9.8471496e-12,7.4375561e-14
388.92000,9.7138983e-12,7.3728022e-14
388.93000,9.8451640e-12,7.4361557e-14
388.94000,1.0191700e-11,7.5797319e-14
388.95000,1.0659647e-11,7.7620584e-14
388.96000,1.1144731e-11,7.9925816e-14
388.97000,1.1573724e-11,8.2030201e-14
388.98000,1.1937296e-11,8.3215052e-14
388.99000,1.2268222e-11,8.4007815e-14
389.00000,1.2580001e-11,8.5310813e-14
389.01000,1.2877273e-11,8.7224151e-14
389.02000,1.3176982e-11,8.9056001e-14
389.03000,1.3477350e-11,9.0071576e-14
389.04000,1.3760689e-11,9.0406320e-14
389.05000,1.4033352e-11,9.0737114e-14
389.06000,1.4326392e-11,9.1546293e-14
389.07000,1.4634633e-11,9.2824047e-14
389.08000,1.4924002e-11,9.4229953e-14
389.09000,1.5202201e-11,9.5594904e-14
389.10000,1.5503335e-11,9.6979659e-14
389.11000,1.5812545e-11,9.8347498e-14
389.12000,1.6096901e-11,9.9545822e-14
389.13000,1.6357716e-11,1.0050915e-13
389.14000,1.6615039e-11,1.0128801e-13
389.15000,1.6890407e-11,1.0202581e-13
389.16000,1.7188342e-11,1.0289269e-13
389.17000,1.7498416e-11,1.0404751e-13
389.18000,1.7801420e-11,1.0562301e-13
389.19000,1.8083277e-11,1.0756266e-13
389.20000,1.8346695e-11,1.0947354e-13
389.21000,1.8606393e-11,1.1066650e-13
389.22000,1.8883177e-11,1.1104463e-13
389.23000,1.9182743e-11,1.1157374e-13
389.24000,1.9462364e-11,1.1290390e-13
389.25000,1.9699798e-11,1.1459334e-13
389.26000,1.9940096e-11,1.1569946e-13
389.27000,2.0201054e-11,1.1631743e-13
389.28000,2.0470229e-11,1.1735828e-13
389.29000,2.0747784e-11,1.1868386e-13
389.30000,2.1032234e-11,1.1964701e-13
389.31000,2.1305374e-11,1.2063244e-13
389.32000,2.1555508e-11,1.2181133e-13
389.33000,2.1776659e-11,1.2277400e-13
389.34000,2.1987939e-11,1.2365784e-13
389.35000,2.2229063e-11,1.2460158e-13
389.36000,2.2515638e-11,1.2561696e-13
389.37000,2.2823413e-11,1.2659345e-13
389.38000,2.3104153e-11,1.2725495e-13
389.39000,2.3358545e-11,1.2784752e-13
389.40000,2.3604949e-11,1.2858333e-13
389.41000,2.3843704e-11,1.2947313e-13
389.42000,2.4085371e-11,1.3044721e-13
389.43000,2.4341593e-11,1.3138373e-13
389.44000,2.4588111e-11,1.3213028e-13
389.45000,2.4786414e-11,1.3267035e-13
389.46000,2.4939253e-11,1.3318751e-13
389.47000,2.5093296e-11,1.3383230e-13
389.48000,2.5265189e-11,1.3442592e-13
389.49000,2.5441926e-11,1.3484536e-13
389.50000,2.5602277e-11,1.3522667e-13
389.51000,2.5746025e-11,1.3567361e-13
389.52000,2.5885502e-11,1.3609338e-13
389.53000,2.6017688e-11,1.3635466e-13
389.54000,2.6178489e-11,1.3659812e-13
389.55000,2.6394703e-11,1.3705316e-13
389.56000,2.6628179e-11,1.3772465e-13
389.57000,2.6848109e-11,1.3842237e-13
389.58000,2.7076798e-11,1.3909412e-13
389.59000,2.7322440e-11,1.3978961e-13
389.60000,2.7547601e-11,1.4044287e-13
389.61000,2.7717251e-11,1.4089407e-13
389.62000,2.7859735e-11,1.4115525e-13
389.63000,2.8044393e-11,1.4144395e-13
389.64000,2.8304073e-11,1.4196430e-13
389.65000,2.8573663e-11,1.4257111e-13
389.66000,2.8797503e-11,1.4307845e-13
389.67000,2.8960582e-11,1.4345407e-13
389.68000,2.9092339e-11,1.4382953e-13
389.69000,2.9233367e-11,1.4430459e-13
389.70000,2.9379951e-11,1.4472155e-13
389.71000,2.9506717e-11,1.4490494e-13
389.72000,2.9613223e-11,1.4493653e-13
389.73000,2.9711371e-11,1.4498259e-13
389.74000,2.9807251e-11,1.4502322e-13
389.75000,2.9910129e-11,1.4508562e-13
389.76000,3.0018085e-11,1.4518437e-13
389.77000,3.0141610e-11,1.4529100e-13
389.78000,3.0314457e-11,1.4556976e-13
389.79000,3.0508454e-11,1.4604500e-13
389.80000,3.0666890e-11,1.4652154e-13
389.81000,3.0810736e-11,1.4694528e-13
389.82000,3.0958907e-11,1.4733445e-13
389.83000,3.1093047e-11,1.4767613e-13
389.84000,3.1200106e-11,1.4798141e-13
389.85000,3.1277421e-11,1.4822015e-13
389.86000,3.1326207e-11,1.4833795e-13
389.87000,3.1358160e-11,1.4841631e-13
389.88000,3.1437880e-11,1.4878382e-13
389.89000,3.1605193e-11,1.4964987e-13
389.90000,3.1787487e-11,1.5102672e-13
389.91000,3.1914053e-11,1.5232519e-13
389.92000,3.1996655e-11,1.5248430e-13
389.93000,3.2063421e-11,1.5172817e-13
389.94000,3.2167613e-11,1.5146257e-13
389.95000,3.2336207e-11,1.5196612e-13
389.96000,3.2513082e-11,1.5267324e-13
389.97000,3.2607326e-11,1.5304912e-13
389.98000,3.2599352e-11,1.5300083e-13
389.99000,3.2540870e-11,1.5268483e-13
390.00000,3.2513812e-11,1.5242967e-13
390.01000,3.2558098e-11,1.5248278e-13
390.02000,3.2638393e-11,1.5272307e-13
390.03000,3.2709765e-11,1.5287047e-13
390.04000,3.2736736e-11,1.5275741e-13
390.05000,3.2636345e-11,1.5229276e-13
390.06000,3.2339367e-11,1.5141828e-13
390.07000,3.2075237e-11,1.5078482e-13
390.08000,3.2247459e-11,1.5147688e-13
390.09000,3.2920078e-11,1.5365792e-13
390.10000,3.3628476e-11,1.5590537e-13
390.11000,3.4089075e-11,1.5731425e-13
390.12000,3.4298804e-11,1.5802132e-13
390.13000,3.4386783e-11,1.5840532e-13
390.14000,3.4459986e-11,1.5862798e-13
390.15000,3.4552038e-11,1.5894965e-13
390.16000,3.4625797e-11,1.5941348e-13
390.17000,3.4670167e-11,1.5974300e-13
390.18000,3.4713125e-11,1.5974326e-13
390.19000,3.4762100e-11,1.5952993e-13
390.20000,3.4795688e-11,1.5931612e-13
390.21000,3.4819475e-11,1.5919279e-13
390.22000,3.4820204e-11,1.5908658e-13
390.23000,3.4740829e-11,1.5894477e-13
390.24000,3.4603677e-11,1.5889903e-13
390.25000,3.4498912e-11,1.5906239e-13
390.26000,3.4476069e-11,1.5926859e-13
390.27000,3.4562389e-11,1.5940068e-13
390.28000,3.4732731e-11,1.5955450e-13
390.29000,3.4902358e-11,1.5988458e-13
390.30000,3.5012111e-11,1.6033874e-13
390.31000,3.5063965e-11,1.6066106e-13
390.32000,3.5150927e-11,1.6095966e-13
390.33000,3.5312312e-11,1.6150293e-13
390.34000,3.5490717e-11,1.6218946e-13
390.35000,3.5629146e-11,1.6282827e-13
390.36000,3.5679750e-11,1.6321308e-13
390.37000,3.5630437e-11,1.6317580e-13
390.38000,3.5517587e-11,1.6276480e-13
390.39000,3.5444400e-11,1.6237415e-13
390.40000,3.5536846e-11,1.6261103e-13
390.41000,3.5800564e-11,1.6356038e-13
390.42000,3.6071480e-11,1.6458195e-13
390.43000,3.6224844e-11,1.6510925e-13
390.44000,3.6288756e-11,1.6516844e-13
390.45000,3.6339505e-11,1.6513286e-13
390.46000,3.6402675e-11,1.6523117e-13
390.47000,3.6451315e-11,1.6535654e-13
390.48000,3.6423694e-11,1.6528572e-13
390.49000,3.6299895e-11,1.6490493e-13
390.50000,3.6142688e-11,1.6440356e-13
390.51000,3.6018505e-11,1.6401787e-13
390.52000,3.5943068e-11,1.6385280e-13
390.53000,3.5892542e-11,1.6383482e-13
390.54000,3.5829685e-11,1.6376931e-13
390.55000,3.5712469e-11,1.6342959e-13
390.56000,3.5498218e-11,1.6258209e-13
390.57000,3.5253325e-11,1.6165387e-13
390.58000,3.5217359e-11,1.6147852e-13
390.59000,3.5420574e-11,1.6209257e-13
390.60000,3.5502810e-11,1.6248274e-13
390.61000,3.5150158e-11,1.6146423e-13
390.62000,3.4786880e-11,1.6024908e-13
390.63000,3.5039099e-11,1.6095048e-13
390.64000,3.5879425e-11,1.6337729e-13
390.65000,3.6579369e-11,1.6547815e-13
390.66000,3.6908365e-11,1.6678106e-13
390.67000,3.7067001e-11,1.6740454e-13
390.68000,3.7175789e-11,1.6756164e-13
390.69000,3.7224243e-11,1.6775406e-13
390.70000,3.7236583e-11,1.6809641e-13
390.71000,3.7278277e-11,1.6814910e-13
390.72000,3.7365836e-11,1.6799223e-13
390.73000,3.7449588e-11,1.6808115e-13
390.74000,3.7477318e-11,1.6828119e-13
390.75000,3.7465773e-11,1.6808985e-13
390.76000,3.7481800e-11,1.6772074e-13
390.77000,3.7530926e-11,1.6772304e-13
390.78000,3.7577272e-11,1.6822793e-13
390.79000,3.7598372e-11,1.6865069e-13
390.80000,3.7588735e-11,1.6835066e-13
390.81000,3.7535367e-11,1.6740124e-13
390.82000,3.7463325e-11,1.6664842e-13
390.83000,3.7473579e-11,1.6661863e-13
390.84000,3.7617974e-11,1.6737841e-13
390.85000,3.7783147e-11,1.6854996e-13
390.86000,3.7850811e-11,1.6932191e-13
390.87000,3.7850022e-11,1.6906274e-13
390.88000,3.7856174e-11,1.6811381e-13
390.89000,3.7918745e-11,1.6751910e-13
390.90000,3.7990279e-11,1.6754528e-13
390.91000,3.7990515e-11,1.6778111e-13
390.92000,3.7908548e-11,1.6776846e-13
390.93000,3.7836104e-11,1.6743148e-13
390.94000,3.7820419e-11,1.6707984e-13
390.95000,3.7855889e-11,1.6695892e-13
390.96000,3.7935944e-11,1.6696624e-13
390.97000,3.8049081e-11,1.6707285e-13
390.98000,3.8143535e-11,1.6729546e-13
390.99000,3.8174843e-11,1.6753738e-13
391.00000,3.8171678e-11,1.6773044e-13
391.01000,3.8186197e-11,1.6778319e-13
391.02000,3.8222905e-11,1.6777440e-13
391.03000,3.8240746e-11,1.6783015e-13
391.04000,3.8226085e-11,1.6778483e-13
391.05000,3.8197146e-11,1.6751606e-13
391.06000,3.8181178e-11,1.6725101e-13
391.07000,3.8205524e-11,1.6738594e-13
391.08000,3.8261046e-11,1.6808516e-13
391.09000,3.8313951e-11,1.6915711e-13
391.10000,3.8345161e-11,1.7000178e-13
391.11000,3.8346804e-11,1.7017582e-13
391.12000,3.8323388e-11,1.6955081e-13
391.13000,3.8289937e-11,1.6847382e-13
391.14000,3.8263752e-11,1.6754516e-13
391.15000,3.8269121e-11,1.6737096e-13
391.16000,3.8304381e-11,1.6785108e-13
391.17000,3.8337516e-11,1.6809889e-13
391.18000,3.8366563e-11,1.6768292e-13
391.19000,3.8421002e-11,1.6734373e-13
391.20000,3.8482804e-11,1.6754649e-13
391.21000,3.8503263e-11,1.6803785e-13
391.22000,3.8489965e-11,1.6813458e-13
391.23000,3.8495083e-11,1.6785292e-13
391.24000,3.8519491e-11,1.6775597e-13
391.25000,3.8520242e-11,1.6812870e-13
391.26000,3.8487653e-11,1.7006635e-13
391.27000,3.8420569e-11,1.7544538e-13
391.28000,3.8272010e-11,1.8220968e-13
391.29000,3.8015150e-11,1.8215154e-13
391.30000,3.7725983e-11,1.7442951e-13
391.31000,3.7535720e-11,1.6701728e-13
391.32000,3.7505091e-11,1.6414318e-13
391.33000,3.7504472e-11,1.6337955e-13
391.34000,3.7382075e-11,1.6311849e-13
391.35000,3.7056073e-11,1.6245325e-13
391.36000,3.6732466e-11,1.6152176e-13
391.37000,3.6794655e-11,1.6154499e-13
391.38000,3.7349029e-11,1.6301155e-13
391.39000,3.7879208e-11,1.6453498e-13
391.40000,3.8103885e-11,1.6535217e-13
391.41000,3.8150795e-11,1.6576225e-13
391.42000,3.8191275e-11,1.6620300e-13
391.43000,3.8239704e-11,1.6657582e-13
391.44000,3.8247282e-11,1.6688023e-13
391.45000,3.8186834e-11,1.6701698e-13
391.46000,3.8081616e-11,1.6677396e-13
391.47000,3.8065186e-11,1.6657230e-13
391.48000,3.8248527e-11,1.6708272e-13
391.49000,3.8523631e-11,1.6811152e-13
391.50000,3.8698883e-11,1.6888995e-13
391.51000,3.8749911e-11,1.6928522e-13
391.52000,3.8735850e-11,1.6943899e-13
391.53000,3.8714628e-11,1.6923441e-13
391.54000,3.8701244e-11,1.6872894e-13
391.55000,3.8675419e-11,1.6848516e-13
391.56000,3.8657387e-11,1.6881242e-13
391.57000,3.8671329e-11,1.6975662e-13
391.58000,3.8680558e-11,1.7097892e-13
391.59000,3.8660146e-11,1.7181020e-13
391.60000,3.8636638e-11,1.7233301e-13
391.61000,3.8620980e-11,1.7270936e-13
391.62000,3.8593689e-11,1.7237553e-13
391.63000,3.8558685e-11,1.7136888e-13
391.64000,3.8547315e-11,1.7053211e-13
391.65000,3.8570299e-11,1.7028056e-13
391.66000,3.8630194e-11,1.7053940e-13
391.67000,3.8741819e-11,1.7098791e-13
391.68000,3.8847635e-11,1.7112613e-13
391.69000,3.8889926e-11,1.7079982e-13
391.70000,3.8899502e-11,1.7043333e-13
391.71000,3.8928611e-11,1.7042826e-13
391.72000,3.8995638e-11,1.7061114e-13
391.73000,3.9077369e-11,1.7072756e-13
391.74000,3.9099043e-11,1.7081586e-13
391.75000,3.9039429e-11,1.7074432e-13
391.76000,3.8949937e-11,1.7034295e-13
391.77000,3.8882643e-11,1.6983076e-13
391.78000,3.8844784e-11,1.6940134e-13
391.79000,3.8782000e-11,1.6897192e-13
391.80000,3.8662503e-11,1.6848977e-13
391.81000,3.8539952e-11,1.6809003e-13
391.82000,3.8472528e-11,1.6776574e-13
391.83000,3.8454486e-11,1.6742178e-13
391.84000,3.8448072e-11,1.6712531e-13
391.85000,3.8396685e-11,1.6686473e-13
391.86000,3.8302522e-11,1.6664447e-13
391.87000,3.8243814e-11,1.6665526e-13
391.88000,3.8277616e-11,1.6681455e-13
391.89000,3.8256633e-11,1.6655762e-13
391.90000,3.8010973e-11,1.6555990e-13
391.91000,3.7692181e-11,1.6452749e-13
391.92000,3.7723993e-11,1.6481674e-13
391.93000,3.8193480e-11,1.6635340e-13
391.94000,3.8678240e-11,1.6744512e-13
391.95000,3.8857171e-11,1.6748984e-13
391.96000,3.8819315e-11,1.6720572e-13
391.97000,3.8701429e-11,1.6697696e-13
391.98000,3.8560607e-11,1.6661510e-13
391.99000,3.8450408e-11,1.6616457e-13
392.00000,3.8420695e-11,1.6591464e-13
392.01000,3.8461509e-11,1.6589855e-13
392.02000,3.8538780e-11,1.6607420e-13
392.03000,3.8618669e-11,1.6641756e-13
392.04000,3.8626161e-11,1.6651615e-13
392.05000,3.8458153e-11,1.6596084e-13
392.06000,3.7991020e-11,1.6453567e-13
392.07000,3.7203496e-11,1.6231436e-13
392.08000,3.6454511e-11,1.6025802e-13
392.09000,3.6493204e-11,1.6037387e-13
392.10000,3.7338049e-11,1.6279531e-13
392.11000,3.8316427e-11,1.6571094e-13
392.12000,3.8857423e-11,1.6745110e-13
392.13000,3.9065346e-11,1.6813388e-13
392.14000,3.9159143e-11,1.6839060e-13
392.15000,3.9169113e-11,1.6847887e-13
392.16000,3.9132575e-11,1.6861163e-13
392.17000,3.9116524e-11,1.6903950e-13
392.18000,3.9124468e-11,1.6963931e-13
392.19000,3.9096396e-11,1.6995423e-13
392.20000,3.9008271e-11,1.6983570e-13
392.21000,3.8866920e-11,1.6935307e-13
392.22000,3.8683743e-11,1.6862231e-13
392.23000,3.8544070e-11,1.6787512e-13
392.24000,3.8511909e-11,1.6747916e-13
392.25000,3.8529921e-11,1.6743433e-13
392.26000,3.8514900e-11,1.6735803e-13
392.27000,3.8467537e-11,1.6755868e-13
392.28000,3.8458932e-11,1.6797721e-13
392.29000,3.8535186e-11,1.6823358e-13
392.30000,3.8666535e-11,1.6887644e-13
392.31000,3.8795021e-11,1.6959769e-13
392.32000,3.8903015e-11,1.6970356e-13
392.33000,3.8979208e-11,1.6991366e-13
392.34000,3.8966436e-11,1.7072611e-13
392.35000,3.8819208e-11,1.7069572e-13
392.36000,3.8590729e-11,1.6910481e-13
392.37000,3.8505877e-11,1.6781932e-13
392.38000,3.8657528e-11,1.6863829e-13
392.39000,3.8885816e-11,1.7107124e-13
392.40000,3.9009373e-11,1.7337727e-13
392.41000,3.9016110e-11,1.7407100e-13
392.42000,3.8964919e-11,1.7313012e-13
392.43000,3.8932255e-11,1.7176670e-13
392.44000,3.8938423e-11,1.7072434e-13
392.45000,3.8953346e-11,1.7001406e-13
392.46000,3.8932522e-11,1.6953382e-13
392.47000,3.8851287e-11,1.6912688e-13
392.48000,3.8734164e-11,1.6876521e-13
392.49000,3.8632648e-11,1.6846588e-13
392.50000,3.8588884e-11,1.6849017e-13
392.51000,3.8615523e-11,1.6919366e-13
392.52000,3.8641229e-11,1.7062822e-13
392.53000,3.8583170e-11,1.7225034e-13
392.54000,3.8473649e-11,1.7322855e-13
392.55000,3.8406594e-11,1.7277950e-13
392.56000,3.8383506e-11,1.7109701e-13
392.57000,3.8368693e-11,1.6961447e-13
392.58000,3.8398395e-11,1.6952509e-13
392.59000,3.8508009e-11,1.7086140e-13
392.60000,3.8638080e-11,1.7209756e-13
392.61000,3.8726572e-11,1.7205797e-13
392.62000,3.8737549e-11,1.7149701e-13
392.63000,3.8677496e-11,1.7176793e-13
392.64000,3.8594091e-11,1.7228489e-13
392.65000,3.8552150e-11,1.7203838e-13
392.66000,3.8555405e-11,1.7184345e-13
392.67000,3.8560378e-11,1.7190544e-13
392.68000,3.8565421e-11,1.7139590e-13
392.69000,3.8609007e-11,1.7072298e-13
392.70000,3.8653842e-11,1.7038438e-13
392.71000,3.8614751e-11,1.7010494e-13
392.72000,3.8475710e-11,1.6979161e-13
392.73000,3.8262533e-11,1.6924147e-13
392.74000,3.8036100e-11,1.6859066e-13
392.75000,3.7851123e-11,1.6807725e-13
392.76000,3.7728703e-11,1.6773402e-13
392.77000,3.7688236e-11,1.6760005e-13
392.78000,3.7777326e-11,1.6775864e-13
392.79000,3.7951209e-11,1.6811034e-13
392.80000,3.8120397e-11,1.6837689e-13
392.81000,3.8259700e-11,1.6849961e-13
392.82000,3.8399231e-11,1.6868845e-13
392.83000,3.8524487e-11,1.6889066e-13
392.84000,3.8565861e-11,1.6883794e-13
392.85000,3.8526696e-11,1.6858126e-13
392.86000,3.8466372e-11,1.6840457e-13
392.87000,3.8423054e-11,1.6839022e-13
392.88000,3.8410965e-11,1.6836393e-13
392.89000,3.8417177e-11,1.6820249e-13
392.90000,3.8398063e-11,1.6789718e-13
392.91000,3.8357005e-11,1.6759346e-13
392.92000,3.8354361e-11,1.6734891e-13
392.93000,3.8388151e-11,1.6700728e-13
392.94000,3.8397564e-11,1.6657960e-13
392.95000,3.8344168e-11,1.6618976e-13
392.96000,3.8223592e-11,1.6570360e-13
392.97000,3.8066552e-11,1.6498618e-13
392.98000,3.7922978e-11,1.6427568e-13
392.99000,3.7804034e-11,1.6376446e-13
393.00000,3.7731314e-11,1.6352303e-13
393.01000,3.7725824e-11,1.6340491e-13
393.02000,3.7747243e-11,1.6311351e-13
393.03000,3.7709979e-11,1.6245839e-13
393.04000,3.7611068e-11,1.6173177e-13
393.05000,3.7598519e-11,1.6146774e-13
393.06000,3.7837674e-11,1.6204318e-13
393.07000,3.8205450e-11,1.6311400e-13
393.08000,3.8430120e-11,1.6385293e-13
393.09000,3.8454968e-11,1.6391132e-13
393.10000,3.8395158e-11,1.6349030e-13
393.11000,3.8362156e-11,1.6296310e-13
393.12000,3.8347738e-11,1.6246031e-13
393.13000,3.8279738e-11,1.6208446e-13
393.14000,3.8144052e-11,1.6187199e-13
393.15000,3.7986517e-11,1.6172582e-13
393.16000,3.7846885e-11,1.6159634e-13
393.17000,3.7758846e-11,1.6176222e-13
393.18000,3.7713782e-11,1.6240012e-13
393.19000,3.7645208e-11,1.6265428e-13
393.20000,3.7525212e-11,1.6153416e-13
393.21000,3.7386379e-11,1.5988357e-13
393.22000,3.7279085e-11,1.5883831e-13
393.23000,3.7205766e-11,1.5844389e-13
393.24000,3.7064810e-11,1.5804307e-13
393.25000,3.6817404e-11,1.5743596e-13
393.26000,3.6537651e-11,1.5673236e-13
393.27000,3.6252625e-11,1.5589520e-13
393.28000,3.5897444e-11,1.5488841e-13
393.29000,3.5444293e-11,1.5369045e-13
393.30000,3.4965766e-11,1.5229329e-13
393.31000,3.4549524e-11,1.5101659e-13
393.32000,3.4128771e-11,1.4980134e-13
393.33000,3.3535015e-11,1.4801204e-13
393.34000,3.2684988e-11,1.4538737e-13
393.35000,3.1504810e-11,1.4183505e-13
393.36000,2.9467704e-11,1.3571637e-13
393.37000,2.6310225e-11,1.2610464e-13
393.38000,2.3328902e-11,1.1695444e-13
393.39000,2.3453980e-11,1.1735914e-13
393.40000,2.7395959e-11,1.2951208e-13
393.41000,3.2138845e-11,1.4403171e-13
393.42000,3.5229688e-11,1.5335152e-13
393.43000,3.6514802e-11,1.5701641e-13
393.44000,3.7102900e-11,1.5849232e-13
393.45000,3.7459709e-11,1.5930260e-13
393.46000,3.7710033e-11,1.5986667e-13
393.47000,3.7862581e-11,1.6023985e-13
393.48000,3.7954874e-11,1.6055293e-13
393.49000,3.8022105e-11,1.6093846e-13
393.50000,3.8050327e-11,1.6153625e-13
393.51000,3.8051718e-11,1.6211547e-13
393.52000,3.8050068e-11,1.6218116e-13
393.53000,3.8000090e-11,1.6159751e-13
393.54000,3.7882747e-11,1.6085391e-13
393.55000,3.7759577e-11,1.6040627e-13
393.56000,3.7698900e-11,1.6040249e-13
393.57000,3.7700668e-11,1.6061904e-13
393.58000,3.7690118e-11,1.6074115e-13
393.59000,3.7481437e-11,1.6026509e-13
393.60000,3.6954656e-11,1.5890368e-13
393.61000,3.6405726e-11,1.5753800e-13
393.62000,3.6380973e-11,1.5774334e-13
393.63000,3.7070317e-11,1.5988705e-13
393.64000,3.7802966e-11,1.6178534e-13
393.65000,3.8175088e-11,1.6248138e-13
393.66000,3.8258343e-11,1.6263316e-13
393.67000,3.8235921e-11,1.6272070e-13
393.68000,3.8196253e-11,1.6273497e-13
393.69000,3.8200416e-11,1.6282854e-13
393.70000,3.8255548e-11,1.6348934e-13
393.71000,3.8319513e-11,1.6540933e-13
393.72000,3.8372735e-11,1.6795962e-13
393.73000,3.8377097e-11,1.6823516e-13
393.74000,3.8302848e-11,1.6590377e-13
393.75000,3.8180068e-11,1.6363139e-13
393.76000,3.8050559e-11,1.6246113e-13
393.77000,3.7935649e-11,1.6189715e-13
393.78000,3.7845352e-11,1.6155868e-13
393.79000,3.7786357e-11,1.6144166e-13
393.80000,3.7767411e-11,1.6146481e-13
393.81000,3.7754038e-11,1.6144766e-13
393.82000,3.7650837e-11,1.6121099e-13
393.83000,3.7356059e-11,1.6053086e-13
393.84000,3.6987552e-11,1.5968950e-13
393.85000,3.6846237e-11,1.5947045e-13
393.86000,3.7128982e-11,1.6030722e-13
393.87000,3.7588038e-11,1.6148242e-13
393.88000,3.7851509e-11,1.6209741e-13
393.89000,3.7786505e-11,1.6182511e-13
393.90000,3.7396393e-11,1.6055549e-13
393.91000,3.6956792e-11,1.5915205e-13
393.92000,3.6885745e-11,1.5891835e-13
393.93000,3.7341837e-11,1.6029557e-13
393.94000,3.7886232e-11,1.6196328e-13
393.95000,3.8127785e-11,1.6277799e-13
393.96000,3.8140301e-11,1.6294867e-13
393.97000,3.8129370e-11,1.6303028e-13
393.98000,3.8176838e-11,1.6316039e-13
393.99000,3.8240420e-11,1.6315460e-13
394.00000,3.8229093e-11,1.6302059e-13
394.01000,3.8139416e-11,1.6287926e-13
394.02000,3.8070581e-11,1.6286854e-13
394.03000,3.8070011e-11,1.6307849e-13
394.04000,3.8095167e-11,1.6312722e-13
394.05000,3.8095074e-11,1.6291569e-13
394.06000,3.8062529e-11,1.6276673e-13
394.07000,3.8010261e-11,1.6257951e-13
394.08000,3.7963928e-11,1.6229129e-13
394.09000,3.7949164e-11,1.6229915e-13
394.10000,3.7975559e-11,1.6248688e-13
394.11000,3.8006485e-11,1.6241523e-13
394.12000,3.8001590e-11,1.6242308e-13
394.13000,3.7976326e-11,1.6275923e-13
394.14000,3.7956341e-11,1.6292923e-13
394.15000,3.7939711e-11,1.6263444e-13
394.16000,3.7922103e-11,1.6239141e-13
394.17000,3.7905186e-11,1.6250997e-13
394.18000,3.7893891e-11,1.6245673e-13
394.19000,3.7867451e-11,1.6187347e-13
394.20000,3.7805115e-11,1.6122980e-13
394.21000,3.7731683e-11,1.6105774e-13
394.22000,3.7672583e-11,1.6132743e-13
394.23000,3.7638624e-11,1.6146183e-13
394.24000,3.7638437e-11,1.6106325e-13
394.25000,3.7659595e-11,1.6054216e-13
394.26000,3.7699873e-11,1.6033715e-13
394.27000,3.7755770e-11,1.6032582e-13
394.28000,3.7775359e-11,1.6055093e-13
394.29000,3.7739826e-11,1.6124792e-13
394.30000,3.7677892e-11,1.6193354e-13
394.31000,3.7599872e-11,1.6181504e-13
394.32000,3.7495690e-11,1.6074393e-13
394.33000,3.7353501e-11,1.5944381e-13
394.34000,3.7182823e-11,1.5838030e-13
394.35000,3.7012883e-11,1.5772229e-13
394.36000,3.6874451e-11,1.5751180e-13
394.37000,3.6792832e-11,1.5765641e-13
394.38000,3.6770458e-11,1.5789425e-13
394.39000,3.6783066e-11,1.5795636e-13
394.40000,3.6767430e-11,1.5780301e-13
394.41000,3.6703344e-11,1.5763305e-13
394.42000,3.6703710e-11,1.5791506e-13
394.43000,3.6889746e-11,1.5861016e-13
394.44000,3.7121581e-11,1.5876442e-13
394.45000,3.7210141e-11,1.5811075e-13
394.46000,3.7180436e-11,1.5730015e-13
394.47000,3.7152056e-11,1.5695786e-13
394.48000,3.7163877e-11,1.5736534e-13
394.49000,3.7190024e-11,1.5841562e-13
394.50000,3.7213294e-11,1.5943540e-13
394.51000,3.7213102e-11,1.5961546e-13
394.52000,3.7156165e-11,1.5877413e-13
394.53000,3.7049158e-11,1.5755581e-13
394.54000,3.6986426e-11,1.5683509e-13
394.55000,3.7074874e-11,1.5685487e-13
394.56000,3.7266310e-11,1.5740280e-13
394.57000,3.7410308e-11,1.5827294e-13
394.58000,3.7467855e-11,1.5896906e-13
394.59000,3.7477895e-11,1.5891859e-13
394.60000,3.7471249e-11,1.5842138e-13
394.61000,3.7462464e-11,1.5819845e-13
394.62000,3.7432714e-11,1.5837399e-13
394.63000,3.7358865e-11,1.5860784e-13
394.64000,3.7250619e-11,1.5852703e-13
394.65000,3.7157452e-11,1.5824661e-13
394.66000,3.7120378e-11,1.5811163e-13
394.67000,3.7113234e-11,1.5817395e-13
394.68000,3.7066753e-11,1.5798160e-13
394.69000,3.6974939e-11,1.5761587e-13
394.70000,3.6878569e-11,1.5762234e-13
394.71000,3.6811816e-11,1.5781664e-13
394.72000,3.6747117e-11,1.5759196e-13
394.73000,3.6604311e-11,1.5706613e-13
394.74000,3.6344376e-11,1.5644721e-13
394.75000,3.6069321e-11,1.5587394e-13
394.76000,3.5965299e-11,1.5581038e-13
394.77000,3.6052941e-11,1.5624440e-13
394.78000,3.6263014e-11,1.5696097e-13
394.79000,3.6497436e-11,1.5772441e-13
394.80000,3.6645471e-11,1.5808232e-13
394.81000,3.6663353e-11,1.5802275e-13
394.82000,3.6609538e-11,1.5790581e-13
394.83000,3.6553498e-11,1.5777627e-13
394.84000,3.6515121e-11,1.5783390e-13
394.85000,3.6498811e-11,1.5850478e-13
394.86000,3.6521558e-11,1.6004229e-13
394.87000,3.6576822e-11,1.6181108e-13
394.88000,3.6600179e-11,1.6273307e-13
394.89000,3.6559272e-11,1.6258619e-13
394.90000,3.6529264e-11,1.6211096e-13
394.91000,3.6569531e-11,1.6205184e-13
394.92000,3.6633830e-11,1.6222572e-13
394.93000,3.6668023e-11,1.6227924e-13
394.94000,3.6678718e-11,1.6229731e-13
394.95000,3.6657693e-11,1.6215421e-13
394.96000,3.6559806e-11,1.6147965e-13
394.97000,3.6402583e-11,1.6039270e-13
394.98000,3.6291903e-11,1.5948140e-13
394.99000,3.6286427e-11,1.5904946e-13
395.00000,3.6338650e-11,1.5881358e-13
395.01000,3.6358630e-11,1.5839825e-13
395.02000,3.6324463e-11,1.5789525e-13
395.03000,3.6296756e-11,1.5753754e-13
395.04000,3.6300004e-11,1.5729365e-13
395.05000,3.6291556e-11,1.5701251e-13
395.06000,3.6269702e-11,1.5669165e-13
395.07000,3.6248328e-11,1.5639420e-13
395.08000,3.6230362e-11,1.5619438e-13
395.09000,3.6222522e-11,1.5613093e-13
395.10000,3.6210255e-11,1.5616839e-13
395.11000,3.6169826e-11,1.5613781e-13
395.12000,3.6086046e-11,1.5574367e-13
395.13000,3.5967570e-11,1.5497267e-13
395.14000,3.5878223e-11,1.5437701e-13
395.15000,3.5843535e-11,1.5411183e-13
395.16000,3.5833674e-11,1.5386222e-13
395.17000,3.5820076e-11,1.5358727e-13
395.18000,3.5793310e-11,1.5349409e-13
395.19000,3.5757464e-11,1.5343317e-13
395.20000,3.5724889e-11,1.5303671e-13
395.21000,3.5710865e-11,1.5244696e-13
395.22000,3.5729639e-11,1.5200855e-13
395.23000,3.5749966e-11,1.5174558e-13
395.24000,3.5711200e-11,1.5149084e-13
395.25000,3.5628504e-11,1.5132514e-13
395.26000,3.5570617e-11,1.5130447e-13
395.27000,3.5550260e-11,1.5121467e-13
395.28000,3.5522917e-11,1.5098016e-13
395.29000,3.5473460e-11,1.5075435e-13
395.30000,3.5423873e-11,1.5055536e-13
395.31000,3.5392739e-11,1.5028184e-13
395.32000,3.5386236e-11,1.4988884e-13
395.33000,3.5405565e-11,1.4961057e-13
395.34000,3.5437561e-11,1.4964247e-13
395.35000,3.5459533e-11,1.4976671e-13
395.36000,3.5453538e-11,1.4968049e-13
395.37000,3.5424312e-11,1.4956061e-13
395.38000,3.5375807e-11,1.4961229e-13
395.39000,3.5290391e-11,1.4962223e-13
395.40000,3.5170890e-11,1.4936420e-13
395.41000,3.5062450e-11,1.4903499e-13
395.42000,3.4979073e-11,1.4884078e-13
395.43000,3.4875713e-11,1.4869454e-13
395.44000,3.4711935e-11,1.4840293e-13
395.45000,3.4515148e-11,1.4801967e-13
395.46000,3.4372201e-11,1.4774320e-13
395.47000,3.4327176e-11,1.4756810e-13
395.48000,3.4352860e-11,1.4749975e-13
395.49000,3.4403672e-11,1.4761269e-13
395.50000,3.4438137e-11,1.4798593e-13
395.51000,3.4430272e-11,1.4890904e-13
395.52000,3.4383124e-11,1.4978874e-13
395.53000,3.4322114e-11,1.4963231e-13
395.54000,3.4287615e-11,1.4885667e-13
395.55000,3.4274745e-11,1.4838139e-13
395.56000,3.4242992e-11,1.4809514e-13
395.57000,3.4177749e-11,1.4784324e-13
395.58000,3.4071113e-11,1.4754524e-13
395.59000,3.3900215e-11,1.4699695e-13
395.60000,3.3706740e-11,1.4632826e-13
395.61000,3.3558854e-11,1.4575290e-13
395.62000,3.3473053e-11,1.4543134e-13
395.63000,3.3397845e-11,1.4539981e-13
395.64000,3.3325308e-11,1.4556259e-13
395.65000,3.3300144e-11,1.4566981e-13
395.66000,3.3325471e-11,1.4565740e-13
395.67000,3.3356500e-11,1.4546107e-13
395.68000,3.3362672e-11,1.4541552e-13
395.69000,3.3346009e-11,1.4560062e-13
395.70000,3.3320709e-11,1.4557599e-13
395.71000,3.3297874e-11,1.4569409e-13
395.72000,3.3268294e-11,1.4592174e-13
395.73000,3.3193947e-11,1.4549478e-13
395.74000,3.3065163e-11,1.4489216e-13
395.75000,3.2929389e-11,1.4503795e-13
395.76000,3.2831617e-11,1.4502359e-13
395.77000,3.2765171e-11,1.4409998e-13
395.78000,3.2686031e-11,1.4314153e-13
395.79000,3.2569335e-11,1.4332772e-13
395.80000,3.2453609e-11,1.4443138e-13
395.81000,3.2388474e-11,1.4520833e-13
395.82000,3.2376213e-11,1.4483183e-13
395.83000,3.2378311e-11,1.4360224e-13
395.84000,3.2346527e-11,1.4249112e-13
395.85000,3.2279162e-11,1.4180836e-13
395.86000,3.2205106e-11,1.4148399e-13
395.87000,3.2125905e-11,1.4134158e-13
395.88000,3.2029548e-11,1.4123251e-13
395.89000,3.1924257e-11,1.4112087e-13
395.90000,3.1826554e-11,1.4092099e-13
395.91000,3.1734427e-11,1.4054396e-13
395.92000,3.1650965e-11,1.4028682e-13
395.93000,3.1580688e-11,1.4046712e-13
395.94000,3.1502800e-11,1.4104559e-13
395.95000,3.1404152e-11,1.4175727e-13
395.96000,3.1293318e-11,1.4259427e-13
395.97000,3.1178584e-11,1.4342779e-13
395.98000,3.1055952e-11,1.4353915e-13
395.99000,3.0936882e-11,1.4239419e-13
396.00000,3.0839598e-11,1.4108121e-13
396.01000,3.0748894e-11,1.4076884e-13
396.02000,3.0645118e-11,1.4136791e-13
396.03000,3.0535898e-11,1.4133266e-13
396.04000,3.0440210e-11,1.4008425e-13
396.05000,3.0364760e-11,1.3897253e-13
396.06000,3.0277391e-11,1.3870884e-13
396.07000,3.0098727e-11,1.3828911e-13
396.08000,2.9820043e-11,1.3744192e-13
396.09000,2.9472821e-11,1.3662793e-13
396.10000,2.9107687e-11,1.3567058e-13
396.11000,2.8828046e-11,1.3481883e-13
396.12000,2.8730159e-11,1.3463907e-13
396.13000,2.8735968e-11,1.3470709e-13
396.14000,2.8688227e-11,1.3449115e-13
396.15000,2.8511426e-11,1.3374640e-13
396.16000,2.8253409e-11,1.3275654e-13
396.17000,2.8049285e-11,1.3213386e-13
396.18000,2.8061810e-11,1.3249598e-13
396.19000,2.8209004e-11,1.3347827e-13
396.20000,2.8257586e-11,1.3376987e-13
396.21000,2.8163375e-11,1.3306108e-13
396.22000,2.8001815e-11,1.3213441e-13
396.23000,2.7811260e-11,1.3137516e-13
396.24000,2.7624787e-11,1.3067373e-13
396.25000,2.7479403e-11,1.3004700e-13
396.26000,2.7372726e-11,1.2947333e-13
396.27000,2.7254504e-11,1.2883186e-13
396.28000,2.7101521e-11,1.2806565e-13
396.29000,2.6948465e-11,1.2727861e-13
396.30000,2.6796349e-11,1.2654239e-13
396.31000,2.6611756e-11,1.2585248e-13
396.32000,2.6406898e-11,1.2527350e-13
396.33000,2.6226337e-11,1.2477867e-13
396.34000,2.6066317e-11,1.2423575e-13
396.35000,2.5912162e-11,1.2360556e-13
396.36000,2.5765895e-11,1.2296686e-13
396.37000,2.5616054e-11,1.2230332e-13
396.38000,2.5448760e-11,1.2153046e-13
396.39000,2.5264911e-11,1.2065911e-13
396.40000,2.5064579e-11,1.1975343e-13
396.41000,2.4855684e-11,1.1885509e-13
396.42000,2.4662222e-11,1.1803611e-13
396.43000,2.4487405e-11,1.1733981e-13
396.44000,2.4300705e-11,1.1675104e-13
396.45000,2.4081510e-11,1.1613441e-13
396.46000,2.3824857e-11,1.1533589e-13
396.47000,2.3548081e-11,1.1440383e-13
396.48000,2.3284083e-11,1.1343689e-13
396.49000,2.3062839e-11,1.1258044e-13
396.50000,2.2895622e-11,1.1220260e-13
396.51000,2.2774742e-11,1.1259830e-13
396.52000,2.2638594e-11,1.1306896e-13
396.53000,2.2431987e-11,1.1227399e-13
396.54000,2.2187934e-11,1.1057939e-13
396.55000,2.1966232e-11,1.0928022e-13
396.56000,2.1778558e-11,1.0855285e-13
396.57000,2.1581972e-11,1.0786084e-13
396.58000,2.1342906e-11,1.0698117e-13
396.59000,2.1085757e-11,1.0607863e-13
396.60000,2.0854825e-11,1.0532183e-13
396.61000,2.0650461e-11,1.0471888e-13
396.62000,2.0436835e-11,1.0417534e-13
396.63000,2.0195339e-11,1.0360176e-13
396.64000,1.9939543e-11,1.0300381e-13
396.65000,1.9684399e-11,1.0235795e-13
396.66000,1.9428895e-11,1.0153545e-13
396.67000,1.9174479e-11,1.0060434e-13
396.68000,1.8922066e-11,9.9733375e-14
396.69000,1.8672776e-11,9.8970857e-14
396.70000,1.8435213e-11,9.8232744e-14
396.71000,1.8198103e-11,9.7455947e-14
396.72000,1.7941282e-11,9.6635150e-14
396.73000,1.7665772e-11,9.5772419e-14
396.74000,1.7372701e-11,9.4856908e-14
396.75000,1.7060802e-11,9.3902281e-14
396.76000,1.6734642e-11,9.2928809e-14
396.77000,1.6396436e-11,9.1919892e-14
396.78000,1.6044136e-11,9.0832514e-14
396.79000,1.5686829e-11,8.9698787e-14
396.80000,1.5337450e-11,8.8607945e-14
396.81000,1.4994051e-11,8.7577660e-14
396.82000,1.4641667e-11,8.6496413e-14
396.83000,1.4213505e-11,8.5045701e-14
396.84000,1.3576584e-11,8.2805385e-14
396.85000,1.2652758e-11,7.9557125e-14
396.86000,1.1729506e-11,7.6314826e-14
396.87000,1.1441669e-11,7.5339045e-14
396.88000,1.1944205e-11,7.7165019e-14
396.89000,1.2586865e-11,7.9448841e-14
396.90000,1.2823851e-11,8.0283578e-14
396.91000,1.2705088e-11,7.9832501e-14
396.92000,1.2440705e-11,7.8845264e-14
396.93000,1.2137698e-11,7.7822342e-14
396.94000,1.1819804e-11,7.6882731e-14
396.95000,1.1515802e-11,7.6008305e-14
396.96000,1.1219118e-11,7.5039956e-14
396.97000,1.0894431e-11,7.3839343e-14
396.98000,1.0516350e-11,7.2363130e-14
396.99000,1.0076688e-11,7.0621708e-14
397.00000,9.6054853e-12,6.8776079e-14
397.01000,9.1965258e-12,6.7200526e-14
397.02000,8.9694594e-12,6.6305801e-14
397.03000,9.0251806e-12,6.6485221e-14
397.04000,9.3665644e-12,6.7786358e-14
397.05000,9.8742171e-12,6.9747825e-14
397.06000,1.0397191e-11,7.1770484e-14
397.07000,1.0865673e-11,7.3575662e-14
397.08000,1.1266616e-11,7.5136597e-14
397.09000,1.1602978e-11,7.6472980e-14
397.10000,1.1903533e-11,7.7685209e-14
397.11000,1.2193850e-11,7.8867986e-14
397.12000,1.2495158e-11,8.0040292e-14
397.13000,1.2805168e-11,8.1174743e-14
397.14000,1.3101058e-11,8.2244349e-14
397.15000,1.3366507e-11,8.3220263e-14
397.16000,1.3612536e-11,8.4113204e-14
397.17000,1.3868516e-11,8.4984642e-14
397.18000,1.4148408e-11,8.5898369e-14
397.19000,1.4428727e-11,8.6846046e-14
397.20000,1.4696866e-11,8.7812870e-14
397.21000,1.4962512e-11,8.8796759e-14
397.22000,1.5228157e-11,8.9752071e-14
397.23000,1.5485086e-11,9.0640609e-14
397.24000,1.5740390e-11,9.1537167e-14
397.25000,1.6007178e-11,9.2488055e-14
397.26000,1.6283156e-11,9.3441299e-14
397.27000,1.6546654e-11,9.4332964e-14
397.28000,1.6778974e-11,9.5153438e-14
397.29000,1.6995970e-11,9.5922298e-14
397.30000,1.7237895e-11,9.6691813e-14
397.31000,1.7508208e-11,9.7505342e-14
397.32000,1.7781206e-11,9.8397301e-14
397.33000,1.8043083e-11,9.9373210e-14
397.34000,1.8296320e-11,1.0035711e-13
397.35000,1.8543499e-11,1.0126530e-13
397.36000,1.8782290e-11,1.0209830e-13
397.37000,1.9016885e-11,1.0286530e-13
397.38000,1.9258402e-11,1.0362068e-13
397.39000,1.9501056e-11,1.0444909e-13
397.40000,1.9727117e-11,1.0533273e-13
397.41000,1.9924024e-11,1.0609021e-13
397.42000,2.0098262e-11,1.0657554e-13
397.43000,2.0283561e-11,1.0700245e-13
397.44000,2.0531687e-11,1.0769842e-13
397.45000,2.0842961e-11,1.0869789e-13
397.46000,2.1137714e-11,1.0967419e-13
397.47000,2.1364666e-11,1.1039957e-13
397.48000,2.1556003e-11,1.1098947e-13
397.49000,2.1759675e-11,1.1156266e-13
397.50000,2.1972749e-11,1.1217667e-13
397.51000,2.2178965e-11,1.1276596e-13
397.52000,2.2394302e-11,1.1329218e-13
397.53000,2.2639566e-11,1.1395476e-13
397.54000,2.2895678e-11,1.1470408e-13
397.55000,2.3117414e-11,1.1527116e-13
397.56000,2.3310110e-11,1.1586185e-13
397.57000,2.3496290e-11,1.1651943e-13
397.58000,2.3674197e-11,1.1696064e-13
397.59000,2.3834716e-11,1.1729168e-13
397.60000,2.4000520e-11,1.1778476e-13
397.61000,2.4186175e-11,1.1825077e-13
397.62000,2.4370948e-11,1.1861866e-13
397.63000,2.4545913e-11,1.1914339e-13
397.64000,2.4733882e-11,1.1980914e-13
397.65000,2.4939605e-11,1.2025022e-13
397.66000,2.5145427e-11,1.2047472e-13
397.67000,2.5339943e-11,1.2088524e-13
397.68000,2.5519365e-11,1.2165508e-13
397.69000,2.5681594e-11,1.2238941e-13
397.70000,2.5824943e-11,1.2255641e-13
397.71000,2.5959849e-11,1.2238442e-13
397.72000,2.6112443e-11,1.2247919e-13
397.73000,2.6282783e-11,1.2302726e-13
397.74000,2.6441685e-11,1.2399208e-13
397.75000,2.6596732e-11,1.2492794e-13
397.76000,2.6765237e-11,1.2527200e-13
397.77000,2.6937132e-11,1.2505758e-13
397.78000,2.7099640e-11,1.2504472e-13
397.79000,2.7249122e-11,1.2583113e-13
397.80000,2.7386754e-11,1.2690592e-13
397.81000,2.7523989e-11,1.2708907e-13
397.82000,2.7676299e-11,1.2640156e-13
397.83000,2.7838919e-11,1.2600989e-13
397.84000,2.7991867e-11,1.2626975e-13
397.85000,2.8128720e-11,1.2695670e-13
397.86000,2.8253673e-11,1.2771102e-13
397.87000,2.8374520e-11,1.2834477e-13
397.88000,2.8498068e-11,1.2888927e-13
397.89000,2.8627914e-11,1.2936932e-13
397.90000,2.8740908e-11,1.2969173e-13
397.91000,2.8825126e-11,1.2979933e-13
397.92000,2.8915795e-11,1.2977063e-13
397.93000,2.9029776e-11,1.2967462e-13
397.94000,2.9136373e-11,1.2953587e-13
397.95000,2.9205218e-11,1.2942750e-13
397.96000,2.9215077e-11,1.2944501e-13
397.97000,2.9236144e-11,1.2972073e-13
397.98000,2.9388144e-11,1.3029670e-13
397.99000,2.9634660e-11,1.3105588e-13
398.00000,2.9858074e-11,1.3200688e-13
398.01000,3.0023097e-11,1.3310844e-13
398.02000,3.0148601e-11,1.3400869e-13
398.03000,3.0247368e-11,1.3413569e-13
398.04000,3.0346262e-11,1.3373059e-13
398.05000,3.0462282e-11,1.3347093e-13
398.06000,3.0591422e-11,1.3369446e-13
398.07000,3.0708196e-11,1.3432886e-13
398.08000,3.0789796e-11,1.3507907e-13
398.09000,3.0852357e-11,1.3531566e-13
398.10000,3.0927228e-11,1.3503039e-13
398.11000,3.1017571e-11,1.3496572e-13
398.12000,3.1104071e-11,1.3548178e-13
398.13000,3.1160337e-11,1.3632219e-13
398.14000,3.1184321e-11,1.3695949e-13
398.15000,3.1199348e-11,1.3721327e-13
398.16000,3.1225554e-11,1.3715038e-13
398.17000,3.1257007e-11,1.3703076e-13
398.18000,3.1309211e-11,1.3708506e-13
398.19000,3.1398651e-11,1.3761289e-13
398.20000,3.1502809e-11,1.3883149e-13
398.21000,3.1597950e-11,1.4035439e-13
398.22000,3.1666688e-11,1.4156299e-13
398.23000,3.1719299e-11,1.4217502e-13
398.24000,3.1812977e-11,1.4234755e-13
398.25000,3.1974042e-11,1.4237162e-13
398.26000,3.2172938e-11,1.4261667e-13
398.27000,3.2335956e-11,1.4295012e-13
398.28000,3.2417618e-11,1.4321325e-13
398.29000,3.2459526e-11,1.4342871e-13
398.30000,3.2517060e-11,1.4355133e-13
398.31000,3.2578555e-11,1.4359841e-13
398.32000,3.2610857e-11,1.4357685e-13
398.33000,3.2622497e-11,1.4351002e-13
398.34000,3.2645351e-11,1.4329313e-13
398.35000,3.2700245e-11,1.4294808e-13
398.36000,3.2797852e-11,1.4271296e-13
398.37000,3.2910897e-11,1.4262927e-13
398.38000,3.2988934e-11,1.4258055e-13
398.39000,3.3034988e-11,1.4257953e-13
398.40000,3.3101457e-11,1.4268661e-13
398.41000,3.3197329e-11,1.4279445e-13
398.42000,3.3287118e-11,1.4284926e-13
398.43000,3.3362623e-11,1.4300884e-13
398.44000,3.3429870e-11,1.4339592e-13
398.45000,3.3496255e-11,1.4380963e-13
398.46000,3.3571258e-11,1.4401025e-13
398.47000,3.3642661e-11,1.4418495e-13
398.48000,3.3702609e-11,1.4441461e-13
398.49000,3.3740709e-11,1.4433212e-13
398.50000,3.3753631e-11,1.4396771e-13
398.51000,3.3773602e-11,1.4367268e-13
398.52000,3.3825117e-11,1.4367408e-13
398.53000,3.3886817e-11,1.4403897e-13
398.54000,3.3924241e-11,1.4413081e-13
398.55000,3.3929082e-11,1.4364060e-13
398.56000,3.3926152e-11,1.4312264e-13
398.57000,3.3960956e-11,1.4302784e-13
398.58000,3.4036115e-11,1.4330510e-13
398.59000,3.4101756e-11,1.4373103e-13
398.60000,3.4130115e-11,1.4409431e-13
398.61000,3.4138991e-11,1.4433125e-13
398.62000,3.4158122e-11,1.4443929e-13
398.63000,3.4207035e-11,1.4434491e-13
398.64000,3.4269325e-11,1.4421700e-13
398.65000,3.4326395e-11,1.4427496e-13
398.66000,3.4374078e-11,1.4448973e-13
398.67000,3.4418745e-11,1.4475781e-13
398.68000,3.4479206e-11,1.4520651e-13
398.69000,3.4558617e-11,1.4580824e-13
398.70000,3.4626657e-11,1.4614819e-13
398.71000,3.4672028e-11,1.4606761e-13
398.72000,3.4720542e-11,1.4586999e-13
398.73000,3.4781111e-11,1.4573616e-13
398.74000,3.4835721e-11,1.4564229e-13
398.75000,3.4883819e-11,1.4567640e-13
398.76000,3.4925737e-11,1.4582441e-13
398.77000,3.4952645e-11,1.4586565e-13
398.78000,3.4973485e-11,1.4579581e-13
398.79000,3.5010523e-11,1.4584461e-13
398.80000,3.5045590e-11,1.4600854e-13
398.81000,3.5053233e-11,1.4611284e-13
398.82000,3.5052362e-11,1.4610986e-13
398.83000,3.5073682e-11,1.4608988e-13
398.84000,3.5124590e-11,1.4620819e-13
398.85000,3.5188419e-11,1.4660314e-13
398.86000,3.5244324e-11,1.4710299e-13
398.87000,3.5299961e-11,1.4751565e-13
398.88000,3.5351020e-11,1.4797578e-13
398.89000,3.5371602e-11,1.4884868e-13
398.90000,3.5356705e-11,1.4968491e-13
398.91000,3.5332500e-11,1.4945766e-13
398.92000,3.5317877e-11,1.4860860e-13
398.93000,3.5322886e-11,1.4830272e-13
398.94000,3.5348713e-11,1.4850645e-13
398.95000,3.5374235e-11,1.4849600e-13
398.96000,3.5380632e-11,1.4825711e-13
398.97000,3.5387870e-11,1.4817867e-13
398.98000,3.5440037e-11,1.4838766e-13
398.99000,3.5536943e-11,1.4865179e-13
399.00000,3.5626760e-11,1.4878376e-13
399.01000,3.5672022e-11,1.4885056e-13
399.02000,3.5680039e-11,1.4892576e-13
399.03000,3.5667265e-11,1.4899452e-13
399.04000,3.5627159e-11,1.4899995e-13
399.05000,3.5560624e-11,1.4889874e-13
399.06000,3.5485993e-11,1.4873781e-13
399.07000,3.5431921e-11,1.4862019e-13
399.08000,3.5420752e-11,1.4859406e-13
399.09000,3.5433879e-11,1.4857791e-13
399.10000,3.5421835e-11,1.4846811e-13
399.11000,3.5401295e-11,1.4841281e-13
399.12000,3.5474909e-11,1.4876853e-13
399.13000,3.5651346e-11,1.4937587e-13
399.14000,3.5806824e-11,1.4992736e-13
399.15000,3.5854091e-11,1.5024295e-13
399.16000,3.5812347e-11,1.5025031e-13
399.17000,3.5755539e-11,1.5034779e-13
399.18000,3.5743446e-11,1.5027502e-13
399.19000,3.5774762e-11,1.4997086e-13
399.20000,3.5826217e-11,1.5023200e-13
399.21000,3.5888912e-11,1.5082184e-13
399.22000,3.5946615e-11,1.5085164e-13
399.23000,3.5968337e-11,1.5087421e-13
399.24000,3.5963260e-11,1.5174672e-13
399.25000,3.5963392e-11,1.5271909e-13
399.26000,3.5980604e-11,1.5263291e-13
399.27000,3.6019236e-11,1.5175875e-13
399.28000,3.6072810e-11,1.5139674e-13
399.29000,3.6115317e-11,1.5217252e-13
399.30000,3.6143306e-11,1.5387317e-13
399.31000,3.6175631e-11,1.5574595e-13
399.32000,3.6217671e-11,1.5695474e-13
399.33000,3.6251746e-11,1.5691255e-13
399.34000,3.6250696e-11,1.5569891e-13
399.35000,3.6196224e-11,1.5428924e-13
399.36000,3.6094177e-11,1.5345803e-13
399.37000,3.6008964e-11,1.5325236e-13
399.38000,3.6015219e-11,1.5358145e-13
399.39000,3.6101853e-11,1.5447636e-13
399.40000,3.6174507e-11,1.5578921e-13
399.41000,3.6213531e-11,1.5740963e-13
399.42000,3.6265985e-11,1.5881013e-13
399.43000,3.6353338e-11,1.5899518e-13
399.44000,3.6428426e-11,1.5756975e-13
399.45000,3.6453778e-11,1.5560973e-13
399.46000,3.6469017e-11,1.5453382e-13
399.47000,3.6495842e-11,1.5477545e-13
399.48000,3.6498039e-11,1.5584029e-13
399.49000,3.6468043e-11,1.5659239e-13
399.50000,3.6410353e-11,1.5629210e-13
399.51000,3.6301894e-11,1.5560755e-13
399.52000,3.6221650e-11,1.5564757e-13
399.53000,3.6252275e-11,1.5598815e-13
399.54000,3.6332135e-11,1.5584449e-13
399.55000,3.6353139e-11,1.5562648e-13
399.56000,3.6326972e-11,1.5560027e-13
399.57000,3.6330688e-11,1.5541448e-13
399.58000,3.6373859e-11,1.5537151e-13
399.59000,3.6417319e-11,1.5559720e-13
399.60000,3.6433643e-11,1.5574815e-13
399.61000,3.6420648e-11,1.5568684e-13
399.62000,3.6391395e-11,1.5535612e-13
399.63000,3.6355204e-11,1.5499966e-13
399.64000,3.6300917e-11,1.5464609e-13
399.65000,3.6233680e-11,1.5424984e-13
399.66000,3.6158444e-11,1.5378658e-13
399.67000,3.6070656e-11,1.5321324e-13
399.68000,3.5998035e-11,1.5266527e-13
399.69000,3.5954189e-11,1.5231789e-13
399.70000,3.5920986e-11,1.5204729e-13
399.71000,3.5912386e-11,1.5171385e-13
399.72000,3.5949004e-11,1.5145791e-13
399.73000,3.6013875e-11,1.5144520e-13
399.74000,3.6067125e-11,1.5159343e-13
399.75000,3.6087845e-11,1.5156747e-13
399.76000,3.6096398e-11,1.5133588e-13
399.77000,3.6138902e-11,1.5125160e-13
399.78000,3.6216868e-11,1.5149019e-13
399.79000,3.6284763e-11,1.5167081e-13
399.80000,3.6318103e-11,1.5136487e-13
399.81000,3.6317688e-11,1.5073487e-13
399.82000,3.6275982e-11,1.5013264e-13
399.83000,3.6210147e-11,1.4969096e-13
399.84000,3.6174270e-11,1.4941416e-13
399.85000,3.6181517e-11,1.4925969e-13
399.86000,3.6179768e-11,1.4918918e-13
399.87000,3.6141412e-11,1.4911603e-13
399.88000,3.6087006e-11,1.4903044e-13
399.89000,3.6064281e-11,1.4944212e-13
399.90000,3.6140578e-11,1.5124457e-13
399.91000,3.6327343e-11,1.5349118e-13
399.92000,3.6511555e-11,1.5347356e-13
399.93000,3.6595981e-11,1.5156442e-13
399.94000,3.6615566e-11,1.5012250e-13
399.95000,3.6629079e-11,1.4958975e-13
399.96000,3.6637746e-11,1.4932948e-13
399.97000,3.6628844e-11,1.4912097e-13
399.98000,3.6603654e-11,1.4905565e-13
399.99000,3.6584833e-11,1.4915005e-13
400.00000,3.6585712e-11,1.4929382e-13
400.01000,3.6586398e-11,1.4929855e-13
400.02000,3.6581467e-11,1.4925476e-13
400.03000,3.6600061e-11,1.4939961e-13
400.04000,3.6645671e-11,1.4976254e-13
400.05000,3.6675708e-11,1.5014557e-13
400.06000,3.6661004e-11,1.5032040e-13
400.07000,3.6629897e-11,1.5023551e-13
400.08000,3.6629368e-11,1.5004819e-13
400.09000,3.6659439e-11,1.4993716e-13
400.10000,3.6677805e-11,1.5005033e-13
400.11000,3.6669134e-11,1.5035005e-13
400.12000,3.6640896e-11,1.5057205e-13
400.13000,3.6592408e-11,1.5045932e-13
400.14000,3.6533378e-11,1.5019661e-13
400.15000,3.6497890e-11,1.5014192e-13
400.16000,3.6485422e-11,1.5026219e-13
400.17000,3.6461802e-11,1.5029015e-13
400.18000,3.6425778e-11,1.5023730e-13
400.19000,3.6374583e-11,1.5019913e-13
400.20000,3.6274528e-11,1.5003571e-13
400.21000,3.6111807e-11,1.4965214e-13
400.22000,3.5924243e-11,1.4921329e-13
400.23000,3.5842000e-11,1.4915612e-13
400.24000,3.5886376e-11,1.4950451e-13
400.25000,3.5870844e-11,1.4957111e-13
400.26000,3.5642316e-11,1.4884226e-13
400.27000,3.5386391e-11,1.4799047e-13
400.28000,3.5455478e-11,1.4815195e-13
400.29000,3.5864040e-11,1.4936114e-13
400.30000,3.6254071e-11,1.5058470e-13
400.31000,3.6435434e-11,1.5118296e-13
400.32000,3.6476670e-11,1.5123909e-13
400.33000,3.6452766e-11,1.5097100e-13
400.34000,3.6409086e-11,1.5059609e-13
400.35000,3.6413577e-11,1.5048597e-13
400.36000,3.6504541e-11,1.5081124e-13
400.37000,3.6620011e-11,1.5130731e-13
400.38000,3.6709616e-11,1.5176352e-13
400.39000,3.6739524e-11,1.5187039e-13
400.40000,3.6694579e-11,1.5154010e-13
400.41000,3.6596476e-11,1.5107907e-13
400.42000,3.6499297e-11,1.5077819e-13
400.43000,3.6445084e-11,1.5068774e-13
400.44000,3.6410445e-11,1.5074703e-13
400.45000,3.6326496e-11,1.5073738e-13
400.46000,3.6169810e-11,1.5040110e-13
400.47000,3.5987704e-11,1.4979156e-13
400.48000,3.5833070e-11,1.4917764e-13
400.49000,3.5718260e-11,1.4871650e-13
400.50000,3.5636501e-11,1.4849374e-13
400.51000,3.5591312e-11,1.4855558e-13
400.52000,3.5611039e-11,1.4883436e-13
400.53000,3.5694973e-11,1.4924022e-13
400.54000,3.5801882e-11,1.4968663e-13
400.55000,3.5925852e-11,1.4998611e-13
400.56000,3.6076550e-11,1.5004604e-13
400.57000,3.6197432e-11,1.5002372e-13
400.58000,3.6248311e-11,1.5011473e-13
400.59000,3.6272791e-11,1.5036340e-13
400.60000,3.6322499e-11,1.5065860e-13
400.61000,3.6388634e-11,1.5079528e-13
400.62000,3.6438844e-11,1.5077248e-13
400.63000,3.6471018e-11,1.5084487e-13
400.64000,3.6476508e-11,1.5094869e-13
400.65000,3.6443973e-11,1.5095802e-13
400.66000,3.6404794e-11,1.5099456e-13
400.67000,3.6406407e-11,1.5109334e-13
400.68000,3.6431078e-11,1.5114073e-13
400.69000,3.6421863e-11,1.5112226e-13
400.70000,3.6369544e-11,1.5107810e-13
400.71000,3.6310248e-11,1.5105625e-13
400.72000,3.6286325e-11,1.5106900e-13
400.73000,3.6312389e-11,1.5110142e-13
400.74000,3.6363559e-11,1.5115548e-13
400.75000,3.6414440e-11,1.5118898e-13
400.76000,3.6448542e-11,1.5114495e-13
400.77000,3.6437011e-11,1.5105544e-13
400.78000,3.6385279e-11,1.5098340e-13
400.79000,3.6331167e-11,1.5089590e-13
400.80000,3.6295203e-11,1.5075365e-13
400.81000,3.6281755e-11,1.5063457e-13
400.82000,3.6263387e-11,1.5063194e-13
400.83000,3.6213917e-11,1.5073251e-13
400.84000,3.6155266e-11,1.5075600e-13
400.85000,3.6108752e-11,1.5050329e-13
400.86000,3.6078241e-11,1.5005526e-13
400.87000,3.6051773e-11,1.4963113e-13
400.88000,3.5996892e-11,1.4932472e-13
400.89000,3.5928841e-11,1.4910528e-13
400.90000,3.5881549e-11,1.4894020e-13
400.91000,3.5843315e-11,1.4880168e-13
400.92000,3.5780187e-11,1.4866852e-13
400.93000,3.5695128e-11,1.4848877e-13
400.94000,3.5614349e-11,1.4827741e-13
400.95000,3.5557780e-11,1.4815833e-13
400.96000,3.5524784e-11,1.4809876e-13
400.97000,3.5507961e-11,1.4802483e-13
400.98000,3.5511817e-11,1.4795347e-13
400.99000,3.5542752e-11,1.4790791e-13
401.00000,3.5598582e-11,1.4798510e-13
401.01000,3.5675726e-11,1.4807829e-13
401.02000,3.5759314e-11,1.4812720e-13
401.03000,3.5821811e-11,1.4818844e-13
401.04000,3.5861254e-11,1.4823254e-13
401.05000,3.5890516e-11,1.4834748e-13
401.06000,3.5905821e-11,1.4841596e-13
401.07000,3.5912218e-11,1.4835638e-13
401.08000,3.5946709e-11,1.4832911e-13
401.09000,3.6016776e-11,1.4822477e-13
401.10000,3.6081863e-11,1.4808936e-13
401.11000,3.6124366e-11,1.4820394e-13
401.12000,3.6166504e-11,1.4836399e-13
401.13000,3.6217199e-11,1.4836694e-13
401.14000,3.6234687e-11,1.4838848e-13
401.15000,3.6180761e-11,1.4831713e-13
401.16000,3.6056090e-11,1.4781391e-13
401.17000,3.5907849e-11,1.4730452e-13
401.18000,3.5765077e-11,1.4713583e-13
401.19000,3.5637263e-11,1.4694388e-13
401.20000,3.5548636e-11,1.4640253e-13
401.21000,3.5536885e-11,1.4601174e-13
401.22000,3.5602147e-11,1.4643918e-13
401.23000,3.5692174e-11,1.4744936e-13
401.24000,3.5715682e-11,1.4775555e-13
401.25000,3.5623429e-11,1.4682848e-13
401.26000,3.5489195e-11,1.4573024e-13
401.27000,3.5484559e-11,1.4555235e-13
401.28000,3.5684534e-11,1.4645943e-13
401.29000,3.5962670e-11,1.4785392e-13
401.30000,3.6189889e-11,1.4887465e-13
401.31000,3.6324000e-11,1.4880306e-13
401.32000,3.6368162e-11,1.4813305e-13
401.33000,3.6339538e-11,1.4769448e-13
401.34000,3.6288398e-11,1.4776047e-13
401.35000,3.6265153e-11,1.4777873e-13
401.36000,3.6273858e-11,1.4735846e-13
401.37000,3.6269497e-11,1.4676058e-13
401.38000,3.6225876e-11,1.4635582e-13
401.39000,3.6171504e-11,1.4627758e-13
401.40000,3.6140652e-11,1.4642475e-13
401.41000,3.6133090e-11,1.4659279e-13
401.42000,3.6142106e-11,1.4669931e-13
401.43000,3.6175532e-11,1.4683039e-13
401.44000,3.6215044e-11,1.4697679e-13
401.45000,3.6229792e-11,1.4701303e-13
401.46000,3.6233145e-11,1.4680513e-13
401.47000,3.6249680e-11,1.4640299e-13
401.48000,3.6269797e-11,1.4599283e-13
401.49000,3.6255190e-11,1.4570671e-13
401.50000,3.6184305e-11,1.4562700e-13
401.51000,3.6101952e-11,1.4575462e-13
401.52000,3.6047175e-11,1.4577660e-13
401.53000,3.5998184e-11,1.4558334e-13
401.54000,3.5916440e-11,1.4561600e-13
401.55000,3.5762361e-11,1.4600540e-13
401.56000,3.5573777e-11,1.4630076e-13
401.57000,3.5543941e-11,1.4631152e-13
401.58000,3.5776224e-11,1.4641725e-13
401.59000,3.6081115e-11,1.4700714e-13
401.60000,3.6272612e-11,1.4814177e-13
401.61000,3.6347337e-11,1.5007409e-13
401.62000,3.6381631e-11,1.5227631e-13
401.63000,3.6381180e-11,1.5337819e-13
401.64000,3.6317392e-11,1.5291728e-13
401.65000,3.6198026e-11,1.5198923e-13
401.66000,3.6114752e-11,1.5168442e-13
401.67000,3.6121781e-11,1.5200812e-13
401.68000,3.6170507e-11,1.5229239e-13
401.69000,3.6213057e-11,1.5241966e-13
401.70000,3.6243462e-11,1.5250698e-13
401.71000,3.6261196e-11,1.5227527e-13
401.72000,3.6261323e-11,1.5168609e-13
401.73000,3.6257984e-11,1.5122464e-13
401.74000,3.6267610e-11,1.5120893e-13
401.75000,3.6276677e-11,1.5131780e-13
401.76000,3.6251856e-11,1.5110906e-13
401.77000,3.6205071e-11,1.5071816e-13
401.78000,3.6183766e-11,1.5029914e-13
401.79000,3.6222562e-11,1.4986577e-13
401.80000,3.6303576e-11,1.4940286e-13
401.81000,3.6377154e-11,1.4894819e-13
401.82000,3.6403243e-11,1.4874157e-13
401.83000,3.6389674e-11,1.4880273e-13
401.84000,3.6381082e-11,1.4879205e-13
401.85000,3.6391995e-11,1.4864590e-13
401.86000,3.6405914e-11,1.4840491e-13
401.87000,3.6409877e-11,1.4815519e-13
401.88000,3.6401355e-11,1.4798647e-13
401.89000,3.6397699e-11,1.4784601e-13
401.90000,3.6400870e-11,1.4774640e-13
401.91000,3.6392652e-11,1.4778865e-13
401.92000,3.6377896e-11,1.4794799e-13
401.93000,3.6371148e-11,1.4792906e-13
401.94000,3.6372489e-11,1.4780549e-13
401.95000,3.6372978e-11,1.4781060e-13
401.96000,3.6360871e-11,1.4779528e-13
401.97000,3.6343507e-11,1.4760615e-13
401.98000,3.6334977e-11,1.4743675e-13
401.99000,3.6330880e-11,1.4739313e-13
402.00000,3.6320178e-11,1.4729272e-13
402.01000,3.6302283e-11,1.4701748e-13
402.02000,3.6289864e-11,1.4681281e-13
402.03000,3.6294398e-11,1.4696254e-13
402.04000,3.6302988e-11,1.4730160e-13
402.05000,3.6288932e-11,1.4740632e-13
402.06000,3.6252941e-11,1.4721788e-13
402.07000,3.6228506e-11,1.4702041e-13
402.08000,3.6227794e-11,1.4699305e-13
402.09000,3.6194083e-11,1.4698746e-13
402.10000,3.6106721e-11,1.4687532e-13
402.11000,3.6005721e-11,1.4663313e-13
402.12000,3.5934769e-11,1.4632266e-13
402.13000,3.5898209e-11,1.4603957e-13
402.14000,3.5876227e-11,1.4589480e-13
402.15000,3.5859681e-11,1.4591638e-13
402.16000,3.5844196e-11,1.4591791e-13
402.17000,3.5837290e-11,1.4582669e-13
402.18000,3.5860733e-11,1.4586857e-13
402.19000,3.5914536e-11,1.4608466e-13
402.20000,3.5977943e-11,1.4624340e-13
402.21000,3.6022723e-11,1.4622096e-13
402.22000,3.6031311e-11,1.4620863e-13
402.23000,3.5999051e-11,1.4643779e-13
402.24000,3.5927212e-11,1.4681229e-13
402.25000,3.5831602e-11,1.4682819e-13
402.26000,3.5735261e-11,1.4637258e-13
402.27000,3.5643566e-11,1.4578660e-13
402.28000,3.5573473e-11,1.4539724e-13
402.29000,3.5531484e-11,1.4529841e-13
402.30000,3.5488605e-11,1.4521768e-13
402.31000,3.5449346e-11,1.4494005e-13
402.32000,3.5453681e-11,1.4477433e-13
402.33000,3.5473251e-11,1.4506084e-13
402.34000,3.5438782e-11,1.4553659e-13
402.35000,3.5368059e-11,1.4560166e-13
402.36000,3.5325427e-11,1.4516875e-13
402.37000,3.5306525e-11,1.4462267e-13
402.38000,3.5248127e-11,1.4413824e-13
402.39000,3.5102969e-11,1.4369621e-13
402.40000,3.4892734e-11,1.4329212e-13
402.41000,3.4689986e-11,1.4289669e-13
402.42000,3.4542160e-11,1.4246386e-13
402.43000,3.4392707e-11,1.4203708e-13
402.44000,3.4153133e-11,1.4155621e-13
402.45000,3.3755233e-11,1.4062883e-13
402.46000,3.3229847e-11,1.3912193e-13
402.47000,3.2807121e-11,1.3776916e-13
402.48000,3.2809693e-11,1.3757887e-13
402.49000,3.3202650e-11,1.3853384e-13
402.50000,3.3555041e-11,1.3946451e-13
402.51000,3.3638686e-11,1.3970937e-13
402.52000,3.3577194e-11,1.3969629e-13
402.53000,3.3483823e-11,1.3980747e-13
402.54000,3.3347393e-11,1.3986144e-13
402.55000,3.3140056e-11,1.3949582e-13
402.56000,3.2871960e-11,1.3866768e-13
402.57000,3.2565572e-11,1.3760845e-13
402.58000,3.2247761e-11,1.3654306e-13
402.59000,3.1963672e-11,1.3577866e-13
402.60000,3.1701877e-11,1.3519915e-13
402.61000,3.1360153e-11,1.3430960e-13
402.62000,3.0828911e-11,1.3269556e-13
402.63000,3.0153895e-11,1.3062120e-13
402.64000,2.9583531e-11,1.2897638e-13
402.65000,2.9408360e-11,1.2863317e-13
402.66000,2.9714807e-11,1.2970348e-13
402.67000,3.0341529e-11,1.3163531e-13
402.68000,3.1057502e-11,1.3387034e-13
402.69000,3.1719315e-11,1.3596957e-13
402.70000,3.2306535e-11,1.3803904e-13
402.71000,3.2827151e-11,1.3994585e-13
402.72000,3.3247198e-11,1.4130714e-13
402.73000,3.3549985e-11,1.4250028e-13
402.74000,3.3774466e-11,1.4354054e-13
402.75000,3.3950434e-11,1.4388173e-13
402.76000,3.4068017e-11,1.4400616e-13
402.77000,3.4133388e-11,1.4468296e-13
402.78000,3.4172790e-11,1.4532826e-13
402.79000,3.4208065e-11,1.4516274e-13
402.80000,3.4271592e-11,1.4483720e-13
402.81000,3.4386290e-11,1.4545461e-13
402.82000,3.4523886e-11,1.4721773e-13
402.83000,3.4641031e-11,1.4925686e-13
402.84000,3.4733259e-11,1.5032125e-13
402.85000,3.4832706e-11,1.5002485e-13
402.86000,3.4962041e-11,1.4914342e-13
402.87000,3.5073047e-11,1.4837598e-13
402.88000,3.5074881e-11,1.4774917e-13
402.89000,3.4971913e-11,1.4724563e-13
402.90000,3.4909051e-11,1.4709426e-13
402.91000,3.5008586e-11,1.4739257e-13
402.92000,3.5198312e-11,1.4782481e-13
402.93000,3.5334861e-11,1.4827165e-13
402.94000,3.5400161e-11,1.4909719e-13
402.95000,3.5453994e-11,1.5038368e-13
402.96000,3.5517876e-11,1.5189574e-13
402.97000,3.5562978e-11,1.5377173e-13
402.98000,3.5545999e-11,1.5547246e-13
402.99000,3.5457242e-11,1.5532304e-13
403.00000,3.5340829e-11,1.5292609e-13
403.01000,3.5236391e-11,1.5054685e-13
403.02000,3.5150415e-11,1.4993550e-13
403.03000,3.5071782e-11,1.5022822e-13
403.04000,3.5003961e-11,1.4983990e-13
403.05000,3.4984147e-11,1.4892232e-13
403.06000,3.5048590e-11,1.4871737e-13
403.07000,3.5203848e-11,1.4918386e-13
403.08000,3.5396515e-11,1.4946456e-13
403.09000,3.5538335e-11,1.4956722e-13
403.10000,3.5587891e-11,1.4953331e-13
403.11000,3.5561739e-11,1.4915257e-13
403.12000,3.5495207e-11,1.4875062e-13
403.13000,3.5430643e-11,1.4841769e-13
403.14000,3.5394137e-11,1.4799684e-13
403.15000,3.5369691e-11,1.4758125e-13
403.16000,3.5342417e-11,1.4722548e-13
403.17000,3.5345472e-11,1.4703310e-13
403.18000,3.5404728e-11,1.4698470e-13
403.19000,3.5494805e-11,1.4694323e-13
403.20000,3.5563282e-11,1.4681948e-13
403.21000,3.5575813e-11,1.4664700e-13
403.22000,3.5526024e-11,1.4640655e-13
403.23000,3.5420508e-11,1.4596029e-13
403.24000,3.5301103e-11,1.4535251e-13
403.25000,3.5226010e-11,1.4482362e-13
403.26000,3.5194151e-11,1.4443959e-13
403.27000,3.5153628e-11,1.4402894e-13
403.28000,3.5047324e-11,1.4341689e-13
403.29000,3.4824493e-11,1.4253916e-13
403.30000,3.4544990e-11,1.4159513e-13
403.31000,3.4439161e-11,1.4115267e-13
403.32000,3.4691700e-11,1.4168151e-13
403.33000,3.5166042e-11,1.4301620e-13
403.34000,3.5543670e-11,1.4495083e-13
403.35000,3.5701239e-11,1.4740477e-13
403.36000,3.5726342e-11,1.4898168e-13
403.37000,3.5705873e-11,1.4751273e-13
403.38000,3.5671499e-11,1.4506712e-13
403.39000,3.5629275e-11,1.4363159e-13
403.40000,3.5590313e-11,1.4325194e-13
403.41000,3.5557539e-11,1.4320184e-13
403.42000,3.5543340e-11,1.4316892e-13
403.43000,3.5569736e-11,1.4321408e-13
403.44000,3.5630105e-11,1.4336700e-13
403.45000,3.5696217e-11,1.4351052e-13
403.46000,3.5762316e-11,1.4363825e-13
403.47000,3.5800607e-11,1.4375214e-13
403.48000,3.5761289e-11,1.4370472e-13
403.49000,3.5665561e-11,1.4353111e-13
403.50000,3.5581964e-11,1.4338624e-13
403.51000,3.5533042e-11,1.4328190e-13
403.52000,3.5494389e-11,1.4320206e-13
403.53000,3.5451093e-11,1.4318959e-13
403.54000,3.5409923e-11,1.4322670e-13
403.55000,3.5392219e-11,1.4324560e-13
403.56000,3.5427205e-11,1.4332511e-13
403.57000,3.5522497e-11,1.4360314e-13
403.58000,3.5647688e-11,1.4405292e-13
403.59000,3.5739621e-11,1.4440181e-13
403.60000,3.5767114e-11,1.4452602e-13
403.61000,3.5745303e-11,1.4453670e-13
403.62000,3.5715419e-11,1.4459795e-13
403.63000,3.5708037e-11,1.4473908e-13
403.64000,3.5717772e-11,1.4482298e-13
403.65000,3.5720879e-11,1.4480907e-13
403.66000,3.5717225e-11,1.4485647e-13
403.67000,3.5728664e-11,1.4499536e-13
403.68000,3.5761769e-11,1.4508220e-13
403.69000,3.5789799e-11,1.4507386e-13
403.70000,3.5778310e-11,1.4506352e-13
403.71000,3.5727019e-11,1.4505118e-13
403.72000,3.5674241e-11,1.4500204e-13
403.73000,3.5652932e-11,1.4497458e-13
403.74000,3.5659438e-11,1.4501838e-13
403.75000,3.5666459e-11,1.4513774e-13
403.76000,3.5657108e-11,1.4528267e-13
403.77000,3.5645123e-11,1.4534449e-13
403.78000,3.5637733e-11,1.4529657e-13
403.79000,3.5608645e-11,1.4521797e-13
403.80000,3.5506108e-11,1.4501281e-13
403.81000,3.5369161e-11,1.4467336e-13
403.82000,3.5320561e-11,1.4456241e-13
403.83000,3.5426784e-11,1.4489759e-13
403.84000,3.5581439e-11,1.4537028e-13
403.85000,3.5673149e-11,1.4569277e-13
403.86000,3.5708304e-11,1.4582668e-13
403.87000,3.5724209e-11,1.4583564e-13
403.88000,3.5730150e-11,1.4586656e-13
403.89000,3.5728984e-11,1.4592304e-13
403.90000,3.5726044e-11,1.4604878e-13
403.91000,3.5714510e-11,1.4631520e-13
403.92000,3.5689856e-11,1.4646085e-13
403.93000,3.5669135e-11,1.4627287e-13
403.94000,3.5666866e-11,1.4592789e-13
403.95000,3.5675122e-11,1.4566458e-13
403.96000,3.5686610e-11,1.4558614e-13
403.97000,3.5692069e-11,1.4574695e-13
403.98000,3.5674170e-11,1.4602967e-13
403.99000,3.5642181e-11,1.4605584e-13
404.00000,3.5616421e-11,1.4567213e-13
404.01000,3.5602667e-11,1.4528862e-13
404.02000,3.5603057e-11,1.4532002e-13
404.03000,3.5618151e-11,1.4570265e-13
404.04000,3.5633412e-11,1.4603378e-13
404.05000,3.5622935e-11,1.4600028e-13
404.06000,3.5582267e-11,1.4565929e-13
404.07000,3.5535560e-11,1.4532242e-13
404.08000,3.5501929e-11,1.4514017e-13
404.09000,3.5486720e-11,1.4508681e-13
404.10000,3.5494779e-11,1.4513049e-13
404.11000,3.5520798e-11,1.4520770e-13
404.12000,3.5549359e-11,1.4529477e-13
404.13000,3.5562862e-11,1.4536720e-13
404.14000,3.5560857e-11,1.4546093e-13
404.15000,3.5566470e-11,1.4564477e-13
404.16000,3.5593512e-11,1.4583029e-13
404.17000,3.5622335e-11,1.4594859e-13
404.18000,3.5632876e-11,1.4599235e-13
404.19000,3.5645095e-11,1.4594128e-13
404.20000,3.5673271e-11,1.4588680e-13
404.21000,3.5694472e-11,1.4594283e-13
404.22000,3.5700797e-11,1.4603813e-13
404.23000,3.5697659e-11,1.4598083e-13
404.24000,3.5686831e-11,1.4576000e-13
404.25000,3.5670704e-11,1.4560068e-13
404.26000,3.5639899e-11,1.4560163e-13
404.27000,3.5591350e-11,1.4563915e-13
404.28000,3.5550121e-11,1.4563669e-13
404.29000,3.5553250e-11,1.4562035e-13
404.30000,3.5592208e-11,1.4566158e-13
404.31000,3.5628815e-11,1.4573833e-13
404.32000,3.5636021e-11,1.4573819e-13
404.33000,3.5618794e-11,1.4560872e-13
404.34000,3.5574421e-11,1.4537582e-13
404.35000,3.5510659e-11,1.4511730e-13
404.36000,3.5452516e-11,1.4489428e-13
404.37000,3.5405987e-11,1.4476387e-13
404.38000,3.5368164e-11,1.4476478e-13
404.39000,3.5323062e-11,1.4474918e-13
404.40000,3.5225734e-11,1.4446515e-13
404.41000,3.5065803e-11,1.4392557e-13
404.42000,3.4958336e-11,1.4354816e-13
404.43000,3.5040166e-11,1.4375398e-13
404.44000,3.5253490e-11,1.4430442e-13
404.45000,3.5410916e-11,1.4457737e-13
404.46000,3.5429190e-11,1.4441865e-13
404.47000,3.5368305e-11,1.4409387e-13
404.48000,3.5298613e-11,1.4379142e-13
404.49000,3.5222507e-11,1.4348723e-13
404.50000,3.5079857e-11,1.4297298e-13
404.51000,3.4823213e-11,1.4214529e-13
404.52000,3.4505681e-11,1.4121989e-13
404.53000,3.4238125e-11,1.4047917e-13
404.54000,3.4092006e-11,1.4012522e-13
404.55000,3.4072959e-11,1.4035545e-13
404.56000,3.4156849e-11,1.4162417e-13
404.57000,3.4235649e-11,1.4362900e-13
404.58000,3.4200297e-11,1.4462429e-13
404.59000,3.4048973e-11,1.4325953e-13
404.60000,3.4020675e-11,1.4147921e-13
404.61000,3.4361076e-11,1.4152108e-13
404.62000,3.4915144e-11,1.4272593e-13
404.63000,3.5335054e-11,1.4363839e-13
404.64000,3.5519725e-11,1.4405975e-13
404.65000,3.5554959e-11,1.4421286e-13
404.66000,3.5531151e-11,1.4429680e-13
404.67000,3.5510558e-11,1.4434640e-13
404.68000,3.5504336e-11,1.4416910e-13
404.69000,3.5488974e-11,1.4397826e-13
404.70000,3.5476133e-11,1.4406680e-13
404.71000,3.5484621e-11,1.4438866e-13
404.72000,3.5506813e-11,1.4488113e-13
404.73000,3.5547129e-11,1.4506200e-13
404.74000,3.5604063e-11,1.4455014e-13
404.75000,3.5649043e-11,1.4397253e-13
404.76000,3.5656875e-11,1.4391945e-13
404.77000,3.5627765e-11,1.4406065e-13
404.78000,3.5584073e-11,1.4390255e-13
404.79000,3.5533461e-11,1.4361807e-13
404.80000,3.5458644e-11,1.4357392e-13
404.81000,3.5349525e-11,1.4354767e-13
404.82000,3.5209520e-11,1.4305447e-13
404.83000,3.5069506e-11,1.4231307e-13
404.84000,3.4992378e-11,1.4195206e-13
404.85000,3.5009041e-11,1.4227844e-13
404.86000,3.5045966e-11,1.4273971e-13
404.87000,3.5041162e-11,1.4262199e-13
404.88000,3.4923483e-11,1.4173246e-13
404.89000,3.4679165e-11,1.4053110e-13
404.90000,3.4471775e-11,1.3958133e-13
404.91000,3.4532133e-11,1.3951061e-13
404.92000,3.4827403e-11,1.4055079e-13
404.93000,3.5127434e-11,1.4211722e-13
404.94000,3.5331967e-11,1.4320482e-13
404.95000,3.5444107e-11,1.4314778e-13
404.96000,3.5465724e-11,1.4221261e-13
404.97000,3.5446551e-11,1.4126478e-13
404.98000,3.5449282e-11,1.4093430e-13
404.99000,3.5471777e-11,1.4127829e-13
405.00000,3.5475474e-11,1.4183800e-13
405.01000,3.5448245e-11,1.4198411e-13
405.02000,3.5413024e-11,1.4170996e-13
405.03000,3.5402120e-11,1.4151237e-13
405.04000,3.5420927e-11,1.4158254e-13
405.05000,3.5446282e-11,1.4186187e-13
405.06000,3.5464537e-11,1.4250989e-13
405.07000,3.5480249e-11,1.4378048e-13
405.08000,3.5495145e-11,1.4533291e-13
405.09000,3.5499857e-11,1.4639269e-13
405.10000,3.5484747e-11,1.4685040e-13
405.11000,3.5449140e-11,1.4721308e-13
405.12000,3.5400239e-11,1.4776464e-13
405.13000,3.5339704e-11,1.4822978e-13
405.14000,3.5270454e-11,1.4800454e-13
405.15000,3.5221322e-11,1.4698159e-13
405.16000,3.5213627e-11,1.4580704e-13
405.17000,3.5235484e-11,1.4515405e-13
405.18000,3.5258697e-11,1.4492690e-13
405.19000,3.5266552e-11,1.4499524e-13
405.20000,3.5246833e-11,1.4536240e-13
405.21000,3.5216616e-11,1.4568720e-13
405.22000,3.5235169e-11,1.4541651e-13
405.23000,3.5320945e-11,1.4478314e-13
405.24000,3.5402175e-11,1.4443125e-13
405.25000,3.5416007e-11,1.4455909e-13
405.26000,3.5379220e-11,1.4483388e-13
405.27000,3.5367158e-11,1.4484577e-13
405.28000,3.5413438e-11,1.4482800e-13
405.29000,3.5454678e-11,1.4501490e-13
405.30000,3.5434316e-11,1.4491383e-13
405.31000,3.5356762e-11,1.4426099e-13
405.32000,3.5250786e-11,1.4370732e-13
405.33000,3.5143116e-11,1.4369876e-13
405.34000,3.5058471e-11,1.4362809e-13
405.35000,3.5020155e-11,1.4313990e-13
405.36000,3.5022938e-11,1.4282261e-13
405.37000,3.5032799e-11,1.4287963e-13
405.38000,3.5041441e-11,1.4308998e-13
405.39000,3.5078794e-11,1.4353097e-13
405.40000,3.5151953e-11,1.4399319e-13
405.41000,3.5229300e-11,1.4408813e-13
405.42000,3.5272674e-11,1.4385067e-13
405.43000,3.5294217e-11,1.4339189e-13
405.44000,3.5337357e-11,1.4293879e-13
405.45000,3.5390926e-11,1.4285421e-13
405.46000,3.5430442e-11,1.4319572e-13
405.47000,3.5455398e-11,1.4375134e-13
405.48000,3.5460006e-11,1.4408566e-13
405.49000,3.5462562e-11,1.4397089e-13
405.50000,3.5491311e-11,1.4358374e-13
405.51000,3.5532811e-11,1.4322523e-13
405.52000,3.5555131e-11,1.4314160e-13
405.53000,3.5551597e-11,1.4320176e-13
405.54000,3.5533175e-11,1.4320808e-13
405.55000,3.5525114e-11,1.4320472e-13
405.56000,3.5536062e-11,1.4342921e-13
405.57000,3.5553456e-11,1.4372306e-13
405.58000,3.5573337e-11,1.4371774e-13
405.59000,3.5597150e-11,1.4343251e-13
405.60000,3.5608475e-11,1.4316325e-13
405.61000,3.5585992e-11,1.4314046e-13
405.62000,3.5536348e-11,1.4333762e-13
405.63000,3.5493062e-11,1.4343573e-13
405.64000,3.5477483e-11,1.4324944e-13
405.65000,3.5477909e-11,1.4300960e-13
405.66000,3.5470814e-11,1.4279331e-13
405.67000,3.5436004e-11,1.4252644e-13
405.68000,3.5370389e-11,1.4228499e-13
405.69000,3.5299030e-11,1.4200270e-13
405.70000,3.5223357e-11,1.4162494e-13
405.71000,3.5131383e-11,1.4127203e-13
405.72000,3.5063031e-11,1.4111860e-13
405.73000,3.5043457e-11,1.4124346e-13
405.74000,3.5004999e-11,1.4133483e-13
405.75000,3.4864772e-11,1.4099277e-13
405.76000,3.4689847e-11,1.4054647e-13
405.77000,3.4678896e-11,1.4060820e-13
405.78000,3.4891169e-11,1.4113664e-13
405.79000,3.5164069e-11,1.4170287e-13
405.80000,3.5354528e-11,1.4202974e-13
405.81000,3.5449485e-11,1.4212446e-13
405.82000,3.5482758e-11,1.4229487e-13
405.83000,3.5475721e-11,1.4287413e-13
405.84000,3.5435648e-11,1.4354187e-13
405.85000,3.5392167e-11,1.4351087e-13
405.86000,3.5382273e-11,1.4290444e-13
405.87000,3.5418078e-11,1.4258914e-13
405.88000,3.5494725e-11,1.4275426e-13
405.89000,3.5572671e-11,1.4300930e-13
405.90000,3.5606144e-11,1.4313277e-13
405.91000,3.5598945e-11,1.4321636e-13
405.92000,3.5574842e-11,1.4348153e-13
405.93000,3.5545723e-11,1.4410857e-13
405.94000,3.5519796e-11,1.4468053e-13
405.95000,3.5503316e-11,1.4455830e-13
405.96000,3.5506874e-11,1.4380972e-13
405.97000,3.5539271e-11,1.4317981e-13
405.98000,3.5579665e-11,1.4306637e-13
405.99000,3.5589957e-11,1.4325899e-13
406.00000,3.5569048e-11,1.4349649e-13
406.01000,3.5551729e-11,1.4378808e-13
406.02000,3.5547165e-11,1.4404057e-13
406.03000,3.5540289e-11,1.4421775e-13
406.04000,3.5535402e-11,1.4442252e-13
406.05000,3.5544640e-11,1.4428023e-13
406.06000,3.5557184e-11,1.4369173e-13
406.07000,3.5546139e-11,1.4327071e-13
406.08000,3.5499625e-11,1.4327460e-13
406.09000,3.5444673e-11,1.4347399e-13
406.10000,3.5422782e-11,1.4363809e-13
406.11000,3.5434618e-11,1.4370602e-13
406.12000,3.5450691e-11,1.4380776e-13
406.13000,3.5445472e-11,1.4400825e-13
406.14000,3.5412490e-11,1.4418043e-13
406.15000,3.5379827e-11,1.4421489e-13
406.16000,3.5354905e-11,1.4413303e-13
406.17000,3.5292170e-11,1.4397173e-13
406.18000,3.5179971e-11,1.4380448e-13
406.19000,3.5081949e-11,1.4377029e-13
406.20000,3.5072079e-11,1.4391661e-13
406.21000,3.5152485e-11,1.4421440e-13
406.22000,3.5253700e-11,1.4461980e-13
406.23000,3.5314591e-11,1.4502382e-13
406.24000,3.5331205e-11,1.4530549e-13
406.25000,3.5337402e-11,1.4544019e-13
406.26000,3.5339191e-11,1.4548906e-13
406.27000,3.5282452e-11,1.4539832e-13
406.28000,3.5119957e-11,1.4522014e-13
406.29000,3.4883154e-11,1.4480598e-13
406.30000,3.4653291e-11,1.4423629e-13
406.31000,3.4494718e-11,1.4396835e-13
406.32000,3.4422761e-11,1.4391029e-13
406.33000,3.4410812e-11,1.4417972e-13
406.34000,3.4452207e-11,1.4499887e-13
406.35000,3.4545790e-11,1.4554086e-13
406.36000,3.4586305e-11,1.4529693e-13
406.37000,3.4489153e-11,1.4521517e-13
406.38000,3.4438149e-11,1.4612576e-13
406.39000,3.4663358e-11,1.4734388e-13
406.40000,3.5048813e-11,1.4771332e-13
406.41000,3.5322629e-11,1.4741746e-13
406.42000,3.5397984e-11,1.4753277e-13
406.43000,3.5352788e-11,1.4850794e-13
406.44000,3.5311929e-11,1.5001614e-13
406.45000,3.5343109e-11,1.5111561e-13
406.46000,3.5423272e-11,1.5124714e-13
406.47000,3.5495596e-11,1.5059728e-13
406.48000,3.5529493e-11,1.4973576e-13
406.49000,3.5525407e-11,1.4905801e-13
406.50000,3.5505351e-11,1.4878589e-13
406.51000,3.5493243e-11,1.4903097e-13
406.52000,3.5501179e-11,1.4982900e-13
406.53000,3.5521756e-11,1.5100975e-13
406.54000,3.5527163e-11,1.5184345e-13
406.55000,3.5508864e-11,1.5153045e-13
406.56000,3.5493885e-11,1.5013206e-13
406.57000,3.5491895e-11,1.4838784e-13
406.58000,3.5475394e-11,1.4697915e-13
406.59000,3.5431913e-11,1.4632358e-13
406.60000,3.5367123e-11,1.4654280e-13
406.61000,3.5288390e-11,1.4714617e-13
406.62000,3.5194148e-11,1.4705124e-13
406.63000,3.5054182e-11,1.4586571e-13
406.64000,3.4865006e-11,1.4466322e-13
406.65000,3.4688431e-11,1.4429646e-13
406.66000,3.4572577e-11,1.4414045e-13
406.67000,3.4516333e-11,1.4373460e-13
406.68000,3.4491866e-11,1.4361236e-13
406.69000,3.4403001e-11,1.4348362e-13
406.70000,3.4091707e-11,1.4233639e-13
406.71000,3.3527900e-11,1.4031510e-13
406.72000,3.3059806e-11,1.3876339e-13
406.73000,3.3203575e-11,1.3935234e-13
406.74000,3.3905731e-11,1.4200835e-13
406.75000,3.4560510e-11,1.4417403e-13
406.76000,3.4876538e-11,1.4443871e-13
406.77000,3.4999051e-11,1.4384473e-13
406.78000,3.5061584e-11,1.4344048e-13
406.79000,3.5098528e-11,1.4330253e-13
406.80000,3.5129058e-11,1.4323205e-13
406.81000,3.5165998e-11,1.4312054e-13
406.82000,3.5210802e-11,1.4288889e-13
406.83000,3.5257419e-11,1.4260496e-13
406.84000,3.5288784e-11,1.4266109e-13
406.85000,3.5291517e-11,1.4370547e-13
406.86000,3.5273224e-11,1.4558107e-13
406.87000,3.5251777e-11,1.4622447e-13
406.88000,3.5247994e-11,1.4455365e-13
406.89000,3.5263089e-11,1.4253573e-13
406.90000,3.5273395e-11,1.4153662e-13
406.91000,3.5267045e-11,1.4114180e-13
406.92000,3.5249041e-11,1.4094327e-13
406.93000,3.5224034e-11,1.4081758e-13
406.94000,3.5197906e-11,1.4067882e-13
406.95000,3.5184391e-11,1.4053401e-13
406.96000,3.5198346e-11,1.4050090e-13
406.97000,3.5216945e-11,1.4056740e-13
406.98000,3.5192330e-11,1.4053049e-13
406.99000,3.5114969e-11,1.4032637e-13
407.00000,3.5003706e-11,1.4002235e-13
407.01000,3.4893005e-11,1.3973972e-13
407.02000,3.4835051e-11,1.3966037e-13
407.03000,3.4839650e-11,1.3974561e-13
407.04000,3.4865237e-11,1.3979945e-13
407.05000,3.4876331e-11,1.3976172e-13
407.06000,3.4860938e-11,1.3969603e-13
407.07000,3.4825719e-11,1.3961456e-13
407.08000,3.4771971e-11,1.3941813e-13
407.09000,3.4665345e-11,1.3902694e-13
407.10000,3.4484827e-11,1.3854480e-13
407.11000,3.4301890e-11,1.3820981e-13
407.12000,3.4203652e-11,1.3808842e-13
407.13000,3.4181090e-11,1.3805497e-13
407.14000,3.4189183e-11,1.3808952e-13
407.15000,3.4213705e-11,1.3824038e-13
407.16000,3.4247050e-11,1.3845475e-13
407.17000,3.4256143e-11,1.3853451e-13
407.18000,3.4219228e-11,1.3833881e-13
407.19000,3.4210613e-11,1.3811697e-13
407.20000,3.4359083e-11,1.3837556e-13
407.21000,3.4621202e-11,1.3906414e-13
407.22000,3.4818636e-11,1.3963444e-13
407.23000,3.4885741e-11,1.3987659e-13
407.24000,3.4883519e-11,1.4002796e-13
407.25000,3.4867963e-11,1.4022214e-13
407.26000,3.4831473e-11,1.4026817e-13
407.27000,3.4756440e-11,1.4007491e-13
407.28000,3.4681010e-11,1.3990749e-13
407.29000,3.4677822e-11,1.4002577e-13
407.30000,3.4762960e-11,1.4037752e-13
407.31000,3.4850817e-11,1.4068045e-13
407.32000,3.4858898e-11,1.4070623e-13
407.33000,3.4815088e-11,1.4060018e-13
407.34000,3.4791510e-11,1.4067278e-13
407.35000,3.4805843e-11,1.4086617e-13
407.36000,3.4836936e-11,1.4092311e-13
407.37000,3.4868357e-11,1.4088163e-13
407.38000,3.4895768e-11,1.4095702e-13
407.39000,3.4902956e-11,1.4112354e-13
407.40000,3.4866869e-11,1.4115645e-13
407.41000,3.4796217e-11,1.4099861e-13
407.42000,3.4734053e-11,1.4082793e-13
407.43000,3.4713493e-11,1.4080005e-13
407.44000,3.4732830e-11,1.4087427e-13
407.45000,3.4761044e-11,1.4095380e-13
407.46000,3.4751207e-11,1.4102762e-13
407.47000,3.4701540e-11,1.4106199e-13
407.48000,3.4663370e-11,1.4105841e-13
407.49000,3.4651204e-11,1.4099523e-13
407.50000,3.4623669e-11,1.4075343e-13
407.51000,3.4563812e-11,1.4048477e-13
407.52000,3.4489344e-11,1.4043142e-13
407.53000,3.4360972e-11,1.4033567e-13
407.54000,3.4072495e-11,1.3966671e-13
407.55000,3.3593336e-11,1.3830874e-13
407.56000,3.3145563e-11,1.3698686e-13
407.57000,3.3106326e-11,1.3685794e-13
407.58000,3.3509761e-11,1.3805141e-13
407.59000,3.3933072e-11,1.3936081e-13
407.60000,3.4081466e-11,1.3990887e-13
407.61000,3.4044026e-11,1.3977234e-13
407.62000,3.4002820e-11,1.3940471e-13
407.63000,3.4022941e-11,1.3925747e-13
407.64000,3.4075138e-11,1.3940580e-13
407.65000,3.4121918e-11,1.3960279e-13
407.66000,3.4126870e-11,1.3960740e-13
407.67000,3.4007283e-11,1.3918820e-13
407.68000,3.3682129e-11,1.3815994e-13
407.69000,3.3224101e-11,1.3681900e-13
407.70000,3.2899237e-11,1.3601210e-13
407.71000,3.2901324e-11,1.3620655e-13
407.72000,3.3090284e-11,1.3686977e-13
407.73000,3.3225791e-11,1.3723173e-13
407.74000,3.3265812e-11,1.3713819e-13
407.75000,3.3286912e-11,1.3695548e-13
407.76000,3.3347086e-11,1.3701049e-13
407.77000,3.3448102e-11,1.3725151e-13
407.78000,3.3547429e-11,1.3742768e-13
407.79000,3.3647065e-11,1.3754603e-13
407.80000,3.3813701e-11,1.3792161e-13
407.81000,3.4034829e-11,1.3863738e-13
407.82000,3.4201483e-11,1.3931581e-13
407.83000,3.4267199e-11,1.3958685e-13
407.84000,3.4270164e-11,1.3946097e-13
407.85000,3.4250440e-11,1.3918694e-13
407.86000,3.4230967e-11,1.3899143e-13
407.87000,3.4212263e-11,1.3893588e-13
407.88000,3.4170141e-11,1.3887686e-13
407.89000,3.4108664e-11,1.3864628e-13
407.90000,3.4069353e-11,1.3832461e-13
407.91000,3.4060705e-11,1.3815835e-13
407.92000,3.4061878e-11,1.3821968e-13
407.93000,3.4062642e-11,1.3834008e-13
407.94000,3.4055077e-11,1.3836352e-13
407.95000,3.4024312e-11,1.3822868e-13
407.96000,3.3972366e-11,1.3800852e-13
407.97000,3.3927388e-11,1.3791320e-13
407.98000,3.3894924e-11,1.3792820e-13
407.99000,3.3861854e-11,1.3785590e-13
408.00000,3.3837013e-11,1.3767134e-13
408.01000,3.3828051e-11,1.3749205e-13
408.02000,3.3843103e-11,1.3744029e-13
408.03000,3.3876935e-11,1.3751579e-13
408.04000,3.3891604e-11,1.3760308e-13
408.05000,3.3872799e-11,1.3759327e-13
408.06000,3.3836648e-11,1.3741438e-13
408.07000,3.3800287e-11,1.3713487e-13
408.08000,3.3789637e-11,1.3695203e-13
408.09000,3.3796205e-11,1.3692624e-13
408.10000,3.3777300e-11,1.3694190e-13
408.11000,3.3734979e-11,1.3685532e-13
408.12000,3.3689371e-11,1.3660887e-13
408.13000,3.3635091e-11,1.3631963e-13
408.14000,3.3581330e-11,1.3614220e-13
408.15000,3.3544343e-11,1.3609153e-13
408.16000,3.3510931e-11,1.3606195e-13
408.17000,3.3478623e-11,1.3596008e-13
408.18000,3.3455347e-11,1.3573273e-13
408.19000,3.3431243e-11,1.3543779e-13
408.20000,3.3416274e-11,1.3530948e-13
408.21000,3.3417397e-11,1.3543257e-13
408.22000,3.3403508e-11,1.3553229e-13
408.23000,3.3350056e-11,1.3537609e-13
408.24000,3.3273562e-11,1.3509700e-13
408.25000,3.3213939e-11,1.3506292e-13
408.26000,3.3181910e-11,1.3558584e-13
408.27000,3.3159322e-11,1.3654523e-13
408.28000,3.3147010e-11,1.3687745e-13
408.29000,3.3150211e-11,1.3608704e-13
408.30000,3.3154475e-11,1.3513955e-13
408.31000,3.3136227e-11,1.3456993e-13
408.32000,3.3096370e-11,1.3428683e-13
408.33000,3.3072097e-11,1.3411460e-13
408.34000,3.3081758e-11,1.3395442e-13
408.35000,3.3091395e-11,1.3388902e-13
408.36000,3.3064989e-11,1.3369683e-13
408.37000,3.3000653e-11,1.3328634e-13
408.38000,3.2914370e-11,1.3297679e-13
408.39000,3.2831392e-11,1.3270910e-13
408.40000,3.2768180e-11,1.3232285e-13
408.41000,3.2718859e-11,1.3203625e-13
408.42000,3.2667045e-11,1.3180280e-13
408.43000,3.2594700e-11,1.3133194e-13
408.44000,3.2511918e-11,1.3081258e-13
408.45000,3.2467375e-11,1.3066339e-13
408.46000,3.2481905e-11,1.3071288e-13
408.47000,3.2508449e-11,1.3044856e-13
408.48000,3.2492694e-11,1.2997895e-13
408.49000,3.2429436e-11,1.2981655e-13
408.50000,3.2356768e-11,1.3000418e-13
408.51000,3.2316250e-11,1.3001890e-13
408.52000,3.2316055e-11,1.2960937e-13
408.53000,3.2330539e-11,1.2923920e-13
408.54000,3.2326789e-11,1.2929607e-13
408.55000,3.2295458e-11,1.2971265e-13
408.56000,3.2261305e-11,1.3025038e-13
408.57000,3.2244392e-11,1.3053097e-13
408.58000,3.2221425e-11,1.3062029e-13
408.59000,3.2165135e-11,1.3152942e-13
408.60000,3.2088620e-11,1.3358746e-13
408.61000,3.2019441e-11,1.3525306e-13
408.62000,3.1975827e-11,1.3530099e-13
408.63000,3.1957317e-11,1.3443610e-13
408.64000,3.1942262e-11,1.3383885e-13
408.65000,3.1911634e-11,1.3379951e-13
408.66000,3.1878975e-11,1.3400823e-13
408.67000,3.1870128e-11,1.3422083e-13
408.68000,3.1871427e-11,1.3446712e-13
408.69000,3.1837942e-11,1.3476220e-13
408.70000,3.1761611e-11,1.3492554e-13
408.71000,3.1684676e-11,1.3474403e-13
408.72000,3.1634320e-11,1.3413034e-13
408.73000,3.1591219e-11,1.3319749e-13
408.74000,3.1533052e-11,1.3226221e-13
408.75000,3.1482291e-11,1.3169010e-13
408.76000,3.1476427e-11,1.3149703e-13
408.77000,3.1488795e-11,1.3117659e-13
408.78000,3.1466805e-11,1.3058185e-13
408.79000,3.1401847e-11,1.3010243e-13
408.80000,3.1301179e-11,1.2974876e-13
408.81000,3.1177960e-11,1.2938709e-13
408.82000,3.1070351e-11,1.2927559e-13
408.83000,3.1011848e-11,1.2964446e-13
408.84000,3.0998132e-11,1.3005539e-13
408.85000,3.0985004e-11,1.2966955e-13
408.86000,3.0928862e-11,1.2859497e-13
408.87000,3.0833101e-11,1.2771577e-13
408.88000,3.0731421e-11,1.2736893e-13
408.89000,3.0642675e-11,1.2746979e-13
408.90000,3.0569485e-11,1.2773414e-13
408.91000,3.0502579e-11,1.2757572e-13
408.92000,3.0423321e-11,1.2695358e-13
408.93000,3.0341369e-11,1.2649999e-13
408.94000,3.0289870e-11,1.2647294e-13
408.95000,3.0267347e-11,1.2641987e-13
408.96000,3.0233023e-11,1.2614696e-13
408.97000,3.0167615e-11,1.2616562e-13
408.98000,3.0091942e-11,1.2640238e-13
408.99000,3.0023810e-11,1.2608758e-13
409.00000,2.9954729e-11,1.2538416e-13
409.01000,2.9876528e-11,1.2502251e-13
409.02000,2.9794322e-11,1.2481258e-13
409.03000,2.9708395e-11,1.2432485e-13
409.04000,2.9620974e-11,1.2377415e-13
409.05000,2.9550766e-11,1.2339137e-13
409.06000,2.9504069e-11,1.2312486e-13
409.07000,2.9451391e-11,1.2294395e-13
409.08000,2.9366617e-11,1.2273626e-13
409.09000,2.9261153e-11,1.2245428e-13
409.10000,2.9157986e-11,1.2218607e-13
409.11000,2.9074228e-11,1.2195331e-13
409.12000,2.9014491e-11,1.2179038e-13
409.13000,2.8958587e-11,1.2154804e-13
409.14000,2.8888123e-11,1.2109210e-13
409.15000,2.8796020e-11,1.2060779e-13
409.16000,2.8679699e-11,1.2030102e-13
409.17000,2.8552118e-11,1.2019639e-13
409.18000,2.8427481e-11,1.2006563e-13
409.19000,2.8303362e-11,1.1965492e-13
409.20000,2.8177331e-11,1.1905745e-13
409.21000,2.8064260e-11,1.1861584e-13
409.22000,2.7973254e-11,1.1842590e-13
409.23000,2.7886619e-11,1.1823033e-13
409.24000,2.7787042e-11,1.1779246e-13
409.25000,2.7690417e-11,1.1719517e-13
409.26000,2.7607421e-11,1.1666166e-13
409.27000,2.7508718e-11,1.1630862e-13
409.28000,2.7376948e-11,1.1609741e-13
409.29000,2.7231293e-11,1.1586280e-13
409.30000,2.7081552e-11,1.1555739e-13
409.31000,2.6921200e-11,1.1531320e-13
409.32000,2.6758669e-11,1.1521536e-13
409.33000,2.6614675e-11,1.1521428e-13
409.34000,2.6508865e-11,1.1500256e-13
409.35000,2.6446009e-11,1.1438330e-13
409.36000,2.6393750e-11,1.1369951e-13
409.37000,2.6305566e-11,1.1318260e-13
409.38000,2.6177036e-11,1.1283431e-13
409.39000,2.6039428e-11,1.1272728e-13
409.40000,2.5910666e-11,1.1266405e-13
409.41000,2.5782698e-11,1.1223781e-13
409.42000,2.5637696e-11,1.1148435e-13
409.43000,2.5465031e-11,1.1079964e-13
409.44000,2.5281064e-11,1.1030451e-13
409.45000,2.5120399e-11,1.0988772e-13
409.46000,2.4993245e-11,1.0957502e-13
409.47000,2.4878855e-11,1.0935312e-13
409.48000,2.4753174e-11,1.0906568e-13
409.49000,2.4606481e-11,1.0867070e-13
409.50000,2.4449782e-11,1.0821097e-13
409.51000,2.4297672e-11,1.0773299e-13
409.52000,2.4149170e-11,1.0735088e-13
409.53000,2.4001183e-11,1.0714499e-13
409.54000,2.3850045e-11,1.0696552e-13
409.55000,2.3687831e-11,1.0660789e-13
409.56000,2.3511922e-11,1.0616538e-13
409.57000,2.3325679e-11,1.0581722e-13
409.58000,2.3142812e-11,1.0547894e-13
409.59000,2.2970452e-11,1.0498946e-13
409.60000,2.2808761e-11,1.0434836e-13
409.61000,2.2663006e-11,1.0369041e-13
409.62000,2.2519833e-11,1.0317911e-13
409.63000,2.2347679e-11,1.0285229e-13
409.64000,2.2130887e-11,1.0257175e-13
409.65000,2.1899807e-11,1.0217462e-13
409.66000,2.1701643e-11,1.0165866e-13
409.67000,2.1536910e-11,1.0117401e-13
409.68000,2.1368665e-11,1.0087745e-13
409.69000,2.1187150e-11,1.0074016e-13
409.70000,2.1013859e-11,1.0038920e-13
409.71000,2.0848976e-11,9.9623690e-14
409.72000,2.0673220e-11,9.8786192e-14
409.73000,2.0479846e-11,9.8136500e-14
409.74000,2.0274511e-11,9.7633640e-14
409.75000,2.0062131e-11,9.7163124e-14
409.76000,1.9832429e-11,9.6611478e-14
409.77000,1.9589424e-11,9.6004549e-14
409.78000,1.9376832e-11,9.5482585e-14
409.79000,1.9205459e-11,9.5046302e-14
409.80000,1.9019215e-11,9.4531684e-14
409.81000,1.8792140e-11,9.3910687e-14
409.82000,1.8562384e-11,9.3321270e-14
409.83000,1.8345911e-11,9.2761078e-14
409.84000,1.8126327e-11,9.2163396e-14
409.85000,1.7902954e-11,9.1563355e-14
409.86000,1.7680359e-11,9.1013201e-14
409.87000,1.7456185e-11,9.0539562e-14
409.88000,1.7223513e-11,9.0050711e-14
409.89000,1.6983841e-11,8.9370925e-14
409.90000,1.6756183e-11,8.8568524e-14
409.91000,1.6542125e-11,8.7809764e-14
409.92000,1.6319457e-11,8.7120428e-14
409.93000,1.6077278e-11,8.6460183e-14
409.94000,1.5824852e-11,8.5769494e-14
409.95000,1.5579022e-11,8.5100755e-14
409.96000,1.5351712e-11,8.4389687e-14
409.97000,1.5127428e-11,8.3651413e-14
409.98000,1.4889025e-11,8.3019026e-14
409.99000,1.4631713e-11,8.2269276e-14
410.00000,1.4371726e-11,8.1363235e-14
410.01000,1.4127377e-11,8.0757550e-14
410.02000,1.3888096e-11,8.0312168e-14
410.03000,1.3637819e-11,7.9437346e-14
410.04000,1.3380295e-11,7.8257481e-14
410.05000,1.3126315e-11,7.7329912e-14
410.06000,1.2877292e-11,7.6680662e-14
410.07000,1.2620691e-11,7.5795531e-14
410.08000,1.2347595e-11,7.4349850e-14
410.09000,1.2062191e-11,7.2618637e-14
410.10000,1.1770949e-11,7.1075148e-14
410.11000,1.1468492e-11,6.9895824e-14
410.12000,1.1147209e-11,6.8979174e-14
410.13000,1.0809620e-11,6.8129340e-14
410.14000,1.0443279e-11,6.7095699e-14
410.15000,1.0010554e-11,6.5658051e-14
410.16000,9.4976062e-12,6.3780065e-14
410.17000,8.9631621e-12,6.1694472e-14
410.18000,8.5290577e-12,5.9867591e-14
410.19000,8.3431947e-12,5.8893093e-14
410.20000,8.5036780e-12,5.9217654e-14
410.21000,8.9760929e-12,6.0800688e-14
410.22000,9.5992201e-12,6.3112744e-14
410.23000,1.0193214e-11,6.5548838e-14
410.24000,1.0666788e-11,6.7754498e-14
410.25000,1.1027026e-11,6.9486386e-14
410.26000,1.1329098e-11,7.0535652e-14
410.27000,1.1620698e-11,7.1079092e-14
410.28000,1.1910669e-11,7.1688605e-14
410.29000,1.2191193e-11,7.2709218e-14
410.30000,1.2461422e-11,7.3830921e-14
410.31000,1.2720655e-11,7.4645776e-14
410.32000,1.2974076e-11,7.5369734e-14
410.33000,1.3225401e-11,7.6206659e-14
410.34000,1.3463565e-11,7.6865026e-14
410.35000,1.3688789e-11,7.7365012e-14
410.36000,1.3916758e-11,7.7996307e-14
410.37000,1.4152658e-11,7.8671216e-14
410.38000,1.4397367e-11,7.9336630e-14
410.39000,1.4657258e-11,8.0095832e-14
410.40000,1.4918417e-11,8.0921825e-14
410.41000,1.5154767e-11,8.1993326e-14
410.42000,1.5370333e-11,8.3826251e-14
410.43000,1.5589532e-11,8.6217576e-14
410.44000,1.5821689e-11,8.7355489e-14
410.45000,1.6060026e-11,8.6510508e-14
410.46000,1.6298378e-11,8.5320718e-14
410.47000,1.6532407e-11,8.5158603e-14
410.48000,1.6753933e-11,8.5546825e-14
410.49000,1.6957322e-11,8.6068365e-14
410.50000,1.7159740e-11,8.6591598e-14
410.51000,1.7378609e-11,8.7133099e-14
410.52000,1.7602372e-11,8.7673486e-14
410.53000,1.7816428e-11,8.8228880e-14
410.54000,1.8024320e-11,8.8848417e-14
410.55000,1.8235037e-11,8.9491791e-14
410.56000,1.8451633e-11,9.0092667e-14
410.57000,1.8667161e-11,9.0664565e-14
410.58000,1.8870326e-11,9.1237073e-14
410.59000,1.9060235e-11,9.1810006e-14
410.60000,1.9254747e-11,9.2403502e-14
410.61000,1.9468869e-11,9.3032611e-14
410.62000,1.9691266e-11,9.3671401e-14
410.63000,1.9911211e-11,9.4347220e-14
410.64000,2.0128492e-11,9.5135121e-14
410.65000,2.0330950e-11,9.5958607e-14
410.66000,2.0516703e-11,9.6594957e-14
410.67000,2.0693550e-11,9.6994186e-14
410.68000,2.0852019e-11,9.7303806e-14
410.69000,2.0996276e-11,9.7613683e-14
410.70000,2.1148457e-11,9.8016092e-14
410.71000,2.1322701e-11,9.8583261e-14
410.72000,2.1515702e-11,9.9218800e-14
410.73000,2.1704622e-11,9.9770576e-14
410.74000,2.1883904e-11,1.0019423e-13
410.75000,2.2062756e-11,1.0056543e-13
410.76000,2.2237797e-11,1.0103043e-13
410.77000,2.2424315e-11,1.0170370e-13
410.78000,2.2637481e-11,1.0251804e-13
410.79000,2.2846312e-11,1.0323455e-13
410.80000,2.3011929e-11,1.0370024e-13
410.81000,2.3141217e-11,1.0400374e-13
410.82000,2.3272485e-11,1.0431188e-13
410.83000,2.3422833e-11,1.0470157e-13
410.84000,2.3585126e-11,1.0519440e-13
410.85000,2.3746562e-11,1.0576830e-13
410.86000,2.3891357e-11,1.0634236e-13
410.87000,2.4022809e-11,1.0687183e-13
410.88000,2.4162366e-11,1.0736578e-13
410.89000,2.4307008e-11,1.0782874e-13
410.90000,2.4436244e-11,1.0823742e-13
410.91000,2.4545035e-11,1.0859089e-13
410.92000,2.4644572e-11,1.0891554e-13
410.93000,2.4745799e-11,1.0927868e-13
410.94000,2.4856511e-11,1.0969092e-13
410.95000,2.4985415e-11,1.1009629e-13
410.96000,2.5137396e-11,1.1047846e-13
410.97000,2.5303118e-11,1.1088139e-13
410.98000,2.5459694e-11,1.1135025e-13
410.99000,2.5589617e-11,1.1182366e-13
411.00000,2.5700391e-11,1.1217907e-13
411.01000,2.5806686e-11,1.1245097e-13
411.02000,2.5913077e-11,1.1279585e-13
411.03000,2.6022385e-11,1.1325182e-13
411.04000,2.6136222e-11,1.1370234e-13
411.05000,2.6250264e-11,1.1402115e-13
411.06000,2.6359808e-11,1.1421579e-13
411.07000,2.6458044e-11,1.1443525e-13
411.08000,2.6539720e-11,1.1473402e-13
411.09000,2.6611566e-11,1.1498307e-13
411.10000,2.6685941e-11,1.1513879e-13
411.11000,2.6782369e-11,1.1534829e-13
411.12000,2.6921604e-11,1.1575376e-13
411.13000,2.7082693e-11,1.1627845e-13
411.14000,2.7229456e-11,1.1672116e-13
411.15000,2.7365716e-11,1.1711673e-13
411.16000,2.7500546e-11,1.1759546e-13
411.17000,2.7618505e-11,1.1806696e-13
411.18000,2.7703569e-11,1.1835667e-13
411.19000,2.7752949e-11,1.1841698e-13
411.20000,2.7780026e-11,1.1836370e-13
411.21000,2.7827387e-11,1.1837865e-13
411.22000,2.7924080e-11,1.1854716e-13
411.23000,2.8046296e-11,1.1882823e-13
411.24000,2.8156360e-11,1.1918396e-13
411.25000,2.8244834e-11,1.1956532e-13
411.26000,2.8322318e-11,1.1994547e-13
411.27000,2.8405291e-11,1.2026987e-13
411.28000,2.8494591e-11,1.2045619e-13
411.29000,2.8581528e-11,1.2053958e-13
411.30000,2.8671561e-11,1.2069832e-13
411.31000,2.8765194e-11,1.2095717e-13
411.32000,2.8843393e-11,1.2114729e-13
411.33000,2.8902686e-11,1.2122259e-13
411.34000,2.8971658e-11,1.2131099e-13
411.35000,2.9071168e-11,1.2149664e-13
411.36000,2.9175235e-11,1.2175903e-13
411.37000,2.9260788e-11,1.2208811e-13
411.38000,2.9348831e-11,1.2242530e-13
411.39000,2.9438103e-11,1.2267453e-13
411.40000,2.9490758e-11,1.2292070e-13
411.41000,2.9510059e-11,1.2317032e-13
411.42000,2.9540811e-11,1.2324587e-13
411.43000,2.9604764e-11,1.2319948e-13
411.44000,2.9685417e-11,1.2323040e-13
411.45000,2.9750624e-11,1.2342253e-13
411.46000,2.9782623e-11,1.2373139e-13
411.47000,2.9808328e-11,1.2409604e-13
411.48000,2.9857782e-11,1.2448569e-13
411.49000,2.9931832e-11,1.2484795e-13
411.50000,3.0030282e-11,1.2517535e-13
411.51000,3.0136050e-11,1.2549157e-13
411.52000,3.0205132e-11,1.2568153e-13
411.53000,3.0233019e-11,1.2568254e-13
411.54000,3.0259632e-11,1.2563322e-13
411.55000,3.0306881e-11,1.2560015e-13
411.56000,3.0380452e-11,1.2557974e-13
411.57000,3.0457463e-11,1.2556620e-13
411.58000,3.0513272e-11,1.2555205e-13
411.59000,3.0547407e-11,1.2561056e-13
411.60000,3.0583378e-11,1.2579718e-13
411.61000,3.0632749e-11,1.2596783e-13
411.62000,3.0684985e-11,1.2594550e-13
411.63000,3.0736786e-11,1.2583519e-13
411.64000,3.0797679e-11,1.2588597e-13
411.65000,3.0857094e-11,1.2607132e-13
411.66000,3.0893373e-11,1.2615231e-13
411.67000,3.0918526e-11,1.2612279e-13
411.68000,3.0956812e-11,1.2615318e-13
411.69000,3.0996063e-11,1.2627027e-13
411.70000,3.1014811e-11,1.2641045e-13
411.71000,3.1024340e-11,1.2649466e-13
411.72000,3.1043231e-11,1.2649265e-13
411.73000,3.1071280e-11,1.2646351e-13
411.74000,3.1116035e-11,1.2647281e-13
411.75000,3.1184477e-11,1.2654435e-13
411.76000,3.1254285e-11,1.2668342e-13
411.77000,3.1286385e-11,1.2682114e-13
411.78000,3.1261403e-11,1.2678890e-13
411.79000,3.1199519e-11,1.2655307e-13
411.80000,3.1136896e-11,1.2627107e-13
411.81000,3.1105535e-11,1.2611793e-13
411.82000,3.1113668e-11,1.2613136e-13
411.83000,3.1141129e-11,1.2618816e-13
411.84000,3.1172180e-11,1.2623939e-13
411.85000,3.1208964e-11,1.2639381e-13
411.86000,3.1260604e-11,1.2672690e-13
411.87000,3.1321182e-11,1.2720302e-13
411.88000,3.1392347e-11,1.2796228e-13
411.89000,3.1481861e-11,1.2867460e-13
411.90000,3.1578508e-11,1.2854660e-13
411.91000,3.1662743e-11,1.2778331e-13
411.92000,3.1719042e-11,1.2720268e-13
411.93000,3.1732314e-11,1.2695635e-13
411.94000,3.1715849e-11,1.2681507e-13
411.95000,3.1697797e-11,1.2665238e-13
411.96000,3.1687135e-11,1.2647361e-13
411.97000,3.1700196e-11,1.2637223e-13
411.98000,3.1760468e-11,1.2639194e-13
411.99000,3.1847967e-11,1.2654336e-13
412.00000,3.1917045e-11,1.2672531e-13
412.01000,3.1956017e-11,1.2679255e-13
412.02000,3.1980729e-11,1.2675350e-13
412.03000,3.2004495e-11,1.2666886e-13
412.04000,3.2015015e-11,1.2662304e-13
412.05000,3.1985491e-11,1.2650768e-13
412.06000,3.1906706e-11,1.2618725e-13
412.07000,3.1744184e-11,1.2563561e-13
412.08000,3.1436551e-11,1.2466521e-13
412.09000,3.0986036e-11,1.2334483e-13
412.10000,3.0533591e-11,1.2216191e-13
412.11000,3.0316316e-11,1.2155129e-13
412.12000,3.0437995e-11,1.2180007e-13
412.13000,3.0864097e-11,1.2306286e-13
412.14000,3.1332206e-11,1.2438369e-13
412.15000,3.1699974e-11,1.2522542e-13
412.16000,3.1942157e-11,1.2607182e-13
412.17000,3.2109910e-11,1.2758536e-13
412.18000,3.2226480e-11,1.2968809e-13
412.19000,3.2278106e-11,1.3168546e-13
412.20000,3.2274971e-11,1.3300869e-13
412.21000,3.2252722e-11,1.3375421e-13
412.22000,3.2230763e-11,1.3403536e-13
412.23000,3.2208845e-11,1.3382227e-13
412.24000,3.2181875e-11,1.3333383e-13
412.25000,3.2124310e-11,1.3294349e-13
412.26000,3.1957383e-11,1.3274283e-13
412.27000,3.1645992e-11,1.3207371e-13
412.28000,3.1355598e-11,1.3081615e-13
412.29000,3.1391866e-11,1.3025014e-13
412.30000,3.1816556e-11,1.3102306e-13
412.31000,3.2315370e-11,1.3219446e-13
412.32000,3.2632439e-11,1.3314084e-13
412.33000,3.2783538e-11,1.3414830e-13
412.34000,3.2845569e-11,1.3512311e-13
412.35000,3.2854726e-11,1.3523996e-13
412.36000,3.2854102e-11,1.3422430e-13
412.37000,3.2876605e-11,1.3288367e-13
412.38000,3.2921960e-11,1.3210243e-13
412.39000,3.2964521e-11,1.3186126e-13
412.40000,3.2984398e-11,1.3194136e-13
412.41000,3.2967890e-11,1.3204686e-13
412.42000,3.2928839e-11,1.3198667e-13
412.43000,3.2901268e-11,1.3180601e-13
412.44000,3.2897740e-11,1.3159601e-13
412.45000,3.2886773e-11,1.3131453e-13
412.46000,3.2845837e-11,1.3092255e-13
412.47000,3.2803118e-11,1.3052574e-13
412.48000,3.2773256e-11,1.3026250e-13
412.49000,3.2754384e-11,1.3017505e-13
412.50000,3.2785682e-11,1.3043249e-13
412.51000,3.2886393e-11,1.3125782e-13
412.52000,3.2995535e-11,1.3242346e-13
412.53000,3.3042677e-11,1.3314268e-13
412.54000,3.3031981e-11,1.3276022e-13
412.55000,3.3015958e-11,1.3162738e-13
412.56000,3.3015964e-11,1.3068208e-13
412.57000,3.3018565e-11,1.3029526e-13
412.58000,3.3017683e-11,1.3026140e-13
412.59000,3.3024135e-11,1.3052672e-13
412.60000,3.3044753e-11,1.3100373e-13
412.61000,3.3075488e-11,1.3123922e-13
412.62000,3.3110346e-11,1.3096584e-13
412.63000,3.3141752e-11,1.3075981e-13
412.64000,3.3175366e-11,1.3096038e-13
412.65000,3.3213339e-11,1.3130603e-13
412.66000,3.3239080e-11,1.3132581e-13
412.67000,3.3242310e-11,1.3096581e-13
412.68000,3.3211982e-11,1.3066203e-13
412.69000,3.3128839e-11,1.3058036e-13
412.70000,3.3009787e-11,1.3034164e-13
412.71000,3.2895478e-11,1.2973021e-13
412.72000,3.2786334e-11,1.2917956e-13
412.73000,3.2663334e-11,1.2897285e-13
412.74000,3.2538723e-11,1.2877482e-13
412.75000,3.2426636e-11,1.2837580e-13
412.76000,3.2334964e-11,1.2790912e-13
412.77000,3.2251083e-11,1.2738999e-13
412.78000,3.2057332e-11,1.2670023e-13
412.79000,3.1474748e-11,1.2535064e-13
412.80000,3.0153245e-11,1.2211322e-13
412.81000,2.8077770e-11,1.1652661e-13
412.82000,2.6154877e-11,1.1106514e-13
412.83000,2.5886648e-11,1.1005504e-13
412.84000,2.7574148e-11,1.1450735e-13
412.85000,3.0065917e-11,1.2125283e-13
412.86000,3.1785516e-11,1.2584712e-13
412.87000,3.2457189e-11,1.2762685e-13
412.88000,3.2514149e-11,1.2798723e-13
412.89000,3.2418393e-11,1.2818161e-13
412.90000,3.2490885e-11,1.2863862e-13
412.91000,3.2779917e-11,1.2917107e-13
412.92000,3.3085548e-11,1.2947996e-13
412.93000,3.3254092e-11,1.2962418e-13
412.94000,3.3300171e-11,1.2983827e-13
412.95000,3.3302155e-11,1.3014648e-13
412.96000,3.3309331e-11,1.3030485e-13
412.97000,3.3324721e-11,1.3013110e-13
412.98000,3.3328963e-11,1.2984763e-13
412.99000,3.3291439e-11,1.2975766e-13
413.00000,3.3183767e-11,1.2982402e-13
413.01000,3.3001792e-11,1.2988915e-13
413.02000,3.2781833e-11,1.2981384e-13
413.03000,3.2584894e-11,1.2943193e-13
413.04000,3.2434686e-11,1.2888088e-13
413.05000,3.2294135e-11,1.2838248e-13
413.06000,3.2091754e-11,1.2772416e-13
413.07000,3.1559664e-11,1.2608902e-13
413.08000,3.0398718e-11,1.2281674e-13
413.09000,2.8381650e-11,1.1733890e-13
413.10000,2.6136930e-11,1.1126457e-13
413.11000,2.5205891e-11,1.0873728e-13
413.12000,2.6543325e-11,1.1234183e-13
413.13000,2.9124492e-11,1.1929969e-13
413.14000,3.1197274e-11,1.2496813e-13
413.15000,3.2189811e-11,1.2790615e-13
413.16000,3.2523121e-11,1.2910362e-13
413.17000,3.2633791e-11,1.2953484e-13
413.18000,3.2709578e-11,1.2972308e-13
413.19000,3.2782354e-11,1.2990613e-13
413.20000,3.2846020e-11,1.3025138e-13
413.21000,3.2922109e-11,1.3083673e-13
413.22000,3.3007744e-11,1.3147347e-13
413.23000,3.3072595e-11,1.3194599e-13
413.24000,3.3119894e-11,1.3221924e-13
413.25000,3.3166923e-11,1.3229189e-13
413.26000,3.3223750e-11,1.3226140e-13
413.27000,3.3288529e-11,1.3236840e-13
413.28000,3.3338251e-11,1.3274650e-13
413.29000,3.3362955e-11,1.3336839e-13
413.30000,3.3378213e-11,1.3392822e-13
413.31000,3.3405593e-11,1.3407895e-13
413.32000,3.3450451e-11,1.3393781e-13
413.33000,3.3490327e-11,1.3396908e-13
413.34000,3.3494163e-11,1.3420393e-13
413.35000,3.3459904e-11,1.3430351e-13
413.36000,3.3411704e-11,1.3409370e-13
413.37000,3.3373090e-11,1.3367109e-13
413.38000,3.3364271e-11,1.3332688e-13
413.39000,3.3372672e-11,1.3329808e-13
413.40000,3.3354949e-11,1.3350923e-13
413.41000,3.3302173e-11,1.3364892e-13
413.42000,3.3255274e-11,1.3358916e-13
413.43000,3.3255440e-11,1.3355714e-13
413.44000,3.3306851e-11,1.3375595e-13
413.45000,3.3375627e-11,1.3409300e-13
413.46000,3.3432610e-11,1.3437461e-13
413.47000,3.3475808e-11,1.3452893e-13
413.48000,3.3520776e-11,1.3470141e-13
413.49000,3.3567034e-11,1.3497559e-13
413.50000,3.3599967e-11,1.3527204e-13
413.51000,3.3605973e-11,1.3545851e-13
413.52000,3.3599932e-11,1.3553299e-13
413.53000,3.3617674e-11,1.3564184e-13
413.54000,3.3649250e-11,1.3587622e-13
413.55000,3.3650583e-11,1.3614275e-13
413.56000,3.3627329e-11,1.3635435e-13
413.57000,3.3621875e-11,1.3659478e-13
413.58000,3.3644260e-11,1.3688572e-13
413.59000,3.3668476e-11,1.3709588e-13
413.60000,3.3670264e-11,1.3718455e-13
413.61000,3.3647365e-11,1.3720727e-13
413.62000,3.3592646e-11,1.3716490e-13
413.63000,3.3494948e-11,1.3709758e-13
413.64000,3.3376238e-11,1.3702840e-13
413.65000,3.3298849e-11,1.3705707e-13
413.66000,3.3305164e-11,1.3725952e-13
413.67000,3.3380728e-11,1.3760435e-13
413.68000,3.3444724e-11,1.3807735e-13
413.69000,3.3470236e-11,1.3838498e-13
413.70000,3.3486782e-11,1.3821353e-13
413.71000,3.3534202e-11,1.3785914e-13
413.72000,3.3606290e-11,1.3738500e-13
413.73000,3.3665491e-11,1.3692762e-13
413.74000,3.3700175e-11,1.3717203e-13
413.75000,3.3728119e-11,1.3784734e-13
413.76000,3.3750335e-11,1.3785963e-13
413.77000,3.3748195e-11,1.3739635e-13
413.78000,3.3720822e-11,1.3752306e-13
413.79000,3.3686544e-11,1.3843874e-13
413.80000,3.3663038e-11,1.3932014e-13
413.81000,3.3643894e-11,1.3924591e-13
413.82000,3.3605656e-11,1.3815118e-13
413.83000,3.3540882e-11,1.3675477e-13
413.84000,3.3484663e-11,1.3565503e-13
413.85000,3.3499042e-11,1.3511361e-13
413.86000,3.3561823e-11,1.3490200e-13
413.87000,3.3631730e-11,1.3492814e-13
413.88000,3.3678008e-11,1.3507367e-13
413.89000,3.3684020e-11,1.3513800e-13
413.90000,3.3659303e-11,1.3503049e-13
413.91000,3.3634906e-11,1.3486205e-13
413.92000,3.3614469e-11,1.3471268e-13
413.93000,3.3586566e-11,1.3471054e-13
413.94000,3.3562707e-11,1.3507239e-13
413.95000,3.3556477e-11,1.3581055e-13
413.96000,3.3573122e-11,1.3656286e-13
413.97000,3.3594431e-11,1.3662843e-13
413.98000,3.3586057e-11,1.3575169e-13
413.99000,3.3565081e-11,1.3472669e-13
414.00000,3.3574458e-11,1.3449824e-13
414.01000,3.3599303e-11,1.3494707e-13
414.02000,3.3602229e-11,1.3520151e-13
414.03000,3.3578688e-11,1.3479373e-13
414.04000,3.3558027e-11,1.3448502e-13
414.05000,3.3548702e-11,1.3489668e-13
414.06000,3.3549836e-11,1.3585418e-13
414.07000,3.3566558e-11,1.3641796e-13
414.08000,3.3588123e-11,1.3565293e-13
414.09000,3.3588686e-11,1.3406365e-13
414.10000,3.3567399e-11,1.3294297e-13
414.11000,3.3542086e-11,1.3249871e-13
414.12000,3.3526623e-11,1.3224672e-13
414.13000,3.3524183e-11,1.3204352e-13
414.14000,3.3505736e-11,1.3185558e-13
414.15000,3.3451615e-11,1.3163006e-13
414.16000,3.3396780e-11,1.3137614e-13
414.17000,3.3380722e-11,1.3112059e-13
414.18000,3.3389756e-11,1.3083430e-13
414.19000,3.3383658e-11,1.3055841e-13
414.20000,3.3352606e-11,1.3038064e-13
414.21000,3.3304857e-11,1.3027312e-13
414.22000,3.3238333e-11,1.3004746e-13
414.23000,3.3125552e-11,1.2962676e-13
414.24000,3.2974731e-11,1.2914532e-13
414.25000,3.2861553e-11,1.2883114e-13
414.26000,3.2831848e-11,1.2877852e-13
414.27000,3.2828102e-11,1.2878772e-13
414.28000,3.2781497e-11,1.2866016e-13
414.29000,3.2681032e-11,1.2845517e-13
414.30000,3.2532866e-11,1.2823570e-13
414.31000,3.2337855e-11,1.2797386e-13
414.32000,3.2123105e-11,1.2766035e-13
414.33000,3.1933438e-11,1.2719054e-13
414.34000,3.1794227e-11,1.2659713e-13
414.35000,3.1709449e-11,1.2611787e-13
414.36000,3.1678246e-11,1.2587172e-13
414.37000,3.1697816e-11,1.2583710e-13
414.38000,3.1765472e-11,1.2602036e-13
414.39000,3.1838615e-11,1.2630467e-13
414.40000,3.1895189e-11,1.2656392e-13
414.41000,3.1962760e-11,1.2675677e-13
414.42000,3.2068347e-11,1.2702072e-13
414.43000,3.2180942e-11,1.2739546e-13
414.44000,3.2271026e-11,1.2778968e-13
414.45000,3.2346949e-11,1.2818757e-13
414.46000,3.2428412e-11,1.2855301e-13
414.47000,3.2520103e-11,1.2878800e-13
414.48000,3.2613735e-11,1.2894760e-13
414.49000,3.2688486e-11,1.2915419e-13
414.50000,3.2686066e-11,1.2933316e-13
414.51000,3.2557963e-11,1.2922475e-13
414.52000,3.2371422e-11,1.2879669e-13
414.53000,3.2285834e-11,1.2845191e-13
414.54000,3.2439250e-11,1.2870792e-13
414.55000,3.2684376e-11,1.2930869e-13
414.56000,3.2866559e-11,1.2982015e-13
414.57000,3.2929982e-11,1.3003354e-13
414.58000,3.2902402e-11,1.3001481e-13
414.59000,3.2828289e-11,1.2987859e-13
414.60000,3.2804581e-11,1.2987675e-13
414.61000,3.2918618e-11,1.3022333e-13
414.62000,3.3113539e-11,1.3078603e-13
414.63000,3.3275633e-11,1.3135551e-13
414.64000,3.3375759e-11,1.3184197e-13
414.65000,3.3428956e-11,1.3213989e-13
414.66000,3.3454934e-11,1.3220962e-13
414.67000,3.3476488e-11,1.3219289e-13
414.68000,3.3476944e-11,1.3221206e-13
414.69000,3.3425196e-11,1.3221733e-13
414.70000,3.3334598e-11,1.3212229e-13
414.71000,3.3271500e-11,1.3200999e-13
414.72000,3.3270090e-11,1.3201900e-13
414.73000,3.3316974e-11,1.3217446e-13
414.74000,3.3375147e-11,1.3234125e-13
414.75000,3.3436836e-11,1.3247770e-13
414.76000,3.3513635e-11,1.3262819e-13
414.77000,3.3591399e-11,1.3273953e-13
414.78000,3.3642693e-11,1.3274348e-13
414.79000,3.3653868e-11,1.3262754e-13
414.80000,3.3630362e-11,1.3249589e-13
414.81000,3.3599696e-11,1.3253301e-13
414.82000,3.3582755e-11,1.3265003e-13
414.83000,3.3572698e-11,1.3258854e-13
414.84000,3.3545254e-11,1.3233458e-13
414.85000,3.3469648e-11,1.3205066e-13
414.86000,3.3318274e-11,1.3176859e-13
414.87000,3.3152108e-11,1.3138787e-13
414.88000,3.3044078e-11,1.3095188e-13
414.89000,3.3019688e-11,1.3075032e-13
414.90000,3.3054412e-11,1.3096864e-13
414.91000,3.3132113e-11,1.3140067e-13
414.92000,3.3240807e-11,1.3176091e-13
414.93000,3.3357005e-11,1.3207694e-13
414.94000,3.3448689e-11,1.3238965e-13
414.95000,3.3498753e-11,1.3261972e-13
414.96000,3.3525931e-11,1.3278469e-13
414.97000,3.3548144e-11,1.3286724e-13
414.98000,3.3555867e-11,1.3284099e-13
414.99000,3.3545573e-11,1.3276720e-13
415.00000,3.3534660e-11,1.3268299e-13
415.01000,3.3528245e-11,1.3257718e-13
415.02000,3.3503856e-11,1.3240216e-13
415.03000,3.3455461e-11,1.3222332e-13
415.04000,3.3403326e-11,1.3215912e-13
415.05000,3.3383765e-11,1.3218782e-13
415.06000,3.3399733e-11,1.3220677e-13
415.07000,3.3412181e-11,1.3221613e-13
415.08000,3.3409339e-11,1.3226777e-13
415.09000,3.3414687e-11,1.3239187e-13
415.10000,3.3433220e-11,1.3254389e-13
415.11000,3.3450775e-11,1.3262611e-13
415.12000,3.3456959e-11,1.3256982e-13
415.13000,3.3449475e-11,1.3241730e-13
415.14000,3.3424307e-11,1.3225817e-13
415.15000,3.3379499e-11,1.3216384e-13
415.16000,3.3332338e-11,1.3216764e-13
415.17000,3.3322296e-11,1.3220575e-13
415.18000,3.3354247e-11,1.3229568e-13
415.19000,3.3402793e-11,1.3257550e-13
415.20000,3.3438418e-11,1.3284626e-13
415.21000,3.3467239e-11,1.3279851e-13
415.22000,3.3506233e-11,1.3261794e-13
415.23000,3.3547383e-11,1.3262260e-13
415.24000,3.3567274e-11,1.3275716e-13
415.25000,3.3566896e-11,1.3276773e-13
415.26000,3.3558878e-11,1.3260258e-13
415.27000,3.3543349e-11,1.3241729e-13
415.28000,3.3518766e-11,1.3226464e-13
415.29000,3.3464029e-11,1.3200933e-13
415.30000,3.3324089e-11,1.3148965e-13
415.31000,3.3019563e-11,1.3057205e-13
415.32000,3.2656127e-11,1.2958729e-13
415.33000,3.2457344e-11,1.2907718e-13
415.34000,3.2589876e-11,1.2935804e-13
415.35000,3.2897292e-11,1.3002707e-13
415.36000,3.3121390e-11,1.3056971e-13
415.37000,3.3207975e-11,1.3097635e-13
415.38000,3.3211538e-11,1.3135817e-13
415.39000,3.3161064e-11,1.3149950e-13
415.40000,3.3076438e-11,1.3114527e-13
415.41000,3.2996088e-11,1.3050743e-13
415.42000,3.2958062e-11,1.3007694e-13
415.43000,3.2963357e-11,1.3003722e-13
415.44000,3.2995230e-11,1.3015201e-13
415.45000,3.3057711e-11,1.3021322e-13
415.46000,3.3156960e-11,1.3026833e-13
415.47000,3.3250230e-11,1.3037564e-13
415.48000,3.3315603e-11,1.3052454e-13
415.49000,3.3373349e-11,1.3075208e-13
415.50000,3.3428022e-11,1.3095677e-13
415.51000,3.3448783e-11,1.3098984e-13
415.52000,3.3434044e-11,1.3087020e-13
415.53000,3.3419500e-11,1.3062973e-13
415.54000,3.3409374e-11,1.3038626e-13
415.55000,3.3382335e-11,1.3038689e-13
415.56000,3.3344781e-11,1.3073093e-13
415.57000,3.3312609e-11,1.3102910e-13
415.58000,3.3266061e-11,1.3071635e-13
415.59000,3.3185232e-11,1.2985826e-13
415.60000,3.3093803e-11,1.2901246e-13
415.61000,3.3044906e-11,1.2855672e-13
415.62000,3.3057538e-11,1.2845519e-13
415.63000,3.3112224e-11,1.2851512e-13
415.64000,3.3183711e-11,1.2859847e-13
415.65000,3.3237055e-11,1.2862545e-13
415.66000,3.3252598e-11,1.2864914e-13
415.67000,3.3270226e-11,1.2871675e-13
415.68000,3.3322840e-11,1.2873944e-13
415.69000,3.3365026e-11,1.2866375e-13
415.70000,3.3353737e-11,1.2854008e-13
415.71000,3.3307347e-11,1.2843535e-13
415.72000,3.3260429e-11,1.2834404e-13
415.73000,3.3233254e-11,1.2822192e-13
415.74000,3.3224797e-11,1.2802000e-13
415.75000,3.3211931e-11,1.2779605e-13
415.76000,3.3206741e-11,1.2768242e-13
415.77000,3.3243845e-11,1.2784448e-13
415.78000,3.3315763e-11,1.2822538e-13
415.79000,3.3372915e-11,1.2851812e-13
415.80000,3.3387482e-11,1.2857736e-13
415.81000,3.3362653e-11,1.2879712e-13
415.82000,3.3302790e-11,1.3007767e-13
415.83000,3.3239258e-11,1.3260611e-13
415.84000,3.3214551e-11,1.3508697e-13
415.85000,3.3222374e-11,1.3615961e-13
415.86000,3.3232449e-11,1.3602178e-13
415.87000,3.3241415e-11,1.3563244e-13
415.88000,3.3258236e-11,1.3544234e-13
415.89000,3.3280543e-11,1.3526176e-13
415.90000,3.3321295e-11,1.3514170e-13
415.91000,3.3398571e-11,1.3514932e-13
415.92000,3.3487900e-11,1.3521483e-13
415.93000,3.3547458e-11,1.3549045e-13
415.94000,3.3555914e-11,1.3573088e-13
415.95000,3.3531328e-11,1.3547295e-13
415.96000,3.3513155e-11,1.3510596e-13
415.97000,3.3505275e-11,1.3510497e-13
415.98000,3.3479508e-11,1.3509122e-13
415.99000,3.3431138e-11,1.3473301e-13
416.00000,3.3383966e-11,1.3443614e-13
416.01000,3.3362705e-11,1.3456219e-13
416.02000,3.3361143e-11,1.3456383e-13
416.03000,3.3363035e-11,1.3398894e-13
416.04000,3.3338943e-11,1.3317381e-13
416.05000,3.3257095e-11,1.3260133e-13
416.06000,3.3126332e-11,1.3237396e-13
416.07000,3.3000279e-11,1.3239892e-13
416.08000,3.2913382e-11,1.3227670e-13
416.09000,3.2868890e-11,1.3182102e-13
416.10000,3.2859047e-11,1.3126867e-13
416.11000,3.2870699e-11,1.3078653e-13
416.12000,3.2898393e-11,1.3046345e-13
416.13000,3.2944964e-11,1.3055052e-13
416.14000,3.3004732e-11,1.3147476e-13
416.15000,3.3059497e-11,1.3275041e-13
416.16000,3.3114091e-11,1.3345061e-13
416.17000,3.3183672e-11,1.3299473e-13
416.18000,3.3267633e-11,1.3194351e-13
416.19000,3.3344616e-11,1.3107846e-13
416.20000,3.3377804e-11,1.3055881e-13
416.21000,3.3367123e-11,1.3018004e-13
416.22000,3.3350490e-11,1.2982698e-13
416.23000,3.3343470e-11,1.2958519e-13
416.24000,3.3317928e-11,1.2953461e-13
416.25000,3.3229342e-11,1.2957232e-13
416.26000,3.3052179e-11,1.2937876e-13
416.27000,3.2736140e-11,1.2852126e-13
416.28000,3.2350765e-11,1.2744026e-13
416.29000,3.2082056e-11,1.2706603e-13
416.30000,3.2119354e-11,1.2803485e-13
416.31000,3.2353540e-11,1.2961315e-13
416.32000,3.2532783e-11,1.3068079e-13
416.33000,3.2591867e-11,1.3157172e-13
416.34000,3.2602960e-11,1.3253258e-13
416.35000,3.2619635e-11,1.3206776e-13
416.36000,3.2629661e-11,1.3005470e-13
416.37000,3.2598825e-11,1.2825540e-13
416.38000,3.2576743e-11,1.2765710e-13
416.39000,3.2662795e-11,1.2807647e-13
416.40000,3.2893709e-11,1.2875862e-13
416.41000,3.3115019e-11,1.2895716e-13
416.42000,3.3222608e-11,1.2883672e-13
416.43000,3.3232727e-11,1.2886690e-13
416.44000,3.3221063e-11,1.2913645e-13
416.45000,3.3238360e-11,1.2939192e-13
416.46000,3.3256468e-11,1.2924282e-13
416.47000,3.3224040e-11,1.2884904e-13
416.48000,3.3164790e-11,1.2867959e-13
416.49000,3.3135354e-11,1.2874262e-13
416.50000,3.3147633e-11,1.2879622e-13
416.51000,3.3165940e-11,1.2884401e-13
416.52000,3.3145564e-11,1.2880075e-13
416.53000,3.3101455e-11,1.2845944e-13
416.54000,3.3085508e-11,1.2798096e-13
416.55000,3.3129570e-11,1.2786869e-13
416.56000,3.3185649e-11,1.2807089e-13
416.57000,3.3192304e-11,1.2819462e-13
416.58000,3.3168895e-11,1.2829896e-13
416.59000,3.3159645e-11,1.2847242e-13
416.60000,3.3157594e-11,1.2872335e-13
416.61000,3.3145272e-11,1.2915169e-13
416.62000,3.3126439e-11,1.2946234e-13
416.63000,3.3106010e-11,1.2937898e-13
416.64000,3.3076372e-11,1.2902678e-13
416.65000,3.3016011e-11,1.2852795e-13
416.66000,3.2927715e-11,1.2806058e-13
416.67000,3.2830109e-11,1.2776019e-13
416.68000,3.2760942e-11,1.2773292e-13
416.69000,3.2743485e-11,1.2790971e-13
416.70000,3.2742752e-11,1.2799273e-13
416.71000,3.2707532e-11,1.2786121e-13
416.72000,3.2652397e-11,1.2772584e-13
416.73000,3.2623324e-11,1.2775446e-13
416.74000,3.2643202e-11,1.2784155e-13
416.75000,3.2718294e-11,1.2789128e-13
416.76000,3.2818937e-11,1.2801680e-13
416.77000,3.2882144e-11,1.2837469e-13
416.78000,3.2910593e-11,1.2882464e-13
416.79000,3.2950479e-11,1.2908350e-13
416.80000,3.3014489e-11,1.2897341e-13
416.81000,3.3066881e-11,1.2873096e-13
416.82000,3.3081903e-11,1.2869780e-13
416.83000,3.3047614e-11,1.2891175e-13
416.84000,3.2962815e-11,1.2916742e-13
416.85000,3.2856726e-11,1.2940624e-13
416.86000,3.2797119e-11,1.2977917e-13
416.87000,3.2822375e-11,1.3019380e-13
416.88000,3.2875721e-11,1.3028623e-13
416.89000,3.2868603e-11,1.2984753e-13
416.90000,3.2803890e-11,1.2923252e-13
416.91000,3.2713360e-11,1.2869598e-13
416.92000,3.2613357e-11,1.2836872e-13
416.93000,3.2524790e-11,1.2826977e-13
416.94000,3.2505366e-11,1.2835303e-13
416.95000,3.2567831e-11,1.2855424e-13
416.96000,3.2654234e-11,1.2886770e-13
416.97000,3.2723106e-11,1.2924453e-13
416.98000,3.2773227e-11,1.2954666e-13
416.99000,3.2827246e-11,1.2976945e-13
417.00000,3.2880497e-11,1.2995180e-13
417.01000,3.2877828e-11,1.3006383e-13
417.02000,3.2811029e-11,1.3016031e-13
417.03000,3.2711607e-11,1.3022942e-13
417.04000,3.2634514e-11,1.3009270e-13
417.05000,3.2598204e-11,1.2974203e-13
417.06000,3.2581820e-11,1.2944799e-13
417.07000,3.2577583e-11,1.2941265e-13
417.08000,3.2599298e-11,1.2960975e-13
417.09000,3.2641128e-11,1.2988944e-13
417.10000,3.2652767e-11,1.3010728e-13
417.11000,3.2592978e-11,1.3021752e-13
417.12000,3.2476854e-11,1.3018189e-13
417.13000,3.2338916e-11,1.2985342e-13
417.14000,3.2220699e-11,1.2939711e-13
417.15000,3.2146774e-11,1.2912075e-13
417.16000,3.2120580e-11,1.2921318e-13
417.17000,3.2126277e-11,1.2957969e-13
417.18000,3.2137301e-11,1.2996586e-13
417.19000,3.2119250e-11,1.3013509e-13
417.20000,3.2062406e-11,1.3008758e-13
417.21000,3.2053513e-11,1.3017727e-13
417.22000,3.2193481e-11,1.3074487e-13
417.23000,3.2417054e-11,1.3152604e-13
417.24000,3.2571745e-11,1.3197712e-13
417.25000,3.2616772e-11,1.3211253e-13
417.26000,3.2558062e-11,1.3213218e-13
417.27000,3.2414532e-11,1.3209710e-13
417.28000,3.2235299e-11,1.3191461e-13
417.29000,3.2081631e-11,1.3156824e-13
417.30000,3.1975556e-11,1.3129624e-13
417.31000,3.1912300e-11,1.3135642e-13
417.32000,3.1865085e-11,1.3162625e-13
417.33000,3.1726798e-11,1.3154875e-13
417.34000,3.1304508e-11,1.3047585e-13
417.35000,3.0542756e-11,1.2837355e-13
417.36000,2.9806094e-11,1.2645620e-13
417.37000,2.9763596e-11,1.2663829e-13
417.38000,3.0642794e-11,1.2946407e-13
417.39000,3.1714261e-11,1.3276108e-13
417.40000,3.2275482e-11,1.3454979e-13
417.41000,3.2369640e-11,1.3503603e-13
417.42000,3.2309163e-11,1.3510201e-13
417.43000,3.2247072e-11,1.3509299e-13
417.44000,3.2225341e-11,1.3497300e-13
417.45000,3.2281612e-11,1.3472632e-13
417.46000,3.2434075e-11,1.3457297e-13
417.47000,3.2621179e-11,1.3452496e-13
417.48000,3.2739350e-11,1.3451456e-13
417.49000,3.2770407e-11,1.3454085e-13
417.50000,3.2756103e-11,1.3445466e-13
417.51000,3.2721980e-11,1.3454936e-13
417.52000,3.2682245e-11,1.3491135e-13
417.53000,3.2656433e-11,1.3479292e-13
417.54000,3.2651140e-11,1.3428852e-13
417.55000,3.2655677e-11,1.3436893e-13
417.56000,3.2656937e-11,1.3504237e-13
417.57000,3.2647241e-11,1.3528041e-13
417.58000,3.2602664e-11,1.3432577e-13
417.59000,3.2523097e-11,1.3305129e-13
417.60000,3.2437366e-11,1.3237060e-13
417.61000,3.2393463e-11,1.3261758e-13
417.62000,3.2404031e-11,1.3353587e-13
417.63000,3.2436280e-11,1.3469513e-13
417.64000,3.2465907e-11,1.3563794e-13
417.65000,3.2483408e-11,1.3598871e-13
417.66000,3.2487293e-11,1.3572366e-13
417.67000,3.2477762e-11,1.3514352e-13
417.68000,3.2423866e-11,1.3454222e-13
417.69000,3.2291873e-11,1.3409770e-13
417.70000,3.2138249e-11,1.3370277e-13
417.71000,3.2015970e-11,1.3302468e-13
417.72000,3.1939508e-11,1.3184257e-13
417.73000,3.1903883e-11,1.3042963e-13
417.74000,3.1910159e-11,1.2937417e-13
417.75000,3.1934529e-11,1.2943000e-13
417.76000,3.1903587e-11,1.3054078e-13
417.77000,3.1741787e-11,1.3104283e-13
417.78000,3.1505715e-11,1.2984080e-13
417.79000,3.1411548e-11,1.2809274e-13
417.80000,3.1649386e-11,1.2742187e-13
417.81000,3.1962793e-11,1.2772169e-13
417.82000,3.2081783e-11,1.2813915e-13
417.83000,3.1996078e-11,1.2786865e-13
417.84000,3.1858613e-11,1.2709703e-13
417.85000,3.1734922e-11,1.2642682e-13
417.86000,3.1592108e-11,1.2573789e-13
417.87000,3.1351320e-11,1.2476250e-13
417.88000,3.0868283e-11,1.2335486e-13
417.89000,3.0058407e-11,1.2112466e-13
417.90000,2.9229912e-11,1.1873215e-13
417.91000,2.9230125e-11,1.1854608e-13
417.92000,3.0139029e-11,1.2089423e-13
417.93000,3.1322023e-11,1.2410411e-13
417.94000,3.2024503e-11,1.2603826e-13
417.95000,3.2222825e-11,1.2653627e-13
417.96000,3.2243630e-11,1.2650442e-13
417.97000,3.2329804e-11,1.2668430e-13
417.98000,3.2506672e-11,1.2715327e-13
417.99000,3.2665925e-11,1.2758617e-13
418.00000,3.2739422e-11,1.2783073e-13
418.01000,3.2754776e-11,1.2798454e-13
418.02000,3.2751220e-11,1.2812933e-13
418.03000,3.2750045e-11,1.2828907e-13
418.04000,3.2749782e-11,1.2851683e-13
418.05000,3.2732432e-11,1.2878051e-13
418.06000,3.2685480e-11,1.2885636e-13
418.07000,3.2638005e-11,1.2863814e-13
418.08000,3.2622222e-11,1.2834745e-13
418.09000,3.2607139e-11,1.2819379e-13
418.10000,3.2543831e-11,1.2813612e-13
418.11000,3.2425136e-11,1.2795000e-13
418.12000,3.2292449e-11,1.2760304e-13
418.13000,3.2213307e-11,1.2736594e-13
418.14000,3.2189137e-11,1.2736098e-13
418.15000,3.2194597e-11,1.2749794e-13
418.16000,3.2221317e-11,1.2764270e-13
418.17000,3.2268531e-11,1.2769585e-13
418.18000,3.2318308e-11,1.2771373e-13
418.19000,3.2355521e-11,1.2781826e-13
418.20000,3.2392817e-11,1.2798960e-13
418.21000,3.2453535e-11,1.2817222e-13
418.22000,3.2526015e-11,1.2833367e-13
418.23000,3.2572789e-11,1.2850330e-13
418.24000,3.2588464e-11,1.2867947e-13
418.25000,3.2587451e-11,1.2873019e-13
418.26000,3.2588163e-11,1.2862199e-13
418.27000,3.2589235e-11,1.2852697e-13
418.28000,3.2576408e-11,1.2858795e-13
418.29000,3.2547047e-11,1.2873687e-13
418.30000,3.2509680e-11,1.2876053e-13
418.31000,3.2471055e-11,1.2858511e-13
418.32000,3.2433963e-11,1.2833721e-13
418.33000,3.2393231e-11,1.2814213e-13
418.34000,3.2353214e-11,1.2804569e-13
418.35000,3.2334504e-11,1.2811262e-13
418.36000,3.2346174e-11,1.2834302e-13
418.37000,3.2380381e-11,1.2861679e-13
418.38000,3.2418370e-11,1.2878489e-13
418.39000,3.2438292e-11,1.2878881e-13
418.40000,3.2436041e-11,1.2870879e-13
418.41000,3.2412615e-11,1.2863347e-13
418.42000,3.2370182e-11,1.2854996e-13
418.43000,3.2313598e-11,1.2837821e-13
418.44000,3.2252892e-11,1.2808271e-13
418.45000,3.2221370e-11,1.2791219e-13
418.46000,3.2252718e-11,1.2811651e-13
418.47000,3.2332895e-11,1.2852748e-13
418.48000,3.2419868e-11,1.2878713e-13
418.49000,3.2488928e-11,1.2884406e-13
418.50000,3.2537778e-11,1.2885505e-13
418.51000,3.2579135e-11,1.2891457e-13
418.52000,3.2621799e-11,1.2901701e-13
418.53000,3.2650552e-11,1.2912505e-13
418.54000,3.2648715e-11,1.2923450e-13
418.55000,3.2634449e-11,1.2930589e-13
418.56000,3.2618295e-11,1.2926312e-13
418.57000,3.2603440e-11,1.2914912e-13
418.58000,3.2584465e-11,1.2906684e-13
418.59000,3.2539577e-11,1.2901186e-13
418.60000,3.2464966e-11,1.2890023e-13
418.61000,3.2382578e-11,1.2867319e-13
418.62000,3.2305001e-11,1.2839676e-13
418.63000,3.2228845e-11,1.2824178e-13
418.64000,3.2154949e-11,1.2828524e-13
418.65000,3.2094310e-11,1.2827797e-13
418.66000,3.2061998e-11,1.2809242e-13
418.67000,3.2059402e-11,1.2792288e-13
418.68000,3.2067035e-11,1.2796500e-13
418.69000,3.2057254e-11,1.2812224e-13
418.70000,3.2018087e-11,1.2822776e-13
418.71000,3.1953761e-11,1.2824459e-13
418.72000,3.1881836e-11,1.2813146e-13
418.73000,3.1838889e-11,1.2795616e-13
418.74000,3.1863217e-11,1.2793671e-13
418.75000,3.1917002e-11,1.2804455e-13
418.76000,3.1961777e-11,1.2808537e-13
418.77000,3.1988182e-11,1.2800653e-13
418.78000,3.1985123e-11,1.2793085e-13
418.79000,3.1921175e-11,1.2782493e-13
418.80000,3.1848907e-11,1.2768259e-13
418.81000,3.1901863e-11,1.2782330e-13
418.82000,3.2091954e-11,1.2838674e-13
418.83000,3.2289656e-11,1.2904893e-13
418.84000,3.2387886e-11,1.2944056e-13
418.85000,3.2420518e-11,1.2956651e-13
418.86000,3.2435244e-11,1.2955888e-13
418.87000,3.2463361e-11,1.2963016e-13
418.88000,3.2503980e-11,1.2980809e-13
418.89000,3.2538137e-11,1.2993555e-13
418.90000,3.2550542e-11,1.2993681e-13
418.91000,3.2543872e-11,1.2985594e-13
418.92000,3.2536335e-11,1.2977368e-13
418.93000,3.2543299e-11,1.2971684e-13
418.94000,3.2564942e-11,1.2969903e-13
418.95000,3.2584148e-11,1.2970700e-13
418.96000,3.2590046e-11,1.2968461e-13
418.97000,3.2560271e-11,1.2952782e-13
418.98000,3.2475755e-11,1.2920742e-13
418.99000,3.2374696e-11,1.2892177e-13
419.00000,3.2321294e-11,1.2888842e-13
419.01000,3.2331094e-11,1.2900219e-13
419.02000,3.2373599e-11,1.2907336e-13
419.03000,3.2424487e-11,1.2905082e-13
419.04000,3.2464625e-11,1.2897709e-13
419.05000,3.2461106e-11,1.2886247e-13
419.06000,3.2372135e-11,1.2860017e-13
419.07000,3.2177805e-11,1.2798389e-13
419.08000,3.1901875e-11,1.2710829e-13
419.09000,3.1660773e-11,1.2644175e-13
419.10000,3.1608645e-11,1.2627790e-13
419.11000,3.1755034e-11,1.2649481e-13
419.12000,3.1951377e-11,1.2678276e-13
419.13000,3.2081680e-11,1.2694661e-13
419.14000,3.2174340e-11,1.2707886e-13
419.15000,3.2260838e-11,1.2730674e-13
419.16000,3.2325539e-11,1.2762789e-13
419.17000,3.2351475e-11,1.2794096e-13
419.18000,3.2358104e-11,1.2812431e-13
419.19000,3.2374362e-11,1.2815192e-13
419.20000,3.2395006e-11,1.2807846e-13
419.21000,3.2393595e-11,1.2790164e-13
419.22000,3.2372207e-11,1.2763955e-13
419.23000,3.2374696e-11,1.2745264e-13
419.24000,3.2419211e-11,1.2740528e-13
419.25000,3.2482882e-11,1.2744840e-13
419.26000,3.2541956e-11,1.2760728e-13
419.27000,3.2579134e-11,1.2784112e-13
419.28000,3.2590747e-11,1.2794342e-13
419.29000,3.2590096e-11,1.2787308e-13
419.30000,3.2583986e-11,1.2783815e-13
419.31000,3.2575811e-11,1.2791012e-13
419.32000,3.2572200e-11,1.2781462e-13
419.33000,3.2567355e-11,1.2748705e-13
419.34000,3.2555870e-11,1.2721784e-13
419.35000,3.2544759e-11,1.2712662e-13
419.36000,3.2536131e-11,1.2702067e-13
419.37000,3.2524654e-11,1.2689176e-13
419.38000,3.2516523e-11,1.2684328e-13
419.39000,3.2524603e-11,1.2691374e-13
419.40000,3.2543468e-11,1.2701951e-13
419.41000,3.2552410e-11,1.2698868e-13
419.42000,3.2541226e-11,1.2683485e-13
419.43000,3.2512339e-11,1.2665849e-13
419.44000,3.2481645e-11,1.2652141e-13
419.45000,3.2453403e-11,1.2640861e-13
419.46000,3.2401344e-11,1.2620051e-13
419.47000,3.2319653e-11,1.2582326e-13
419.48000,3.2251048e-11,1.2546154e-13
419.49000,3.2222851e-11,1.2532669e-13
419.50000,3.2220570e-11,1.2545706e-13
419.51000,3.2234665e-11,1.2578932e-13
419.52000,3.2266442e-11,1.2622610e-13
419.53000,3.2306681e-11,1.2722794e-13
419.54000,3.2311044e-11,1.2931240e-13
419.55000,3.2270365e-11,1.3166874e-13
419.56000,3.2253817e-11,1.3310120e-13
419.57000,3.2305725e-11,1.3365038e-13
419.58000,3.2387964e-11,1.3375857e-13
419.59000,3.2451530e-11,1.3368442e-13
419.60000,3.2477931e-11,1.3357451e-13
419.61000,3.2477502e-11,1.3347478e-13
419.62000,3.2446210e-11,1.3330049e-13
419.63000,3.2401927e-11,1.3301174e-13
419.64000,3.2400603e-11,1.3278501e-13
419.65000,3.2482832e-11,1.3283896e-13
419.66000,3.2598313e-11,1.3308572e-13
419.67000,3.2667898e-11,1.3338845e-13
419.68000,3.2683680e-11,1.3357136e-13
419.69000,3.2670893e-11,1.3334425e-13
419.70000,3.2657426e-11,1.3289392e-13
419.71000,3.2653248e-11,1.3252447e-13
419.72000,3.2647461e-11,1.3236588e-13
419.73000,3.2611068e-11,1.3214756e-13
419.74000,3.2532044e-11,1.3165873e-13
419.75000,3.2406391e-11,1.3105311e-13
419.76000,3.2244688e-11,1.3040030e-13
419.77000,3.2091977e-11,1.2984197e-13
419.78000,3.1996827e-11,1.2957805e-13
419.79000,3.1946446e-11,1.2929877e-13
419.80000,3.1914323e-11,1.2882218e-13
419.81000,3.1854570e-11,1.2840723e-13
419.82000,3.1730385e-11,1.2803548e-13
419.83000,3.1583438e-11,1.2753115e-13
419.84000,3.1533234e-11,1.2731806e-13
419.85000,3.1620016e-11,1.2765199e-13
419.86000,3.1764345e-11,1.2803278e-13
419.87000,3.1886316e-11,1.2792982e-13
419.88000,3.1970265e-11,1.2776013e-13
419.89000,3.2037277e-11,1.2808023e-13
419.90000,3.2116957e-11,1.2877021e-13
419.91000,3.2192431e-11,1.2904361e-13
419.92000,3.2226953e-11,1.2864433e-13
419.93000,3.2229394e-11,1.2814876e-13
419.94000,3.2223624e-11,1.2799193e-13
419.95000,3.2202481e-11,1.2820740e-13
419.96000,3.2157857e-11,1.2846892e-13
419.97000,3.2152386e-11,1.2831171e-13
419.98000,3.2249286e-11,1.2779810e-13
419.99000,3.2393154e-11,1.2749742e-13
420.00000,3.2483346e-11,1.2755226e-13
420.01000,3.2512065e-11,1.2752442e-13
420.02000,3.2517480e-11,1.2723946e-13
420.03000,3.2509215e-11,1.2700648e-13
420.04000,3.2478640e-11,1.2706642e-13
420.05000,3.2410126e-11,1.2738531e-13
420.06000,3.2295707e-11,1.2760905e-13
420.07000,3.2123040e-11,1.2756369e-13
420.08000,3.1941376e-11,1.2741302e-13
420.09000,3.1826491e-11,1.2741555e-13
420.10000,3.1791153e-11,1.2760185e-13
420.11000,3.1818816e-11,1.2782897e-13
420.12000,3.1893286e-11,1.2789248e-13
420.13000,3.1970030e-11,1.2758927e-13
420.14000,3.1995185e-11,1.2684165e-13
420.15000,3.1977250e-11,1.2598909e-13
420.16000,3.1943599e-11,1.2523071e-13
420.17000,3.1921507e-11,1.2469719e-13
420.18000,3.1927543e-11,1.2458085e-13
420.19000,3.1976788e-11,1.2494260e-13
420.20000,3.2068696e-11,1.2551496e-13
420.21000,3.2171426e-11,1.2600077e-13
420.22000,3.2259691e-11,1.2649837e-13
420.23000,3.2333967e-11,1.2719228e-13
420.24000,3.2400644e-11,1.2770386e-13
420.25000,3.2444492e-11,1.2757868e-13
420.26000,3.2450793e-11,1.2706803e-13
420.27000,3.2429835e-11,1.2671300e-13
420.28000,3.2424087e-11,1.2675867e-13
420.29000,3.2451358e-11,1.2721388e-13
420.30000,3.2486324e-11,1.2763637e-13
420.31000,3.2498531e-11,1.2748991e-13
420.32000,3.2489555e-11,1.2717052e-13
420.33000,3.2475951e-11,1.2731565e-13
420.34000,3.2471279e-11,1.2798084e-13
420.35000,3.2465627e-11,1.2837533e-13
420.36000,3.2444440e-11,1.2800686e-13
420.37000,3.2418576e-11,1.2741679e-13
420.38000,3.2412287e-11,1.2706357e-13
420.39000,3.2433052e-11,1.2688511e-13
420.40000,3.2477599e-11,1.2704550e-13
420.41000,3.2522944e-11,1.2750667e-13
420.42000,3.2549802e-11,1.2774597e-13
420.43000,3.2549126e-11,1.2747871e-13
420.44000,3.2515978e-11,1.2720354e-13
420.45000,3.2456347e-11,1.2726593e-13
420.46000,3.2393783e-11,1.2770173e-13
420.47000,3.2349256e-11,1.2810161e-13
420.48000,3.2336878e-11,1.2781305e-13
420.49000,3.2345714e-11,1.2724014e-13
420.50000,3.2364420e-11,1.2697196e-13
420.51000,3.2382875e-11,1.2711364e-13
420.52000,3.2398984e-11,1.2741581e-13
420.53000,3.2415576e-11,1.2759194e-13
420.54000,3.2434715e-11,1.2761462e-13
420.55000,3.2436442e-11,1.2756893e-13
420.56000,3.2383663e-11,1.2750036e-13
420.57000,3.2273681e-11,1.2730544e-13
420.58000,3.2211474e-11,1.2704862e-13
420.59000,3.2283921e-11,1.2706025e-13
420.60000,3.2446343e-11,1.2747327e-13
420.61000,3.2571903e-11,1.2797079e-13
420.62000,3.2608965e-11,1.2824741e-13
420.63000,3.2587750e-11,1.2829743e-13
420.64000,3.2535849e-11,1.2820908e-13
420.65000,3.2475975e-11,1.2808350e-13
420.66000,3.2448926e-11,1.2813229e-13
420.67000,3.2471929e-11,1.2836057e-13
420.68000,3.2512962e-11,1.2843828e-13
420.69000,3.2555367e-11,1.2832016e-13
420.70000,3.2607732e-11,1.2832099e-13
420.71000,3.2633708e-11,1.2848629e-13
420.72000,3.2608699e-11,1.2861393e-13
420.73000,3.2577713e-11,1.2864576e-13
420.74000,3.2585555e-11,1.2867277e-13
420.75000,3.2603593e-11,1.2875517e-13
420.76000,3.2605453e-11,1.2891539e-13
420.77000,3.2598771e-11,1.2914456e-13
420.78000,3.2587920e-11,1.2931474e-13
420.79000,3.2567185e-11,1.2933959e-13
420.80000,3.2540997e-11,1.2927971e-13
420.81000,3.2503222e-11,1.2920055e-13
420.82000,3.2441850e-11,1.2909565e-13
420.83000,3.2377961e-11,1.2896589e-13
420.84000,3.2336272e-11,1.2891463e-13
420.85000,3.2317137e-11,1.2906535e-13
420.86000,3.2311035e-11,1.2936589e-13
420.87000,3.2329193e-11,1.2960307e-13
420.88000,3.2373166e-11,1.2966321e-13
420.89000,3.2428693e-11,1.2971927e-13
420.90000,3.2488775e-11,1.2993420e-13
420.91000,3.2547447e-11,1.3026640e-13
420.92000,3.2589445e-11,1.3053511e-13
420.93000,3.2598027e-11,1.3069364e-13
420.94000,3.2576880e-11,1.3083197e-13
420.95000,3.2544329e-11,1.3105217e-13
420.96000,3.2500390e-11,1.3129659e-13
420.97000,3.2430424e-11,1.3136675e-13
420.98000,3.2347116e-11,1.3123902e-13
420.99000,3.2289525e-11,1.3113314e-13
421.00000,3.2268658e-11,1.3126343e-13
421.01000,3.2277018e-11,1.3162735e-13
421.02000,3.2309508e-11,1.3199034e-13
421.03000,3.2364694e-11,1.3226543e-13
421.04000,3.2423570e-11,1.3264147e-13
421.05000,3.2481368e-11,1.3314786e-13
421.06000,3.2550318e-11,1.3362884e-13
421.07000,3.2623621e-11,1.3396800e-13
421.08000,3.2668429e-11,1.3418132e-13
421.09000,3.2661724e-11,1.3427519e-13
421.10000,3.2619007e-11,1.3438183e-13
421.11000,3.2574730e-11,1.3460275e-13
421.12000,3.2544904e-11,1.3477756e-13
421.13000,3.2524314e-11,1.3483651e-13
421.14000,3.2505116e-11,1.3489330e-13
421.15000,3.2492016e-11,1.3503896e-13
421.16000,3.2494159e-11,1.3522790e-13
421.17000,3.2516832e-11,1.3540994e-13
421.18000,3.2551182e-11,1.3565167e-13
421.19000,3.2583622e-11,1.3610416e-13
421.20000,3.2617211e-11,1.3667717e-13
421.21000,3.2653996e-11,1.3706791e-13
421.22000,3.2679713e-11,1.3719952e-13
421.23000,3.2688991e-11,1.3711585e-13
421.24000,3.2701682e-11,1.3684260e-13
421.25000,3.2724261e-11,1.3633764e-13
421.26000,3.2743654e-11,1.3579477e-13
421.27000,3.2755749e-11,1.3546875e-13
421.28000,3.2765177e-11,1.3539636e-13
421.29000,3.2757906e-11,1.3545460e-13
421.30000,3.2724834e-11,1.3552448e-13
421.31000,3.2672548e-11,1.3545639e-13
421.32000,3.2617430e-11,1.3532163e-13
421.33000,3.2578163e-11,1.3514810e-13
421.34000,3.2570985e-11,1.3497865e-13
421.35000,3.2577135e-11,1.3504300e-13
421.36000,3.2573111e-11,1.3492781e-13
421.37000,3.2563584e-11,1.3449241e-13
421.38000,3.2571124e-11,1.3440922e-13
421.39000,3.2612513e-11,1.3468922e-13
421.40000,3.2657073e-11,1.3449156e-13
421.41000,3.2673926e-11,1.3386086e-13
421.42000,3.2658194e-11,1.3376741e-13
421.43000,3.2619616e-11,1.3439543e-13
421.44000,3.2580206e-11,1.3462756e-13
421.45000,3.2549158e-11,1.3367798e-13
421.46000,3.2494783e-11,1.3206257e-13
421.47000,3.2353822e-11,1.3066422e-13
421.48000,3.2132961e-11,1.2977177e-13
421.49000,3.1884757e-11,1.2935099e-13
421.50000,3.1691875e-11,1.2932884e-13
421.51000,3.1587938e-11,1.2983127e-13
421.52000,3.1557278e-11,1.3098795e-13
421.53000,3.1578961e-11,1.3193364e-13
421.54000,3.1649203e-11,1.3158540e-13
421.55000,3.1779586e-11,1.3015837e-13
421.56000,3.1934982e-11,1.2899003e-13
421.57000,3.2096075e-11,1.2839192e-13
421.58000,3.2258962e-11,1.2813414e-13
421.59000,3.2402578e-11,1.2809874e-13
421.60000,3.2505765e-11,1.2837032e-13
421.61000,3.2574115e-11,1.2905160e-13
421.62000,3.2621631e-11,1.2987349e-13
421.63000,3.2652297e-11,1.3003821e-13
421.64000,3.2670188e-11,1.2937924e-13
421.65000,3.2670969e-11,1.2854882e-13
421.66000,3.2654597e-11,1.2841358e-13
421.67000,3.2617016e-11,1.2869605e-13
421.68000,3.2553375e-11,1.2852589e-13
421.69000,3.2483263e-11,1.2801429e-13
421.70000,3.2427729e-11,1.2768460e-13
421.71000,3.2397888e-11,1.2752336e-13
421.72000,3.2380874e-11,1.2731576e-13
421.73000,3.2357095e-11,1.2716086e-13
421.74000,3.2335527e-11,1.2709529e-13
421.75000,3.2364596e-11,1.2720174e-13
421.76000,3.2448517e-11,1.2746666e-13
421.77000,3.2539199e-11,1.2765189e-13
421.78000,3.2589540e-11,1.2766955e-13
421.79000,3.2555146e-11,1.2751967e-13
421.80000,3.2469794e-11,1.2735630e-13
421.81000,3.2408858e-11,1.2731761e-13
421.82000,3.2445359e-11,1.2745113e-13
421.83000,3.2539395e-11,1.2764875e-13
421.84000,3.2590487e-11,1.2778537e-13
421.85000,3.2570264e-11,1.2785816e-13
421.86000,3.2502244e-11,1.2783048e-13
421.87000,3.2434223e-11,1.2770154e-13
421.88000,3.2377521e-11,1.2753702e-13
421.89000,3.2319497e-11,1.2740740e-13
421.90000,3.2271544e-11,1.2735160e-13
421.91000,3.2264879e-11,1.2739630e-13
421.92000,3.2294039e-11,1.2752095e-13
421.93000,3.2337509e-11,1.2769249e-13
421.94000,3.2387426e-11,1.2787972e-13
421.95000,3.2428370e-11,1.2798507e-13
421.96000,3.2457483e-11,1.2798474e-13
421.97000,3.2492714e-11,1.2804980e-13
421.98000,3.2521940e-11,1.2825817e-13
421.99000,3.2525639e-11,1.2840969e-13
422.00000,3.2513342e-11,1.2833826e-13
422.01000,3.2504943e-11,1.2815990e-13
422.02000,3.2511849e-11,1.2809672e-13
422.03000,3.2521578e-11,1.2816458e-13
422.04000,3.2532261e-11,1.2828810e-13
422.05000,3.2560509e-11,1.2840098e-13
422.06000,3.2610555e-11,1.2849528e-13
422.07000,3.2659290e-11,1.2861440e-13
422.08000,3.2682054e-11,1.2872153e-13
422.09000,3.2668740e-11,1.2874297e-13
422.10000,3.2647308e-11,1.2874277e-13
422.11000,3.2640727e-11,1.2877161e-13
422.12000,3.2646884e-11,1.2876336e-13
422.13000,3.2644021e-11,1.2865866e-13
422.14000,3.2607725e-11,1.2846004e-13
422.15000,3.2526669e-11,1.2822178e-13
422.16000,3.2428771e-11,1.2807293e-13
422.17000,3.2366565e-11,1.2812011e-13
422.18000,3.2347778e-11,1.2824022e-13
422.19000,3.2352167e-11,1.2833444e-13
422.20000,3.2354522e-11,1.2839684e-13
422.21000,3.2356425e-11,1.2842011e-13
422.22000,3.2376070e-11,1.2838868e-13
422.23000,3.2407163e-11,1.2833275e-13
422.24000,3.2433638e-11,1.2832779e-13
422.25000,3.2457805e-11,1.2842171e-13
422.26000,3.2480227e-11,1.2857238e-13
422.27000,3.2493121e-11,1.2867186e-13
422.28000,3.2498796e-11,1.2871005e-13
422.29000,3.2495408e-11,1.2870912e-13
422.30000,3.2476810e-11,1.2861877e-13
422.31000,3.2450211e-11,1.2841619e-13
422.32000,3.2419969e-11,1.2821092e-13
422.33000,3.2391124e-11,1.2819714e-13
422.34000,3.2375065e-11,1.2839121e-13
422.35000,3.2368157e-11,1.2850112e-13
422.36000,3.2349152e-11,1.2837917e-13
422.37000,3.2308585e-11,1.2820737e-13
422.38000,3.2255641e-11,1.2811647e-13
422.39000,3.2207322e-11,1.2813646e-13
422.40000,3.2182931e-11,1.2821941e-13
422.41000,3.2189233e-11,1.2826761e-13
422.42000,3.2202534e-11,1.2815020e-13
422.43000,3.2217463e-11,1.2792889e-13
422.44000,3.2237922e-11,1.2780446e-13
422.45000,3.2238535e-11,1.2783381e-13
422.46000,3.2207203e-11,1.2788922e-13
422.47000,3.2150640e-11,1.2780330e-13
422.48000,3.2083290e-11,1.2761017e-13
422.49000,3.1997906e-11,1.2734323e-13
422.50000,3.1907908e-11,1.2704284e-13
422.51000,3.1890146e-11,1.2701692e-13
422.52000,3.1980693e-11,1.2741351e-13
422.53000,3.2113732e-11,1.2794465e-13
422.54000,3.2225809e-11,1.2827678e-13
422.55000,3.2309904e-11,1.2837035e-13
422.56000,3.2356626e-11,1.2830907e-13
422.57000,3.2357069e-11,1.2826092e-13
422.58000,3.2319485e-11,1.2829630e-13
422.59000,3.2235426e-11,1.2826645e-13
422.60000,3.2089290e-11,1.2796163e-13
422.61000,3.1901790e-11,1.2735857e-13
422.62000,3.1722239e-11,1.2665650e-13
422.63000,3.1600893e-11,1.2618036e-13
422.64000,3.1560506e-11,1.2603092e-13
422.65000,3.1583063e-11,1.2609086e-13
422.66000,3.1639662e-11,1.2622362e-13
422.67000,3.1701686e-11,1.2635061e-13
422.68000,3.1740900e-11,1.2645839e-13
422.69000,3.1742703e-11,1.2654781e-13
422.70000,3.1737139e-11,1.2661264e-13
422.71000,3.1755339e-11,1.2663119e-13
422.72000,3.1812663e-11,1.2667153e-13
422.73000,3.1888023e-11,1.2681871e-13
422.74000,3.1952681e-11,1.2699210e-13
422.75000,3.2008590e-11,1.2709314e-13
422.76000,3.2074289e-11,1.2713901e-13
422.77000,3.2161637e-11,1.2723894e-13
422.78000,3.2262544e-11,1.2742829e-13
422.79000,3.2337772e-11,1.2765816e-13
422.80000,3.2364565e-11,1.2779536e-13
422.81000,3.2361843e-11,1.2773793e-13
422.82000,3.2355576e-11,1.2758271e-13
422.83000,3.2355205e-11,1.2747417e-13
422.84000,3.2352415e-11,1.2743317e-13
422.85000,3.2354056e-11,1.2744116e-13
422.86000,3.2381492e-11,1.2746212e-13
422.87000,3.2421563e-11,1.2740948e-13
422.88000,3.2437147e-11,1.2725756e-13
422.89000,3.2427676e-11,1.2708664e-13
422.90000,3.2408826e-11,1.2696201e-13
422.91000,3.2386587e-11,1.2692883e-13
422.92000,3.2375513e-11,1.2694324e-13
422.93000,3.2381563e-11,1.2689307e-13
422.94000,3.2375286e-11,1.2669508e-13
422.95000,3.2338128e-11,1.2644977e-13
422.96000,3.2297554e-11,1.2630073e-13
422.97000,3.2284163e-11,1.2627470e-13
422.98000,3.2306090e-11,1.2634883e-13
422.99000,3.2337054e-11,1.2636953e-13
423.00000,3.2361453e-11,1.2620360e-13
423.01000,3.2374966e-11,1.2602641e-13
423.02000,3.2374457e-11,1.2604905e-13
423.03000,3.2362242e-11,1.2606847e-13
423.04000,3.2355749e-11,1.2589156e-13
423.05000,3.2370112e-11,1.2564669e-13
423.06000,3.2386466e-11,1.2559322e-13
423.07000,3.2390434e-11,1.2581597e-13
423.08000,3.2383669e-11,1.2616954e-13
423.09000,3.2354087e-11,1.2631053e-13
423.10000,3.2294341e-11,1.2609841e-13
423.11000,3.2230584e-11,1.2577284e-13
423.12000,3.2208448e-11,1.2564238e-13
423.13000,3.2226680e-11,1.2569279e-13
423.14000,3.2260963e-11,1.2580237e-13
423.15000,3.2287261e-11,1.2592095e-13
423.16000,3.2295514e-11,1.2605030e-13
423.17000,3.2287079e-11,1.2612213e-13
423.18000,3.2271518e-11,1.2599370e-13
423.19000,3.2252942e-11,1.2550784e-13
423.20000,3.2239606e-11,1.2491104e-13
423.21000,3.2238201e-11,1.2450687e-13
423.22000,3.2217176e-11,1.2435865e-13
423.23000,3.2109153e-11,1.2413251e-13
423.24000,3.1889486e-11,1.2355888e-13
423.25000,3.1609660e-11,1.2278202e-13
423.26000,3.1353899e-11,1.2207692e-13
423.27000,3.1154349e-11,1.2148461e-13
423.28000,3.0985338e-11,1.2092654e-13
423.29000,3.0795866e-11,1.2043647e-13
423.30000,3.0479720e-11,1.2006347e-13
423.31000,2.9831504e-11,1.1967347e-13
423.32000,2.8762552e-11,1.1889318e-13
423.33000,2.7655514e-11,1.1780453e-13
423.34000,2.7412588e-11,1.1826959e-13
423.35000,2.8586079e-11,1.2206056e-13
423.36000,3.0350936e-11,1.2729815e-13
423.37000,3.1537831e-11,1.3062984e-13
423.38000,3.2027569e-11,1.3168373e-13
423.39000,3.2189580e-11,1.3177213e-13
423.40000,3.2227498e-11,1.3176873e-13
423.41000,3.2237357e-11,1.3193984e-13
423.42000,3.2236237e-11,1.3208476e-13
423.43000,3.2243943e-11,1.3180782e-13
423.44000,3.2264336e-11,1.3117260e-13
423.45000,3.2279289e-11,1.3063484e-13
423.46000,3.2269959e-11,1.3034810e-13
423.47000,3.2238023e-11,1.3018814e-13
423.48000,3.2217859e-11,1.2994632e-13
423.49000,3.2214851e-11,1.2962747e-13
423.50000,3.2189601e-11,1.2934956e-13
423.51000,3.2113689e-11,1.2909067e-13
423.52000,3.1995445e-11,1.2877006e-13
423.53000,3.1852636e-11,1.2835208e-13
423.54000,3.1701730e-11,1.2776403e-13
423.55000,3.1573521e-11,1.2708841e-13
423.56000,3.1517859e-11,1.2654669e-13
423.57000,3.1574858e-11,1.2640090e-13
423.58000,3.1713811e-11,1.2654262e-13
423.59000,3.1859472e-11,1.2668458e-13
423.60000,3.1962575e-11,1.2671061e-13
423.61000,3.2025344e-11,1.2671601e-13
423.62000,3.2101713e-11,1.2685111e-13
423.63000,3.2188816e-11,1.2709797e-13
423.64000,3.2229190e-11,1.2716771e-13
423.65000,3.2216444e-11,1.2690286e-13
423.66000,3.2184945e-11,1.2657090e-13
423.67000,3.2159016e-11,1.2637869e-13
423.68000,3.2162936e-11,1.2643530e-13
423.69000,3.2200595e-11,1.2657433e-13
423.70000,3.2256207e-11,1.2646685e-13
423.71000,3.2290804e-11,1.2613737e-13
423.72000,3.2283407e-11,1.2593240e-13
423.73000,3.2240577e-11,1.2579167e-13
423.74000,3.2186747e-11,1.2561627e-13
423.75000,3.2149572e-11,1.2551423e-13
423.76000,3.2128620e-11,1.2539674e-13
423.77000,3.2107339e-11,1.2506676e-13
423.78000,3.2074448e-11,1.2477892e-13
423.79000,3.2019988e-11,1.2477798e-13
423.80000,3.1942065e-11,1.2468498e-13
423.81000,3.1869286e-11,1.2410670e-13
423.82000,3.1841668e-11,1.2352194e-13
423.83000,3.1869815e-11,1.2356520e-13
423.84000,3.1910047e-11,1.2424882e-13
423.85000,3.1926670e-11,1.2470256e-13
423.86000,3.1931069e-11,1.2435001e-13
423.87000,3.1935122e-11,1.2369147e-13
423.88000,3.1938294e-11,1.2345931e-13
423.89000,3.1934188e-11,1.2376923e-13
423.90000,3.1919679e-11,1.2442698e-13
423.91000,3.1918302e-11,1.2479439e-13
423.92000,3.1945185e-11,1.2443273e-13
423.93000,3.1978140e-11,1.2377796e-13
423.94000,3.2001020e-11,1.2342431e-13
423.95000,3.2013594e-11,1.2348479e-13
423.96000,3.2028080e-11,1.2345617e-13
423.97000,3.2048974e-11,1.2312803e-13
423.98000,3.2065447e-11,1.2280439e-13
423.99000,3.2067764e-11,1.2279633e-13
424.00000,3.2065187e-11,1.2307709e-13
424.01000,3.2075176e-11,1.2346445e-13
424.02000,3.2103029e-11,1.2379808e-13
424.03000,3.2122235e-11,1.2399394e-13
424.04000,3.2108402e-11,1.2402318e-13
424.05000,3.2071646e-11,1.2390305e-13
424.06000,3.2044927e-11,1.2360624e-13
424.07000,3.2046899e-11,1.2316000e-13
424.08000,3.2084021e-11,1.2274880e-13
424.09000,3.2122963e-11,1.2254992e-13
424.10000,3.2128757e-11,1.2262611e-13
424.11000,3.2109297e-11,1.2290159e-13
424.12000,3.2107108e-11,1.2314564e-13
424.13000,3.2128513e-11,1.2316752e-13
424.14000,3.2136273e-11,1.2310588e-13
424.15000,3.2074118e-11,1.2332777e-13
424.16000,3.1947351e-11,1.2376764e-13
424.17000,3.1786708e-11,1.2385938e-13
424.18000,3.1643251e-11,1.2311057e-13
424.19000,3.1534567e-11,1.2206179e-13
424.20000,3.1452162e-11,1.2144271e-13
424.21000,3.1391697e-11,1.2131445e-13
424.22000,3.1336372e-11,1.2145173e-13
424.23000,3.1227392e-11,1.2133085e-13
424.24000,3.1005083e-11,1.2056594e-13
424.25000,3.0764524e-11,1.1976945e-13
424.26000,3.0765291e-11,1.1996810e-13
424.27000,3.1069213e-11,1.2114095e-13
424.28000,3.1473352e-11,1.2256785e-13
424.29000,3.1738756e-11,1.2352795e-13
424.30000,3.1847761e-11,1.2379223e-13
424.31000,3.1880003e-11,1.2354167e-13
424.32000,3.1891574e-11,1.2312316e-13
424.33000,3.1908559e-11,1.2283654e-13
424.34000,3.1927623e-11,1.2283475e-13
424.35000,3.1932010e-11,1.2296590e-13
424.36000,3.1922245e-11,1.2299899e-13
424.37000,3.1915683e-11,1.2298767e-13
424.38000,3.1929660e-11,1.2297272e-13
424.39000,3.1947612e-11,1.2302623e-13
424.40000,3.1942482e-11,1.2317110e-13
424.41000,3.1899389e-11,1.2314545e-13
424.42000,3.1841762e-11,1.2291270e-13
424.43000,3.1797582e-11,1.2266731e-13
424.44000,3.1783031e-11,1.2255140e-13
424.45000,3.1778895e-11,1.2259667e-13
424.46000,3.1761240e-11,1.2271178e-13
424.47000,3.1728392e-11,1.2276296e-13
424.48000,3.1688986e-11,1.2262406e-13
424.49000,3.1664312e-11,1.2243304e-13
424.50000,3.1681741e-11,1.2244795e-13
424.51000,3.1748921e-11,1.2276523e-13
424.52000,3.1828485e-11,1.2316089e-13
424.53000,3.1886468e-11,1.2342356e-13
424.54000,3.1903524e-11,1.2348138e-13
424.55000,3.1888587e-11,1.2345557e-13
424.56000,3.1857678e-11,1.2346530e-13
424.57000,3.1841825e-11,1.2352182e-13
424.58000,3.1842744e-11,1.2356814e-13
424.59000,3.1823682e-11,1.2361915e-13
424.60000,3.1771051e-11,1.2362297e-13
424.61000,3.1704149e-11,1.2349842e-13
424.62000,3.1651661e-11,1.2333139e-13
424.63000,3.1615567e-11,1.2321570e-13
424.64000,3.1579943e-11,1.2321147e-13
424.65000,3.1536374e-11,1.2336019e-13
424.66000,3.1488680e-11,1.2362187e-13
424.67000,3.1446787e-11,1.2382020e-13
424.68000,3.1412798e-11,1.2382139e-13
424.69000,3.1386981e-11,1.2369905e-13
424.70000,3.1386840e-11,1.2374634e-13
424.71000,3.1437570e-11,1.2411742e-13
424.72000,3.1528319e-11,1.2460985e-13
424.73000,3.1619206e-11,1.2495766e-13
424.74000,3.1679512e-11,1.2510499e-13
424.75000,3.1721815e-11,1.2529472e-13
424.76000,3.1766484e-11,1.2563423e-13
424.77000,3.1822010e-11,1.2596961e-13
424.78000,3.1867270e-11,1.2620593e-13
424.79000,3.1883686e-11,1.2642080e-13
424.80000,3.1869700e-11,1.2672894e-13
424.81000,3.1855272e-11,1.2713921e-13
424.82000,3.1862391e-11,1.2749043e-13
424.83000,3.1883130e-11,1.2752363e-13
424.84000,3.1896198e-11,1.2736110e-13
424.85000,3.1897693e-11,1.2732714e-13
424.86000,3.1898492e-11,1.2749676e-13
424.87000,3.1917611e-11,1.2779033e-13
424.88000,3.1952728e-11,1.2815057e-13
424.89000,3.1981873e-11,1.2871036e-13
424.90000,3.1983069e-11,1.2941971e-13
424.91000,3.1956233e-11,1.2977999e-13
424.92000,3.1909512e-11,1.2956914e-13
424.93000,3.1829365e-11,1.2905842e-13
424.94000,3.1710833e-11,1.2868143e-13
424.95000,3.1577233e-11,1.2849988e-13
424.96000,3.1471678e-11,1.2837980e-13
424.97000,3.1397786e-11,1.2827171e-13
424.98000,3.1347769e-11,1.2824861e-13
424.99000,3.1308323e-11,1.2833650e-13
425.00000,3.1245569e-11,1.2842796e-13
425.01000,3.1156000e-11,1.2844757e-13
425.02000,3.1087444e-11,1.2840106e-13
425.03000,3.1051095e-11,1.2836662e-13
425.04000,3.1013904e-11,1.2842869e-13
425.05000,3.0971464e-11,1.2860927e-13
425.06000,3.0981790e-11,1.2901647e-13
425.07000,3.1103068e-11,1.2973866e-13
425.08000,3.1325453e-11,1.3056996e-13
425.09000,3.1526385e-11,1.3084076e-13
425.10000,3.1645977e-11,1.3046042e-13
425.11000,3.1718718e-11,1.2993311e-13
425.12000,3.1774734e-11,1.2967989e-13
425.13000,3.1821855e-11,1.2968618e-13
425.14000,3.1857119e-11,1.2983254e-13
425.15000,3.1875036e-11,1.3000529e-13
425.16000,3.1852564e-11,1.3032079e-13
425.17000,3.1785167e-11,1.3115154e-13
425.18000,3.1699531e-11,1.3241246e-13
425.19000,3.1646453e-11,1.3284095e-13
425.20000,3.1644467e-11,1.3174675e-13
425.21000,3.1650531e-11,1.3025669e-13
425.22000,3.1641335e-11,1.2937739e-13
425.23000,3.1633824e-11,1.2906098e-13
425.24000,3.1614566e-11,1.2893943e-13
425.25000,3.1560728e-11,1.2867340e-13
425.26000,3.1472906e-11,1.2824747e-13
425.27000,3.1385399e-11,1.2771233e-13
425.28000,3.1349587e-11,1.2747751e-13
425.29000,3.1393727e-11,1.2762511e-13
425.30000,3.1480339e-11,1.2760659e-13
425.31000,3.1547181e-11,1.2734514e-13
425.32000,3.1582833e-11,1.2730858e-13
425.33000,3.1610385e-11,1.2730280e-13
425.34000,3.1626633e-11,1.2687380e-13
425.35000,3.1599306e-11,1.2658280e-13
425.36000,3.1523110e-11,1.2692940e-13
425.37000,3.1417982e-11,1.2743123e-13
425.38000,3.1317136e-11,1.2723844e-13
425.39000,3.1237706e-11,1.2612721e-13
425.40000,3.1202928e-11,1.2461078e-13
425.41000,3.1221536e-11,1.2341924e-13
425.42000,3.1283192e-11,1.2280179e-13
425.43000,3.1381630e-11,1.2272668e-13
425.44000,3.1485469e-11,1.2279220e-13
425.45000,3.1556518e-11,1.2275069e-13
425.46000,3.1576870e-11,1.2255384e-13
425.47000,3.1591607e-11,1.2238970e-13
425.48000,3.1648090e-11,1.2235978e-13
425.49000,3.1751496e-11,1.2245900e-13
425.50000,3.1841944e-11,1.2263598e-13
425.51000,3.1870519e-11,1.2295083e-13
425.52000,3.1831556e-11,1.2347235e-13
425.53000,3.1773162e-11,1.2401883e-13
425.54000,3.1738486e-11,1.2416677e-13
425.55000,3.1740980e-11,1.2356454e-13
425.56000,3.1756564e-11,1.2273731e-13
425.57000,3.1775689e-11,1.2233623e-13
425.58000,3.1794053e-11,1.2253506e-13
425.59000,3.1805417e-11,1.2275899e-13
425.60000,3.1813162e-11,1.2267601e-13
425.61000,3.1809444e-11,1.2254905e-13
425.62000,3.1787256e-11,1.2258277e-13
425.63000,3.1769008e-11,1.2254231e-13
425.64000,3.1784217e-11,1.2241957e-13
425.65000,3.1806950e-11,1.2250086e-13
425.66000,3.1815939e-11,1.2263676e-13
425.67000,3.1820574e-11,1.2264945e-13
425.68000,3.1827336e-11,1.2261426e-13
425.69000,3.1830586e-11,1.2257896e-13
425.70000,3.1833990e-11,1.2259065e-13
425.71000,3.1837946e-11,1.2263261e-13
425.72000,3.1808957e-11,1.2263649e-13
425.73000,3.1722318e-11,1.2252487e-13
425.74000,3.1581405e-11,1.2221947e-13
425.75000,3.1432944e-11,1.2184504e-13
425.76000,3.1311915e-11,1.2154506e-13
425.77000,3.1238981e-11,1.2137688e-13
425.78000,3.1217427e-11,1.2133661e-13
425.79000,3.1232932e-11,1.2135297e-13
425.80000,3.1240517e-11,1.2124947e-13
425.81000,3.1174061e-11,1.2090979e-13
425.82000,3.0997345e-11,1.2037167e-13
425.83000,3.0810962e-11,1.1997639e-13
425.84000,3.0804069e-11,1.2008252e-13
425.85000,3.1018282e-11,1.2064721e-13
425.86000,3.1336283e-11,1.2140451e-13
425.87000,3.1577202e-11,1.2207338e-13
425.88000,3.1684175e-11,1.2251442e-13
425.89000,3.1712983e-11,1.2267347e-13
425.90000,3.1735319e-11,1.2270159e-13
425.91000,3.1752355e-11,1.2272782e-13
425.92000,3.1713865e-11,1.2268378e-13
425.93000,3.1620163e-11,1.2248864e-13
425.94000,3.1524231e-11,1.2226356e-13
425.95000,3.1484600e-11,1.2222852e-13
425.96000,3.1468209e-11,1.2226285e-13
425.97000,3.1409165e-11,1.2211847e-13
425.98000,3.1281336e-11,1.2166808e-13
425.99000,3.1150296e-11,1.2116007e-13
426.00000,3.1071793e-11,1.2089437e-13
426.01000,3.1044893e-11,1.2094400e-13
426.02000,3.1055442e-11,1.2113815e-13
426.03000,3.1096969e-11,1.2136995e-13
426.04000,3.1150094e-11,1.2164335e-13
426.05000,3.1186871e-11,1.2193751e-13
426.06000,3.1209701e-11,1.2220227e-13
426.07000,3.1274630e-11,1.2248321e-13
426.08000,3.1411259e-11,1.2283274e-13
426.09000,3.1560460e-11,1.2312768e-13
426.10000,3.1629179e-11,1.2317957e-13
426.11000,3.1597484e-11,1.2300299e-13
426.12000,3.1482061e-11,1.2268096e-13
426.13000,3.1350206e-11,1.2239902e-13
426.14000,3.1266818e-11,1.2223891e-13
426.15000,3.1248108e-11,1.2216668e-13
426.16000,3.1278106e-11,1.2220531e-13
426.17000,3.1301891e-11,1.2232832e-13
426.18000,3.1273355e-11,1.2241280e-13
426.19000,3.1163870e-11,1.2225116e-13
426.20000,3.1015150e-11,1.2184761e-13
426.21000,3.0970272e-11,1.2157230e-13
426.22000,3.1116718e-11,1.2181909e-13
426.23000,3.1401130e-11,1.2256083e-13
426.24000,3.1625094e-11,1.2322098e-13
426.25000,3.1719283e-11,1.2351814e-13
426.26000,3.1745527e-11,1.2360573e-13
426.27000,3.1730902e-11,1.2356222e-13
426.28000,3.1700559e-11,1.2347953e-13
426.29000,3.1683656e-11,1.2345530e-13
426.30000,3.1688389e-11,1.2349762e-13
426.31000,3.1691631e-11,1.2355019e-13
426.32000,3.1687627e-11,1.2357381e-13
426.33000,3.1680680e-11,1.2347797e-13
426.34000,3.1675155e-11,1.2330241e-13
426.35000,3.1677631e-11,1.2319691e-13
426.36000,3.1678192e-11,1.2321648e-13
426.37000,3.1640859e-11,1.2320271e-13
426.38000,3.1558440e-11,1.2304849e-13
426.39000,3.1456241e-11,1.2274171e-13
426.40000,3.1378882e-11,1.2245375e-13
426.41000,3.1374118e-11,1.2240725e-13
426.42000,3.1468538e-11,1.2267132e-13
426.43000,3.1588303e-11,1.2296287e-13
426.44000,3.1658913e-11,1.2309580e-13
426.45000,3.1670894e-11,1.2313112e-13
426.46000,3.1679375e-11,1.2323656e-13
426.47000,3.1702748e-11,1.2342218e-13
426.48000,3.1723006e-11,1.2356630e-13
426.49000,3.1732248e-11,1.2356126e-13
426.50000,3.1733384e-11,1.2340785e-13
426.51000,3.1722281e-11,1.2318592e-13
426.52000,3.1704154e-11,1.2299074e-13
426.53000,3.1692677e-11,1.2286572e-13
426.54000,3.1700014e-11,1.2289375e-13
426.55000,3.1725140e-11,1.2309738e-13
426.56000,3.1755610e-11,1.2335582e-13
426.57000,3.1757898e-11,1.2346723e-13
426.58000,3.1717805e-11,1.2336358e-13
426.59000,3.1654402e-11,1.2307434e-13
426.60000,3.1605812e-11,1.2270843e-13
426.61000,3.1584661e-11,1.2238072e-13
426.62000,3.1596588e-11,1.2220470e-13
426.63000,3.1630209e-11,1.2218327e-13
426.64000,3.1665876e-11,1.2230324e-13
426.65000,3.1670093e-11,1.2247044e-13
426.66000,3.1637010e-11,1.2248353e-13
426.67000,3.1587708e-11,1.2227753e-13
426.68000,3.1512001e-11,1.2191538e-13
426.69000,3.1347706e-11,1.2139004e-13
426.70000,3.0980100e-11,1.2041095e-13
426.71000,3.0356784e-11,1.1874847e-13
426.72000,2.9642837e-11,1.1678232e-13
426.73000,2.9092835e-11,1.1523251e-13
426.74000,2.8984237e-11,1.1488742e-13
426.75000,2.9289586e-11,1.1567312e-13
426.76000,2.9952335e-11,1.1746301e-13
426.77000,3.0667541e-11,1.1944384e-13
426.78000,3.1119004e-11,1.2066115e-13
426.79000,3.1294712e-11,1.2106178e-13
426.80000,3.1323781e-11,1.2105703e-13
426.81000,3.1367842e-11,1.2108151e-13
426.82000,3.1427377e-11,1.2114094e-13
426.83000,3.1442383e-11,1.2114217e-13
426.84000,3.1430751e-11,1.2107948e-13
426.85000,3.1435625e-11,1.2099329e-13
426.86000,3.1446876e-11,1.2090129e-13
426.87000,3.1430644e-11,1.2080596e-13
426.88000,3.1387745e-11,1.2073498e-13
426.89000,3.1350763e-11,1.2064277e-13
426.90000,3.1330354e-11,1.2047474e-13
426.91000,3.1323760e-11,1.2028952e-13
426.92000,3.1323854e-11,1.2019090e-13
426.93000,3.1322194e-11,1.2017689e-13
426.94000,3.1316511e-11,1.2016806e-13
426.95000,3.1332374e-11,1.2015479e-13
426.96000,3.1377621e-11,1.2016487e-13
426.97000,3.1418161e-11,1.2018235e-13
426.98000,3.1417133e-11,1.2017858e-13
426.99000,3.1385227e-11,1.2022449e-13
427.00000,3.1394360e-11,1.2056436e-13
427.01000,3.1474073e-11,1.2104295e-13
427.02000,3.1560529e-11,1.2113802e-13
427.03000,3.1552199e-11,1.2071031e-13
427.04000,3.1447826e-11,1.2031067e-13
427.05000,3.1316324e-11,1.2011412e-13
427.06000,3.1219525e-11,1.1979492e-13
427.07000,3.1141120e-11,1.1925523e-13
427.08000,3.1050984e-11,1.1867142e-13
427.09000,3.0942796e-11,1.1820263e-13
427.10000,3.0817208e-11,1.1791522e-13
427.11000,3.0690725e-11,1.1787255e-13
427.12000,3.0590713e-11,1.1794557e-13
427.13000,3.0531496e-11,1.1790254e-13
427.14000,3.0541920e-11,1.1778421e-13
427.15000,3.0610551e-11,1.1812044e-13
427.16000,3.0716511e-11,1.1964220e-13
427.17000,3.0828915e-11,1.2227753e-13
427.18000,3.0913334e-11,1.2472669e-13
427.19000,3.0960949e-11,1.2593701e-13
427.20000,3.1045115e-11,1.2650707e-13
427.21000,3.1219967e-11,1.2706924e-13
427.22000,3.1405426e-11,1.2759614e-13
427.23000,3.1507909e-11,1.2773532e-13
427.24000,3.1538207e-11,1.2744200e-13
427.25000,3.1502194e-11,1.2688767e-13
427.26000,3.1416950e-11,1.2645267e-13
427.27000,3.1311668e-11,1.2625347e-13
427.28000,3.1252824e-11,1.2605774e-13
427.29000,3.1253629e-11,1.2585111e-13
427.30000,3.1269064e-11,1.2570859e-13
427.31000,3.1245735e-11,1.2541616e-13
427.32000,3.1160178e-11,1.2488684e-13
427.33000,3.0980374e-11,1.2412173e-13
427.34000,3.0732666e-11,1.2317051e-13
427.35000,3.0559901e-11,1.2242671e-13
427.36000,3.0684759e-11,1.2251370e-13
427.37000,3.1031460e-11,1.2325658e-13
427.38000,3.1362629e-11,1.2407273e-13
427.39000,3.1487370e-11,1.2438372e-13
427.40000,3.1465068e-11,1.2420138e-13
427.41000,3.1382543e-11,1.2376910e-13
427.42000,3.1279537e-11,1.2335352e-13
427.43000,3.1196448e-11,1.2310631e-13
427.44000,3.1168795e-11,1.2299290e-13
427.45000,3.1193608e-11,1.2295187e-13
427.46000,3.1236561e-11,1.2295741e-13
427.47000,3.1263991e-11,1.2288358e-13
427.48000,3.1262501e-11,1.2272744e-13
427.49000,3.1245710e-11,1.2265406e-13
427.50000,3.1254749e-11,1.2269163e-13
427.51000,3.1293495e-11,1.2261220e-13
427.52000,3.1329054e-11,1.2234035e-13
427.53000,3.1333513e-11,1.2202326e-13
427.54000,3.1309194e-11,1.2179329e-13
427.55000,3.1247105e-11,1.2146904e-13
427.56000,3.1146947e-11,1.2088972e-13
427.57000,3.1065578e-11,1.2036684e-13
427.58000,3.1120970e-11,1.2044788e-13
427.59000,3.1307025e-11,1.2104984e-13
427.60000,3.1505787e-11,1.2164193e-13
427.61000,3.1586170e-11,1.2172560e-13
427.62000,3.1583473e-11,1.2157199e-13
427.63000,3.1579178e-11,1.2154025e-13
427.64000,3.1594540e-11,1.2166611e-13
427.65000,3.1602021e-11,1.2178813e-13
427.66000,3.1597337e-11,1.2174297e-13
427.67000,3.1597541e-11,1.2152789e-13
427.68000,3.1602390e-11,1.2129738e-13
427.69000,3.1599156e-11,1.2108528e-13
427.70000,3.1585583e-11,1.2097714e-13
427.71000,3.1566977e-11,1.2098259e-13
427.72000,3.1549839e-11,1.2085816e-13
427.73000,3.1533871e-11,1.2067267e-13
427.74000,3.1516128e-11,1.2056829e-13
427.75000,3.1494857e-11,1.2044682e-13
427.76000,3.1470323e-11,1.2031280e-13
427.77000,3.1449142e-11,1.2031536e-13
427.78000,3.1442311e-11,1.2028199e-13
427.79000,3.1441899e-11,1.2003834e-13
427.80000,3.1419031e-11,1.1983112e-13
427.81000,3.1353136e-11,1.1982953e-13
427.82000,3.1245395e-11,1.1972680e-13
427.83000,3.1159143e-11,1.1925490e-13
427.84000,3.1168475e-11,1.1897150e-13
427.85000,3.1257131e-11,1.1930590e-13
427.86000,3.1342019e-11,1.2004537e-13
427.87000,3.1376706e-11,1.2038412e-13
427.88000,3.1410663e-11,1.2000359e-13
427.89000,3.1486363e-11,1.1954597e-13
427.90000,3.1550499e-11,1.1942530e-13
427.91000,3.1544521e-11,1.1961981e-13
427.92000,3.1495172e-11,1.2003567e-13
427.93000,3.1439373e-11,1.2064055e-13
427.94000,3.1408805e-11,1.2092736e-13
427.95000,3.1421671e-11,1.2053469e-13
427.96000,3.1466882e-11,1.1982907e-13
427.97000,3.1514511e-11,1.1934264e-13
427.98000,3.1545976e-11,1.1925019e-13
427.99000,3.1564619e-11,1.1952300e-13
428.00000,3.1574339e-11,1.1985232e-13
428.01000,3.1571359e-11,1.1994833e-13
428.02000,3.1559794e-11,1.1968910e-13
428.03000,3.1551946e-11,1.1928511e-13
428.04000,3.1540663e-11,1.1892251e-13
428.05000,3.1519057e-11,1.1876335e-13
428.06000,3.1503746e-11,1.1885661e-13
428.07000,3.1510058e-11,1.1916183e-13
428.08000,3.1530504e-11,1.1945958e-13
428.09000,3.1550946e-11,1.1957105e-13
428.10000,3.1554704e-11,1.1940570e-13
428.11000,3.1546607e-11,1.1909822e-13
428.12000,3.1547181e-11,1.1890487e-13
428.13000,3.1570083e-11,1.1912160e-13
428.14000,3.1587893e-11,1.1969262e-13
428.15000,3.1561036e-11,1.2028484e-13
428.16000,3.1480905e-11,1.2031342e-13
428.17000,3.1372679e-11,1.1978042e-13
428.18000,3.1267483e-11,1.1916517e-13
428.19000,3.1186695e-11,1.1877074e-13
428.20000,3.1138207e-11,1.1855236e-13
428.21000,3.1123178e-11,1.1872026e-13
428.22000,3.1142925e-11,1.1920608e-13
428.23000,3.1189980e-11,1.1941870e-13
428.24000,3.1231741e-11,1.1905363e-13
428.25000,3.1232165e-11,1.1867061e-13
428.26000,3.1187894e-11,1.1874385e-13
428.27000,3.1140433e-11,1.1905321e-13
428.28000,3.1139174e-11,1.1920107e-13
428.29000,3.1231433e-11,1.1926894e-13
428.30000,3.1371630e-11,1.1958647e-13
428.31000,3.1486173e-11,1.1999991e-13
428.32000,3.1532376e-11,1.2011038e-13
428.33000,3.1528374e-11,1.2004683e-13
428.34000,3.1474260e-11,1.1999017e-13
428.35000,3.1390460e-11,1.1987312e-13
428.36000,3.1312108e-11,1.1973822e-13
428.37000,3.1262657e-11,1.1983605e-13
428.38000,3.1231394e-11,1.1997988e-13
428.39000,3.1218033e-11,1.1993320e-13
428.40000,3.1227075e-11,1.1980193e-13
428.41000,3.1238473e-11,1.1978896e-13
428.42000,3.1218782e-11,1.1993059e-13
428.43000,3.1169336e-11,1.2013919e-13
428.44000,3.1152236e-11,1.2040635e-13
428.45000,3.1237454e-11,1.2082919e-13
428.46000,3.1362792e-11,1.2119000e-13
428.47000,3.1439935e-11,1.2126706e-13
428.48000,3.1467700e-11,1.2125155e-13
428.49000,3.1487358e-11,1.2131326e-13
428.50000,3.1498920e-11,1.2149943e-13
428.51000,3.1496305e-11,1.2185439e-13
428.52000,3.1494280e-11,1.2242218e-13
428.53000,3.1508612e-11,1.2277042e-13
428.54000,3.1514096e-11,1.2261585e-13
428.55000,3.1479854e-11,1.2221741e-13
428.56000,3.1433558e-11,1.2201754e-13
428.57000,3.1420129e-11,1.2213452e-13
428.58000,3.1452929e-11,1.2234701e-13
428.59000,3.1500810e-11,1.2247228e-13
428.60000,3.1532911e-11,1.2259985e-13
428.61000,3.1505098e-11,1.2275701e-13
428.62000,3.1408407e-11,1.2281371e-13
428.63000,3.1263868e-11,1.2264436e-13
428.64000,3.1142988e-11,1.2230060e-13
428.65000,3.1110608e-11,1.2207230e-13
428.66000,3.1206314e-11,1.2232630e-13
428.67000,3.1343246e-11,1.2285999e-13
428.68000,3.1446657e-11,1.2333579e-13
428.69000,3.1503931e-11,1.2368797e-13
428.70000,3.1517465e-11,1.2404345e-13
428.71000,3.1459463e-11,1.2437009e-13
428.72000,3.1355949e-11,1.2447726e-13
428.73000,3.1248752e-11,1.2419172e-13
428.74000,3.1172368e-11,1.2375505e-13
428.75000,3.1127308e-11,1.2353116e-13
428.76000,3.1122342e-11,1.2364549e-13
428.77000,3.1158666e-11,1.2392593e-13
428.78000,3.1242492e-11,1.2429098e-13
428.79000,3.1344772e-11,1.2470075e-13
428.80000,3.1417386e-11,1.2512425e-13
428.81000,3.1454106e-11,1.2554053e-13
428.82000,3.1468996e-11,1.2589554e-13
428.83000,3.1474385e-11,1.2612700e-13
428.84000,3.1471326e-11,1.2623085e-13
428.85000,3.1459321e-11,1.2627628e-13
428.86000,3.1431914e-11,1.2630252e-13
428.87000,3.1394678e-11,1.2634300e-13
428.88000,3.1364871e-11,1.2640482e-13
428.89000,3.1326982e-11,1.2648322e-13
428.90000,3.1244586e-11,1.2652859e-13
428.91000,3.1133538e-11,1.2649132e-13
428.92000,3.1047021e-11,1.2641106e-13
428.93000,3.0992126e-11,1.2633326e-13
428.94000,3.0911599e-11,1.2615043e-13
428.95000,3.0764416e-11,1.2586361e-13
428.96000,3.0603992e-11,1.2567756e-13
428.97000,3.0523129e-11,1.2574845e-13
428.98000,3.0540344e-11,1.2597467e-13
428.99000,3.0636950e-11,1.2637709e-13
429.00000,3.0761465e-11,1.2705150e-13
429.01000,3.0863883e-11,1.2778901e-13
429.02000,3.0905136e-11,1.2806582e-13
429.03000,3.0913112e-11,1.2771131e-13
429.04000,3.0954296e-11,1.2699929e-13
429.05000,3.1092214e-11,1.2666050e-13
429.06000,3.1272027e-11,1.2680602e-13
429.07000,3.1404095e-11,1.2708573e-13
429.08000,3.1480317e-11,1.2728683e-13
429.09000,3.1523730e-11,1.2751707e-13
429.10000,3.1545009e-11,1.2784026e-13
429.11000,3.1551924e-11,1.2812644e-13
429.12000,3.1531175e-11,1.2819857e-13
429.13000,3.1478638e-11,1.2810433e-13
429.14000,3.1420708e-11,1.2799520e-13
429.15000,3.1388082e-11,1.2791352e-13
429.16000,3.1371473e-11,1.2772570e-13
429.17000,3.1361815e-11,1.2746762e-13
429.18000,3.1352060e-11,1.2729678e-13
429.19000,3.1336142e-11,1.2721701e-13
429.20000,3.1320370e-11,1.2713785e-13
429.21000,3.1300277e-11,1.2700658e-13
429.22000,3.1268878e-11,1.2680884e-13
429.23000,3.1244950e-11,1.2654088e-13
429.24000,3.1245112e-11,1.2634911e-13
429.25000,3.1264867e-11,1.2641797e-13
429.26000,3.1294706e-11,1.2676952e-13
429.27000,3.1332965e-11,1.2694812e-13
429.28000,3.1369880e-11,1.2641862e-13
429.29000,3.1387365e-11,1.2577923e-13
429.30000,3.1376052e-11,1.2550822e-13
429.31000,3.1347463e-11,1.2507523e-13
429.32000,3.1295614e-11,1.2435075e-13
429.33000,3.1180154e-11,1.2383718e-13
429.34000,3.1017748e-11,1.2352671e-13
429.35000,3.0865589e-11,1.2274707e-13
429.36000,3.0768538e-11,1.2142115e-13
429.37000,3.0719052e-11,1.2035747e-13
429.38000,3.0721209e-11,1.2032514e-13
429.39000,3.0763439e-11,1.2105230e-13
429.40000,3.0826682e-11,1.2199169e-13
429.41000,3.0863378e-11,1.2243261e-13
429.42000,3.0856504e-11,1.2221529e-13
429.43000,3.0839675e-11,1.2155897e-13
429.44000,3.0855697e-11,1.2094511e-13
429.45000,3.0872282e-11,1.2047122e-13
429.46000,3.0859710e-11,1.2015715e-13
429.47000,3.0901702e-11,1.2024604e-13
429.48000,3.1066560e-11,1.2093103e-13
429.49000,3.1254160e-11,1.2176438e-13
429.50000,3.1361289e-11,1.2226707e-13
429.51000,3.1378005e-11,1.2211259e-13
429.52000,3.1357936e-11,1.2136298e-13
429.53000,3.1324095e-11,1.2027427e-13
429.54000,3.1285703e-11,1.1937622e-13
429.55000,3.1252989e-11,1.1910581e-13
429.56000,3.1221291e-11,1.1945068e-13
429.57000,3.1164153e-11,1.1977446e-13
429.58000,3.1062014e-11,1.1941030e-13
429.59000,3.0935156e-11,1.1866030e-13
429.60000,3.0808796e-11,1.1818721e-13
429.61000,3.0726967e-11,1.1811779e-13
429.62000,3.0700652e-11,1.1808946e-13
429.63000,3.0693679e-11,1.1808506e-13
429.64000,3.0633670e-11,1.1805080e-13
429.65000,3.0424694e-11,1.1759690e-13
429.66000,3.0009600e-11,1.1665731e-13
429.67000,2.9557435e-11,1.1572261e-13
429.68000,2.9492992e-11,1.1563105e-13
429.69000,2.9936988e-11,1.1666695e-13
429.70000,3.0621236e-11,1.1832437e-13
429.71000,3.1075805e-11,1.1947559e-13
429.72000,3.1265344e-11,1.1993832e-13
429.73000,3.1293825e-11,1.1997285e-13
429.74000,3.1276970e-11,1.1994114e-13
429.75000,3.1240838e-11,1.1992890e-13
429.76000,3.1223788e-11,1.1995602e-13
429.77000,3.1237173e-11,1.2000094e-13
429.78000,3.1258117e-11,1.2003053e-13
429.79000,3.1269906e-11,1.2002646e-13
429.80000,3.1276088e-11,1.1999064e-13
429.81000,3.1274429e-11,1.1996995e-13
429.82000,3.1251188e-11,1.1995548e-13
429.83000,3.1185442e-11,1.1986864e-13
429.84000,3.1090369e-11,1.1969833e-13
429.85000,3.0983807e-11,1.1946886e-13
429.86000,3.0880229e-11,1.1924953e-13
429.87000,3.0786125e-11,1.1911027e-13
429.88000,3.0723674e-11,1.1907489e-13
429.89000,3.0711932e-11,1.1906797e-13
429.90000,3.0751003e-11,1.1904883e-13
429.91000,3.0768337e-11,1.1897977e-13
429.92000,3.0708830e-11,1.1882373e-13
429.93000,3.0564888e-11,1.1855864e-13
429.94000,3.0400689e-11,1.1822360e-13
429.95000,3.0270021e-11,1.1788890e-13
429.96000,3.0211007e-11,1.1772992e-13
429.97000,3.0214662e-11,1.1778101e-13
429.98000,3.0255447e-11,1.1796647e-13
429.99000,3.0285180e-11,1.1815573e-13
430.00000,3.0250911e-11,1.1817681e-13
430.01000,3.0114949e-11,1.1786192e-13
430.02000,2.9973991e-11,1.1753669e-13
430.03000,3.0065912e-11,1.1790469e-13
430.04000,3.0396324e-11,1.1892193e-13
430.05000,3.0757780e-11,1.1996273e-13
430.06000,3.0961986e-11,1.2048786e-13
430.07000,3.1046659e-11,1.2061998e-13
430.08000,3.1052718e-11,1.2053739e-13
430.09000,3.1022043e-11,1.2040505e-13
430.10000,3.0965755e-11,1.2024882e-13
430.11000,3.0881482e-11,1.2003605e-13
430.12000,3.0777135e-11,1.1976668e-13
430.13000,3.0679434e-11,1.1950769e-13
430.14000,3.0601520e-11,1.1929742e-13
430.15000,3.0542406e-11,1.1909544e-13
430.16000,3.0495867e-11,1.1891546e-13
430.17000,3.0461378e-11,1.1885450e-13
430.18000,3.0448474e-11,1.1895113e-13
430.19000,3.0446998e-11,1.1905471e-13
430.20000,3.0445160e-11,1.1904015e-13
430.21000,3.0455600e-11,1.1896151e-13
430.22000,3.0489230e-11,1.1897600e-13
430.23000,3.0516844e-11,1.1909679e-13
430.24000,3.0492905e-11,1.1907724e-13
430.25000,3.0419534e-11,1.1882897e-13
430.26000,3.0348492e-11,1.1860200e-13
430.27000,3.0302379e-11,1.1850835e-13
430.28000,3.0263796e-11,1.1840688e-13
430.29000,3.0204116e-11,1.1817615e-13
430.30000,3.0051425e-11,1.1767446e-13
430.31000,2.9698177e-11,1.1664808e-13
430.32000,2.9023549e-11,1.1475499e-13
430.33000,2.8277399e-11,1.1268728e-13
430.34000,2.8035362e-11,1.1206842e-13
430.35000,2.8700303e-11,1.1393640e-13
430.36000,2.9742922e-11,1.1677645e-13
430.37000,3.0488978e-11,1.1877546e-13
430.38000,3.0829009e-11,1.1967758e-13
430.39000,3.0920215e-11,1.1996703e-13
430.40000,3.0931530e-11,1.2011893e-13
430.41000,3.0919456e-11,1.2013939e-13
430.42000,3.0896366e-11,1.1996401e-13
430.43000,3.0874198e-11,1.1977318e-13
430.44000,3.0862277e-11,1.1968801e-13
430.45000,3.0846559e-11,1.1961331e-13
430.46000,3.0808053e-11,1.1942969e-13
430.47000,3.0743472e-11,1.1910781e-13
430.48000,3.0677590e-11,1.1878125e-13
430.49000,3.0628920e-11,1.1857386e-13
430.50000,3.0598881e-11,1.1858462e-13
430.51000,3.0582993e-11,1.1883241e-13
430.52000,3.0583280e-11,1.1912259e-13
430.53000,3.0602079e-11,1.1913881e-13
430.54000,3.0645900e-11,1.1887963e-13
430.55000,3.0693472e-11,1.1868962e-13
430.56000,3.0711532e-11,1.1873576e-13
430.57000,3.0705585e-11,1.1889753e-13
430.58000,3.0705836e-11,1.1906261e-13
430.59000,3.0728597e-11,1.1918200e-13
430.60000,3.0755762e-11,1.1927154e-13
430.61000,3.0765072e-11,1.1929759e-13
430.62000,3.0751062e-11,1.1922393e-13
430.63000,3.0721912e-11,1.1906876e-13
430.64000,3.0699069e-11,1.1889061e-13
430.65000,3.0687633e-11,1.1866512e-13
430.66000,3.0680245e-11,1.1841199e-13
430.67000,3.0667124e-11,1.1827289e-13
430.68000,3.0639370e-11,1.1834114e-13
430.69000,3.0579308e-11,1.1839659e-13
430.70000,3.0463837e-11,1.1812407e-13
430.71000,3.0270501e-11,1.1737641e-13
430.72000,3.0050557e-11,1.1652697e-13
430.73000,2.9855299e-11,1.1589727e-13
430.74000,2.9703461e-11,1.1553075e-13
430.75000,2.9607728e-11,1.1537014e-13
430.76000,2.9594294e-11,1.1536523e-13
430.77000,2.9629482e-11,1.1535199e-13
430.78000,2.9658579e-11,1.1526539e-13
430.79000,2.9628378e-11,1.1516334e-13
430.80000,2.9552724e-11,1.1513116e-13
430.81000,2.9557698e-11,1.1525962e-13
430.82000,2.9756081e-11,1.1563302e-13
430.83000,3.0049633e-11,1.1615455e-13
430.84000,3.0270511e-11,1.1661111e-13
430.85000,3.0353078e-11,1.1682176e-13
430.86000,3.0357492e-11,1.1681765e-13
430.87000,3.0326078e-11,1.1664169e-13
430.88000,3.0284935e-11,1.1637895e-13
430.89000,3.0239562e-11,1.1613551e-13
430.90000,3.0200597e-11,1.1600208e-13
430.91000,3.0173990e-11,1.1596125e-13
430.92000,3.0161066e-11,1.1596511e-13
430.93000,3.0165340e-11,1.1594697e-13
430.94000,3.0188025e-11,1.1592973e-13
430.95000,3.0222221e-11,1.1599668e-13
430.96000,3.0256263e-11,1.1614615e-13
430.97000,3.0294328e-11,1.1623755e-13
430.98000,3.0337353e-11,1.1614109e-13
430.99000,3.0376006e-11,1.1593205e-13
431.00000,3.0404499e-11,1.1578023e-13
431.01000,3.0414259e-11,1.1571868e-13
431.02000,3.0399732e-11,1.1571489e-13
431.03000,3.0374544e-11,1.1572488e-13
431.04000,3.0355013e-11,1.1567239e-13
431.05000,3.0345917e-11,1.1554426e-13
431.06000,3.0340883e-11,1.1552241e-13
431.07000,3.0324749e-11,1.1614464e-13
431.08000,3.0300279e-11,1.1774272e-13
431.09000,3.0288641e-11,1.2021213e-13
431.10000,3.0294361e-11,1.2240534e-13
431.11000,3.0302699e-11,1.2334567e-13
431.12000,3.0307558e-11,1.2341713e-13
431.13000,3.0314067e-11,1.2338166e-13
431.14000,3.0323491e-11,1.2343776e-13
431.15000,3.0334764e-11,1.2334211e-13
431.16000,3.0340465e-11,1.2294639e-13
431.17000,3.0325536e-11,1.2243171e-13
431.18000,3.0274241e-11,1.2203462e-13
431.19000,3.0198650e-11,1.2177693e-13
431.20000,3.0099074e-11,1.2142402e-13
431.21000,2.9953547e-11,1.2081127e-13
431.22000,2.9776103e-11,1.2016513e-13
431.23000,2.9632899e-11,1.1980366e-13
431.24000,2.9563288e-11,1.1971278e-13
431.25000,2.9560672e-11,1.1964550e-13
431.26000,2.9588461e-11,1.1936659e-13
431.27000,2.9627919e-11,1.1897413e-13
431.28000,2.9654369e-11,1.1869439e-13
431.29000,2.9637142e-11,1.1860184e-13
431.30000,2.9568046e-11,1.1858029e-13
431.31000,2.9517082e-11,1.1849519e-13
431.32000,2.9568390e-11,1.1836830e-13
431.33000,2.9685542e-11,1.1833476e-13
431.34000,2.9775575e-11,1.1849046e-13
431.35000,2.9780608e-11,1.1862239e-13
431.36000,2.9742846e-11,1.1846207e-13
431.37000,2.9708893e-11,1.1807206e-13
431.38000,2.9687691e-11,1.1773235e-13
431.39000,2.9656428e-11,1.1739967e-13
431.40000,2.9593121e-11,1.1701323e-13
431.41000,2.9477170e-11,1.1655153e-13
431.42000,2.9260433e-11,1.1581298e-13
431.43000,2.8955872e-11,1.1480950e-13
431.44000,2.8639551e-11,1.1384137e-13
431.45000,2.8455030e-11,1.1333707e-13
431.46000,2.8546491e-11,1.1361332e-13
431.47000,2.8796120e-11,1.1421253e-13
431.48000,2.9033939e-11,1.1465010e-13
431.49000,2.9172155e-11,1.1484252e-13
431.50000,2.9228746e-11,1.1491199e-13
431.51000,2.9221640e-11,1.1490796e-13
431.52000,2.9241470e-11,1.1500322e-13
431.53000,2.9377666e-11,1.1532072e-13
431.54000,2.9568435e-11,1.1568061e-13
431.55000,2.9701041e-11,1.1592341e-13
431.56000,2.9753708e-11,1.1603597e-13
431.57000,2.9750857e-11,1.1596143e-13
431.58000,2.9723579e-11,1.1574033e-13
431.59000,2.9677907e-11,1.1551047e-13
431.60000,2.9603521e-11,1.1529087e-13
431.61000,2.9520383e-11,1.1506318e-13
431.62000,2.9470376e-11,1.1491354e-13
431.63000,2.9471583e-11,1.1487086e-13
431.64000,2.9491841e-11,1.1482350e-13
431.65000,2.9490921e-11,1.1466560e-13
431.66000,2.9455223e-11,1.1442502e-13
431.67000,2.9402727e-11,1.1418154e-13
431.68000,2.9367884e-11,1.1401142e-13
431.69000,2.9359107e-11,1.1391238e-13
431.70000,2.9359051e-11,1.1383346e-13
431.71000,2.9362689e-11,1.1376613e-13
431.72000,2.9364490e-11,1.1375642e-13
431.73000,2.9356706e-11,1.1379897e-13
431.74000,2.9341906e-11,1.1380375e-13
431.75000,2.9333923e-11,1.1386268e-13
431.76000,2.9335820e-11,1.1401856e-13
431.77000,2.9325032e-11,1.1401788e-13
431.78000,2.9285787e-11,1.1383226e-13
431.79000,2.9241363e-11,1.1361698e-13
431.80000,2.9210984e-11,1.1336216e-13
431.81000,2.9174129e-11,1.1306069e-13
431.82000,2.9108919e-11,1.1269344e-13
431.83000,2.9030173e-11,1.1231853e-13
431.84000,2.8985657e-11,1.1215302e-13
431.85000,2.9006951e-11,1.1221165e-13
431.86000,2.9049393e-11,1.1218282e-13
431.87000,2.9062192e-11,1.1213874e-13
431.88000,2.9036438e-11,1.1230271e-13
431.89000,2.9013067e-11,1.1246219e-13
431.90000,2.9019710e-11,1.1226772e-13
431.91000,2.9034667e-11,1.1190131e-13
431.92000,2.9031208e-11,1.1179920e-13
431.93000,2.9006372e-11,1.1198965e-13
431.94000,2.8958712e-11,1.1201312e-13
431.95000,2.8892040e-11,1.1154663e-13
431.96000,2.8810547e-11,1.1093426e-13
431.97000,2.8718304e-11,1.1054274e-13
431.98000,2.8634470e-11,1.1056131e-13
431.99000,2.8604729e-11,1.1112534e-13
432.00000,2.8635953e-11,1.1166999e-13
432.01000,2.8667088e-11,1.1142292e-13
432.02000,2.8644828e-11,1.1062861e-13
432.03000,2.8584532e-11,1.1001108e-13
432.04000,2.8529118e-11,1.0983692e-13
432.05000,2.8489056e-11,1.0971385e-13
432.06000,2.8475707e-11,1.0951021e-13
432.07000,2.8488868e-11,1.0946894e-13
432.08000,2.8513128e-11,1.0967614e-13
432.09000,2.8526619e-11,1.0993214e-13
432.10000,2.8533439e-11,1.1024121e-13
432.11000,2.8542684e-11,1.1056039e-13
432.12000,2.8537435e-11,1.1069694e-13
432.13000,2.8492141e-11,1.1062886e-13
432.14000,2.8414993e-11,1.1043571e-13
432.15000,2.8346089e-11,1.1008679e-13
432.16000,2.8324649e-11,1.0966676e-13
432.17000,2.8349941e-11,1.0934503e-13
432.18000,2.8381250e-11,1.0923158e-13
432.19000,2.8399801e-11,1.0935451e-13
432.20000,2.8407752e-11,1.0957116e-13
432.21000,2.8396910e-11,1.0969661e-13
432.22000,2.8356645e-11,1.0963305e-13
432.23000,2.8303938e-11,1.0963476e-13
432.24000,2.8255218e-11,1.1011276e-13
432.25000,2.8214246e-11,1.1091162e-13
432.26000,2.8193571e-11,1.1129953e-13
432.27000,2.8191702e-11,1.1094310e-13
432.28000,2.8184976e-11,1.1029236e-13
432.29000,2.8157532e-11,1.0992674e-13
432.30000,2.8117170e-11,1.0995062e-13
432.31000,2.8084519e-11,1.1018288e-13
432.32000,2.8061979e-11,1.1030814e-13
432.33000,2.8046868e-11,1.1010531e-13
432.34000,2.8030609e-11,1.0988476e-13
432.35000,2.7994878e-11,1.0994302e-13
432.36000,2.7944009e-11,1.1006720e-13
432.37000,2.7899130e-11,1.0995383e-13
432.38000,2.7863874e-11,1.0973452e-13
432.39000,2.7827781e-11,1.0976419e-13
432.40000,2.7788656e-11,1.0994930e-13
432.41000,2.7748910e-11,1.0994185e-13
432.42000,2.7702854e-11,1.0979264e-13
432.43000,2.7651513e-11,1.0977223e-13
432.44000,2.7604946e-11,1.0982403e-13
432.45000,2.7570516e-11,1.0989484e-13
432.46000,2.7538562e-11,1.1003370e-13
432.47000,2.7481811e-11,1.1002807e-13
432.48000,2.7388252e-11,1.0976087e-13
432.49000,2.7266148e-11,1.0946885e-13
432.50000,2.7106083e-11,1.0913228e-13
432.51000,2.6908820e-11,1.0864828e-13
432.52000,2.6726629e-11,1.0815139e-13
432.53000,2.6595776e-11,1.0781530e-13
432.54000,2.6479893e-11,1.0757670e-13
432.55000,2.6337049e-11,1.0724103e-13
432.56000,2.6188984e-11,1.0683716e-13
432.57000,2.6106906e-11,1.0663089e-13
432.58000,2.6119939e-11,1.0677751e-13
432.59000,2.6210014e-11,1.0719917e-13
432.60000,2.6350115e-11,1.0772118e-13
432.61000,2.6541486e-11,1.0829745e-13
432.62000,2.6700188e-11,1.0874120e-13
432.63000,2.6761204e-11,1.0895731e-13
432.64000,2.6740610e-11,1.0902496e-13
432.65000,2.6708464e-11,1.0906043e-13
432.66000,2.6665780e-11,1.0901064e-13
432.67000,2.6604316e-11,1.0888221e-13
432.68000,2.6546338e-11,1.0880700e-13
432.69000,2.6509038e-11,1.0888922e-13
432.70000,2.6489065e-11,1.0909105e-13
432.71000,2.6475633e-11,1.0920842e-13
432.72000,2.6460555e-11,1.0918203e-13
432.73000,2.6427767e-11,1.0908290e-13
432.74000,2.6374095e-11,1.0900892e-13
432.75000,2.6311642e-11,1.0895621e-13
432.76000,2.6251941e-11,1.0890370e-13
432.77000,2.6190472e-11,1.0888440e-13
432.78000,2.6126826e-11,1.0890319e-13
432.79000,2.6069861e-11,1.0889585e-13
432.80000,2.6019391e-11,1.0879087e-13
432.81000,2.5965410e-11,1.0864159e-13
432.82000,2.5905422e-11,1.0855787e-13
432.83000,2.5845643e-11,1.0855309e-13
432.84000,2.5787228e-11,1.0856110e-13
432.85000,2.5729241e-11,1.0854419e-13
432.86000,2.5665922e-11,1.0851335e-13
432.87000,2.5597394e-11,1.0850970e-13
432.88000,2.5533311e-11,1.0853032e-13
432.89000,2.5472277e-11,1.0853051e-13
432.90000,2.5400533e-11,1.0846257e-13
432.91000,2.5319355e-11,1.0831983e-13
432.92000,2.5241720e-11,1.0816930e-13
432.93000,2.5174222e-11,1.0811038e-13
432.94000,2.5110339e-11,1.0808326e-13
432.95000,2.5042732e-11,1.0800668e-13
432.96000,2.4966720e-11,1.0793086e-13
432.97000,2.4877540e-11,1.0793271e-13
432.98000,2.4775581e-11,1.0796173e-13
432.99000,2.4672017e-11,1.0793616e-13
433.00000,2.4591056e-11,1.0787076e-13
433.01000,2.4540273e-11,1.0783770e-13
433.02000,2.4482491e-11,1.0784131e-13
433.03000,2.4390709e-11,1.0778565e-13
433.04000,2.4291810e-11,1.0757202e-13
433.05000,2.4220122e-11,1.0707521e-13
433.06000,2.4175258e-11,1.0631901e-13
433.07000,2.4135815e-11,1.0556681e-13
433.08000,2.4089841e-11,1.0509842e-13
433.09000,2.4039535e-11,1.0489278e-13
433.10000,2.3981313e-11,1.0483573e-13
433.11000,2.3903787e-11,1.0482956e-13
433.12000,2.3804045e-11,1.0483738e-13
433.13000,2.3701324e-11,1.0472129e-13
433.14000,2.3607847e-11,1.0430334e-13
433.15000,2.3520769e-11,1.0370839e-13
433.16000,2.3425753e-11,1.0315785e-13
433.17000,2.3313354e-11,1.0271963e-13
433.18000,2.3186414e-11,1.0232180e-13
433.19000,2.3060003e-11,1.0186644e-13
433.20000,2.2944831e-11,1.0139595e-13
433.21000,2.2837301e-11,1.0096588e-13
433.22000,2.2720144e-11,1.0058447e-13
433.23000,2.2593796e-11,1.0028216e-13
433.24000,2.2471113e-11,9.9973038e-14
433.25000,2.2344278e-11,9.9447604e-14
433.26000,2.2212905e-11,9.8761950e-14
433.27000,2.2106775e-11,9.8126622e-14
433.28000,2.2036392e-11,9.7612356e-14
433.29000,2.1973016e-11,9.7152707e-14
433.30000,2.1888054e-11,9.6698166e-14
433.31000,2.1781301e-11,9.6225395e-14
433.32000,2.1678614e-11,9.5759972e-14
433.33000,2.1588353e-11,9.5309331e-14
433.34000,2.1502295e-11,9.4830255e-14
433.35000,2.1406299e-11,9.4432995e-14
433.36000,2.1288415e-11,9.4093158e-14
433.37000,2.1157302e-11,9.3597176e-14
433.38000,2.1028065e-11,9.3066387e-14
433.39000,2.0907767e-11,9.2653501e-14
433.40000,2.0785396e-11,9.2056026e-14
433.41000,2.0651088e-11,9.1155390e-14
433.42000,2.0517649e-11,9.0430686e-14
433.43000,2.0393937e-11,9.0169923e-14
433.44000,2.0269743e-11,9.0081080e-14
433.45000,2.0128653e-11,8.9531578e-14
433.46000,1.9973504e-11,8.8496020e-14
433.47000,1.9823362e-11,8.7310366e-14
433.48000,1.9691251e-11,8.6374580e-14
433.49000,1.9566758e-11,8.5807656e-14
433.50000,1.9436704e-11,8.5427458e-14
433.51000,1.9305258e-11,8.5091388e-14
433.52000,1.9173108e-11,8.4708783e-14
433.53000,1.9027070e-11,8.4253801e-14
433.54000,1.8871455e-11,8.3758007e-14
433.55000,1.8721453e-11,8.3223072e-14
433.56000,1.8576275e-11,8.2632946e-14
433.57000,1.8417793e-11,8.1996535e-14
433.58000,1.8242777e-11,8.1445318e-14
433.59000,1.8069453e-11,8.1097014e-14
433.60000,1.7905822e-11,8.0995039e-14
433.61000,1.7743256e-11,8.0930282e-14
433.62000,1.7578839e-11,8.0572005e-14
433.63000,1.7414984e-11,7.9860188e-14
433.64000,1.7254237e-11,7.9079235e-14
433.65000,1.7098521e-11,7.8588481e-14
433.66000,1.6942093e-11,7.8340866e-14
433.67000,1.6774357e-11,7.8011485e-14
433.68000,1.6591787e-11,7.7614033e-14
433.69000,1.6404516e-11,7.7307089e-14
433.70000,1.6216135e-11,7.6844344e-14
433.71000,1.6024354e-11,7.6084230e-14
433.72000,1.5823904e-11,7.5316960e-14
433.73000,1.5617504e-11,7.4687589e-14
433.74000,1.5419314e-11,7.4112999e-14
433.75000,1.5242719e-11,7.3573742e-14
433.76000,1.5079123e-11,7.3066853e-14
433.77000,1.4916840e-11,7.2601965e-14
433.78000,1.4747354e-11,7.2141600e-14
433.79000,1.4567827e-11,7.1620354e-14
433.80000,1.4387388e-11,7.1066309e-14
433.81000,1.4217939e-11,7.0542395e-14
433.82000,1.4052606e-11,7.0046949e-14
433.83000,1.3871001e-11,6.9507995e-14
433.84000,1.3671953e-11,6.8902827e-14
433.85000,1.3469807e-11,6.8275311e-14
433.86000,1.3276848e-11,6.7669501e-14
433.87000,1.3091260e-11,6.7069278e-14
433.88000,1.2903577e-11,6.6453849e-14
433.89000,1.2708139e-11,6.5846808e-14
433.90000,1.2507648e-11,6.5275344e-14
433.91000,1.2303497e-11,6.4710557e-14
433.92000,1.2093332e-11,6.4081465e-14
433.93000,1.1874284e-11,6.3369265e-14
433.94000,1.1648202e-11,6.2622064e-14
433.95000,1.1413656e-11,6.1856602e-14
433.96000,1.1166923e-11,6.1060347e-14
433.97000,1.0905149e-11,6.0221329e-14
433.98000,1.0629885e-11,5.9339253e-14
433.99000,1.0355784e-11,5.8449686e-14
434.00000,1.0073837e-11,5.7514646e-14
434.01000,9.7470302e-12,5.6411673e-14
434.02000,9.3157135e-12,5.4938327e-14
434.03000,8.7770239e-12,5.3091816e-14
434.04000,8.1651059e-12,5.0977219e-14
434.05000,7.6038482e-12,4.9008872e-14
434.06000,7.2836010e-12,4.7861659e-14
434.07000,7.2812383e-12,4.7852402e-14
434.08000,7.6690407e-12,4.9250736e-14
434.09000,8.3047523e-12,5.1506415e-14
434.10000,9.0254153e-12,5.3996727e-14
434.11000,9.6689614e-12,5.6176842e-14
434.12000,1.0155273e-11,5.7822751e-14
434.13000,1.0516537e-11,5.9059303e-14
434.14000,1.0797391e-11,5.9999709e-14
434.15000,1.1043112e-11,6.0781894e-14
434.16000,1.1263891e-11,6.1439551e-14
434.17000,1.1473559e-11,6.2049428e-14
434.18000,1.1680456e-11,6.2692418e-14
434.19000,1.1884052e-11,6.3396240e-14
434.20000,1.2081649e-11,6.4117394e-14
434.21000,1.2269839e-11,6.4811543e-14
434.22000,1.2451235e-11,6.5427129e-14
434.23000,1.2633394e-11,6.5934965e-14
434.24000,1.2826777e-11,6.6446685e-14
434.25000,1.3031366e-11,6.7056018e-14
434.26000,1.3233729e-11,6.7710046e-14
434.27000,1.3428509e-11,6.8333353e-14
434.28000,1.3619486e-11,6.8913784e-14
434.29000,1.3801976e-11,6.9469305e-14
434.30000,1.3973660e-11,7.0006980e-14
434.31000,1.4145282e-11,7.0544944e-14
434.32000,1.4326066e-11,7.1123384e-14
434.33000,1.4509679e-11,7.1725082e-14
434.34000,1.4688063e-11,7.2272819e-14
434.35000,1.4859609e-11,7.2740485e-14
434.36000,1.5027574e-11,7.3197098e-14
434.37000,1.5196366e-11,7.3712434e-14
434.38000,1.5366488e-11,7.4271262e-14
434.39000,1.5535562e-11,7.4807453e-14
434.40000,1.5707726e-11,7.5304441e-14
434.41000,1.5887646e-11,7.5799402e-14
434.42000,1.6070372e-11,7.6343891e-14
434.43000,1.6252139e-11,7.6935961e-14
434.44000,1.6427743e-11,7.7527252e-14
434.45000,1.6591381e-11,7.8069920e-14
434.46000,1.6746035e-11,7.8547290e-14
434.47000,1.6906736e-11,7.8998841e-14
434.48000,1.7077268e-11,7.9494979e-14
434.49000,1.7241277e-11,8.0039020e-14
434.50000,1.7389360e-11,8.0551567e-14
434.51000,1.7530895e-11,8.0962344e-14
434.52000,1.7677929e-11,8.1299248e-14
434.53000,1.7838199e-11,8.1703381e-14
434.54000,1.8008688e-11,8.2209057e-14
434.55000,1.8171579e-11,8.2707679e-14
434.56000,1.8318375e-11,8.3162252e-14
434.57000,1.8461356e-11,8.3609499e-14
434.58000,1.8605639e-11,8.4045415e-14
434.59000,1.8748988e-11,8.4467945e-14
434.60000,1.8892853e-11,8.4915317e-14
434.61000,1.9036471e-11,8.5401570e-14
434.62000,1.9176571e-11,8.5860044e-14
434.63000,1.9311512e-11,8.6178936e-14
434.64000,1.9438285e-11,8.6351472e-14
434.65000,1.9560199e-11,8.6541339e-14
434.66000,1.9681946e-11,8.6879126e-14
434.67000,1.9805026e-11,8.7333132e-14
434.68000,1.9922151e-11,8.7736212e-14
434.69000,2.0033163e-11,8.7970221e-14
434.70000,2.0154468e-11,8.8098934e-14
434.71000,2.0296060e-11,8.8310227e-14
434.72000,2.0446643e-11,8.8678801e-14
434.73000,2.0592944e-11,8.9133674e-14
434.74000,2.0731172e-11,8.9587069e-14
434.75000,2.0853438e-11,8.9947623e-14
434.76000,2.0953872e-11,9.0192352e-14
434.77000,2.1045041e-11,9.0401281e-14
434.78000,2.1133653e-11,9.0643190e-14
434.79000,2.1225247e-11,9.0907356e-14
434.80000,2.1320948e-11,9.1120213e-14
434.81000,2.1411284e-11,9.1236603e-14
434.82000,2.1493359e-11,9.1321419e-14
434.83000,2.1573988e-11,9.1457125e-14
434.84000,2.1665895e-11,9.1685195e-14
434.85000,2.1782836e-11,9.2044283e-14
434.86000,2.1911094e-11,9.2469548e-14
434.87000,2.2035457e-11,9.2823575e-14
434.88000,2.2156024e-11,9.3053243e-14
434.89000,2.2265763e-11,9.3212414e-14
434.90000,2.2359277e-11,9.3370868e-14
434.91000,2.2445867e-11,9.3546670e-14
434.92000,2.2539906e-11,9.3781904e-14
434.93000,2.2638027e-11,9.4067184e-14
434.94000,2.2724733e-11,9.4319750e-14
434.95000,2.2796074e-11,9.4519333e-14
434.96000,2.2865036e-11,9.4695529e-14
434.97000,2.2940849e-11,9.4940050e-14
434.98000,2.3022935e-11,9.5412172e-14
434.99000,2.3100832e-11,9.6135962e-14
435.00000,2.3162747e-11,9.6615440e-14
435.01000,2.3211024e-11,9.6399049e-14
435.02000,2.3272210e-11,9.5938034e-14
435.03000,2.3368238e-11,9.5746980e-14
435.04000,2.3480534e-11,9.5813813e-14
435.05000,2.3581701e-11,9.6082547e-14
435.06000,2.3661824e-11,9.6672384e-14
435.07000,2.3721609e-11,9.8097113e-14
435.08000,2.3761733e-11,1.0028504e-13
435.09000,2.3759576e-11,1.0240146e-13
435.10000,2.3720564e-11,1.0361739e-13
435.11000,2.3674863e-11,1.0388595e-13
435.12000,2.3649114e-11,1.0379270e-13
435.13000,2.3645239e-11,1.0355288e-13
435.14000,2.3660504e-11,1.0333772e-13
435.15000,2.3682915e-11,1.0320042e-13
435.16000,2.3634305e-11,1.0295130e-13
435.17000,2.3344421e-11,1.0205861e-13
435.18000,2.2784765e-11,1.0031301e-13
435.19000,2.2161714e-11,9.8272826e-14
435.20000,2.1994457e-11,9.7551855e-14
435.21000,2.2647635e-11,9.9285367e-14
435.22000,2.3621476e-11,1.0200158e-13
435.23000,2.4340301e-11,1.0399708e-13
435.24000,2.4704222e-11,1.0491843e-13
435.25000,2.4844180e-11,1.0514388e-13
435.26000,2.4920094e-11,1.0529901e-13
435.27000,2.4973857e-11,1.0558444e-13
435.28000,2.5032744e-11,1.0580393e-13
435.29000,2.5107806e-11,1.0580001e-13
435.30000,2.5192884e-11,1.0577442e-13
435.31000,2.5278071e-11,1.0589253e-13
435.32000,2.5352517e-11,1.0600484e-13
435.33000,2.5404684e-11,1.0592710e-13
435.34000,2.5441392e-11,1.0572840e-13
435.35000,2.5483280e-11,1.0554487e-13
435.36000,2.5546121e-11,1.0545342e-13
435.37000,2.5625129e-11,1.0550775e-13
435.38000,2.5701177e-11,1.0568000e-13
435.39000,2.5759950e-11,1.0583442e-13
435.40000,2.5797249e-11,1.0581155e-13
435.41000,2.5814881e-11,1.0562749e-13
435.42000,2.5823284e-11,1.0543107e-13
435.43000,2.5807505e-11,1.0527886e-13
435.44000,2.5758340e-11,1.0516967e-13
435.45000,2.5719484e-11,1.0517862e-13
435.46000,2.5753419e-11,1.0538261e-13
435.47000,2.5878543e-11,1.0571455e-13
435.48000,2.6020547e-11,1.0590659e-13
435.49000,2.6124755e-11,1.0596884e-13
435.50000,2.6195165e-11,1.0612552e-13
435.51000,2.6250851e-11,1.0638275e-13
435.52000,2.6309590e-11,1.0659794e-13
435.53000,2.6360001e-11,1.0674610e-13
435.54000,2.6390856e-11,1.0684705e-13
435.55000,2.6417230e-11,1.0688989e-13
435.56000,2.6461619e-11,1.0690959e-13
435.57000,2.6516677e-11,1.0694782e-13
435.58000,2.6556143e-11,1.0697462e-13
435.59000,2.6564837e-11,1.0686612e-13
435.60000,2.6558235e-11,1.0668041e-13
435.61000,2.6561798e-11,1.0660113e-13
435.62000,2.6584403e-11,1.0663350e-13
435.63000,2.6624091e-11,1.0673355e-13
435.64000,2.6677842e-11,1.0695016e-13
435.65000,2.6730838e-11,1.0720367e-13
435.66000,2.6763181e-11,1.0723136e-13
435.67000,2.6770455e-11,1.0696913e-13
435.68000,2.6766498e-11,1.0666697e-13
435.69000,2.6775775e-11,1.0649850e-13
435.70000,2.6815994e-11,1.0650661e-13
435.71000,2.6876135e-11,1.0664088e-13
435.72000,2.6924554e-11,1.0671310e-13
435.73000,2.6949181e-11,1.0664902e-13
435.74000,2.6946768e-11,1.0653558e-13
435.75000,2.6874789e-11,1.0632220e-13
435.76000,2.6721602e-11,1.0591088e-13
435.77000,2.6545488e-11,1.0536981e-13
435.78000,2.6486249e-11,1.0508305e-13
435.79000,2.6641527e-11,1.0542667e-13
435.80000,2.6871627e-11,1.0605650e-13
435.81000,2.7018813e-11,1.0648345e-13
435.82000,2.7072922e-11,1.0663941e-13
435.83000,2.7098404e-11,1.0665847e-13
435.84000,2.7143503e-11,1.0662896e-13
435.85000,2.7210587e-11,1.0666261e-13
435.86000,2.7268303e-11,1.0685683e-13
435.87000,2.7294953e-11,1.0716945e-13
435.88000,2.7311806e-11,1.0734672e-13
435.89000,2.7332611e-11,1.0722216e-13
435.90000,2.7345165e-11,1.0700509e-13
435.91000,2.7343590e-11,1.0691202e-13
435.92000,2.7345522e-11,1.0700580e-13
435.93000,2.7359651e-11,1.0712786e-13
435.94000,2.7383554e-11,1.0705022e-13
435.95000,2.7422956e-11,1.0694344e-13
435.96000,2.7471903e-11,1.0699240e-13
435.97000,2.7521061e-11,1.0715404e-13
435.98000,2.7572793e-11,1.0738493e-13
435.99000,2.7630992e-11,1.0756782e-13
436.00000,2.7679013e-11,1.0752797e-13
436.01000,2.7695434e-11,1.0741115e-13
436.02000,2.7688535e-11,1.0749759e-13
436.03000,2.7685187e-11,1.0761506e-13
436.04000,2.7698521e-11,1.0757155e-13
436.05000,2.7714256e-11,1.0754060e-13
436.06000,2.7710596e-11,1.0768663e-13
436.07000,2.7700072e-11,1.0781380e-13
436.08000,2.7712371e-11,1.0771153e-13
436.09000,2.7745319e-11,1.0754226e-13
436.10000,2.7778641e-11,1.0760635e-13
436.11000,2.7783846e-11,1.0793558e-13
436.12000,2.7733916e-11,1.0812787e-13
436.13000,2.7646449e-11,1.0785409e-13
436.14000,2.7569188e-11,1.0732309e-13
436.15000,2.7562015e-11,1.0709929e-13
436.16000,2.7647075e-11,1.0741907e-13
436.17000,2.7756327e-11,1.0819050e-13
436.18000,2.7828586e-11,1.0938547e-13
436.19000,2.7861898e-11,1.1042945e-13
436.20000,2.7854252e-11,1.1049785e-13
436.21000,2.7803078e-11,1.0969455e-13
436.22000,2.7722393e-11,1.0864516e-13
436.23000,2.7688249e-11,1.0796509e-13
436.24000,2.7777959e-11,1.0782538e-13
436.25000,2.7930499e-11,1.0795926e-13
436.26000,2.8046266e-11,1.0821957e-13
436.27000,2.8104128e-11,1.0852239e-13
436.28000,2.8130043e-11,1.0880451e-13
436.29000,2.8155504e-11,1.0900771e-13
436.30000,2.8183640e-11,1.0910626e-13
436.31000,2.8200951e-11,1.0913149e-13
436.32000,2.8200893e-11,1.0915646e-13
436.33000,2.8201556e-11,1.0928461e-13
436.34000,2.8220002e-11,1.0957156e-13
436.35000,2.8254863e-11,1.1004917e-13
436.36000,2.8296178e-11,1.1081615e-13
436.37000,2.8326401e-11,1.1162790e-13
436.38000,2.8340818e-11,1.1195497e-13
436.39000,2.8350436e-11,1.1170124e-13
436.40000,2.8358936e-11,1.1121043e-13
436.41000,2.8361171e-11,1.1097052e-13
436.42000,2.8351866e-11,1.1104176e-13
436.43000,2.8339786e-11,1.1153490e-13
436.44000,2.8343691e-11,1.1254596e-13
436.45000,2.8373813e-11,1.1356881e-13
436.46000,2.8406211e-11,1.1356912e-13
436.47000,2.8417266e-11,1.1268866e-13
436.48000,2.8418181e-11,1.1211869e-13
436.49000,2.8434450e-11,1.1232232e-13
436.50000,2.8464127e-11,1.1269612e-13
436.51000,2.8479419e-11,1.1267819e-13
436.52000,2.8474613e-11,1.1246360e-13
436.53000,2.8462348e-11,1.1252874e-13
436.54000,2.8453165e-11,1.1275830e-13
436.55000,2.8458393e-11,1.1280828e-13
436.56000,2.8480719e-11,1.1279168e-13
436.57000,2.8500578e-11,1.1295956e-13
436.58000,2.8494942e-11,1.1311275e-13
436.59000,2.8474612e-11,1.1308030e-13
436.60000,2.8476037e-11,1.1307436e-13
436.61000,2.8505369e-11,1.1319057e-13
436.62000,2.8533794e-11,1.1334797e-13
436.63000,2.8547841e-11,1.1356509e-13
436.64000,2.8559123e-11,1.1374220e-13
436.65000,2.8569611e-11,1.1380788e-13
436.66000,2.8562243e-11,1.1386170e-13
436.67000,2.8528005e-11,1.1395752e-13
436.68000,2.8470850e-11,1.1414550e-13
436.69000,2.8421768e-11,1.1434411e-13
436.70000,2.8398766e-11,1.1432399e-13
436.71000,2.8386853e-11,1.1414593e-13
436.72000,2.8376081e-11,1.1407955e-13
436.73000,2.8369273e-11,1.1420265e-13
436.74000,2.8369659e-11,1.1433994e-13
436.75000,2.8371380e-11,1.1439154e-13
436.76000,2.8367709e-11,1.1444250e-13
436.77000,2.8362687e-11,1.1458617e-13
436.78000,2.8376672e-11,1.1483684e-13
436.79000,2.8429274e-11,1.1513298e-13
436.80000,2.8512026e-11,1.1545377e-13
436.81000,2.8547363e-11,1.1570688e-13
436.82000,2.8441115e-11,1.1564350e-13
436.83000,2.8226618e-11,1.1524414e-13
436.84000,2.8049054e-11,1.1491184e-13
436.85000,2.8049911e-11,1.1510488e-13
436.86000,2.8258490e-11,1.1585521e-13
436.87000,2.8493112e-11,1.1665771e-13
436.88000,2.8626058e-11,1.1726084e-13
436.89000,2.8656313e-11,1.1757116e-13
436.90000,2.8641273e-11,1.1762650e-13
436.91000,2.8604455e-11,1.1756523e-13
436.92000,2.8561406e-11,1.1753500e-13
436.93000,2.8497079e-11,1.1747315e-13
436.94000,2.8396881e-11,1.1730406e-13
436.95000,2.8275748e-11,1.1706773e-13
436.96000,2.8219880e-11,1.1709264e-13
436.97000,2.8336876e-11,1.1788192e-13
436.98000,2.8557679e-11,1.1909567e-13
436.99000,2.8747727e-11,1.1986483e-13
437.00000,2.8854922e-11,1.2003677e-13
437.01000,2.8883214e-11,1.2001029e-13
437.02000,2.8866031e-11,1.2006508e-13
437.03000,2.8838206e-11,1.2021922e-13
437.04000,2.8829196e-11,1.2045057e-13
437.05000,2.8832673e-11,1.2068896e-13
437.06000,2.8830063e-11,1.2089104e-13
437.07000,2.8827438e-11,1.2111600e-13
437.08000,2.8838516e-11,1.2135390e-13
437.09000,2.8857074e-11,1.2151557e-13
437.10000,2.8868589e-11,1.2160251e-13
437.11000,2.8871773e-11,1.2167423e-13
437.12000,2.8886144e-11,1.2155731e-13
437.13000,2.8922297e-11,1.2111655e-13
437.14000,2.8956535e-11,1.2051603e-13
437.15000,2.8967153e-11,1.2015139e-13
437.16000,2.8973689e-11,1.2020122e-13
437.17000,2.8998734e-11,1.2046871e-13
437.18000,2.9031559e-11,1.2072325e-13
437.19000,2.9045975e-11,1.2081508e-13
437.20000,2.9031685e-11,1.2074777e-13
437.21000,2.9010253e-11,1.2071125e-13
437.22000,2.8999907e-11,1.2082139e-13
437.23000,2.8996143e-11,1.2095732e-13
437.24000,2.8982493e-11,1.2090614e-13
437.25000,2.8955721e-11,1.2060756e-13
437.26000,2.8939028e-11,1.2032833e-13
437.27000,2.8943346e-11,1.2020611e-13
437.28000,2.8944702e-11,1.2010855e-13
437.29000,2.8912723e-11,1.1991608e-13
437.30000,2.8860765e-11,1.1967301e-13
437.31000,2.8830699e-11,1.1950673e-13
437.32000,2.8843012e-11,1.1946402e-13
437.33000,2.8886775e-11,1.1942025e-13
437.34000,2.8921286e-11,1.1920184e-13
437.35000,2.8914994e-11,1.1881334e-13
437.36000,2.8875332e-11,1.1841837e-13
437.37000,2.8837289e-11,1.1805388e-13
437.38000,2.8827093e-11,1.1770645e-13
437.39000,2.8832027e-11,1.1740600e-13
437.40000,2.8809701e-11,1.1708030e-13
437.41000,2.8737021e-11,1.1657607e-13
437.42000,2.8617966e-11,1.1587225e-13
437.43000,2.8494678e-11,1.1517818e-13
437.44000,2.8411832e-11,1.1474431e-13
437.45000,2.8382920e-11,1.1457334e-13
437.46000,2.8414304e-11,1.1454187e-13
437.47000,2.8477747e-11,1.1445677e-13
437.48000,2.8558610e-11,1.1436765e-13
437.49000,2.8654593e-11,1.1438426e-13
437.50000,2.8765636e-11,1.1438155e-13
437.51000,2.8867250e-11,1.1434162e-13
437.52000,2.8934259e-11,1.1431990e-13
437.53000,2.8964212e-11,1.1412047e-13
437.54000,2.8978385e-11,1.1382328e-13
437.55000,2.8989766e-11,1.1378802e-13
437.56000,2.8998643e-11,1.1387167e-13
437.57000,2.8999472e-11,1.1358722e-13
437.58000,2.9000533e-11,1.1302977e-13
437.59000,2.9015076e-11,1.1273589e-13
437.60000,2.9037655e-11,1.1293707e-13
437.61000,2.9055815e-11,1.1354441e-13
437.62000,2.9062253e-11,1.1413801e-13
437.63000,2.9057991e-11,1.1430704e-13
437.64000,2.9053644e-11,1.1402597e-13
437.65000,2.9056261e-11,1.1348396e-13
437.66000,2.9063754e-11,1.1298432e-13
437.67000,2.9067238e-11,1.1262675e-13
437.68000,2.9059834e-11,1.1243941e-13
437.69000,2.9046731e-11,1.1239899e-13
437.70000,2.9028146e-11,1.1256385e-13
437.71000,2.8999716e-11,1.1293184e-13
437.72000,2.8969136e-11,1.1338004e-13
437.73000,2.8953276e-11,1.1359774e-13
437.74000,2.8960278e-11,1.1330050e-13
437.75000,2.8981624e-11,1.1271964e-13
437.76000,2.9009432e-11,1.1227156e-13
437.77000,2.9034189e-11,1.1225454e-13
437.78000,2.9059512e-11,1.1265554e-13
437.79000,2.9089090e-11,1.1308477e-13
437.80000,2.9112301e-11,1.1318117e-13
437.81000,2.9118282e-11,1.1301511e-13
437.82000,2.9116861e-11,1.1301715e-13
437.83000,2.9124094e-11,1.1321230e-13
437.84000,2.9139984e-11,1.1331571e-13
437.85000,2.9145480e-11,1.1330983e-13
437.86000,2.9130221e-11,1.1328933e-13
437.87000,2.9101877e-11,1.1317430e-13
437.88000,2.9076441e-11,1.1304497e-13
437.89000,2.9059197e-11,1.1303942e-13
437.90000,2.9049084e-11,1.1309715e-13
437.91000,2.9045456e-11,1.1311799e-13
437.92000,2.9047134e-11,1.1307416e-13
437.93000,2.9047063e-11,1.1302661e-13
437.94000,2.9027412e-11,1.1298917e-13
437.95000,2.8992546e-11,1.1295700e-13
437.96000,2.8968947e-11,1.1295532e-13
437.97000,2.8973903e-11,1.1298662e-13
437.98000,2.9009715e-11,1.1308504e-13
437.99000,2.9052043e-11,1.1324363e-13
438.00000,2.9079605e-11,1.1340876e-13
438.01000,2.9093161e-11,1.1353693e-13
438.02000,2.9102666e-11,1.1360524e-13
438.03000,2.9117105e-11,1.1362021e-13
438.04000,2.9130810e-11,1.1360034e-13
438.05000,2.9133091e-11,1.1357586e-13
438.06000,2.9121899e-11,1.1357425e-13
438.07000,2.9096413e-11,1.1359961e-13
438.08000,2.9066868e-11,1.1360892e-13
438.09000,2.9045995e-11,1.1356472e-13
438.10000,2.9040135e-11,1.1351583e-13
438.11000,2.9048769e-11,1.1353097e-13
438.12000,2.9062806e-11,1.1360521e-13
438.13000,2.9077479e-11,1.1370119e-13
438.14000,2.9095539e-11,1.1376128e-13
438.15000,2.9113662e-11,1.1376411e-13
438.16000,2.9111240e-11,1.1371729e-13
438.17000,2.9091237e-11,1.1365729e-13
438.18000,2.9078833e-11,1.1363259e-13
438.19000,2.9079524e-11,1.1363537e-13
438.20000,2.9076234e-11,1.1359786e-13
438.21000,2.9062637e-11,1.1350786e-13
438.22000,2.9051650e-11,1.1340858e-13
438.23000,2.9046518e-11,1.1334036e-13
438.24000,2.9025816e-11,1.1330780e-13
438.25000,2.8965822e-11,1.1322009e-13
438.26000,2.8863696e-11,1.1295592e-13
438.27000,2.8718855e-11,1.1248805e-13
438.28000,2.8545255e-11,1.1196166e-13
438.29000,2.8361912e-11,1.1146427e-13
438.30000,2.8204081e-11,1.1105109e-13
438.31000,2.8107738e-11,1.1080676e-13
438.32000,2.8074823e-11,1.1071346e-13
438.33000,2.8091283e-11,1.1075293e-13
438.34000,2.8105747e-11,1.1083460e-13
438.35000,2.8057909e-11,1.1076593e-13
438.36000,2.7899621e-11,1.1040324e-13
438.37000,2.7721581e-11,1.1001157e-13
438.38000,2.7731968e-11,1.1008512e-13
438.39000,2.7962738e-11,1.1065753e-13
438.40000,2.8230847e-11,1.1130386e-13
438.41000,2.8341403e-11,1.1160731e-13
438.42000,2.8253385e-11,1.1144637e-13
438.43000,2.8074365e-11,1.1098092e-13
438.44000,2.7869805e-11,1.1037282e-13
438.45000,2.7621382e-11,1.0969008e-13
438.46000,2.7277564e-11,1.0879128e-13
438.47000,2.6775601e-11,1.0739898e-13
438.48000,2.6274604e-11,1.0596222e-13
438.49000,2.6206657e-11,1.0575265e-13
438.50000,2.6694757e-11,1.0712588e-13
438.51000,2.7417441e-11,1.0913541e-13
438.52000,2.7891298e-11,1.1041187e-13
438.53000,2.7863857e-11,1.1029749e-13
438.54000,2.7409398e-11,1.0902198e-13
438.55000,2.6783806e-11,1.0724067e-13
438.56000,2.6524316e-11,1.0642576e-13
438.57000,2.6924535e-11,1.0746132e-13
438.58000,2.7772484e-11,1.0981663e-13
438.59000,2.8433898e-11,1.1167138e-13
438.60000,2.8661434e-11,1.1227864e-13
438.61000,2.8659370e-11,1.1223433e-13
438.62000,2.8593073e-11,1.1203729e-13
438.63000,2.8527219e-11,1.1186616e-13
438.64000,2.8482495e-11,1.1176391e-13
438.65000,2.8460034e-11,1.1175022e-13
438.66000,2.8435091e-11,1.1176059e-13
438.67000,2.8394374e-11,1.1171158e-13
438.68000,2.8347377e-11,1.1156791e-13
438.69000,2.8305867e-11,1.1137259e-13
438.70000,2.8272366e-11,1.1122954e-13
438.71000,2.8246009e-11,1.1114001e-13
438.72000,2.8222154e-11,1.1096117e-13
438.73000,2.8187078e-11,1.1063259e-13
438.74000,2.8111197e-11,1.1025391e-13
438.75000,2.7987586e-11,1.0988929e-13
438.76000,2.7820485e-11,1.0944615e-13
438.77000,2.7637030e-11,1.0891127e-13
438.78000,2.7452881e-11,1.0832145e-13
438.79000,2.7272284e-11,1.0771092e-13
438.80000,2.7086554e-11,1.0713661e-13
438.81000,2.6901579e-11,1.0666447e-13
438.82000,2.6748925e-11,1.0626408e-13
438.83000,2.6696006e-11,1.0602558e-13
438.84000,2.6769424e-11,1.0611577e-13
438.85000,2.6970959e-11,1.0661338e-13
438.86000,2.7222091e-11,1.0724212e-13
438.87000,2.7470922e-11,1.0780976e-13
438.88000,2.7697259e-11,1.0831856e-13
438.89000,2.7893419e-11,1.0878818e-13
438.90000,2.8052535e-11,1.0923930e-13
438.91000,2.8164985e-11,1.0967071e-13
438.92000,2.8233066e-11,1.0996467e-13
438.93000,2.8283262e-11,1.1006357e-13
438.94000,2.8325933e-11,1.1002034e-13
438.95000,2.8367853e-11,1.0997795e-13
438.96000,2.8409011e-11,1.0997691e-13
438.97000,2.8432083e-11,1.0993215e-13
438.98000,2.8417245e-11,1.0978119e-13
438.99000,2.8366273e-11,1.0957104e-13
439.00000,2.8306322e-11,1.0936385e-13
439.01000,2.8260829e-11,1.0919702e-13
439.02000,2.8228445e-11,1.0906206e-13
439.03000,2.8164326e-11,1.0881520e-13
439.04000,2.7978690e-11,1.0824286e-13
439.05000,2.7527741e-11,1.0700201e-13
439.06000,2.6719028e-11,1.0479670e-13
439.07000,2.5820625e-11,1.0229097e-13
439.08000,2.5472255e-11,1.0123416e-13
439.09000,2.5975199e-11,1.0257366e-13
439.10000,2.7057296e-11,1.0567987e-13
439.11000,2.7981680e-11,1.0843092e-13
439.12000,2.8481220e-11,1.1003844e-13
439.13000,2.8679835e-11,1.1129525e-13
439.14000,2.8775947e-11,1.1324023e-13
439.15000,2.8833493e-11,1.1594052e-13
439.16000,2.8870578e-11,1.1817920e-13
439.17000,2.8880481e-11,1.1912343e-13
439.18000,2.8870501e-11,1.1922632e-13
439.19000,2.8844249e-11,1.1892158e-13
439.20000,2.8817805e-11,1.1862760e-13
439.21000,2.8808766e-11,1.1854345e-13
439.22000,2.8819602e-11,1.1851048e-13
439.23000,2.8844659e-11,1.1833389e-13
439.24000,2.8872708e-11,1.1810587e-13
439.25000,2.8887147e-11,1.1798894e-13
439.26000,2.8880780e-11,1.1793823e-13
439.27000,2.8867306e-11,1.1783814e-13
439.28000,2.8862011e-11,1.1764080e-13
439.29000,2.8869389e-11,1.1735283e-13
439.30000,2.8874882e-11,1.1704842e-13
439.31000,2.8857334e-11,1.1684578e-13
439.32000,2.8818329e-11,1.1674395e-13
439.33000,2.8769040e-11,1.1670183e-13
439.34000,2.8719886e-11,1.1665322e-13
439.35000,2.8668587e-11,1.1644949e-13
439.36000,2.8620753e-11,1.1602005e-13
439.37000,2.8603556e-11,1.1557935e-13
439.38000,2.8639339e-11,1.1537879e-13
439.39000,2.8699301e-11,1.1530731e-13
439.40000,2.8733642e-11,1.1515934e-13
439.41000,2.8703515e-11,1.1483849e-13
439.42000,2.8584699e-11,1.1433555e-13
439.43000,2.8419023e-11,1.1380742e-13
439.44000,2.8258867e-11,1.1334229e-13
439.45000,2.8146665e-11,1.1292904e-13
439.46000,2.8087761e-11,1.1259138e-13
439.47000,2.8085317e-11,1.1243057e-13
439.48000,2.8110469e-11,1.1237421e-13
439.49000,2.8121853e-11,1.1229690e-13
439.50000,2.8069685e-11,1.1202327e-13
439.51000,2.7941545e-11,1.1142580e-13
439.52000,2.7845565e-11,1.1088140e-13
439.53000,2.7929656e-11,1.1103244e-13
439.54000,2.8227022e-11,1.1201100e-13
439.55000,2.8526278e-11,1.1287044e-13
439.56000,2.8686420e-11,1.1301003e-13
439.57000,2.8733392e-11,1.1276671e-13
439.58000,2.8730526e-11,1.1259390e-13
439.59000,2.8712981e-11,1.1262361e-13
439.60000,2.8713624e-11,1.1276060e-13
439.61000,2.8773530e-11,1.1296607e-13
439.62000,2.8865007e-11,1.1316743e-13
439.63000,2.8938725e-11,1.1328015e-13
439.64000,2.8973886e-11,1.1327964e-13
439.65000,2.8981353e-11,1.1314921e-13
439.66000,2.8986961e-11,1.1288959e-13
439.67000,2.9008380e-11,1.1260275e-13
439.68000,2.9032019e-11,1.1236484e-13
439.69000,2.9030326e-11,1.1220644e-13
439.70000,2.8998066e-11,1.1223248e-13
439.71000,2.8954379e-11,1.1235192e-13
439.72000,2.8904453e-11,1.1230331e-13
439.73000,2.8844567e-11,1.1195695e-13
439.74000,2.8779322e-11,1.1153553e-13
439.75000,2.8722515e-11,1.1131075e-13
439.76000,2.8687520e-11,1.1120713e-13
439.77000,2.8692019e-11,1.1104787e-13
439.78000,2.8735189e-11,1.1092088e-13
439.79000,2.8795492e-11,1.1098175e-13
439.80000,2.8834840e-11,1.1113676e-13
439.81000,2.8846690e-11,1.1121707e-13
439.82000,2.8858749e-11,1.1119118e-13
439.83000,2.8888147e-11,1.1113799e-13
439.84000,2.8915366e-11,1.1106150e-13
439.85000,2.8920194e-11,1.1095561e-13
439.86000,2.8912446e-11,1.1088555e-13
439.87000,2.8904768e-11,1.1089404e-13
439.88000,2.8891335e-11,1.1095521e-13
439.89000,2.8844518e-11,1.1099056e-13
439.90000,2.8750783e-11,1.1082195e-13
439.91000,2.8616512e-11,1.1035164e-13
439.92000,2.8495667e-11,1.0981028e-13
439.93000,2.8428853e-11,1.0938935e-13
439.94000,2.8414751e-11,1.0912418e-13
439.95000,2.8413417e-11,1.0896218e-13
439.96000,2.8416752e-11,1.0893283e-13
439.97000,2.8437844e-11,1.0900891e-13
439.98000,2.8484306e-11,1.0913220e-13
439.99000,2.8539132e-11,1.0925799e-13
440.00000,2.8594704e-11,1.0951443e-13
440.01000,2.8661998e-11,1.1014233e-13
440.02000,2.8732358e-11,1.1087745e-13
440.03000,2.8778803e-11,1.1104415e-13
440.04000,2.8782442e-11,1.1048082e-13
440.05000,2.8754443e-11,1.0983679e-13
440.06000,2.8713779e-11,1.0953204e-13
440.07000,2.8679050e-11,1.0945254e-13
440.08000,2.8654729e-11,1.0942799e-13
440.09000,2.8637120e-11,1.0937837e-13
440.10000,2.8620484e-11,1.0934669e-13
440.11000,2.8603837e-11,1.0937227e-13
440.12000,2.8596749e-11,1.0946123e-13
440.13000,2.8616529e-11,1.0962627e-13
440.14000,2.8664115e-11,1.0981956e-13
440.15000,2.8735373e-11,1.0996375e-13
440.16000,2.8807050e-11,1.1010427e-13
440.17000,2.8857678e-11,1.1031971e-13
440.18000,2.8889495e-11,1.1051388e-13
440.19000,2.8919686e-11,1.1065850e-13
440.20000,2.8938176e-11,1.1078452e-13
440.21000,2.8932461e-11,1.1073553e-13
440.22000,2.8902777e-11,1.1052262e-13
440.23000,2.8864009e-11,1.1042943e-13
440.24000,2.8828582e-11,1.1032836e-13
440.25000,2.8803887e-11,1.1002216e-13
440.26000,2.8781436e-11,1.0980904e-13
440.27000,2.8745541e-11,1.0993479e-13
440.28000,2.8691721e-11,1.1016183e-13
440.29000,2.8614704e-11,1.1060922e-13
440.30000,2.8529396e-11,1.1175427e-13
440.31000,2.8487391e-11,1.1307483e-13
440.32000,2.8547345e-11,1.1296475e-13
440.33000,2.8660885e-11,1.1158377e-13
440.34000,2.8753737e-11,1.1030396e-13
440.35000,2.8797542e-11,1.0990790e-13
440.36000,2.8818446e-11,1.1014312e-13
440.37000,2.8824099e-11,1.1063429e-13
440.38000,2.8797933e-11,1.1075632e-13
440.39000,2.8705236e-11,1.1020662e-13
440.40000,2.8550081e-11,1.0942728e-13
440.41000,2.8365653e-11,1.0880188e-13
440.42000,2.8211027e-11,1.0843096e-13
440.43000,2.8118565e-11,1.0831889e-13
440.44000,2.8100247e-11,1.0863287e-13
440.45000,2.8125806e-11,1.0932039e-13
440.46000,2.8175862e-11,1.1029931e-13
440.47000,2.8211587e-11,1.1116916e-13
440.48000,2.8205378e-11,1.1152214e-13
440.49000,2.8195342e-11,1.1130911e-13
440.50000,2.8275456e-11,1.1107736e-13
440.51000,2.8472886e-11,1.1122238e-13
440.52000,2.8663262e-11,1.1166709e-13
440.53000,2.8758887e-11,1.1213071e-13
440.54000,2.8766813e-11,1.1249321e-13
440.55000,2.8758619e-11,1.1284446e-13
440.56000,2.8759366e-11,1.1321182e-13
440.57000,2.8758247e-11,1.1336037e-13
440.58000,2.8746128e-11,1.1301395e-13
440.59000,2.8736563e-11,1.1221232e-13
440.60000,2.8742323e-11,1.1135529e-13
440.61000,2.8764054e-11,1.1089692e-13
440.62000,2.8778862e-11,1.1090363e-13
440.63000,2.8754745e-11,1.1113744e-13
440.64000,2.8695010e-11,1.1127714e-13
440.65000,2.8633241e-11,1.1144952e-13
440.66000,2.8605420e-11,1.1185444e-13
440.67000,2.8610310e-11,1.1219237e-13
440.68000,2.8616200e-11,1.1207216e-13
440.69000,2.8601244e-11,1.1169684e-13
440.70000,2.8594526e-11,1.1152539e-13
440.71000,2.8630856e-11,1.1180426e-13
440.72000,2.8678326e-11,1.1224558e-13
440.73000,2.8683884e-11,1.1238700e-13
440.74000,2.8658455e-11,1.1225575e-13
440.75000,2.8656231e-11,1.1230769e-13
440.76000,2.8674574e-11,1.1265163e-13
440.77000,2.8647420e-11,1.1282238e-13
440.78000,2.8544997e-11,1.1255834e-13
440.79000,2.8442631e-11,1.1227523e-13
440.80000,2.8419661e-11,1.1223576e-13
440.81000,2.8486756e-11,1.1237772e-13
440.82000,2.8584637e-11,1.1268396e-13
440.83000,2.8639206e-11,1.1308390e-13
440.84000,2.8640837e-11,1.1331689e-13
440.85000,2.8620354e-11,1.1335252e-13
440.86000,2.8618405e-11,1.1344937e-13
440.87000,2.8641188e-11,1.1369738e-13
440.88000,2.8666221e-11,1.1401721e-13
440.89000,2.8678647e-11,1.1423684e-13
440.90000,2.8689014e-11,1.1428969e-13
440.91000,2.8710065e-11,1.1436083e-13
440.92000,2.8737307e-11,1.1456230e-13
440.93000,2.8753320e-11,1.1482977e-13
440.94000,2.8741983e-11,1.1499077e-13
440.95000,2.8677783e-11,1.1488929e-13
440.96000,2.8561690e-11,1.1460360e-13
440.97000,2.8456727e-11,1.1441312e-13
440.98000,2.8461509e-11,1.1461100e-13
440.99000,2.8568949e-11,1.1509045e-13
441.00000,2.8693561e-11,1.1558877e-13
441.01000,2.8747762e-11,1.1590136e-13
441.02000,2.8718049e-11,1.1602289e-13
441.03000,2.8643282e-11,1.1605878e-13
441.04000,2.8584293e-11,1.1610952e-13
441.05000,2.8570592e-11,1.1617808e-13
441.06000,2.8572482e-11,1.1628632e-13
441.07000,2.8567658e-11,1.1649409e-13
441.08000,2.8564364e-11,1.1670232e-13
441.09000,2.8577160e-11,1.1677768e-13
441.10000,2.8603337e-11,1.1676711e-13
441.11000,2.8624413e-11,1.1685069e-13
441.12000,2.8628610e-11,1.1707356e-13
441.13000,2.8621681e-11,1.1732324e-13
441.14000,2.8625085e-11,1.1750946e-13
441.15000,2.8647536e-11,1.1767030e-13
441.16000,2.8666314e-11,1.1790120e-13
441.17000,2.8669191e-11,1.1822717e-13
441.18000,2.8677635e-11,1.1855013e-13
441.19000,2.8706048e-11,1.1877223e-13
441.20000,2.8738529e-11,1.1890302e-13
441.21000,2.8762547e-11,1.1908758e-13
441.22000,2.8785808e-11,1.1938463e-13
441.23000,2.8802080e-11,1.1967405e-13
441.24000,2.8797992e-11,1.1986275e-13
441.25000,2.8776930e-11,1.2000182e-13
441.26000,2.8762898e-11,1.2012355e-13
441.27000,2.8767464e-11,1.1998148e-13
441.28000,2.8777341e-11,1.1941851e-13
441.29000,2.8776335e-11,1.1873202e-13
441.30000,2.8763910e-11,1.1835656e-13
441.31000,2.8749850e-11,1.1828486e-13
441.32000,2.8734631e-11,1.1827289e-13
441.33000,2.8714985e-11,1.1816508e-13
441.34000,2.8688524e-11,1.1807417e-13
441.35000,2.8655181e-11,1.1814392e-13
441.36000,2.8614852e-11,1.1826727e-13
441.37000,2.8565865e-11,1.1825387e-13
441.38000,2.8546403e-11,1.1810954e-13
441.39000,2.8596672e-11,1.1802406e-13
441.40000,2.8684871e-11,1.1807358e-13
441.41000,2.8721700e-11,1.1811246e-13
441.42000,2.8672214e-11,1.1801828e-13
441.43000,2.8551188e-11,1.1778686e-13
441.44000,2.8398360e-11,1.1755192e-13
441.45000,2.8251800e-11,1.1740538e-13
441.46000,2.8131905e-11,1.1708414e-13
441.47000,2.8047335e-11,1.1635660e-13
441.48000,2.8007082e-11,1.1559464e-13
441.49000,2.8011545e-11,1.1516752e-13
441.50000,2.8049670e-11,1.1507318e-13
441.51000,2.8106519e-11,1.1508281e-13
441.52000,2.8189638e-11,1.1511709e-13
441.53000,2.8292229e-11,1.1514314e-13
441.54000,2.8390219e-11,1.1514236e-13
441.55000,2.8470993e-11,1.1511481e-13
441.56000,2.8534694e-11,1.1503692e-13
441.57000,2.8576641e-11,1.1484910e-13
441.58000,2.8592799e-11,1.1457071e-13
441.59000,2.8568573e-11,1.1424354e-13
441.60000,2.8476800e-11,1.1381019e-13
441.61000,2.8341873e-11,1.1325478e-13
441.62000,2.8212405e-11,1.1266893e-13
441.63000,2.8121262e-11,1.1217229e-13
441.64000,2.8058930e-11,1.1177081e-13
441.65000,2.8017340e-11,1.1140495e-13
441.66000,2.7956814e-11,1.1093103e-13
441.67000,2.7787322e-11,1.1016480e-13
441.68000,2.7334058e-11,1.0871015e-13
441.69000,2.6639536e-11,1.0666371e-13
441.70000,2.6051089e-11,1.0486511e-13
441.71000,2.6068885e-11,1.0470602e-13
441.72000,2.6702723e-11,1.0630287e-13
441.73000,2.7443981e-11,1.0820667e-13
441.74000,2.7880850e-11,1.0932924e-13
441.75000,2.8037945e-11,1.0972862e-13
441.76000,2.8086038e-11,1.0960909e-13
441.77000,2.8115931e-11,1.0932993e-13
441.78000,2.8132104e-11,1.0934817e-13
441.79000,2.8156786e-11,1.0956778e-13
441.80000,2.8234353e-11,1.0959250e-13
441.81000,2.8347921e-11,1.0936829e-13
441.82000,2.8432984e-11,1.0922730e-13
441.83000,2.8462357e-11,1.0946200e-13
441.84000,2.8482066e-11,1.1003920e-13
441.85000,2.8519025e-11,1.1076341e-13
441.86000,2.8556424e-11,1.1128199e-13
441.87000,2.8580298e-11,1.1142841e-13
441.88000,2.8595858e-11,1.1122817e-13
441.89000,2.8598455e-11,1.1086901e-13
441.90000,2.8574984e-11,1.1052778e-13
441.91000,2.8527113e-11,1.1039546e-13
441.92000,2.8498244e-11,1.1056369e-13
441.93000,2.8523281e-11,1.1100907e-13
441.94000,2.8570314e-11,1.1137731e-13
441.95000,2.8581510e-11,1.1129303e-13
441.96000,2.8515444e-11,1.1059248e-13
441.97000,2.8404137e-11,1.0965890e-13
441.98000,2.8319297e-11,1.0897849e-13
441.99000,2.8333791e-11,1.0899879e-13
442.00000,2.8419946e-11,1.0959001e-13
442.01000,2.8510479e-11,1.1021044e-13
442.02000,2.8569925e-11,1.1034213e-13
442.03000,2.8595815e-11,1.1005687e-13
442.04000,2.8591821e-11,1.0992062e-13
442.05000,2.8574506e-11,1.1003305e-13
442.06000,2.8571615e-11,1.1010232e-13
442.07000,2.8582925e-11,1.1004799e-13
442.08000,2.8586105e-11,1.1001259e-13
442.09000,2.8573996e-11,1.0999515e-13
442.10000,2.8558806e-11,1.0998121e-13
442.11000,2.8540953e-11,1.0997819e-13
442.12000,2.8513805e-11,1.0993235e-13
442.13000,2.8481829e-11,1.0987351e-13
442.14000,2.8453118e-11,1.0983521e-13
442.15000,2.8430678e-11,1.0980620e-13
442.16000,2.8413446e-11,1.0980061e-13
442.17000,2.8391883e-11,1.0981299e-13
442.18000,2.8360557e-11,1.0980394e-13
442.19000,2.8328266e-11,1.0975420e-13
442.20000,2.8308058e-11,1.0969041e-13
442.21000,2.8298243e-11,1.0962158e-13
442.22000,2.8291514e-11,1.0957922e-13
442.23000,2.8291853e-11,1.0960655e-13
442.24000,2.8313963e-11,1.0969819e-13
442.25000,2.8359522e-11,1.0980097e-13
442.26000,2.8411792e-11,1.0990468e-13
442.27000,2.8459432e-11,1.1002400e-13
442.28000,2.8499308e-11,1.1012839e-13
442.29000,2.8523364e-11,1.1018146e-13
442.30000,2.8530728e-11,1.1020258e-13
442.31000,2.8531079e-11,1.1023457e-13
442.32000,2.8525501e-11,1.1027682e-13
442.33000,2.8508754e-11,1.1028448e-13
442.34000,2.8481098e-11,1.1026301e-13
442.35000,2.8449288e-11,1.1026408e-13
442.36000,2.8426309e-11,1.1028306e-13
442.37000,2.8429540e-11,1.1028666e-13
442.38000,2.8460304e-11,1.1029003e-13
442.39000,2.8487828e-11,1.1030979e-13
442.40000,2.8479933e-11,1.1033523e-13
442.41000,2.8447522e-11,1.1033370e-13
442.42000,2.8417375e-11,1.1027488e-13
442.43000,2.8417461e-11,1.1025111e-13
442.44000,2.8439870e-11,1.1032704e-13
442.45000,2.8448325e-11,1.1037906e-13
442.46000,2.8419249e-11,1.1029618e-13
442.47000,2.8370297e-11,1.1017264e-13
442.48000,2.8333127e-11,1.1010631e-13
442.49000,2.8318331e-11,1.1005990e-13
442.50000,2.8320330e-11,1.1001660e-13
442.51000,2.8328027e-11,1.1003401e-13
442.52000,2.8337039e-11,1.1012553e-13
442.53000,2.8350050e-11,1.1024395e-13
442.54000,2.8365316e-11,1.1028981e-13
442.55000,2.8377612e-11,1.1025516e-13
442.56000,2.8376844e-11,1.1021042e-13
442.57000,2.8360231e-11,1.1020086e-13
442.58000,2.8341781e-11,1.1023322e-13
442.59000,2.8344062e-11,1.1026317e-13
442.60000,2.8360835e-11,1.1022501e-13
442.61000,2.8369682e-11,1.1014097e-13
442.62000,2.8369183e-11,1.1010670e-13
442.63000,2.8373550e-11,1.1014580e-13
442.64000,2.8377914e-11,1.1023037e-13
442.65000,2.8369938e-11,1.1029946e-13
442.66000,2.8352007e-11,1.1027028e-13
442.67000,2.8324715e-11,1.1009697e-13
442.68000,2.8282749e-11,1.0987564e-13
442.69000,2.8232094e-11,1.0975597e-13
442.70000,2.8195685e-11,1.0973666e-13
442.71000,2.8187088e-11,1.0970979e-13
442.72000,2.8192900e-11,1.0961194e-13
442.73000,2.8196262e-11,1.0955041e-13
442.74000,2.8199562e-11,1.0962548e-13
442.75000,2.8213817e-11,1.0974181e-13
442.76000,2.8235239e-11,1.0977375e-13
442.77000,2.8243717e-11,1.0967386e-13
442.78000,2.8213361e-11,1.0944945e-13
442.79000,2.8101458e-11,1.0903849e-13
442.80000,2.7853193e-11,1.0833472e-13
442.81000,2.7523775e-11,1.0744332e-13
442.82000,2.7297931e-11,1.0678944e-13
442.83000,2.7391252e-11,1.0691506e-13
442.84000,2.7717224e-11,1.0764983e-13
442.85000,2.8038948e-11,1.0849730e-13
442.86000,2.8222852e-11,1.0911512e-13
442.87000,2.8284097e-11,1.0942331e-13
442.88000,2.8294677e-11,1.0943077e-13
442.89000,2.8284412e-11,1.0922938e-13
442.90000,2.8260124e-11,1.0897214e-13
442.91000,2.8231060e-11,1.0882357e-13
442.92000,2.8205867e-11,1.0881819e-13
442.93000,2.8201762e-11,1.0888845e-13
442.94000,2.8223357e-11,1.0887685e-13
442.95000,2.8253393e-11,1.0871429e-13
442.96000,2.8267940e-11,1.0851155e-13
442.97000,2.8263428e-11,1.0843140e-13
442.98000,2.8242957e-11,1.0848045e-13
442.99000,2.8218216e-11,1.0848370e-13
443.00000,2.8200954e-11,1.0834238e-13
443.01000,2.8191001e-11,1.0812774e-13
443.02000,2.8177605e-11,1.0799521e-13
443.03000,2.8157480e-11,1.0796257e-13
443.04000,2.8140273e-11,1.0796593e-13
443.05000,2.8134517e-11,1.0792715e-13
443.06000,2.8145556e-11,1.0782521e-13
443.07000,2.8174531e-11,1.0773194e-13
443.08000,2.8207695e-11,1.0768976e-13
443.09000,2.8215844e-11,1.0763936e-13
443.10000,2.8187176e-11,1.0752798e-13
443.11000,2.8131624e-11,1.0735317e-13
443.12000,2.8084524e-11,1.0715462e-13
443.13000,2.8085277e-11,1.0708256e-13
443.14000,2.8124278e-11,1.0721410e-13
443.15000,2.8141744e-11,1.0734878e-13
443.16000,2.8114538e-11,1.0726314e-13
443.17000,2.8062030e-11,1.0698325e-13
443.18000,2.8024751e-11,1.0677813e-13
443.19000,2.8027663e-11,1.0679398e-13
443.20000,2.8077692e-11,1.0695759e-13
443.21000,2.8141111e-11,1.0704182e-13
443.22000,2.8188093e-11,1.0697727e-13
443.23000,2.8198979e-11,1.0684754e-13
443.24000,2.8179440e-11,1.0675242e-13
443.25000,2.8138471e-11,1.0685123e-13
443.26000,2.8097725e-11,1.0734999e-13
443.27000,2.8077704e-11,1.0852337e-13
443.28000,2.8087075e-11,1.1073142e-13
443.29000,2.8113065e-11,1.1331618e-13
443.30000,2.8140597e-11,1.1515254e-13
443.31000,2.8144798e-11,1.1571166e-13
443.32000,2.8119177e-11,1.1564447e-13
443.33000,2.8079927e-11,1.1537404e-13
443.34000,2.8046192e-11,1.1506053e-13
443.35000,2.8023525e-11,1.1479304e-13
443.36000,2.8008396e-11,1.1459497e-13
443.37000,2.7977451e-11,1.1439162e-13
443.38000,2.7901320e-11,1.1405905e-13
443.39000,2.7707572e-11,1.1335506e-13
443.40000,2.7309110e-11,1.1210060e-13
443.41000,2.6772694e-11,1.1056148e-13
443.42000,2.6417359e-11,1.0959426e-13
443.43000,2.6526053e-11,1.0984883e-13
443.44000,2.7068047e-11,1.1115561e-13
443.45000,2.7589664e-11,1.1227482e-13
443.46000,2.7875679e-11,1.1271692e-13
443.47000,2.7968329e-11,1.1275597e-13
443.48000,2.7998475e-11,1.1279815e-13
443.49000,2.8001624e-11,1.1276989e-13
443.50000,2.7988085e-11,1.1252818e-13
443.51000,2.7976641e-11,1.1225116e-13
443.52000,2.7965934e-11,1.1209973e-13
443.53000,2.7948979e-11,1.1200995e-13
443.54000,2.7932815e-11,1.1183751e-13
443.55000,2.7932002e-11,1.1161332e-13
443.56000,2.7953411e-11,1.1148000e-13
443.57000,2.7979816e-11,1.1142007e-13
443.58000,2.7993869e-11,1.1134973e-13
443.59000,2.7994302e-11,1.1125755e-13
443.60000,2.7992980e-11,1.1110688e-13
443.61000,2.7989923e-11,1.1082927e-13
443.62000,2.7971004e-11,1.1051060e-13
443.63000,2.7935585e-11,1.1025453e-13
443.64000,2.7897494e-11,1.1012004e-13
443.65000,2.7866833e-11,1.1006088e-13
443.66000,2.7839181e-11,1.0994466e-13
443.67000,2.7815741e-11,1.0969170e-13
443.68000,2.7811740e-11,1.0942359e-13
443.69000,2.7837365e-11,1.0927977e-13
443.70000,2.7873771e-11,1.0924707e-13
443.71000,2.7902144e-11,1.0919152e-13
443.72000,2.7919702e-11,1.0904747e-13
443.73000,2.7925537e-11,1.0888119e-13
443.74000,2.7903725e-11,1.0874042e-13
443.75000,2.7833777e-11,1.0859275e-13
443.76000,2.7727702e-11,1.0832864e-13
443.77000,2.7608402e-11,1.0787204e-13
443.78000,2.7514348e-11,1.0735796e-13
443.79000,2.7490041e-11,1.0711873e-13
443.80000,2.7565530e-11,1.0736426e-13
443.81000,2.7707422e-11,1.0795397e-13
443.82000,2.7838975e-11,1.0842877e-13
443.83000,2.7929103e-11,1.0843723e-13
443.84000,2.7988842e-11,1.0809661e-13
443.85000,2.8030659e-11,1.0783708e-13
443.86000,2.8050746e-11,1.0783644e-13
443.87000,2.8062648e-11,1.0785966e-13
443.88000,2.8085083e-11,1.0771920e-13
443.89000,2.8117895e-11,1.0752595e-13
443.90000,2.8134485e-11,1.0744996e-13
443.91000,2.8119502e-11,1.0741004e-13
443.92000,2.8084815e-11,1.0729431e-13
443.93000,2.8067877e-11,1.0717687e-13
443.94000,2.8084378e-11,1.0719850e-13
443.95000,2.8109005e-11,1.0736893e-13
443.96000,2.8108455e-11,1.0750005e-13
443.97000,2.8068719e-11,1.0735216e-13
443.98000,2.8016746e-11,1.0692293e-13
443.99000,2.7982479e-11,1.0643768e-13
444.00000,2.7972568e-11,1.0613594e-13
444.01000,2.7967296e-11,1.0611162e-13
444.02000,2.7960296e-11,1.0634072e-13
444.03000,2.7962081e-11,1.0665310e-13
444.04000,2.7975336e-11,1.0675018e-13
444.05000,2.7994450e-11,1.0657855e-13
444.06000,2.8014320e-11,1.0637378e-13
444.07000,2.8023861e-11,1.0631290e-13
444.08000,2.8010640e-11,1.0629739e-13
444.09000,2.7984395e-11,1.0622679e-13
444.10000,2.7973206e-11,1.0621269e-13
444.11000,2.7978807e-11,1.0626816e-13
444.12000,2.7974320e-11,1.0622233e-13
444.13000,2.7954941e-11,1.0609834e-13
444.14000,2.7928337e-11,1.0596377e-13
444.15000,2.7891556e-11,1.0578872e-13
444.16000,2.7849059e-11,1.0559388e-13
444.17000,2.7818808e-11,1.0547673e-13
444.18000,2.7814167e-11,1.0553459e-13
444.19000,2.7822000e-11,1.0566032e-13
444.20000,2.7821549e-11,1.0562137e-13
444.21000,2.7799562e-11,1.0541390e-13
444.22000,2.7759774e-11,1.0526936e-13
444.23000,2.7719285e-11,1.0526303e-13
444.24000,2.7699958e-11,1.0521469e-13
444.25000,2.7703716e-11,1.0506393e-13
444.26000,2.7712340e-11,1.0492063e-13
444.27000,2.7714911e-11,1.0486747e-13
444.28000,2.7698144e-11,1.0487451e-13
444.29000,2.7645917e-11,1.0477405e-13
444.30000,2.7555347e-11,1.0449435e-13
444.31000,2.7435830e-11,1.0413355e-13
444.32000,2.7327598e-11,1.0389804e-13
444.33000,2.7261417e-11,1.0383999e-13
444.34000,2.7239587e-11,1.0389985e-13
444.35000,2.7235711e-11,1.0403558e-13
444.36000,2.7240049e-11,1.0428414e-13
444.37000,2.7238517e-11,1.0449062e-13
444.38000,2.7201407e-11,1.0438495e-13
444.39000,2.7129614e-11,1.0401834e-13
444.40000,2.7109535e-11,1.0375264e-13
444.41000,2.7234925e-11,1.0392849e-13
444.42000,2.7468633e-11,1.0447454e-13
444.43000,2.7668343e-11,1.0500831e-13
444.44000,2.7772053e-11,1.0532835e-13
444.45000,2.7818410e-11,1.0547362e-13
444.46000,2.7839345e-11,1.0551735e-13
444.47000,2.7844616e-11,1.0558252e-13
444.48000,2.7848073e-11,1.0603015e-13
444.49000,2.7865647e-11,1.0741862e-13
444.50000,2.7891132e-11,1.0909389e-13
444.51000,2.7916225e-11,1.0948575e-13
444.52000,2.7930474e-11,1.0818805e-13
444.53000,2.7915440e-11,1.0675846e-13
444.54000,2.7862776e-11,1.0610473e-13
444.55000,2.7817294e-11,1.0604237e-13
444.56000,2.7819005e-11,1.0599362e-13
444.57000,2.7855496e-11,1.0580329e-13
444.58000,2.7885368e-11,1.0579818e-13
444.59000,2.7898479e-11,1.0610338e-13
444.60000,2.7900555e-11,1.0641528e-13
444.61000,2.7881952e-11,1.0640565e-13
444.62000,2.7835933e-11,1.0622677e-13
444.63000,2.7773761e-11,1.0614644e-13
444.64000,2.7721959e-11,1.0609878e-13
444.65000,2.7701829e-11,1.0585588e-13
444.66000,2.7732866e-11,1.0552150e-13
444.67000,2.7785442e-11,1.0541766e-13
444.68000,2.7810867e-11,1.0561533e-13
444.69000,2.7784032e-11,1.0606423e-13
444.70000,2.7730100e-11,1.0629908e-13
444.71000,2.7678083e-11,1.0599138e-13
444.72000,2.7635737e-11,1.0537190e-13
444.73000,2.7603397e-11,1.0503702e-13
444.74000,2.7593729e-11,1.0506050e-13
444.75000,2.7611491e-11,1.0508996e-13
444.76000,2.7644383e-11,1.0506926e-13
444.77000,2.7681658e-11,1.0529296e-13
444.78000,2.7718579e-11,1.0599922e-13
444.79000,2.7754271e-11,1.0696625e-13
444.80000,2.7781961e-11,1.0781869e-13
444.81000,2.7802624e-11,1.0839772e-13
444.82000,2.7825864e-11,1.0884966e-13
444.83000,2.7851388e-11,1.0921849e-13
444.84000,2.7862015e-11,1.0942209e-13
444.85000,2.7847839e-11,1.0936718e-13
444.86000,2.7816183e-11,1.0897857e-13
444.87000,2.7785467e-11,1.0836991e-13
444.88000,2.7765293e-11,1.0774625e-13
444.89000,2.7760570e-11,1.0726722e-13
444.90000,2.7763015e-11,1.0693824e-13
444.91000,2.7767522e-11,1.0674012e-13
444.92000,2.7778949e-11,1.0676689e-13
444.93000,2.7795465e-11,1.0699779e-13
444.94000,2.7799530e-11,1.0727154e-13
444.95000,2.7763218e-11,1.0750587e-13
444.96000,2.7675583e-11,1.0774341e-13
444.97000,2.7546082e-11,1.0786860e-13
444.98000,2.7412475e-11,1.0761591e-13
444.99000,2.7339161e-11,1.0717182e-13
445.00000,2.7342644e-11,1.0694230e-13
445.01000,2.7389723e-11,1.0706989e-13
445.02000,2.7428560e-11,1.0740358e-13
445.03000,2.7445974e-11,1.0774970e-13
445.04000,2.7454162e-11,1.0787475e-13
445.05000,2.7480801e-11,1.0789562e-13
445.06000,2.7532126e-11,1.0809845e-13
445.07000,2.7581919e-11,1.0846472e-13
445.08000,2.7607935e-11,1.0867895e-13
445.09000,2.7616518e-11,1.0870717e-13
445.10000,2.7620601e-11,1.0878200e-13
445.11000,2.7634356e-11,1.0893389e-13
445.12000,2.7651767e-11,1.0900980e-13
445.13000,2.7638937e-11,1.0905169e-13
445.14000,2.7572026e-11,1.0912037e-13
445.15000,2.7442210e-11,1.0900932e-13
445.16000,2.7251075e-11,1.0859730e-13
445.17000,2.7080333e-11,1.0822795e-13
445.18000,2.7057777e-11,1.0832681e-13
445.19000,2.7243752e-11,1.0907733e-13
445.20000,2.7483521e-11,1.0994588e-13
445.21000,2.7650546e-11,1.1047047e-13
445.22000,2.7734320e-11,1.1071270e-13
445.23000,2.7790494e-11,1.1097716e-13
445.24000,2.7831406e-11,1.1129576e-13
445.25000,2.7839750e-11,1.1151247e-13
445.26000,2.7820967e-11,1.1157237e-13
445.27000,2.7803824e-11,1.1165524e-13
445.28000,2.7809867e-11,1.1197674e-13
445.29000,2.7823983e-11,1.1241361e-13
445.30000,2.7825513e-11,1.1265965e-13
445.31000,2.7805561e-11,1.1262316e-13
445.32000,2.7769672e-11,1.1256050e-13
445.33000,2.7729447e-11,1.1259506e-13
445.34000,2.7706441e-11,1.1268904e-13
445.35000,2.7706602e-11,1.1276691e-13
445.36000,2.7718386e-11,1.1284556e-13
445.37000,2.7732310e-11,1.1305517e-13
445.38000,2.7736777e-11,1.1335039e-13
445.39000,2.7719220e-11,1.1348976e-13
445.40000,2.7675507e-11,1.1333286e-13
445.41000,2.7617188e-11,1.1307653e-13
445.42000,2.7556956e-11,1.1294331e-13
445.43000,2.7510379e-11,1.1305780e-13
445.44000,2.7487277e-11,1.1330923e-13
445.45000,2.7483254e-11,1.1352866e-13
445.46000,2.7481705e-11,1.1367463e-13
445.47000,2.7484645e-11,1.1389641e-13
445.48000,2.7512838e-11,1.1428407e-13
445.49000,2.7559682e-11,1.1470547e-13
445.50000,2.7589791e-11,1.1488387e-13
445.51000,2.7582439e-11,1.1465722e-13
445.52000,2.7509614e-11,1.1394963e-13
445.53000,2.7369993e-11,1.1298175e-13
445.54000,2.7225781e-11,1.1212336e-13
445.55000,2.7207302e-11,1.1181032e-13
445.56000,2.7351386e-11,1.1212384e-13
445.57000,2.7565302e-11,1.1277487e-13
445.58000,2.7744090e-11,1.1333660e-13
445.59000,2.7847136e-11,1.1362445e-13
445.60000,2.7880096e-11,1.1373524e-13
445.61000,2.7855737e-11,1.1373097e-13
445.62000,2.7805185e-11,1.1364021e-13
445.63000,2.7749568e-11,1.1344730e-13
445.64000,2.7699945e-11,1.1318226e-13
445.65000,2.7653112e-11,1.1294710e-13
445.66000,2.7602221e-11,1.1277476e-13
445.67000,2.7551898e-11,1.1269276e-13
445.68000,2.7520182e-11,1.1263834e-13
445.69000,2.7518092e-11,1.1255292e-13
445.70000,2.7539284e-11,1.1245088e-13
445.71000,2.7560158e-11,1.1234650e-13
445.72000,2.7575618e-11,1.1226760e-13
445.73000,2.7585873e-11,1.1218951e-13
445.74000,2.7582827e-11,1.1202366e-13
445.75000,2.7572816e-11,1.1173004e-13
445.76000,2.7574021e-11,1.1135018e-13
445.77000,2.7585295e-11,1.1099968e-13
445.78000,2.7597805e-11,1.1075727e-13
445.79000,2.7616693e-11,1.1070815e-13
445.80000,2.7632436e-11,1.1073742e-13
445.81000,2.7623783e-11,1.1062377e-13
445.82000,2.7587549e-11,1.1023502e-13
445.83000,2.7538304e-11,1.0967863e-13
445.84000,2.7479986e-11,1.0913300e-13
445.85000,2.7416215e-11,1.0872351e-13
445.86000,2.7365901e-11,1.0842621e-13
445.87000,2.7345328e-11,1.0813132e-13
445.88000,2.7364624e-11,1.0782144e-13
445.89000,2.7409429e-11,1.0759802e-13
445.90000,2.7460003e-11,1.0754006e-13
445.91000,2.7510412e-11,1.0757174e-13
445.92000,2.7556931e-11,1.0756052e-13
445.93000,2.7582970e-11,1.0743191e-13
445.94000,2.7592646e-11,1.0727207e-13
445.95000,2.7604239e-11,1.0716564e-13
445.96000,2.7615518e-11,1.0704378e-13
445.97000,2.7610117e-11,1.0683581e-13
445.98000,2.7587277e-11,1.0660515e-13
445.99000,2.7570398e-11,1.0644570e-13
446.00000,2.7572290e-11,1.0634414e-13
446.01000,2.7588959e-11,1.0619900e-13
446.02000,2.7608553e-11,1.0600349e-13
446.03000,2.7622531e-11,1.0589723e-13
446.04000,2.7617582e-11,1.0581239e-13
446.05000,2.7590000e-11,1.0564033e-13
446.06000,2.7555555e-11,1.0548726e-13
446.07000,2.7524500e-11,1.0529217e-13
446.08000,2.7491169e-11,1.0493398e-13
446.09000,2.7440720e-11,1.0464965e-13
446.10000,2.7373445e-11,1.0467464e-13
446.11000,2.7325901e-11,1.0481305e-13
446.12000,2.7318684e-11,1.0469670e-13
446.13000,2.7330753e-11,1.0427414e-13
446.14000,2.7323426e-11,1.0380028e-13
446.15000,2.7280878e-11,1.0350992e-13
446.16000,2.7202492e-11,1.0345865e-13
446.17000,2.7098298e-11,1.0358787e-13
446.18000,2.6995022e-11,1.0375829e-13
446.19000,2.6944928e-11,1.0397883e-13
446.20000,2.7033497e-11,1.0441048e-13
446.21000,2.7223766e-11,1.0498809e-13
446.22000,2.7401810e-11,1.0542788e-13
446.23000,2.7499666e-11,1.0549241e-13
446.24000,2.7546906e-11,1.0525267e-13
446.25000,2.7570378e-11,1.0488155e-13
446.26000,2.7570665e-11,1.0456192e-13
446.27000,2.7556756e-11,1.0445263e-13
446.28000,2.7537608e-11,1.0460976e-13
446.29000,2.7518400e-11,1.0501746e-13
446.30000,2.7508100e-11,1.0540280e-13
446.31000,2.7507845e-11,1.0545955e-13
446.32000,2.7511735e-11,1.0518256e-13
446.33000,2.7514414e-11,1.0503626e-13
446.34000,2.7512467e-11,1.0517880e-13
446.35000,2.7484308e-11,1.0527656e-13
446.36000,2.7389992e-11,1.0497967e-13
446.37000,2.7242273e-11,1.0450841e-13
446.38000,2.7118679e-11,1.0417163e-13
446.39000,2.7100794e-11,1.0414171e-13
446.40000,2.7172961e-11,1.0442372e-13
446.41000,2.7250993e-11,1.0475371e-13
446.42000,2.7285555e-11,1.0488671e-13
446.43000,2.7284921e-11,1.0488212e-13
446.44000,2.7273682e-11,1.0485706e-13
446.45000,2.7257925e-11,1.0482966e-13
446.46000,2.7238921e-11,1.0479250e-13
446.47000,2.7236219e-11,1.0478237e-13
446.48000,2.7280594e-11,1.0488402e-13
446.49000,2.7361137e-11,1.0507743e-13
446.50000,2.7429060e-11,1.0523879e-13
446.51000,2.7460452e-11,1.0531298e-13
446.52000,2.7467460e-11,1.0533675e-13
446.53000,2.7471842e-11,1.0535857e-13
446.54000,2.7474403e-11,1.0537588e-13
446.55000,2.7465362e-11,1.0536994e-13
446.56000,2.7435278e-11,1.0532920e-13
446.57000,2.7374748e-11,1.0525248e-13
446.58000,2.7294371e-11,1.0515168e-13
446.59000,2.7228611e-11,1.0502788e-13
446.60000,2.7192128e-11,1.0489273e-13
446.61000,2.7181014e-11,1.0481193e-13
446.62000,2.7177586e-11,1.0480457e-13
446.63000,2.7172705e-11,1.0481232e-13
446.64000,2.7169909e-11,1.0479534e-13
446.65000,2.7172896e-11,1.0478048e-13
446.66000,2.7180984e-11,1.0481608e-13
446.67000,2.7199738e-11,1.0492672e-13
446.68000,2.7237365e-11,1.0509592e-13
446.69000,2.7291109e-11,1.0530565e-13
446.70000,2.7341587e-11,1.0549118e-13
446.71000,2.7362212e-11,1.0553223e-13
446.72000,2.7348564e-11,1.0542826e-13
446.73000,2.7318409e-11,1.0530694e-13
446.74000,2.7280570e-11,1.0524119e-13
446.75000,2.7221631e-11,1.0514833e-13
446.76000,2.7118902e-11,1.0488393e-13
446.77000,2.6959897e-11,1.0439736e-13
446.78000,2.6777721e-11,1.0383181e-13
446.79000,2.6617514e-11,1.0333559e-13
446.80000,2.6498292e-11,1.0297602e-13
446.81000,2.6425443e-11,1.0278492e-13
446.82000,2.6397383e-11,1.0272780e-13
446.83000,2.6401538e-11,1.0273468e-13
446.84000,2.6393282e-11,1.0267875e-13
446.85000,2.6331751e-11,1.0249841e-13
446.86000,2.6219889e-11,1.0225378e-13
446.87000,2.6157227e-11,1.0217640e-13
446.88000,2.6256751e-11,1.0244512e-13
446.89000,2.6475169e-11,1.0293602e-13
446.90000,2.6657491e-11,1.0336398e-13
446.91000,2.6717582e-11,1.0356206e-13
446.92000,2.6691800e-11,1.0353423e-13
446.93000,2.6628686e-11,1.0332035e-13
446.94000,2.6574847e-11,1.0307523e-13
446.95000,2.6536162e-11,1.0288635e-13
446.96000,2.6490583e-11,1.0271793e-13
446.97000,2.6413876e-11,1.0249427e-13
446.98000,2.6305245e-11,1.0218498e-13
446.99000,2.6183228e-11,1.0179803e-13
447.00000,2.6060291e-11,1.0135336e-13
447.01000,2.5956757e-11,1.0097170e-13
447.02000,2.5899723e-11,1.0078466e-13
447.03000,2.5907891e-11,1.0083223e-13
447.04000,2.5959017e-11,1.0098395e-13
447.05000,2.6016293e-11,1.0112190e-13
447.06000,2.6058933e-11,1.0120932e-13
447.07000,2.6065999e-11,1.0119239e-13
447.08000,2.6036694e-11,1.0106946e-13
447.09000,2.5980076e-11,1.0087134e-13
447.10000,2.5883323e-11,1.0055036e-13
447.11000,2.5709431e-11,1.0000382e-13
447.12000,2.5401858e-11,9.9089301e-14
447.13000,2.4876644e-11,9.7596622e-14
447.14000,2.4120694e-11,9.5505138e-14
447.15000,2.3200618e-11,9.2951239e-14
447.16000,2.2293743e-11,9.0339880e-14
447.17000,2.1718516e-11,8.8566110e-14
447.18000,2.1653586e-11,8.8218561e-14
447.19000,2.2143489e-11,8.9481111e-14
447.20000,2.2915686e-11,9.1611955e-14
447.21000,2.3689590e-11,9.3794442e-14
447.22000,2.4332863e-11,9.5564523e-14
447.23000,2.4816002e-11,9.6814417e-14
447.24000,2.5172353e-11,9.7757186e-14
447.25000,2.5444558e-11,9.8560629e-14
447.26000,2.5643949e-11,9.9182691e-14
447.27000,2.5788872e-11,9.9578372e-14
447.28000,2.5900149e-11,9.9807977e-14
447.29000,2.5962035e-11,9.9861563e-14
447.30000,2.5965328e-11,9.9768079e-14
447.31000,2.5979071e-11,9.9777650e-14
447.32000,2.6086636e-11,1.0011318e-13
447.33000,2.6299498e-11,1.0071449e-13
447.34000,2.6513491e-11,1.0123210e-13
447.35000,2.6659869e-11,1.0151030e-13
447.36000,2.6731162e-11,1.0159627e-13
447.37000,2.6765951e-11,1.0165283e-13
447.38000,2.6792533e-11,1.0174588e-13
447.39000,2.6816442e-11,1.0182726e-13
447.40000,2.6837719e-11,1.0183937e-13
447.41000,2.6856145e-11,1.0182536e-13
447.42000,2.6865391e-11,1.0183029e-13
447.43000,2.6860959e-11,1.0182826e-13
447.44000,2.6861693e-11,1.0183102e-13
447.45000,2.6885529e-11,1.0189971e-13
447.46000,2.6935414e-11,1.0203811e-13
447.47000,2.6995225e-11,1.0217183e-13
447.48000,2.7040494e-11,1.0232630e-13
447.49000,2.7057950e-11,1.0273407e-13
447.50000,2.7052748e-11,1.0397462e-13
447.51000,2.7035471e-11,1.0624715e-13
447.52000,2.6989368e-11,1.0881202e-13
447.53000,2.6894351e-11,1.1041027e-13
447.54000,2.6786306e-11,1.1089768e-13
447.55000,2.6714154e-11,1.1085451e-13
447.56000,2.6699432e-11,1.1052935e-13
447.57000,2.6722256e-11,1.1011860e-13
447.58000,2.6762999e-11,1.0991440e-13
447.59000,2.6821503e-11,1.1019137e-13
447.60000,2.6891600e-11,1.1070554e-13
447.61000,2.6961529e-11,1.1081692e-13
447.62000,2.7021763e-11,1.1040628e-13
447.63000,2.7064465e-11,1.0993070e-13
447.64000,2.7089735e-11,1.0974842e-13
447.65000,2.7105253e-11,1.0970555e-13
447.66000,2.7110469e-11,1.0966207e-13
447.67000,2.7108898e-11,1.0963510e-13
447.68000,2.7117101e-11,1.0961928e-13
447.69000,2.7138123e-11,1.0952520e-13
447.70000,2.7149999e-11,1.0924442e-13
447.71000,2.7136581e-11,1.0878477e-13
447.72000,2.7109974e-11,1.0826160e-13
447.73000,2.7093453e-11,1.0784306e-13
447.74000,2.7098663e-11,1.0765328e-13
447.75000,2.7115176e-11,1.0767202e-13
447.76000,2.7127094e-11,1.0777024e-13
447.77000,2.7121314e-11,1.0771499e-13
447.78000,2.7098444e-11,1.0746867e-13
447.79000,2.7069801e-11,1.0724195e-13
447.80000,2.7042817e-11,1.0722485e-13
447.81000,2.7025303e-11,1.0736661e-13
447.82000,2.7017260e-11,1.0738073e-13
447.83000,2.7010365e-11,1.0704035e-13
447.84000,2.7003201e-11,1.0646226e-13
447.85000,2.6999449e-11,1.0602322e-13
447.86000,2.6993531e-11,1.0584278e-13
447.87000,2.6981022e-11,1.0582059e-13
447.88000,2.6968437e-11,1.0582760e-13
447.89000,2.6963864e-11,1.0580993e-13
447.90000,2.6969464e-11,1.0569694e-13
447.91000,2.6971792e-11,1.0549828e-13
447.92000,2.6953899e-11,1.0529566e-13
447.93000,2.6920845e-11,1.0511678e-13
447.94000,2.6897818e-11,1.0491293e-13
447.95000,2.6898701e-11,1.0468197e-13
447.96000,2.6901263e-11,1.0450150e-13
447.97000,2.6881323e-11,1.0437686e-13
447.98000,2.6836710e-11,1.0419989e-13
447.99000,2.6779428e-11,1.0393129e-13
448.00000,2.6702618e-11,1.0357985e-13
448.01000,2.6579547e-11,1.0310868e-13
448.02000,2.6398072e-11,1.0254159e-13
448.03000,2.6157041e-11,1.0187756e-13
448.04000,2.5844664e-11,1.0095239e-13
448.05000,2.5466512e-11,9.9724452e-14
448.06000,2.5054329e-11,9.8385879e-14
448.07000,2.4631367e-11,9.7076086e-14
448.08000,2.4176737e-11,9.5738976e-14
448.09000,2.3552365e-11,9.3923381e-14
448.10000,2.2546721e-11,9.0976327e-14
448.11000,2.0817883e-11,8.5945972e-14
448.12000,1.8295130e-11,7.8674870e-14
448.13000,1.5681258e-11,7.1145280e-14
448.14000,1.4068153e-11,6.6442899e-14
448.15000,1.4476724e-11,6.7475189e-14
448.16000,1.6653197e-11,7.3508863e-14
448.17000,1.9771796e-11,8.2198118e-14
448.18000,2.2726552e-11,9.0465476e-14
448.19000,2.4692888e-11,9.5987151e-14
448.20000,2.5761678e-11,9.8942228e-14
448.21000,2.6226728e-11,1.0013232e-13
448.22000,2.6463485e-11,1.0065447e-13
448.23000,2.6614638e-11,1.0099100e-13
448.24000,2.6722548e-11,1.0136242e-13
448.25000,2.6784433e-11,1.0171361e-13
448.26000,2.6804950e-11,1.0176205e-13
448.27000,2.6818168e-11,1.0154655e-13
448.28000,2.6853689e-11,1.0143072e-13
448.29000,2.6906827e-11,1.0170215e-13
448.30000,2.6953144e-11,1.0215564e-13
448.31000,2.6985844e-11,1.0245868e-13
448.32000,2.6995576e-11,1.0240131e-13
448.33000,2.6970034e-11,1.0207971e-13
448.34000,2.6908485e-11,1.0167162e-13
448.35000,2.6816917e-11,1.0124796e-13
448.36000,2.6728735e-11,1.0087338e-13
448.37000,2.6693203e-11,1.0068543e-13
448.38000,2.6722899e-11,1.0077186e-13
448.39000,2.6789591e-11,1.0112191e-13
448.40000,2.6843866e-11,1.0151682e-13
448.41000,2.6878053e-11,1.0170781e-13
448.42000,2.6914703e-11,1.0165175e-13
448.43000,2.6965363e-11,1.0156841e-13
448.44000,2.7013882e-11,1.0167353e-13
448.45000,2.7045746e-11,1.0190745e-13
448.46000,2.7058965e-11,1.0204815e-13
448.47000,2.7064296e-11,1.0195252e-13
448.48000,2.7065075e-11,1.0177942e-13
448.49000,2.7057391e-11,1.0180147e-13
448.50000,2.7040503e-11,1.0202444e-13
448.51000,2.7023033e-11,1.0213723e-13
448.52000,2.7012415e-11,1.0203082e-13
448.53000,2.7015306e-11,1.0178931e-13
448.54000,2.7032368e-11,1.0161710e-13
448.55000,2.7051916e-11,1.0162923e-13
448.56000,2.7059394e-11,1.0172300e-13
448.57000,2.7043614e-11,1.0174586e-13
448.58000,2.7018492e-11,1.0170564e-13
448.59000,2.7006627e-11,1.0171358e-13
448.60000,2.7017547e-11,1.0179776e-13
448.61000,2.7036006e-11,1.0184047e-13
448.62000,2.7043259e-11,1.0175392e-13
448.63000,2.7042781e-11,1.0161419e-13
448.64000,2.7050692e-11,1.0153904e-13
448.65000,2.7066437e-11,1.0157394e-13
448.66000,2.7067903e-11,1.0164206e-13
448.67000,2.7036451e-11,1.0161971e-13
448.68000,2.6978685e-11,1.0145289e-13
448.69000,2.6927223e-11,1.0128487e-13
448.70000,2.6898525e-11,1.0126477e-13
448.71000,2.6894248e-11,1.0142368e-13
448.72000,2.6902467e-11,1.0158557e-13
448.73000,2.6905015e-11,1.0154403e-13
448.74000,2.6884088e-11,1.0130813e-13
448.75000,2.6820462e-11,1.0105206e-13
448.76000,2.6720477e-11,1.0102509e-13
448.77000,2.6628534e-11,1.0126488e-13
448.78000,2.6589310e-11,1.0149113e-13
448.79000,2.6612564e-11,1.0133372e-13
448.80000,2.6660963e-11,1.0104887e-13
448.81000,2.6701907e-11,1.0102254e-13
448.82000,2.6706387e-11,1.0112043e-13
448.83000,2.6664737e-11,1.0094446e-13
448.84000,2.6597926e-11,1.0053943e-13
448.85000,2.6538504e-11,1.0018750e-13
448.86000,2.6513482e-11,1.0011235e-13
448.87000,2.6521886e-11,1.0027758e-13
448.88000,2.6536547e-11,1.0050631e-13
448.89000,2.6532822e-11,1.0065489e-13
448.90000,2.6466528e-11,1.0055388e-13
448.91000,2.6286916e-11,1.0016062e-13
448.92000,2.5970872e-11,9.9381037e-14
448.93000,2.5616063e-11,9.8330754e-14
448.94000,2.5501589e-11,9.7893474e-14
448.95000,2.5765799e-11,9.8568944e-14
448.96000,2.6269539e-11,9.9908003e-14
448.97000,2.6678157e-11,1.0102710e-13
448.98000,2.6868071e-11,1.0168765e-13
448.99000,2.6932636e-11,1.0198061e-13
449.00000,2.6947309e-11,1.0194247e-13
449.01000,2.6948050e-11,1.0189852e-13
449.02000,2.6943296e-11,1.0213639e-13
449.03000,2.6929774e-11,1.0246381e-13
449.04000,2.6903657e-11,1.0244677e-13
449.05000,2.6857450e-11,1.0208481e-13
449.06000,2.6780877e-11,1.0175320e-13
449.07000,2.6672642e-11,1.0171928e-13
449.08000,2.6565830e-11,1.0193576e-13
449.09000,2.6504944e-11,1.0207944e-13
449.10000,2.6497283e-11,1.0195417e-13
449.11000,2.6513974e-11,1.0177242e-13
449.12000,2.6479109e-11,1.0168597e-13
449.13000,2.6307112e-11,1.0125749e-13
449.14000,2.5941470e-11,1.0013384e-13
449.15000,2.5450475e-11,9.8745370e-14
449.16000,2.5168798e-11,9.8346029e-14
449.17000,2.5360774e-11,9.9627191e-14
449.18000,2.5972955e-11,1.0220038e-13
449.19000,2.6560054e-11,1.0442415e-13
449.20000,2.6858266e-11,1.0533048e-13
449.21000,2.6955133e-11,1.0541123e-13
449.22000,2.6965729e-11,1.0530504e-13
449.23000,2.6957595e-11,1.0524666e-13
449.24000,2.6964703e-11,1.0521899e-13
449.25000,2.6986374e-11,1.0534726e-13
449.26000,2.7000320e-11,1.0580646e-13
449.27000,2.6992712e-11,1.0644667e-13
449.28000,2.6977249e-11,1.0682146e-13
449.29000,2.6971177e-11,1.0658512e-13
449.30000,2.6968150e-11,1.0574912e-13
449.31000,2.6952419e-11,1.0489866e-13
449.32000,2.6930791e-11,1.0444343e-13
449.33000,2.6910527e-11,1.0434522e-13
449.34000,2.6876962e-11,1.0431865e-13
449.35000,2.6810988e-11,1.0421739e-13
449.36000,2.6712042e-11,1.0423108e-13
449.37000,2.6614750e-11,1.0454701e-13
449.38000,2.6578915e-11,1.0487946e-13
449.39000,2.6619682e-11,1.0485068e-13
449.40000,2.6683070e-11,1.0463203e-13
449.41000,2.6724367e-11,1.0465169e-13
449.42000,2.6738614e-11,1.0505969e-13
449.43000,2.6748200e-11,1.0553780e-13
449.44000,2.6770738e-11,1.0575220e-13
449.45000,2.6812667e-11,1.0575371e-13
449.46000,2.6863504e-11,1.0596951e-13
449.47000,2.6907865e-11,1.0643170e-13
449.48000,2.6933228e-11,1.0675589e-13
449.49000,2.6945496e-11,1.0676828e-13
449.50000,2.6959946e-11,1.0681024e-13
449.51000,2.6978750e-11,1.0706006e-13
449.52000,2.6993339e-11,1.0730096e-13
449.53000,2.6996865e-11,1.0738566e-13
449.54000,2.6988938e-11,1.0741793e-13
449.55000,2.6976842e-11,1.0745921e-13
449.56000,2.6971135e-11,1.0758551e-13
449.57000,2.6973113e-11,1.0781172e-13
449.58000,2.6978225e-11,1.0802431e-13
449.59000,2.6975143e-11,1.0817113e-13
449.60000,2.6951790e-11,1.0827804e-13
449.61000,2.6915981e-11,1.0838993e-13
449.62000,2.6883032e-11,1.0851459e-13
449.63000,2.6860117e-11,1.0857081e-13
449.64000,2.6855427e-11,1.0855663e-13
449.65000,2.6865962e-11,1.0860108e-13
449.66000,2.6879111e-11,1.0876055e-13
449.67000,2.6894516e-11,1.0902047e-13
449.68000,2.6920007e-11,1.0929177e-13
449.69000,2.6948268e-11,1.0952363e-13
449.70000,2.6967228e-11,1.0974468e-13
449.71000,2.6977334e-11,1.0997936e-13
449.72000,2.6983338e-11,1.1016488e-13
449.73000,2.6992505e-11,1.1026747e-13
449.74000,2.7009256e-11,1.1036676e-13
449.75000,2.7019635e-11,1.1057246e-13
449.76000,2.7007701e-11,1.1087349e-13
449.77000,2.6988733e-11,1.1113506e-13
449.78000,2.6986657e-11,1.1127689e-13
449.79000,2.6997698e-11,1.1136935e-13
449.80000,2.7001293e-11,1.1156155e-13
449.81000,2.6998569e-11,1.1187704e-13
449.82000,2.7000820e-11,1.1219784e-13
449.83000,2.7003564e-11,1.1227571e-13
449.84000,2.6990831e-11,1.1192969e-13
449.85000,2.6968471e-11,1.1129054e-13
449.86000,2.6959119e-11,1.1066457e-13
449.87000,2.6971529e-11,1.1024591e-13
449.88000,2.6987229e-11,1.1005641e-13
449.89000,2.6980867e-11,1.1008101e-13
449.90000,2.6951637e-11,1.1018881e-13
449.91000,2.6930678e-11,1.1020206e-13
449.92000,2.6930897e-11,1.1024172e-13
449.93000,2.6927025e-11,1.1038725e-13
449.94000,2.6903240e-11,1.1049879e-13
449.95000,2.6871256e-11,1.1053203e-13
449.96000,2.6834410e-11,1.1048660e-13
449.97000,2.6785862e-11,1.1026997e-13
449.98000,2.6727999e-11,1.0993808e-13
449.99000,2.6688891e-11,1.0971496e-13
450.00000,2.6695299e-11,1.0966352e-13
450.01000,2.6736527e-11,1.0971639e-13
450.02000,2.6773639e-11,1.0964276e-13
450.03000,2.6764344e-11,1.0926399e-13
450.04000,2.6680763e-11,1.0871066e-13
450.05000,2.6536187e-11,1.0809305e-13
450.06000,2.6365025e-11,1.0739042e-13
450.07000,2.6214750e-11,1.0672681e-13
450.08000,2.6107308e-11,1.0617502e-13
450.09000,2.6051160e-11,1.0581116e-13
450.10000,2.6050985e-11,1.0566153e-13
450.11000,2.6086201e-11,1.0554217e-13
450.12000,2.6129340e-11,1.0540879e-13
450.13000,2.6153682e-11,1.0522828e-13
450.14000,2.6162309e-11,1.0498190e-13
450.15000,2.6222945e-11,1.0486460e-13
450.16000,2.6376946e-11,1.0496067e-13
450.17000,2.6575136e-11,1.0523145e-13
450.18000,2.6727792e-11,1.0551287e-13
450.19000,2.6809847e-11,1.0565286e-13
450.20000,2.6843806e-11,1.0559540e-13
450.21000,2.6858097e-11,1.0534894e-13
450.22000,2.6861390e-11,1.0502901e-13
450.23000,2.6858484e-11,1.0475079e-13
450.24000,2.6857137e-11,1.0451703e-13
450.25000,2.6862370e-11,1.0430547e-13
450.26000,2.6869185e-11,1.0415627e-13
450.27000,2.6868054e-11,1.0409544e-13
450.28000,2.6859832e-11,1.0400430e-13
450.29000,2.6853543e-11,1.0377933e-13
450.30000,2.6850764e-11,1.0344600e-13
450.31000,2.6839841e-11,1.0313533e-13
450.32000,2.6818473e-11,1.0291916e-13
450.33000,2.6799663e-11,1.0277755e-13
450.34000,2.6797836e-11,1.0263912e-13
450.35000,2.6805653e-11,1.0248050e-13
450.36000,2.6809229e-11,1.0235555e-13
450.37000,2.6807572e-11,1.0229448e-13
450.38000,2.6807716e-11,1.0225550e-13
450.39000,2.6811596e-11,1.0218316e-13
450.40000,2.6815225e-11,1.0208147e-13
450.41000,2.6812577e-11,1.0200683e-13
450.42000,2.6798484e-11,1.0187775e-13
450.43000,2.6777989e-11,1.0167686e-13
450.44000,2.6760213e-11,1.0160368e-13
450.45000,2.6749644e-11,1.0164211e-13
450.46000,2.6744409e-11,1.0158472e-13
450.47000,2.6745595e-11,1.0154805e-13
450.48000,2.6755257e-11,1.0172065e-13
450.49000,2.6764322e-11,1.0190149e-13
450.50000,2.6754122e-11,1.0173948e-13
450.51000,2.6735208e-11,1.0136361e-13
450.52000,2.6736938e-11,1.0115930e-13
450.53000,2.6767212e-11,1.0136847e-13
450.54000,2.6799553e-11,1.0192788e-13
450.55000,2.6812483e-11,1.0263980e-13
450.56000,2.6812742e-11,1.0320507e-13
450.57000,2.6813224e-11,1.0341325e-13
450.58000,2.6816261e-11,1.0329285e-13
450.59000,2.6817779e-11,1.0312396e-13
450.60000,2.6818664e-11,1.0307432e-13
450.61000,2.6817436e-11,1.0318050e-13
450.62000,2.6805257e-11,1.0334591e-13
450.63000,2.6772495e-11,1.0336873e-13
450.64000,2.6727833e-11,1.0308573e-13
450.65000,2.6695316e-11,1.0252635e-13
450.66000,2.6696131e-11,1.0194784e-13
450.67000,2.6717671e-11,1.0165018e-13
450.68000,2.6737262e-11,1.0177458e-13
450.69000,2.6745431e-11,1.0214697e-13
450.70000,2.6740767e-11,1.0241701e-13
450.71000,2.6712832e-11,1.0227760e-13
450.72000,2.6655707e-11,1.0192954e-13
450.73000,2.6582877e-11,1.0173189e-13
450.74000,2.6511608e-11,1.0170580e-13
450.75000,2.6432673e-11,1.0154839e-13
450.76000,2.6329931e-11,1.0123367e-13
450.77000,2.6225388e-11,1.0098171e-13
450.78000,2.6155769e-11,1.0083971e-13
450.79000,2.6124791e-11,1.0076581e-13
450.80000,2.6094922e-11,1.0072948e-13
450.81000,2.6000510e-11,1.0053409e-13
450.82000,2.5704266e-11,9.9732756e-14
450.83000,2.5131160e-11,9.8095186e-14
450.84000,2.4451825e-11,9.6165994e-14
450.85000,2.4110862e-11,9.5259201e-14
450.86000,2.4496829e-11,9.6414980e-14
450.87000,2.5410343e-11,9.8955777e-14
450.88000,2.6187805e-11,1.0102353e-13
450.89000,2.6592105e-11,1.0205324e-13
450.90000,2.6710903e-11,1.0238863e-13
450.91000,2.6723258e-11,1.0250292e-13
450.92000,2.6699342e-11,1.0247142e-13
450.93000,2.6668421e-11,1.0235198e-13
450.94000,2.6640959e-11,1.0228142e-13
450.95000,2.6631700e-11,1.0237314e-13
450.96000,2.6651009e-11,1.0255979e-13
450.97000,2.6682588e-11,1.0271355e-13
450.98000,2.6704182e-11,1.0277644e-13
450.99000,2.6712516e-11,1.0277568e-13
451.00000,2.6718011e-11,1.0273393e-13
451.01000,2.6726780e-11,1.0268354e-13
451.02000,2.6731825e-11,1.0266990e-13
451.03000,2.6726974e-11,1.0270476e-13
451.04000,2.6718898e-11,1.0270827e-13
451.05000,2.6714069e-11,1.0262751e-13
451.06000,2.6712902e-11,1.0254389e-13
451.07000,2.6712299e-11,1.0255844e-13
451.08000,2.6712602e-11,1.0267000e-13
451.09000,2.6717674e-11,1.0277120e-13
451.10000,2.6723989e-11,1.0278508e-13
451.11000,2.6723797e-11,1.0272207e-13
451.12000,2.6710591e-11,1.0263057e-13
451.13000,2.6685766e-11,1.0255371e-13
451.14000,2.6665594e-11,1.0256939e-13
451.15000,2.6655238e-11,1.0268104e-13
451.16000,2.6640764e-11,1.0272424e-13
451.17000,2.6623644e-11,1.0261799e-13
451.18000,2.6620621e-11,1.0246599e-13
451.19000,2.6629783e-11,1.0236807e-13
451.20000,2.6622942e-11,1.0231028e-13
451.21000,2.6587817e-11,1.0221109e-13
451.22000,2.6552470e-11,1.0206370e-13
451.23000,2.6549475e-11,1.0196917e-13
451.24000,2.6578915e-11,1.0199160e-13
451.25000,2.6600994e-11,1.0203782e-13
451.26000,2.6595745e-11,1.0202093e-13
451.27000,2.6579167e-11,1.0194739e-13
451.28000,2.6570898e-11,1.0187069e-13
451.29000,2.6583076e-11,1.0185117e-13
451.30000,2.6611681e-11,1.0189204e-13
451.31000,2.6646721e-11,1.0198676e-13
451.32000,2.6677388e-11,1.0212763e-13
451.33000,2.6697661e-11,1.0223495e-13
451.34000,2.6702866e-11,1.0218102e-13
451.35000,2.6691207e-11,1.0198240e-13
451.36000,2.6669232e-11,1.0179452e-13
451.37000,2.6647393e-11,1.0173363e-13
451.38000,2.6630094e-11,1.0174052e-13
451.39000,2.6621829e-11,1.0173510e-13
451.40000,2.6622368e-11,1.0169092e-13
451.41000,2.6619541e-11,1.0162356e-13
451.42000,2.6606487e-11,1.0153897e-13
451.43000,2.6581883e-11,1.0140099e-13
451.44000,2.6531306e-11,1.0115711e-13
451.45000,2.6436657e-11,1.0079226e-13
451.46000,2.6311116e-11,1.0036127e-13
451.47000,2.6188968e-11,9.9965552e-14
451.48000,2.6096703e-11,9.9721832e-14
451.49000,2.6039025e-11,9.9668203e-14
451.50000,2.6001953e-11,9.9684346e-14
451.51000,2.5949995e-11,9.9574438e-14
451.52000,2.5812347e-11,9.9140173e-14
451.53000,2.5465606e-11,9.8097930e-14
451.54000,2.4902649e-11,9.6497288e-14
451.55000,2.4388724e-11,9.5063596e-14
451.56000,2.4347477e-11,9.4898010e-14
451.57000,2.4886385e-11,9.6284835e-14
451.58000,2.5628506e-11,9.8271944e-14
451.59000,2.6143349e-11,9.9770113e-14
451.60000,2.6375587e-11,1.0060721e-13
451.61000,2.6475496e-11,1.0098944e-13
451.62000,2.6526104e-11,1.0094602e-13
451.63000,2.6554992e-11,1.0067582e-13
451.64000,2.6568626e-11,1.0049168e-13
451.65000,2.6572796e-11,1.0047880e-13
451.66000,2.6569665e-11,1.0056923e-13
451.67000,2.6558924e-11,1.0057928e-13
451.68000,2.6548465e-11,1.0043365e-13
451.69000,2.6550891e-11,1.0027624e-13
451.70000,2.6567020e-11,1.0021846e-13
451.71000,2.6583240e-11,1.0025688e-13
451.72000,2.6584775e-11,1.0029590e-13
451.73000,2.6573742e-11,1.0023898e-13
451.74000,2.6563448e-11,1.0009161e-13
451.75000,2.6558028e-11,9.9943630e-14
451.76000,2.6553218e-11,9.9894304e-14
451.77000,2.6542944e-11,9.9901811e-14
451.78000,2.6527471e-11,9.9886871e-14
451.79000,2.6516529e-11,1.0000724e-13
451.80000,2.6514903e-11,1.0078609e-13
451.81000,2.6511367e-11,1.0284325e-13
451.82000,2.6495524e-11,1.0562324e-13
451.83000,2.6470812e-11,1.0784562e-13
451.84000,2.6449829e-11,1.0876400e-13
451.85000,2.6446265e-11,1.0891953e-13
451.86000,2.6471001e-11,1.0895787e-13
451.87000,2.6515287e-11,1.0908266e-13
451.88000,2.6551402e-11,1.0915070e-13
451.89000,2.6552162e-11,1.0898246e-13
451.90000,2.6525182e-11,1.0863952e-13
451.91000,2.6487510e-11,1.0824699e-13
451.92000,2.6445140e-11,1.0788402e-13
451.93000,2.6380335e-11,1.0754119e-13
451.94000,2.6273314e-11,1.0709073e-13
451.95000,2.6147845e-11,1.0650756e-13
451.96000,2.6045183e-11,1.0592981e-13
451.97000,2.5984214e-11,1.0553608e-13
451.98000,2.5950222e-11,1.0538021e-13
451.99000,2.5925772e-11,1.0531886e-13
452.00000,2.5876970e-11,1.0511506e-13
452.01000,2.5729790e-11,1.0454794e-13
452.02000,2.5370254e-11,1.0329220e-13
452.03000,2.4832462e-11,1.0149915e-13
452.04000,2.4424934e-11,1.0017383e-13
452.05000,2.4509164e-11,1.0031861e-13
452.06000,2.5127627e-11,1.0188174e-13
452.07000,2.5831232e-11,1.0356423e-13
452.08000,2.6238987e-11,1.0452549e-13
452.09000,2.6386759e-11,1.0501867e-13
452.10000,2.6406173e-11,1.0529994e-13
452.11000,2.6408804e-11,1.0534816e-13
452.12000,2.6422512e-11,1.0514640e-13
452.13000,2.6442980e-11,1.0498132e-13
452.14000,2.6461355e-11,1.0496751e-13
452.15000,2.6456572e-11,1.0492199e-13
452.16000,2.6404934e-11,1.0468518e-13
452.17000,2.6295001e-11,1.0419299e-13
452.18000,2.6148823e-11,1.0344662e-13
452.19000,2.5996138e-11,1.0259975e-13
452.20000,2.5862040e-11,1.0193498e-13
452.21000,2.5758208e-11,1.0149079e-13
452.22000,2.5694833e-11,1.0112141e-13
452.23000,2.5663751e-11,1.0075799e-13
452.24000,2.5621608e-11,1.0041054e-13
452.25000,2.5436508e-11,9.9836254e-14
452.26000,2.4972196e-11,9.8592054e-14
452.27000,2.4251668e-11,9.6603620e-14
452.28000,2.3619035e-11,9.4763231e-14
452.29000,2.3622734e-11,9.4699550e-14
452.30000,2.4445968e-11,9.7043375e-14
452.31000,2.5443644e-11,9.9912866e-14
452.32000,2.6086728e-11,1.0165564e-13
452.33000,2.6318035e-11,1.0205983e-13
452.34000,2.6387769e-11,1.0195856e-13
452.35000,2.6427191e-11,1.0181668e-13
452.36000,2.6447614e-11,1.0171803e-13
452.37000,2.6434981e-11,1.0166220e-13
452.38000,2.6396986e-11,1.0157471e-13
452.39000,2.6360067e-11,1.0135692e-13
452.40000,2.6338458e-11,1.0107417e-13
452.41000,2.6320994e-11,1.0090573e-13
452.42000,2.6292984e-11,1.0088545e-13
452.43000,2.6256944e-11,1.0083736e-13
452.44000,2.6220467e-11,1.0065285e-13
452.45000,2.6180242e-11,1.0044112e-13
452.46000,2.6136273e-11,1.0031935e-13
452.47000,2.6099470e-11,1.0023950e-13
452.48000,2.6078853e-11,1.0009186e-13
452.49000,2.6058994e-11,9.9850355e-14
452.50000,2.6016826e-11,9.9523196e-14
452.51000,2.5956576e-11,9.9203040e-14
452.52000,2.5933172e-11,9.9089720e-14
452.53000,2.6000603e-11,9.9292666e-14
452.54000,2.6121914e-11,9.9617161e-14
452.55000,2.6232313e-11,9.9845464e-14
452.56000,2.6297434e-11,9.9917734e-14
452.57000,2.6316714e-11,9.9932124e-14
452.58000,2.6300698e-11,9.9946264e-14
452.59000,2.6279914e-11,9.9946171e-14
452.60000,2.6274308e-11,9.9911677e-14
452.61000,2.6280482e-11,9.9878819e-14
452.62000,2.6277807e-11,9.9866821e-14
452.63000,2.6251875e-11,9.9804988e-14
452.64000,2.6217205e-11,9.9672743e-14
452.65000,2.6195989e-11,9.9511698e-14
452.66000,2.6195182e-11,9.9403389e-14
452.67000,2.6209282e-11,9.9443166e-14
452.68000,2.6233418e-11,9.9558132e-14
452.69000,2.6257184e-11,9.9562867e-14
452.70000,2.6275629e-11,9.9459057e-14
452.71000,2.6295446e-11,9.9354408e-14
452.72000,2.6317583e-11,9.9311918e-14
452.73000,2.6334854e-11,9.9387830e-14
452.74000,2.6345086e-11,9.9499556e-14
452.75000,2.6345476e-11,9.9440896e-14
452.76000,2.6325498e-11,9.9162286e-14
452.77000,2.6272769e-11,9.8883837e-14
452.78000,2.6188234e-11,9.8761647e-14
452.79000,2.6094168e-11,9.8783583e-14
452.80000,2.6016812e-11,9.8743564e-14
452.81000,2.5964732e-11,9.8461736e-14
452.82000,2.5934772e-11,9.8049152e-14
452.83000,2.5931556e-11,9.7744775e-14
452.84000,2.5960575e-11,9.7713836e-14
452.85000,2.6005854e-11,9.7860941e-14
452.86000,2.6044278e-11,9.8006687e-14
452.87000,2.6065482e-11,9.8119148e-14
452.88000,2.6071364e-11,9.8290055e-14
452.89000,2.6061838e-11,9.8518683e-14
452.90000,2.6035741e-11,9.8621203e-14
452.91000,2.6000632e-11,9.8428852e-14
452.92000,2.5982386e-11,9.8079085e-14
452.93000,2.5999618e-11,9.7861538e-14
452.94000,2.6041261e-11,9.7963242e-14
452.95000,2.6081788e-11,9.8229602e-14
452.96000,2.6112294e-11,9.8376051e-14
452.97000,2.6140596e-11,9.8353717e-14
452.98000,2.6179502e-11,9.8335241e-14
452.99000,2.6227685e-11,9.8447927e-14
453.00000,2.6266846e-11,9.8704948e-14
453.01000,2.6279267e-11,9.9013682e-14
453.02000,2.6264589e-11,9.9116175e-14
453.03000,2.6235430e-11,9.8891909e-14
453.04000,2.6206681e-11,9.8605457e-14
453.05000,2.6179253e-11,9.8560907e-14
453.06000,2.6152458e-11,9.8746798e-14
453.07000,2.6138663e-11,9.8898738e-14
453.08000,2.6148603e-11,9.8871480e-14
453.09000,2.6164800e-11,9.8790498e-14
453.10000,2.6163647e-11,9.8822472e-14
453.11000,2.6147953e-11,9.9145918e-14
453.12000,2.6137606e-11,1.0007285e-13
453.13000,2.6143338e-11,1.0172687e-13
453.14000,2.6162063e-11,1.0276948e-13
453.15000,2.6185129e-11,1.0200461e-13
453.16000,2.6203537e-11,1.0041210e-13
453.17000,2.6207310e-11,9.9332683e-14
453.18000,2.6203452e-11,9.8915038e-14
453.19000,2.6205461e-11,9.8764476e-14
453.20000,2.6206749e-11,9.8684240e-14
453.21000,2.6197578e-11,9.8675955e-14
453.22000,2.6182357e-11,9.8682500e-14
453.23000,2.6168164e-11,9.8620170e-14
453.24000,2.6152312e-11,9.8523431e-14
453.25000,2.6135129e-11,9.8529732e-14
453.26000,2.6125479e-11,9.8663397e-14
453.27000,2.6128466e-11,9.8807799e-14
453.28000,2.6133474e-11,9.8871262e-14
453.29000,2.6115282e-11,9.8839022e-14
453.30000,2.6050185e-11,9.8702605e-14
453.31000,2.5930859e-11,9.8427121e-14
453.32000,2.5764776e-11,9.7997904e-14
453.33000,2.5578467e-11,9.7478039e-14
453.34000,2.5405923e-11,9.6990618e-14
453.35000,2.5285132e-11,9.6726956e-14
453.36000,2.5225255e-11,9.6713786e-14
453.37000,2.5207636e-11,9.6819739e-14
453.38000,2.5203275e-11,9.6903612e-14
453.39000,2.5178150e-11,9.6822951e-14
453.40000,2.5086935e-11,9.6552637e-14
453.41000,2.4927340e-11,9.6225206e-14
453.42000,2.4788519e-11,9.5982175e-14
453.43000,2.4795528e-11,9.6023569e-14
453.44000,2.5013726e-11,9.6639780e-14
453.45000,2.5360799e-11,9.7682993e-14
453.46000,2.5704870e-11,9.8714375e-14
453.47000,2.5939919e-11,9.9465673e-14
453.48000,2.6064970e-11,9.9983536e-14
453.49000,2.6119034e-11,1.0023768e-13
453.50000,2.6143052e-11,1.0023720e-13
453.51000,2.6152515e-11,1.0020806e-13
453.52000,2.6153816e-11,1.0041004e-13
453.53000,2.6153763e-11,1.0076818e-13
453.54000,2.6151418e-11,1.0094275e-13
453.55000,2.6145790e-11,1.0085862e-13
453.56000,2.6143962e-11,1.0076728e-13
453.57000,2.6148885e-11,1.0080594e-13
453.58000,2.6156622e-11,1.0100874e-13
453.59000,2.6169759e-11,1.0144977e-13
453.60000,2.6188418e-11,1.0186123e-13
453.61000,2.6204341e-11,1.0186202e-13
453.62000,2.6207233e-11,1.0145400e-13
453.63000,2.6200476e-11,1.0107819e-13
453.64000,2.6201790e-11,1.0106644e-13
453.65000,2.6217952e-11,1.0132938e-13
453.66000,2.6238769e-11,1.0158240e-13
453.67000,2.6257000e-11,1.0161218e-13
453.68000,2.6270080e-11,1.0147142e-13
453.69000,2.6272097e-11,1.0135437e-13
453.70000,2.6262730e-11,1.0138750e-13
453.71000,2.6247587e-11,1.0150326e-13
453.72000,2.6230753e-11,1.0154965e-13
453.73000,2.6209628e-11,1.0147936e-13
453.74000,2.6183463e-11,1.0141035e-13
453.75000,2.6167311e-11,1.0157392e-13
453.76000,2.6173537e-11,1.0208267e-13
453.77000,2.6195585e-11,1.0270223e-13
453.78000,2.6212995e-11,1.0298969e-13
453.79000,2.6214348e-11,1.0282181e-13
453.80000,2.6204942e-11,1.0260654e-13
453.81000,2.6192404e-11,1.0273300e-13
453.82000,2.6183536e-11,1.0327577e-13
453.83000,2.6187292e-11,1.0384450e-13
453.84000,2.6207720e-11,1.0398138e-13
453.85000,2.6225012e-11,1.0374036e-13
453.86000,2.6217430e-11,1.0349925e-13
453.87000,2.6186021e-11,1.0346726e-13
453.88000,2.6148314e-11,1.0359634e-13
453.89000,2.6105708e-11,1.0379759e-13
453.90000,2.6063044e-11,1.0390348e-13
453.91000,2.6038782e-11,1.0387736e-13
453.92000,2.6045146e-11,1.0390169e-13
453.93000,2.6070990e-11,1.0411501e-13
453.94000,2.6098178e-11,1.0442851e-13
453.95000,2.6111944e-11,1.0464511e-13
453.96000,2.6114144e-11,1.0477038e-13
453.97000,2.6119122e-11,1.0493856e-13
453.98000,2.6131835e-11,1.0511241e-13
453.99000,2.6141556e-11,1.0520096e-13
454.00000,2.6139883e-11,1.0534605e-13
454.01000,2.6133332e-11,1.0561556e-13
454.02000,2.6135824e-11,1.0582812e-13
454.03000,2.6149186e-11,1.0593385e-13
454.04000,2.6152929e-11,1.0605172e-13
454.05000,2.6131597e-11,1.0617282e-13
454.06000,2.6085023e-11,1.0625096e-13
454.07000,2.6018494e-11,1.0626066e-13
454.08000,2.5936231e-11,1.0619108e-13
454.09000,2.5858856e-11,1.0618164e-13
454.10000,2.5803296e-11,1.0628954e-13
454.11000,2.5766613e-11,1.0639326e-13
454.12000,2.5736167e-11,1.0640915e-13
454.13000,2.5702412e-11,1.0637240e-13
454.14000,2.5623834e-11,1.0631629e-13
454.15000,2.5435744e-11,1.0613701e-13
454.16000,2.5137236e-11,1.0574341e-13
454.17000,2.4909066e-11,1.0542293e-13
454.18000,2.4993237e-11,1.0577120e-13
454.19000,2.5414113e-11,1.0702730e-13
454.20000,2.5863924e-11,1.0846347e-13
454.21000,2.6113352e-11,1.0932948e-13
454.22000,2.6200769e-11,1.0963744e-13
454.23000,2.6225460e-11,1.0966391e-13
454.24000,2.6236561e-11,1.0945352e-13
454.25000,2.6248356e-11,1.0905001e-13
454.26000,2.6252118e-11,1.0868634e-13
454.27000,2.6240661e-11,1.0847677e-13
454.28000,2.6223369e-11,1.0826200e-13
454.29000,2.6210692e-11,1.0804375e-13
454.30000,2.6200609e-11,1.0800860e-13
454.31000,2.6191630e-11,1.0812185e-13
454.32000,2.6190998e-11,1.0814892e-13
454.33000,2.6194587e-11,1.0814350e-13
454.34000,2.6192324e-11,1.0836131e-13
454.35000,2.6187695e-11,1.0870914e-13
454.36000,2.6183528e-11,1.0874298e-13
454.37000,2.6170281e-11,1.0846046e-13
454.38000,2.6147151e-11,1.0826600e-13
454.39000,2.6135063e-11,1.0828159e-13
454.40000,2.6145122e-11,1.0823951e-13
454.41000,2.6147729e-11,1.0804334e-13
454.42000,2.6120174e-11,1.0784657e-13
454.43000,2.6075098e-11,1.0760445e-13
454.44000,2.6028852e-11,1.0729422e-13
454.45000,2.5980094e-11,1.0710271e-13
454.46000,2.5933827e-11,1.0695169e-13
454.47000,2.5912789e-11,1.0657386e-13
454.48000,2.5931693e-11,1.0614421e-13
454.49000,2.5966510e-11,1.0590319e-13
454.50000,2.5996378e-11,1.0571855e-13
454.51000,2.6012094e-11,1.0558329e-13
454.52000,2.5997046e-11,1.0556233e-13
454.53000,2.5957571e-11,1.0541712e-13
454.54000,2.5939920e-11,1.0512676e-13
454.55000,2.5963179e-11,1.0493033e-13
454.56000,2.6009323e-11,1.0471924e-13
454.57000,2.6049673e-11,1.0436266e-13
454.58000,2.6068183e-11,1.0399671e-13
454.59000,2.6075226e-11,1.0360751e-13
454.60000,2.6084225e-11,1.0323463e-13
454.61000,2.6085828e-11,1.0299305e-13
454.62000,2.6070438e-11,1.0272852e-13
454.63000,2.6050548e-11,1.0242970e-13
454.64000,2.6042677e-11,1.0219505e-13
454.65000,2.6045477e-11,1.0195448e-13
454.66000,2.6049545e-11,1.0178691e-13
454.67000,2.6051865e-11,1.0168607e-13
454.68000,2.6051831e-11,1.0145891e-13
454.69000,2.6049126e-11,1.0115647e-13
454.70000,2.6038035e-11,1.0081974e-13
454.71000,2.6012215e-11,1.0053325e-13
454.72000,2.5980491e-11,1.0034855e-13
454.73000,2.5965852e-11,1.0014254e-13
454.74000,2.5970490e-11,9.9947472e-14
454.75000,2.5977035e-11,9.9802860e-14
454.76000,2.5976595e-11,9.9714239e-14
454.77000,2.5978318e-11,9.9674607e-14
454.78000,2.5995317e-11,9.9622755e-14
454.79000,2.6023846e-11,9.9599221e-14
454.80000,2.6044742e-11,9.9572425e-14
454.81000,2.6047248e-11,9.9504540e-14
454.82000,2.6037236e-11,9.9391112e-14
454.83000,2.6008922e-11,9.9221317e-14
454.84000,2.5942162e-11,9.9014369e-14
454.85000,2.5811226e-11,9.8700109e-14
454.86000,2.5618823e-11,9.8202465e-14
454.87000,2.5370607e-11,9.7469882e-14
454.88000,2.5097700e-11,9.6638546e-14
454.89000,2.4833059e-11,9.5923068e-14
454.90000,2.4585540e-11,9.5392705e-14
454.91000,2.4317802e-11,9.4738814e-14
454.92000,2.3962025e-11,9.3721491e-14
454.93000,2.3481320e-11,9.2428053e-14
454.94000,2.2894649e-11,9.0856809e-14
454.95000,2.2265513e-11,8.8995151e-14
454.96000,2.1713335e-11,8.7326662e-14
454.97000,2.1589807e-11,8.7156302e-14
454.98000,2.2219860e-11,8.9304288e-14
454.99000,2.3435914e-11,9.2907837e-14
455.00000,2.4662111e-11,9.6099598e-14
455.01000,2.5461590e-11,9.7863073e-14
455.02000,2.5789917e-11,9.8413231e-14
455.03000,2.5895913e-11,9.8576537e-14
455.04000,2.5917358e-11,9.8652744e-14
455.05000,2.5918511e-11,9.8679571e-14
455.06000,2.5910158e-11,9.8668292e-14
455.07000,2.5897257e-11,9.8688721e-14
455.08000,2.5890317e-11,9.8758901e-14
455.09000,2.5898084e-11,9.8812523e-14
455.10000,2.5918900e-11,9.8815053e-14
455.11000,2.5948632e-11,9.8864688e-14
455.12000,2.5976647e-11,9.9120547e-14
455.13000,2.5988173e-11,9.9583349e-14
455.14000,2.5982144e-11,1.0005889e-13
455.15000,2.5973226e-11,1.0025557e-13
455.16000,2.5964832e-11,1.0006981e-13
455.17000,2.5954173e-11,9.9709202e-14
455.18000,2.5944856e-11,9.9529510e-14
455.19000,2.5940622e-11,9.9618039e-14
455.20000,2.5937941e-11,9.9719335e-14
455.21000,2.5931790e-11,9.9708798e-14
455.22000,2.5919048e-11,9.9683485e-14
455.23000,2.5895887e-11,9.9650160e-14
455.24000,2.5853979e-11,9.9514121e-14
455.25000,2.5785029e-11,9.9331344e-14
455.26000,2.5691512e-11,9.9149821e-14
455.27000,2.5602319e-11,9.8941972e-14
455.28000,2.5554798e-11,9.8791898e-14
455.29000,2.5583474e-11,9.8858488e-14
455.30000,2.5667428e-11,9.9115418e-14
455.31000,2.5723538e-11,9.9313527e-14
455.32000,2.5681522e-11,9.9221825e-14
455.33000,2.5560514e-11,9.8883529e-14
455.34000,2.5423806e-11,9.8482791e-14
455.35000,2.5324266e-11,9.8186565e-14
455.36000,2.5271471e-11,9.8053787e-14
455.37000,2.5255695e-11,9.8085424e-14
455.38000,2.5294451e-11,9.8304044e-14
455.39000,2.5388163e-11,9.8620143e-14
455.40000,2.5508973e-11,9.8893472e-14
455.41000,2.5612206e-11,9.9043257e-14
455.42000,2.5668278e-11,9.9115026e-14
455.43000,2.5667069e-11,9.9154305e-14
455.44000,2.5631818e-11,9.9163691e-14
455.45000,2.5599183e-11,9.9150429e-14
455.46000,2.5593034e-11,9.9139034e-14
455.47000,2.5597331e-11,9.9134719e-14
455.48000,2.5573173e-11,9.9098222e-14
455.49000,2.5492526e-11,9.8940965e-14
455.50000,2.5330123e-11,9.8537530e-14
455.51000,2.5108193e-11,9.7921669e-14
455.52000,2.4916146e-11,9.7340511e-14
455.53000,2.4873147e-11,9.7143597e-14
455.54000,2.4962718e-11,9.7336866e-14
455.55000,2.5074748e-11,9.7646397e-14
455.56000,2.5129751e-11,9.7798427e-14
455.57000,2.5089537e-11,9.7615558e-14
455.58000,2.4861034e-11,9.6841219e-14
455.59000,2.4389302e-11,9.5421260e-14
455.60000,2.3775485e-11,9.3723829e-14
455.61000,2.3427229e-11,9.2815062e-14
455.62000,2.3745059e-11,9.3689840e-14
455.63000,2.4533312e-11,9.5787948e-14
455.64000,2.5275189e-11,9.7739972e-14
455.65000,2.5645647e-11,9.8699674e-14
455.66000,2.5751714e-11,9.8977811e-14
455.67000,2.5766764e-11,9.9040757e-14
455.68000,2.5781389e-11,9.9086043e-14
455.69000,2.5803766e-11,9.9086163e-14
455.70000,2.5826411e-11,9.9018999e-14
455.71000,2.5847869e-11,9.8977937e-14
455.72000,2.5866331e-11,9.9054321e-14
455.73000,2.5878492e-11,9.9155957e-14
455.74000,2.5882887e-11,9.9150545e-14
455.75000,2.5880179e-11,9.9060002e-14
455.76000,2.5861172e-11,9.8963665e-14
455.77000,2.5800235e-11,9.8822054e-14
455.78000,2.5680308e-11,9.8521422e-14
455.79000,2.5511897e-11,9.8033216e-14
455.80000,2.5343927e-11,9.7511788e-14
455.81000,2.5214673e-11,9.7125874e-14
455.82000,2.5142354e-11,9.6955905e-14
455.83000,2.5120419e-11,9.6927973e-14
455.84000,2.5120310e-11,9.6896601e-14
455.85000,2.5058576e-11,9.6622371e-14
455.86000,2.4817658e-11,9.5799228e-14
455.87000,2.4382783e-11,9.4465096e-14
455.88000,2.3936943e-11,9.3211597e-14
455.89000,2.3878624e-11,9.3128124e-14
455.90000,2.4344282e-11,9.4472270e-14
455.91000,2.5036067e-11,9.6344512e-14
455.92000,2.5534711e-11,9.7643460e-14
455.93000,2.5762345e-11,9.8240833e-14
455.94000,2.5811113e-11,9.8400041e-14
455.95000,2.5799628e-11,9.8372787e-14
455.96000,2.5770941e-11,9.8224515e-14
455.97000,2.5749101e-11,9.8060102e-14
455.98000,2.5752122e-11,9.7986506e-14
455.99000,2.5774543e-11,9.8041157e-14
456.00000,2.5798778e-11,9.8209999e-14
456.01000,2.5814735e-11,9.8392978e-14
456.02000,2.5822794e-11,9.8442887e-14
456.03000,2.5827661e-11,9.8319451e-14
456.04000,2.5833936e-11,9.8170214e-14
456.05000,2.5839160e-11,9.8125626e-14
456.06000,2.5838525e-11,9.8167963e-14
456.07000,2.5826687e-11,9.8192759e-14
456.08000,2.5802779e-11,9.8134277e-14
456.09000,2.5781092e-11,9.8049452e-14
456.10000,2.5775960e-11,9.8015244e-14
456.11000,2.5783934e-11,9.8027609e-14
456.12000,2.5789997e-11,9.8008749e-14
456.13000,2.5782009e-11,9.7884759e-14
456.14000,2.5765079e-11,9.7689553e-14
456.15000,2.5746512e-11,9.7538609e-14
456.16000,2.5730292e-11,9.7519173e-14
456.17000,2.5723721e-11,9.7606740e-14
456.18000,2.5723044e-11,9.7810500e-14
456.19000,2.5714393e-11,9.8614327e-14
456.20000,2.5700278e-11,1.0070619e-13
456.21000,2.5699282e-11,1.0361438e-13
456.22000,2.5716445e-11,1.0616358e-13
456.23000,2.5730754e-11,1.0790670e-13
456.24000,2.5727318e-11,1.0881293e-13
456.25000,2.5716316e-11,1.0878005e-13
456.26000,2.5705618e-11,1.0791204e-13
456.27000,2.5684502e-11,1.0693053e-13
456.28000,2.5632708e-11,1.0619616e-13
456.29000,2.5528539e-11,1.0557199e-13
456.30000,2.5387362e-11,1.0494648e-13
456.31000,2.5249220e-11,1.0437816e-13
456.32000,2.5148909e-11,1.0396601e-13
456.33000,2.5092902e-11,1.0368787e-13
456.34000,2.5075751e-11,1.0344206e-13
456.35000,2.5077162e-11,1.0316896e-13
456.36000,2.5087844e-11,1.0289957e-13
456.37000,2.5104205e-11,1.0268975e-13
456.38000,2.5119410e-11,1.0257422e-13
456.39000,2.5135276e-11,1.0254034e-13
456.40000,2.5187964e-11,1.0257351e-13
456.41000,2.5317430e-11,1.0270640e-13
456.42000,2.5479372e-11,1.0288281e-13
456.43000,2.5597753e-11,1.0301528e-13
456.44000,2.5650228e-11,1.0311390e-13
456.45000,2.5664048e-11,1.0321017e-13
456.46000,2.5669995e-11,1.0320012e-13
456.47000,2.5674725e-11,1.0299036e-13
456.48000,2.5671780e-11,1.0267612e-13
456.49000,2.5655310e-11,1.0243944e-13
456.50000,2.5621817e-11,1.0229015e-13
456.51000,2.5579972e-11,1.0213807e-13
456.52000,2.5547887e-11,1.0192509e-13
456.53000,2.5532363e-11,1.0165182e-13
456.54000,2.5524914e-11,1.0139721e-13
456.55000,2.5517933e-11,1.0126457e-13
456.56000,2.5502244e-11,1.0119572e-13
456.57000,2.5469114e-11,1.0101837e-13
456.58000,2.5428310e-11,1.0073929e-13
456.59000,2.5414137e-11,1.0057226e-13
456.60000,2.5460545e-11,1.0063944e-13
456.61000,2.5544941e-11,1.0080697e-13
456.62000,2.5619058e-11,1.0090257e-13
456.63000,2.5657990e-11,1.0083317e-13
456.64000,2.5673213e-11,1.0062353e-13
456.65000,2.5686917e-11,1.0043694e-13
456.66000,2.5709750e-11,1.0043901e-13
456.67000,2.5731462e-11,1.0056907e-13
456.68000,2.5737417e-11,1.0054503e-13
456.69000,2.5729824e-11,1.0027874e-13
456.70000,2.5722212e-11,1.0000114e-13
456.71000,2.5714098e-11,9.9908389e-14
456.72000,2.5702880e-11,1.0002510e-13
456.73000,2.5694999e-11,1.0019433e-13
456.74000,2.5690326e-11,1.0017636e-13
456.75000,2.5682479e-11,9.9887073e-14
456.76000,2.5667305e-11,9.9461859e-14
456.77000,2.5638624e-11,9.9120755e-14
456.78000,2.5581867e-11,9.8887374e-14
456.79000,2.5496669e-11,9.8664572e-14
456.80000,2.5420846e-11,9.8474445e-14
456.81000,2.5400247e-11,9.8386311e-14
456.82000,2.5437371e-11,9.8366545e-14
456.83000,2.5500149e-11,9.8379578e-14
456.84000,2.5560961e-11,9.8410799e-14
456.85000,2.5610642e-11,9.8462941e-14
456.86000,2.5640275e-11,9.8579818e-14
456.87000,2.5644200e-11,9.8718579e-14
456.88000,2.5630884e-11,9.8749443e-14
456.89000,2.5619896e-11,9.8671685e-14
456.90000,2.5618757e-11,9.8553667e-14
456.91000,2.5624295e-11,9.8360854e-14
456.92000,2.5629137e-11,9.8111448e-14
456.93000,2.5627026e-11,9.7939619e-14
456.94000,2.5618154e-11,9.7872946e-14
456.95000,2.5605799e-11,9.7819349e-14
456.96000,2.5596578e-11,9.7748309e-14
456.97000,2.5598767e-11,9.7677293e-14
456.98000,2.5613533e-11,9.7620140e-14
456.99000,2.5631213e-11,9.7613949e-14
457.00000,2.5641424e-11,9.7645493e-14
457.01000,2.5641761e-11,9.7623623e-14
457.02000,2.5638320e-11,9.7501405e-14
457.03000,2.5633719e-11,9.7375077e-14
457.04000,2.5622186e-11,9.7364538e-14
457.05000,2.5608089e-11,9.7451980e-14
457.06000,2.5606238e-11,9.7532080e-14
457.07000,2.5613655e-11,9.7508265e-14
457.08000,2.5603198e-11,9.7330521e-14
457.09000,2.5558391e-11,9.7075990e-14
457.10000,2.5482702e-11,9.6858113e-14
457.11000,2.5369547e-11,9.6608261e-14
457.12000,2.5216181e-11,9.6212471e-14
457.13000,2.5056040e-11,9.5772075e-14
457.14000,2.4931325e-11,9.5522017e-14
457.15000,2.4853021e-11,9.5424979e-14
457.16000,2.4821159e-11,9.5260209e-14
457.17000,2.4826953e-11,9.5026712e-14
457.18000,2.4849713e-11,9.4882374e-14
457.19000,2.4841453e-11,9.4861319e-14
457.20000,2.4768444e-11,9.4816287e-14
457.21000,2.4670353e-11,9.4620318e-14
457.22000,2.4679725e-11,9.4505273e-14
457.23000,2.4892127e-11,9.4843937e-14
457.24000,2.5199783e-11,9.5516755e-14
457.25000,2.5436198e-11,9.6124163e-14
457.26000,2.5531494e-11,9.6404798e-14
457.27000,2.5542514e-11,9.6399952e-14
457.28000,2.5531213e-11,9.6250360e-14
457.29000,2.5527255e-11,9.6096642e-14
457.30000,2.5530890e-11,9.6080756e-14
457.31000,2.5537341e-11,9.6272766e-14
457.32000,2.5544476e-11,9.6495610e-14
457.33000,2.5550447e-11,9.6490002e-14
457.34000,2.5553522e-11,9.6321139e-14
457.35000,2.5552042e-11,9.6308506e-14
457.36000,2.5545014e-11,9.6544118e-14
457.37000,2.5534563e-11,9.6755419e-14
457.38000,2.5528888e-11,9.6681844e-14
457.39000,2.5529421e-11,9.6393053e-14
457.40000,2.5527012e-11,9.6115708e-14
457.41000,2.5519391e-11,9.5974007e-14
457.42000,2.5514926e-11,9.5918410e-14
457.43000,2.5512604e-11,9.5859804e-14
457.44000,2.5500100e-11,9.5838796e-14
457.45000,2.5478389e-11,9.5956685e-14
457.46000,2.5462547e-11,9.6203186e-14
457.47000,2.5460589e-11,9.6382167e-14
457.48000,2.5461807e-11,9.6288914e-14
457.49000,2.5454079e-11,9.5929808e-14
457.50000,2.5442758e-11,9.5630831e-14
457.51000,2.5439129e-11,9.5683242e-14
457.52000,2.5440816e-11,9.5949740e-14
457.53000,2.5434581e-11,9.6061480e-14
457.54000,2.5404464e-11,9.5902287e-14
457.55000,2.5341625e-11,9.5820952e-14
457.56000,2.5247769e-11,9.6419318e-14
457.57000,2.5157005e-11,9.7933423e-14
457.58000,2.5103481e-11,9.9382700e-14
457.59000,2.5081000e-11,9.9161623e-14
457.60000,2.5067918e-11,9.7348673e-14
457.61000,2.5037879e-11,9.5706685e-14
457.62000,2.4948374e-11,9.4860029e-14
457.63000,2.4747599e-11,9.4236738e-14
457.64000,2.4455837e-11,9.3419362e-14
457.65000,2.4219654e-11,9.2753244e-14
457.66000,2.4242837e-11,9.2862367e-14
457.67000,2.4587235e-11,9.3894616e-14
457.68000,2.5017155e-11,9.5115347e-14
457.69000,2.5314732e-11,9.5902441e-14
457.70000,2.5438978e-11,9.6206241e-14
457.71000,2.5466091e-11,9.6320403e-14
457.72000,2.5441002e-11,9.6386466e-14
457.73000,2.5402712e-11,9.6409694e-14
457.74000,2.5381049e-11,9.6416604e-14
457.75000,2.5386548e-11,9.6489600e-14
457.76000,2.5405101e-11,9.6618819e-14
457.77000,2.5417299e-11,9.6712362e-14
457.78000,2.5418616e-11,9.6727164e-14
457.79000,2.5412357e-11,9.6683763e-14
457.80000,2.5402811e-11,9.6650003e-14
457.81000,2.5395924e-11,9.6699470e-14
457.82000,2.5396873e-11,9.6836211e-14
457.83000,2.5403892e-11,9.6956191e-14
457.84000,2.5413365e-11,9.6973108e-14
457.85000,2.5416606e-11,9.6945677e-14
457.86000,2.5401444e-11,9.6991595e-14
457.87000,2.5376107e-11,9.7123036e-14
457.88000,2.5360078e-11,9.7225638e-14
457.89000,2.5355798e-11,9.7213828e-14
457.90000,2.5348997e-11,9.7110231e-14
457.91000,2.5323903e-11,9.7028373e-14
457.92000,2.5277966e-11,9.7011675e-14
457.93000,2.5225101e-11,9.7003513e-14
457.94000,2.5166405e-11,9.6922147e-14
457.95000,2.5079521e-11,9.6685280e-14
457.96000,2.4967839e-11,9.6413282e-14
457.97000,2.4881874e-11,9.6317123e-14
457.98000,2.4882934e-11,9.6416980e-14
457.99000,2.4975348e-11,9.6672488e-14
458.00000,2.5078195e-11,9.7001435e-14
458.01000,2.5110823e-11,9.7193204e-14
458.02000,2.5073446e-11,9.7198130e-14
458.03000,2.5049148e-11,9.7282117e-14
458.04000,2.5097200e-11,9.7529657e-14
458.05000,2.5194712e-11,9.7721687e-14
458.06000,2.5288903e-11,9.7859669e-14
458.07000,2.5346124e-11,9.8182372e-14
458.08000,2.5370700e-11,9.8624774e-14
458.09000,2.5381808e-11,9.8792479e-14
458.10000,2.5390802e-11,9.8582243e-14
458.11000,2.5389709e-11,9.8346386e-14
458.12000,2.5381942e-11,9.8452489e-14
458.13000,2.5383567e-11,9.8929046e-14
458.14000,2.5394761e-11,9.9373475e-14
458.15000,2.5401845e-11,9.9421535e-14
458.16000,2.5399631e-11,9.9179301e-14
458.17000,2.5389553e-11,9.8965651e-14
458.18000,2.5363016e-11,9.8809325e-14
458.19000,2.5317374e-11,9.8639345e-14
458.20000,2.5257961e-11,9.8623205e-14
458.21000,2.5193002e-11,9.8979202e-14
458.22000,2.5129040e-11,9.9673441e-14
458.23000,2.5078540e-11,1.0030814e-13
458.24000,2.5052092e-11,1.0048417e-13
458.25000,2.5052517e-11,1.0018651e-13
458.26000,2.5052422e-11,9.9784446e-14
458.27000,2.4992625e-11,9.9392048e-14
458.28000,2.4819820e-11,9.8817561e-14
458.29000,2.4521771e-11,9.7959490e-14
458.30000,2.4206722e-11,9.7171565e-14
458.31000,2.4047582e-11,9.7066381e-14
458.32000,2.4127909e-11,9.7903215e-14
458.33000,2.4310351e-11,9.9081053e-14
458.34000,2.4444722e-11,9.9843632e-14
458.35000,2.4502787e-11,9.9982689e-14
458.36000,2.4469838e-11,9.9560584e-14
458.37000,2.4263925e-11,9.8567692e-14
458.38000,2.3752203e-11,9.6737814e-14
458.39000,2.2926274e-11,9.4167298e-14
458.40000,2.2171221e-11,9.2006153e-14
458.41000,2.2145146e-11,9.2189754e-14
458.42000,2.2964743e-11,9.5064591e-14
458.43000,2.4098752e-11,9.8883296e-14
458.44000,2.4916694e-11,1.0142295e-13
458.45000,2.5272235e-11,1.0222205e-13
458.46000,2.5383032e-11,1.0236457e-13
458.47000,2.5402381e-11,1.0259005e-13
458.48000,2.5394434e-11,1.0294214e-13
458.49000,2.5385106e-11,1.0313765e-13
458.50000,2.5385822e-11,1.0309300e-13
458.51000,2.5393769e-11,1.0312283e-13
458.52000,2.5395463e-11,1.0339991e-13
458.53000,2.5380829e-11,1.0365804e-13
458.54000,2.5358032e-11,1.0371350e-13
458.55000,2.5345192e-11,1.0379467e-13
458.56000,2.5345151e-11,1.0408861e-13
458.57000,2.5344012e-11,1.0439807e-13
458.58000,2.5332582e-11,1.0453856e-13
458.59000,2.5323286e-11,1.0464500e-13
458.60000,2.5330881e-11,1.0485675e-13
458.61000,2.5348580e-11,1.0517302e-13
458.62000,2.5354589e-11,1.0546868e-13
458.63000,2.5340216e-11,1.0556456e-13
458.64000,2.5319954e-11,1.0550508e-13
458.65000,2.5316685e-11,1.0553394e-13
458.66000,2.5335353e-11,1.0573018e-13
458.67000,2.5355843e-11,1.0595402e-13
458.68000,2.5367593e-11,1.0610485e-13
458.69000,2.5382003e-11,1.0621788e-13
458.70000,2.5405799e-11,1.0625633e-13
458.71000,2.5416381e-11,1.0596663e-13
458.72000,2.5381630e-11,1.0529516e-13
458.73000,2.5288188e-11,1.0455987e-13
458.74000,2.5162459e-11,1.0411451e-13
458.75000,2.5024456e-11,1.0391364e-13
458.76000,2.4891245e-11,1.0364604e-13
458.77000,2.4798955e-11,1.0324043e-13
458.78000,2.4773193e-11,1.0295381e-13
458.79000,2.4788227e-11,1.0300389e-13
458.80000,2.4760821e-11,1.0325297e-13
458.81000,2.4612424e-11,1.0316667e-13
458.82000,2.4309793e-11,1.0223652e-13
458.83000,2.3954749e-11,1.0087268e-13
458.84000,2.3783109e-11,1.0028542e-13
458.85000,2.3978017e-11,1.0119053e-13
458.86000,2.4490851e-11,1.0306752e-13
458.87000,2.4993007e-11,1.0449292e-13
458.88000,2.5266531e-11,1.0491148e-13
458.89000,2.5310624e-11,1.0482350e-13
458.90000,2.5263835e-11,1.0480767e-13
458.91000,2.5205380e-11,1.0470788e-13
458.92000,2.5136501e-11,1.0417892e-13
458.93000,2.5046948e-11,1.0345674e-13
458.94000,2.4973281e-11,1.0316090e-13
458.95000,2.4952655e-11,1.0338837e-13
458.96000,2.4966790e-11,1.0353381e-13
458.97000,2.4977698e-11,1.0324871e-13
458.98000,2.4970210e-11,1.0288678e-13
458.99000,2.4950279e-11,1.0276523e-13
459.00000,2.4919012e-11,1.0248703e-13
459.01000,2.4899671e-11,1.0181298e-13
459.02000,2.4935687e-11,1.0140203e-13
459.03000,2.5021998e-11,1.0163174e-13
459.04000,2.5112516e-11,1.0183804e-13
459.05000,2.5175040e-11,1.0147818e-13
459.06000,2.5215256e-11,1.0105168e-13
459.07000,2.5239030e-11,1.0100358e-13
459.08000,2.5245218e-11,1.0088220e-13
459.09000,2.5234183e-11,1.0044475e-13
459.10000,2.5210438e-11,1.0012887e-13
459.11000,2.5164558e-11,9.9869111e-14
459.12000,2.5093536e-11,9.9279757e-14
459.13000,2.5014982e-11,9.8701178e-14
459.14000,2.4956407e-11,9.8509439e-14
459.15000,2.4929572e-11,9.8291323e-14
459.16000,2.4927829e-11,9.7898806e-14
459.17000,2.4933585e-11,9.7739220e-14
459.18000,2.4932786e-11,9.7652996e-14
459.19000,2.4909876e-11,9.7301106e-14
459.20000,2.4837811e-11,9.6884447e-14
459.21000,2.4721653e-11,9.6437511e-14
459.22000,2.4621468e-11,9.5939589e-14
459.23000,2.4625148e-11,9.5831466e-14
459.24000,2.4768442e-11,9.6157317e-14
459.25000,2.4973890e-11,9.6480696e-14
459.26000,2.5140808e-11,9.6805139e-14
459.27000,2.5231257e-11,9.7035534e-14
459.28000,2.5266006e-11,9.6971345e-14
459.29000,2.5264664e-11,9.6827087e-14
459.30000,2.5249565e-11,9.6688362e-14
459.31000,2.5228023e-11,9.6525293e-14
459.32000,2.5201097e-11,9.6463091e-14
459.33000,2.5176276e-11,9.6369911e-14
459.34000,2.5169354e-11,9.6235746e-14
459.35000,2.5175032e-11,9.6176605e-14
459.36000,2.5166816e-11,9.6067456e-14
459.37000,2.5137664e-11,9.5949539e-14
459.38000,2.5107876e-11,9.5863121e-14
459.39000,2.5097691e-11,9.5794580e-14
459.40000,2.5112561e-11,9.5853103e-14
459.41000,2.5145954e-11,9.5984386e-14
459.42000,2.5190792e-11,9.6155073e-14
459.43000,2.5228529e-11,9.6324926e-14
459.44000,2.5239322e-11,9.6394531e-14
459.45000,2.5214783e-11,9.6369871e-14
459.46000,2.5174967e-11,9.6306233e-14
459.47000,2.5150001e-11,9.6254728e-14
459.48000,2.5153590e-11,9.6252113e-14
459.49000,2.5168496e-11,9.6414765e-14
459.50000,2.5164170e-11,9.6636949e-14
459.51000,2.5136254e-11,9.6554062e-14
459.52000,2.5100539e-11,9.6163730e-14
459.53000,2.5068045e-11,9.5876926e-14
459.54000,2.5041070e-11,9.6027983e-14
459.55000,2.5018001e-11,9.6399055e-14
459.56000,2.4999486e-11,9.6541598e-14
459.57000,2.4986149e-11,9.6289335e-14
459.58000,2.4967010e-11,9.5791874e-14
459.59000,2.4915725e-11,9.5288879e-14
459.60000,2.4802346e-11,9.4786116e-14
459.61000,2.4630046e-11,9.4246793e-14
459.62000,2.4492575e-11,9.3850932e-14
459.63000,2.4533763e-11,9.3982569e-14
459.64000,2.4749773e-11,9.4602086e-14
459.65000,2.4996119e-11,9.5309850e-14
459.66000,2.5146715e-11,9.5848302e-14
459.67000,2.5189051e-11,9.6296355e-14
459.68000,2.5178456e-11,9.6720504e-14
459.69000,2.5153495e-11,9.7006212e-14
459.70000,2.5136082e-11,9.6999039e-14
459.71000,2.5134660e-11,9.6757135e-14
459.72000,2.5142907e-11,9.6502641e-14
459.73000,2.5145419e-11,9.6445162e-14
459.74000,2.5135355e-11,9.6567834e-14
459.75000,2.5120079e-11,9.6632972e-14
459.76000,2.5104501e-11,9.6534554e-14
459.77000,2.5088334e-11,9.6437553e-14
459.78000,2.5072262e-11,9.6461817e-14
459.79000,2.5060160e-11,9.6508579e-14
459.80000,2.5053018e-11,9.6508267e-14
459.81000,2.5046337e-11,9.6487163e-14
459.82000,2.5036011e-11,9.6431981e-14
459.83000,2.5020318e-11,9.6361491e-14
459.84000,2.4996308e-11,9.6329197e-14
459.85000,2.4948218e-11,9.6267461e-14
459.86000,2.4873427e-11,9.6090440e-14
459.87000,2.4816939e-11,9.5894373e-14
459.88000,2.4838985e-11,9.5922522e-14
459.89000,2.4936127e-11,9.6250770e-14
459.90000,2.5045187e-11,9.6683952e-14
459.91000,2.5112776e-11,9.6951588e-14
459.92000,2.5128710e-11,9.6955594e-14
459.93000,2.5116265e-11,9.6841615e-14
459.94000,2.5092702e-11,9.6752764e-14
459.95000,2.5071624e-11,9.6728320e-14
459.96000,2.5059793e-11,9.6739607e-14
459.97000,2.5047900e-11,9.6712792e-14
459.98000,2.5025450e-11,9.6588601e-14
459.99000,2.5004638e-11,9.6405917e-14
460.00000,2.5001879e-11,9.6266058e-14
460.01000,2.5012670e-11,9.6259849e-14
460.02000,2.5020379e-11,9.6345348e-14
460.03000,2.5017393e-11,9.6393321e-14
460.04000,2.5010695e-11,9.6328650e-14
460.05000,2.5010759e-11,9.6202305e-14
460.06000,2.5019603e-11,9.6127266e-14
460.07000,2.5033173e-11,9.6154897e-14
460.08000,2.5046029e-11,9.6218327e-14
460.09000,2.5053982e-11,9.6226863e-14
460.10000,2.5056721e-11,9.6177697e-14
460.11000,2.5055796e-11,9.6141446e-14
460.12000,2.5045911e-11,9.6143975e-14
460.13000,2.5023634e-11,9.6136978e-14
460.14000,2.4991535e-11,9.6059658e-14
460.15000,2.4961758e-11,9.5935570e-14
460.16000,2.4951750e-11,9.5847772e-14
460.17000,2.4967622e-11,9.5841285e-14
460.18000,2.4995364e-11,9.5895257e-14
460.19000,2.5009899e-11,9.5937261e-14
460.20000,2.5001028e-11,9.5881150e-14
460.21000,2.4971088e-11,9.5677060e-14
460.22000,2.4932669e-11,9.5413366e-14
460.23000,2.4906961e-11,9.5270162e-14
460.24000,2.4914226e-11,9.5347581e-14
460.25000,2.4953248e-11,9.5555828e-14
460.26000,2.4989680e-11,9.5678096e-14
460.27000,2.4998132e-11,9.5625858e-14
460.28000,2.4985253e-11,9.5503571e-14
460.29000,2.4971144e-11,9.5440566e-14
460.30000,2.4970890e-11,9.5471083e-14
460.31000,2.4979253e-11,9.5510322e-14
460.32000,2.4984886e-11,9.5474169e-14
460.33000,2.4988571e-11,9.5399391e-14
460.34000,2.4995403e-11,9.5366626e-14
460.35000,2.5005736e-11,9.5404613e-14
460.36000,2.5014459e-11,9.5468568e-14
460.37000,2.5016566e-11,9.5481268e-14
460.38000,2.5013717e-11,9.5406019e-14
460.39000,2.5012078e-11,9.5293683e-14
460.40000,2.5011066e-11,9.5235167e-14
460.41000,2.5003764e-11,9.5283475e-14
460.42000,2.4984941e-11,9.5358488e-14
460.43000,2.4957609e-11,9.5338657e-14
460.44000,2.4933667e-11,9.5215423e-14
460.45000,2.4914928e-11,9.5037535e-14
460.46000,2.4892177e-11,9.4883343e-14
460.47000,2.4865678e-11,9.4832182e-14
460.48000,2.4847405e-11,9.4860442e-14
460.49000,2.4846903e-11,9.4881397e-14
460.50000,2.4863136e-11,9.4841037e-14
460.51000,2.4891774e-11,9.4785324e-14
460.52000,2.4920351e-11,9.4777254e-14
460.53000,2.4932465e-11,9.4783548e-14
460.54000,2.4924926e-11,9.4754517e-14
460.55000,2.4914750e-11,9.4718735e-14
460.56000,2.4917888e-11,9.4713148e-14
460.57000,2.4933351e-11,9.4728546e-14
460.58000,2.4947601e-11,9.4745254e-14
460.59000,2.4945375e-11,9.4726475e-14
460.60000,2.4923838e-11,9.4622703e-14
460.61000,2.4903651e-11,9.4455588e-14
460.62000,2.4905122e-11,9.4308357e-14
460.63000,2.4928515e-11,9.4260469e-14
460.64000,2.4956780e-11,9.4341510e-14
460.65000,2.4980869e-11,9.4665826e-14
460.66000,2.4999129e-11,9.5537313e-14
460.67000,2.5001652e-11,9.7487690e-14
460.68000,2.4982932e-11,1.0019661e-13
460.69000,2.4952480e-11,1.0250520e-13
460.70000,2.4926751e-11,1.0367522e-13
460.71000,2.4909989e-11,1.0382449e-13
460.72000,2.4899283e-11,1.0357632e-13
460.73000,2.4900012e-11,1.0331185e-13
460.74000,2.4911026e-11,1.0320379e-13
460.75000,2.4914535e-11,1.0321435e-13
460.76000,2.4901044e-11,1.0319355e-13
460.77000,2.4889373e-11,1.0306790e-13
460.78000,2.4896070e-11,1.0285159e-13
460.79000,2.4914541e-11,1.0261680e-13
460.80000,2.4930723e-11,1.0244775e-13
460.81000,2.4930712e-11,1.0233666e-13
460.82000,2.4911746e-11,1.0219807e-13
460.83000,2.4894913e-11,1.0202892e-13
460.84000,2.4898479e-11,1.0193628e-13
460.85000,2.4916567e-11,1.0198856e-13
460.86000,2.4933769e-11,1.0210545e-13
460.87000,2.4936281e-11,1.0202819e-13
460.88000,2.4928708e-11,1.0166664e-13
460.89000,2.4930828e-11,1.0122202e-13
460.90000,2.4945289e-11,1.0090800e-13
460.91000,2.4950383e-11,1.0075031e-13
460.92000,2.4936657e-11,1.0065289e-13
460.93000,2.4916973e-11,1.0052835e-13
460.94000,2.4905191e-11,1.0040110e-13
460.95000,2.4903085e-11,1.0034833e-13
460.96000,2.4901588e-11,1.0028874e-13
460.97000,2.4892077e-11,1.0014064e-13
460.98000,2.4880203e-11,9.9974516e-14
460.99000,2.4877161e-11,9.9819315e-14
461.00000,2.4884867e-11,9.9599265e-14
461.01000,2.4899651e-11,9.9323987e-14
461.02000,2.4918923e-11,9.9097885e-14
461.03000,2.4931831e-11,9.8943268e-14
461.04000,2.4921558e-11,9.8745851e-14
461.05000,2.4885071e-11,9.8420919e-14
461.06000,2.4836118e-11,9.8040881e-14
461.07000,2.4798572e-11,9.7780457e-14
461.08000,2.4783460e-11,9.7715530e-14
461.09000,2.4782892e-11,9.7730393e-14
461.10000,2.4788303e-11,9.7709897e-14
461.11000,2.4799938e-11,9.7642370e-14
461.12000,2.4823226e-11,9.7592574e-14
461.13000,2.4858774e-11,9.7626530e-14
461.14000,2.4892520e-11,9.7712782e-14
461.15000,2.4908234e-11,9.7716409e-14
461.16000,2.4904530e-11,9.7541652e-14
461.17000,2.4888092e-11,9.7245831e-14
461.18000,2.4872796e-11,9.7030273e-14
461.19000,2.4867770e-11,9.6977763e-14
461.20000,2.4868147e-11,9.6936608e-14
461.21000,2.4862485e-11,9.6776889e-14
461.22000,2.4847140e-11,9.6527770e-14
461.23000,2.4832719e-11,9.6326053e-14
461.24000,2.4830061e-11,9.6284567e-14
461.25000,2.4836852e-11,9.6320766e-14
461.26000,2.4847412e-11,9.6271216e-14
461.27000,2.4861002e-11,9.6145852e-14
461.28000,2.4876754e-11,9.6047232e-14
461.29000,2.4884531e-11,9.5976989e-14
461.30000,2.4876469e-11,9.5908496e-14
461.31000,2.4863205e-11,9.5856636e-14
461.32000,2.4861977e-11,9.5813990e-14
461.33000,2.4877871e-11,9.5747414e-14
461.34000,2.4900338e-11,9.5713911e-14
461.35000,2.4907748e-11,9.5812523e-14
461.36000,2.4887860e-11,9.5930806e-14
461.37000,2.4850062e-11,9.5827980e-14
461.38000,2.4819847e-11,9.5478609e-14
461.39000,2.4812385e-11,9.5056424e-14
461.40000,2.4821374e-11,9.4795810e-14
461.41000,2.4839868e-11,9.4754629e-14
461.42000,2.4862848e-11,9.4729441e-14
461.43000,2.4885713e-11,9.4593606e-14
461.44000,2.4902927e-11,9.4448581e-14
461.45000,2.4900471e-11,9.4409625e-14
461.46000,2.4868153e-11,9.4442579e-14
461.47000,2.4821118e-11,9.4444667e-14
461.48000,2.4796564e-11,9.4366433e-14
461.49000,2.4809051e-11,9.4249801e-14
461.50000,2.4840319e-11,9.4149267e-14
461.51000,2.4861278e-11,9.4076299e-14
461.52000,2.4860763e-11,9.3979480e-14
461.53000,2.4849902e-11,9.3819770e-14
461.54000,2.4844541e-11,9.3656916e-14
461.55000,2.4846322e-11,9.3591122e-14
461.56000,2.4836752e-11,9.3658879e-14
461.57000,2.4797025e-11,9.3750751e-14
461.58000,2.4723180e-11,9.3680462e-14
461.59000,2.4638496e-11,9.3412180e-14
461.60000,2.4574441e-11,9.3130261e-14
461.61000,2.4549914e-11,9.2976388e-14
461.62000,2.4548263e-11,9.2888242e-14
461.63000,2.4544489e-11,9.2782944e-14
461.64000,2.4531592e-11,9.2672689e-14
461.65000,2.4514024e-11,9.2618401e-14
461.66000,2.4482914e-11,9.2574062e-14
461.67000,2.4423437e-11,9.2393737e-14
461.68000,2.4371711e-11,9.2162364e-14
461.69000,2.4407261e-11,9.2230515e-14
461.70000,2.4537711e-11,9.2670829e-14
461.71000,2.4685724e-11,9.3158309e-14
461.72000,2.4776095e-11,9.3393369e-14
461.73000,2.4805171e-11,9.3377113e-14
461.74000,2.4812335e-11,9.3254271e-14
461.75000,2.4819627e-11,9.3145779e-14
461.76000,2.4830806e-11,9.3129549e-14
461.77000,2.4832296e-11,9.3127945e-14
461.78000,2.4794731e-11,9.3010681e-14
461.79000,2.4710550e-11,9.2725798e-14
461.80000,2.4601078e-11,9.2292412e-14
461.81000,2.4505455e-11,9.1866818e-14
461.82000,2.4443970e-11,9.1609001e-14
461.83000,2.4406586e-11,9.1519764e-14
461.84000,2.4379148e-11,9.1494905e-14
461.85000,2.4349655e-11,9.1430182e-14
461.86000,2.4304270e-11,9.1297702e-14
461.87000,2.4215538e-11,9.1086743e-14
461.88000,2.4042337e-11,9.0730437e-14
461.89000,2.3800423e-11,9.0204231e-14
461.90000,2.3636715e-11,8.9772613e-14
461.91000,2.3745319e-11,8.9920822e-14
461.92000,2.4090159e-11,9.0700260e-14
461.93000,2.4455125e-11,9.1690758e-14
461.94000,2.4662171e-11,9.2370678e-14
461.95000,2.4696624e-11,9.2560303e-14
461.96000,2.4655508e-11,9.2437026e-14
461.97000,2.4593829e-11,9.2146675e-14
461.98000,2.4536064e-11,9.1902205e-14
461.99000,2.4492323e-11,9.1857009e-14
462.00000,2.4466640e-11,9.1888318e-14
462.01000,2.4462830e-11,9.1811651e-14
462.02000,2.4474976e-11,9.1665077e-14
462.03000,2.4481728e-11,9.1606798e-14
462.04000,2.4444503e-11,9.1641373e-14
462.05000,2.4340068e-11,9.1593025e-14
462.06000,2.4182488e-11,9.1351204e-14
462.07000,2.4068330e-11,9.1139714e-14
462.08000,2.4128749e-11,9.1468303e-14
462.09000,2.4348467e-11,9.2631799e-14
462.10000,2.4581366e-11,9.4526484e-14
462.11000,2.4706957e-11,9.6148614e-14
462.12000,2.4721216e-11,9.6102786e-14
462.13000,2.4676304e-11,9.4566428e-14
462.14000,2.4571624e-11,9.2892137e-14
462.15000,2.4408767e-11,9.1886142e-14
462.16000,2.4228255e-11,9.1417410e-14
462.17000,2.4095797e-11,9.1166251e-14
462.18000,2.4030759e-11,9.1006713e-14
462.19000,2.4027486e-11,9.0999381e-14
462.20000,2.4104284e-11,9.1297333e-14
462.21000,2.4282759e-11,9.1868554e-14
462.22000,2.4496085e-11,9.2414379e-14
462.23000,2.4661700e-11,9.2816227e-14
462.24000,2.4757745e-11,9.3150622e-14
462.25000,2.4798628e-11,9.3363628e-14
462.26000,2.4812567e-11,9.3390981e-14
462.27000,2.4811013e-11,9.3277867e-14
462.28000,2.4802155e-11,9.3188024e-14
462.29000,2.4792199e-11,9.3265258e-14
462.30000,2.4789365e-11,9.3461556e-14
462.31000,2.4796708e-11,9.3591556e-14
462.32000,2.4807095e-11,9.3569828e-14
462.33000,2.4815098e-11,9.3518734e-14
462.34000,2.4817888e-11,9.3577719e-14
462.35000,2.4813153e-11,9.3706455e-14
462.36000,2.4804053e-11,9.3774017e-14
462.37000,2.4801047e-11,9.3749454e-14
462.38000,2.4807260e-11,9.3708232e-14
462.39000,2.4810452e-11,9.3721989e-14
462.40000,2.4801094e-11,9.3779997e-14
462.41000,2.4780918e-11,9.3787395e-14
462.42000,2.4749326e-11,9.3697824e-14
462.43000,2.4715636e-11,9.3635559e-14
462.44000,2.4696733e-11,9.3748898e-14
462.45000,2.4693993e-11,9.3969527e-14
462.46000,2.4698511e-11,9.4110826e-14
462.47000,2.4705575e-11,9.4118556e-14
462.48000,2.4716102e-11,9.4094241e-14
462.49000,2.4724429e-11,9.4140862e-14
462.50000,2.4721835e-11,9.4236495e-14
462.51000,2.4710814e-11,9.4279384e-14
462.52000,2.4702110e-11,9.4243251e-14
462.53000,2.4702113e-11,9.4239001e-14
462.54000,2.4707557e-11,9.4357899e-14
462.55000,2.4702718e-11,9.4531365e-14
462.56000,2.4675279e-11,9.4598329e-14
462.57000,2.4640296e-11,9.4528980e-14
462.58000,2.4623005e-11,9.4485535e-14
462.59000,2.4610625e-11,9.4573673e-14
462.60000,2.4573130e-11,9.4754299e-14
462.61000,2.4530482e-11,9.4893683e-14
462.62000,2.4541913e-11,9.4890945e-14
462.63000,2.4620332e-11,9.4872201e-14
462.64000,2.4702841e-11,9.4977785e-14
462.65000,2.4748957e-11,9.5136534e-14
462.66000,2.4767769e-11,9.5306134e-14
462.67000,2.4781954e-11,9.5468946e-14
462.68000,2.4793619e-11,9.5523525e-14
462.69000,2.4794063e-11,9.5536920e-14
462.70000,2.4781833e-11,9.5754035e-14
462.71000,2.4767806e-11,9.6115194e-14
462.72000,2.4758137e-11,9.6257308e-14
462.73000,2.4749569e-11,9.6121504e-14
462.74000,2.4739327e-11,9.6072285e-14
462.75000,2.4728929e-11,9.6290609e-14
462.76000,2.4719739e-11,9.6455382e-14
462.77000,2.4712441e-11,9.6293328e-14
462.78000,2.4707084e-11,9.6018235e-14
462.79000,2.4702590e-11,9.6023436e-14
462.80000,2.4699224e-11,9.6454221e-14
462.81000,2.4694547e-11,9.7007501e-14
462.82000,2.4681218e-11,9.7185051e-14
462.83000,2.4649287e-11,9.6841870e-14
462.84000,2.4580455e-11,9.6325563e-14
462.85000,2.4464234e-11,9.5979202e-14
462.86000,2.4320948e-11,9.5708490e-14
462.87000,2.4174077e-11,9.5308561e-14
462.88000,2.4040662e-11,9.4886766e-14
462.89000,2.3941364e-11,9.4754906e-14
462.90000,2.3894399e-11,9.5025129e-14
462.91000,2.3895271e-11,9.5551453e-14
462.92000,2.3851725e-11,9.5888025e-14
462.93000,2.3604042e-11,9.5527049e-14
462.94000,2.3130215e-11,9.4481172e-14
462.95000,2.2667351e-11,9.3434550e-14
462.96000,2.2624036e-11,9.3441433e-14
462.97000,2.3176895e-11,9.4938193e-14
462.98000,2.3925894e-11,9.6938682e-14
462.99000,2.4450951e-11,9.8344943e-14
463.00000,2.4685647e-11,9.8882536e-14
463.01000,2.4755950e-11,9.8920675e-14
463.02000,2.4752636e-11,9.8893212e-14
463.03000,2.4731064e-11,9.8987373e-14
463.04000,2.4707426e-11,9.9146377e-14
463.05000,2.4685328e-11,9.9348887e-14
463.06000,2.4671562e-11,9.9729585e-14
463.07000,2.4671118e-11,1.0025405e-13
463.08000,2.4686387e-11,1.0062132e-13
463.09000,2.4712545e-11,1.0068253e-13
463.10000,2.4739301e-11,1.0062638e-13
463.11000,2.4754809e-11,1.0068629e-13
463.12000,2.4758816e-11,1.0093457e-13
463.13000,2.4760738e-11,1.0129321e-13
463.14000,2.4756477e-11,1.0152458e-13
463.15000,2.4733839e-11,1.0149309e-13
463.16000,2.4696284e-11,1.0138883e-13
463.17000,2.4669096e-11,1.0146532e-13
463.18000,2.4663886e-11,1.0167781e-13
463.19000,2.4661000e-11,1.0182522e-13
463.20000,2.4642732e-11,1.0190425e-13
463.21000,2.4621505e-11,1.0202477e-13
463.22000,2.4621535e-11,1.0219167e-13
463.23000,2.4641779e-11,1.0242092e-13
463.24000,2.4663134e-11,1.0274528e-13
463.25000,2.4680068e-11,1.0308476e-13
463.26000,2.4690911e-11,1.0339158e-13
463.27000,2.4691689e-11,1.0368724e-13
463.28000,2.4693000e-11,1.0377751e-13
463.29000,2.4703065e-11,1.0337333e-13
463.30000,2.4705059e-11,1.0255893e-13
463.31000,2.4674353e-11,1.0164885e-13
463.32000,2.4609211e-11,1.0104766e-13
463.33000,2.4515225e-11,1.0090094e-13
463.34000,2.4414811e-11,1.0094840e-13
463.35000,2.4339302e-11,1.0094846e-13
463.36000,2.4300567e-11,1.0083170e-13
463.37000,2.4282036e-11,1.0063481e-13
463.38000,2.4260167e-11,1.0039018e-13
463.39000,2.4229050e-11,1.0007502e-13
463.40000,2.4165101e-11,9.9687131e-14
463.41000,2.4026689e-11,9.9321826e-14
463.42000,2.3848701e-11,9.9243962e-14
463.43000,2.3773012e-11,9.9664898e-14
463.44000,2.3913077e-11,1.0050489e-13
463.45000,2.4167091e-11,1.0120056e-13
463.46000,2.4362915e-11,1.0129869e-13
463.47000,2.4435685e-11,1.0103850e-13
463.48000,2.4411755e-11,1.0087424e-13
463.49000,2.4360108e-11,1.0098673e-13
463.50000,2.4320918e-11,1.0124016e-13
463.51000,2.4275406e-11,1.0126508e-13
463.52000,2.4146692e-11,1.0059646e-13
463.53000,2.3885116e-11,9.9145130e-14
463.54000,2.3519919e-11,9.7343120e-14
463.55000,2.3238036e-11,9.6247275e-14
463.56000,2.3279949e-11,9.6783507e-14
463.57000,2.3631674e-11,9.8399116e-14
463.58000,2.4065628e-11,9.9636464e-14
463.59000,2.4350949e-11,9.9642757e-14
463.60000,2.4452585e-11,9.8961478e-14
463.61000,2.4482066e-11,9.8751791e-14
463.62000,2.4512840e-11,9.9203680e-14
463.63000,2.4559287e-11,9.9376087e-14
463.64000,2.4601777e-11,9.8671042e-14
463.65000,2.4622679e-11,9.7720276e-14
463.66000,2.4624758e-11,9.7495229e-14
463.67000,2.4621975e-11,9.7988516e-14
463.68000,2.4626122e-11,9.8143638e-14
463.69000,2.4633638e-11,9.7367824e-14
463.70000,2.4635993e-11,9.6462013e-14
463.71000,2.4636098e-11,9.6384700e-14
463.72000,2.4640060e-11,9.6754012e-14
463.73000,2.4642536e-11,9.6516470e-14
463.74000,2.4635536e-11,9.5707437e-14
463.75000,2.4621356e-11,9.5347565e-14
463.76000,2.4609099e-11,9.5610290e-14
463.77000,2.4601856e-11,9.5559023e-14
463.78000,2.4597607e-11,9.4940614e-14
463.79000,2.4583077e-11,9.4601755e-14
463.80000,2.4534707e-11,9.4742712e-14
463.81000,2.4440061e-11,9.4486871e-14
463.82000,2.4337220e-11,9.3677213e-14
463.83000,2.4298143e-11,9.3286360e-14
463.84000,2.4354852e-11,9.3587501e-14
463.85000,2.4468341e-11,9.3799194e-14
463.86000,2.4560464e-11,9.3701858e-14
463.87000,2.4602887e-11,9.3783368e-14
463.88000,2.4617243e-11,9.3877350e-14
463.89000,2.4616641e-11,9.3623226e-14
463.90000,2.4599538e-11,9.3512362e-14
463.91000,2.4577885e-11,9.3696048e-14
463.92000,2.4573182e-11,9.3594962e-14
463.93000,2.4586591e-11,9.3311335e-14
463.94000,2.4603988e-11,9.3333850e-14
463.95000,2.4616195e-11,9.3344044e-14
463.96000,2.4625575e-11,9.3159221e-14
463.97000,2.4636907e-11,9.3194922e-14
463.98000,2.4641415e-11,9.3284884e-14
463.99000,2.4626861e-11,9.3132428e-14
464.00000,2.4601444e-11,9.3080841e-14
464.01000,2.4589180e-11,9.3138109e-14
464.02000,2.4595935e-11,9.3104161e-14
464.03000,2.4605206e-11,9.3192779e-14
464.04000,2.4606232e-11,9.3272320e-14
464.05000,2.4599727e-11,9.3127270e-14
464.06000,2.4583993e-11,9.3013051e-14
464.07000,2.4559246e-11,9.2978969e-14
464.08000,2.4530417e-11,9.2963301e-14
464.09000,2.4504648e-11,9.3032931e-14
464.10000,2.4497239e-11,9.3050787e-14
464.11000,2.4524239e-11,9.3036848e-14
464.12000,2.4574746e-11,9.3139902e-14
464.13000,2.4608161e-11,9.3259042e-14
464.14000,2.4611682e-11,9.3326670e-14
464.15000,2.4601232e-11,9.3275759e-14
464.16000,2.4590609e-11,9.3252924e-14
464.17000,2.4582217e-11,9.3449704e-14
464.18000,2.4574851e-11,9.3588777e-14
464.19000,2.4562841e-11,9.3451458e-14
464.20000,2.4544641e-11,9.3156397e-14
464.21000,2.4532966e-11,9.2917619e-14
464.22000,2.4541405e-11,9.2893948e-14
464.23000,2.4567959e-11,9.3043369e-14
464.24000,2.4591629e-11,9.3307356e-14
464.25000,2.4594956e-11,9.3635645e-14
464.26000,2.4579605e-11,9.3938226e-14
464.27000,2.4556175e-11,9.4115153e-14
464.28000,2.4538206e-11,9.4106990e-14
464.29000,2.4523979e-11,9.3949761e-14
464.30000,2.4497563e-11,9.3687109e-14
464.31000,2.4459599e-11,9.3380993e-14
464.32000,2.4434072e-11,9.3106162e-14
464.33000,2.4434765e-11,9.2938636e-14
464.34000,2.4449301e-11,9.2947984e-14
464.35000,2.4467105e-11,9.3185900e-14
464.36000,2.4486167e-11,9.3549460e-14
464.37000,2.4505346e-11,9.3826964e-14
464.38000,2.4519506e-11,9.3877737e-14
464.39000,2.4527197e-11,9.3758510e-14
464.40000,2.4534324e-11,9.3681647e-14
464.41000,2.4539003e-11,9.3677969e-14
464.42000,2.4534532e-11,9.3661856e-14
464.43000,2.4524622e-11,9.3669283e-14
464.44000,2.4520157e-11,9.3736163e-14
464.45000,2.4523184e-11,9.3748326e-14
464.46000,2.4525877e-11,9.3673444e-14
464.47000,2.4522877e-11,9.3612251e-14
464.48000,2.4519429e-11,9.3635143e-14
464.49000,2.4523543e-11,9.3740080e-14
464.50000,2.4534037e-11,9.3872529e-14
464.51000,2.4536356e-11,9.3927537e-14
464.52000,2.4519027e-11,9.3839231e-14
464.53000,2.4493998e-11,9.3678194e-14
464.54000,2.4478264e-11,9.3574322e-14
464.55000,2.4470951e-11,9.3561961e-14
464.56000,2.4459486e-11,9.3556864e-14
464.57000,2.4442736e-11,9.3482115e-14
464.58000,2.4434117e-11,9.3353151e-14
464.59000,2.4437700e-11,9.3248120e-14
464.60000,2.4444101e-11,9.3231054e-14
464.61000,2.4446186e-11,9.3268882e-14
464.62000,2.4447506e-11,9.3271504e-14
464.63000,2.4452762e-11,9.3214893e-14
464.64000,2.4457816e-11,9.3143907e-14
464.65000,2.4452228e-11,9.3101853e-14
464.66000,2.4432650e-11,9.3113741e-14
464.67000,2.4410348e-11,9.3154347e-14
464.68000,2.4393347e-11,9.3140996e-14
464.69000,2.4380964e-11,9.3030141e-14
464.70000,2.4374577e-11,9.2871440e-14
464.71000,2.4377129e-11,9.2771908e-14
464.72000,2.4393118e-11,9.2816272e-14
464.73000,2.4421100e-11,9.2960541e-14
464.74000,2.4449140e-11,9.3055423e-14
464.75000,2.4459432e-11,9.2996424e-14
464.76000,2.4447368e-11,9.2838536e-14
464.77000,2.4428446e-11,9.2739375e-14
464.78000,2.4411740e-11,9.2759378e-14
464.79000,2.4391941e-11,9.2779156e-14
464.80000,2.4363123e-11,9.2661451e-14
464.81000,2.4330642e-11,9.2439767e-14
464.82000,2.4303954e-11,9.2275562e-14
464.83000,2.4291892e-11,9.2262104e-14
464.84000,2.4297956e-11,9.2329087e-14
464.85000,2.4319971e-11,9.2367596e-14
464.86000,2.4346434e-11,9.2336874e-14
464.87000,2.4366597e-11,9.2262733e-14
464.88000,2.4375189e-11,9.2210946e-14
464.89000,2.4370644e-11,9.2231718e-14
464.90000,2.4358599e-11,9.2286673e-14
464.91000,2.4345607e-11,9.2308655e-14
464.92000,2.4338307e-11,9.2307954e-14
464.93000,2.4341751e-11,9.2338414e-14
464.94000,2.4353377e-11,9.2393010e-14
464.95000,2.4370679e-11,9.2420530e-14
464.96000,2.4389152e-11,9.2391531e-14
464.97000,2.4401648e-11,9.2297998e-14
464.98000,2.4408080e-11,9.2171427e-14
464.99000,2.4412687e-11,9.2065148e-14
465.00000,2.4416096e-11,9.2031182e-14
465.01000,2.4418104e-11,9.2089974e-14
465.02000,2.4420505e-11,9.2180040e-14
465.03000,2.4420814e-11,9.2211868e-14
465.04000,2.4415305e-11,9.2138427e-14
465.05000,2.4403876e-11,9.1993859e-14
465.06000,2.4392786e-11,9.1893263e-14
465.07000,2.4388486e-11,9.1869619e-14
465.08000,2.4387782e-11,9.1829762e-14
465.09000,2.4382273e-11,9.1733220e-14
465.10000,2.4367235e-11,9.1646139e-14
465.11000,2.4345786e-11,9.1616724e-14
465.12000,2.4334219e-11,9.1623660e-14
465.13000,2.4345438e-11,9.1628553e-14
465.14000,2.4366821e-11,9.1606106e-14
465.15000,2.4378806e-11,9.1549993e-14
465.16000,2.4377763e-11,9.1475135e-14
465.17000,2.4375895e-11,9.1445827e-14
465.18000,2.4385398e-11,9.1506537e-14
465.19000,2.4403738e-11,9.1582119e-14
465.20000,2.4421386e-11,9.1599643e-14
465.21000,2.4437650e-11,9.1729446e-14
465.22000,2.4448357e-11,9.2422836e-14
465.23000,2.4437752e-11,9.4209002e-14
465.24000,2.4401534e-11,9.6910921e-14
465.25000,2.4365946e-11,9.9322230e-14
465.26000,2.4357152e-11,1.0054808e-13
465.27000,2.4367267e-11,1.0092761e-13
465.28000,2.4375415e-11,1.0099920e-13
465.29000,2.4372189e-11,1.0098504e-13
465.30000,2.4358176e-11,1.0078440e-13
465.31000,2.4341389e-11,1.0041192e-13
465.32000,2.4335018e-11,1.0006659e-13
465.33000,2.4344332e-11,9.9900365e-14
465.34000,2.4361901e-11,9.9878307e-14
465.35000,2.4375676e-11,9.9857944e-14
465.36000,2.4378897e-11,9.9798295e-14
465.37000,2.4369902e-11,9.9781436e-14
465.38000,2.4342824e-11,9.9794093e-14
465.39000,2.4297573e-11,9.9636730e-14
465.40000,2.4247754e-11,9.9236627e-14
465.41000,2.4215041e-11,9.8832577e-14
465.42000,2.4207460e-11,9.8607620e-14
465.43000,2.4211673e-11,9.8532352e-14
465.44000,2.4218335e-11,9.8602138e-14
465.45000,2.4225065e-11,9.8780735e-14
465.46000,2.4225936e-11,9.8824834e-14
465.47000,2.4219590e-11,9.8556692e-14
465.48000,2.4219377e-11,9.8135144e-14
465.49000,2.4235155e-11,9.7817009e-14
465.50000,2.4260373e-11,9.7672522e-14
465.51000,2.4279303e-11,9.7593280e-14
465.52000,2.4283326e-11,9.7406685e-14
465.53000,2.4278554e-11,9.7065436e-14
465.54000,2.4273521e-11,9.6697525e-14
465.55000,2.4268721e-11,9.6451292e-14
465.56000,2.4259044e-11,9.6356465e-14
465.57000,2.4248064e-11,9.6307567e-14
465.58000,2.4244841e-11,9.6209603e-14
465.59000,2.4247265e-11,9.6055013e-14
465.60000,2.4241040e-11,9.5874303e-14
465.61000,2.4214999e-11,9.5705178e-14
465.62000,2.4169942e-11,9.5563974e-14
465.63000,2.4118825e-11,9.5401140e-14
465.64000,2.4071517e-11,9.5166771e-14
465.65000,2.4038672e-11,9.4905743e-14
465.66000,2.4028020e-11,9.4697476e-14
465.67000,2.4023166e-11,9.4550329e-14
465.68000,2.3991732e-11,9.4365773e-14
465.69000,2.3918285e-11,9.4065411e-14
465.70000,2.3825871e-11,9.3714717e-14
465.71000,2.3771396e-11,9.3461193e-14
465.72000,2.3807305e-11,9.3436546e-14
465.73000,2.3928070e-11,9.3669892e-14
465.74000,2.4081890e-11,9.4080206e-14
465.75000,2.4199478e-11,9.4443107e-14
465.76000,2.4258404e-11,9.4552005e-14
465.77000,2.4283009e-11,9.4395248e-14
465.78000,2.4290968e-11,9.4111795e-14
465.79000,2.4291001e-11,9.3835674e-14
465.80000,2.4283088e-11,9.3561114e-14
465.81000,2.4275570e-11,9.3310222e-14
465.82000,2.4281204e-11,9.3167405e-14
465.83000,2.4294366e-11,9.3120322e-14
465.84000,2.4296738e-11,9.3084864e-14
465.85000,2.4283062e-11,9.3007868e-14
465.86000,2.4262471e-11,9.2911697e-14
465.87000,2.4248438e-11,9.2857837e-14
465.88000,2.4247609e-11,9.2884777e-14
465.89000,2.4252752e-11,9.2919564e-14
465.90000,2.4253487e-11,9.2814066e-14
465.91000,2.4247151e-11,9.2543287e-14
465.92000,2.4237391e-11,9.2227674e-14
465.93000,2.4228912e-11,9.2006653e-14
465.94000,2.4224354e-11,9.1947743e-14
465.95000,2.4222343e-11,9.1988403e-14
465.96000,2.4218319e-11,9.1983193e-14
465.97000,2.4209646e-11,9.1843021e-14
465.98000,2.4195323e-11,9.1603366e-14
465.99000,2.4177444e-11,9.1393898e-14
466.00000,2.4165894e-11,9.1303903e-14
466.01000,2.4168517e-11,9.1266626e-14
466.02000,2.4181458e-11,9.1208607e-14
466.03000,2.4202963e-11,9.1208530e-14
466.04000,2.4227525e-11,9.1285097e-14
466.05000,2.4236471e-11,9.1300771e-14
466.06000,2.4217340e-11,9.1165637e-14
466.07000,2.4180120e-11,9.0918912e-14
466.08000,2.4151563e-11,9.0659231e-14
466.09000,2.4143750e-11,9.0471464e-14
466.10000,2.4143752e-11,9.0423800e-14
466.11000,2.4138537e-11,9.0521894e-14
466.12000,2.4130915e-11,9.0628838e-14
466.13000,2.4133543e-11,9.0593183e-14
466.14000,2.4147986e-11,9.0424585e-14
466.15000,2.4162103e-11,9.0280383e-14
466.16000,2.4167048e-11,9.0274867e-14
466.17000,2.4163474e-11,9.0374767e-14
466.18000,2.4155092e-11,9.0514919e-14
466.19000,2.4147876e-11,9.0692428e-14
466.20000,2.4148216e-11,9.0836263e-14
466.21000,2.4149546e-11,9.0836019e-14
466.22000,2.4137965e-11,9.0690730e-14
466.23000,2.4113476e-11,9.0443901e-14
466.24000,2.4089522e-11,9.0167961e-14
466.25000,2.4071136e-11,8.9954038e-14
466.26000,2.4053443e-11,8.9879551e-14
466.27000,2.4028184e-11,8.9920360e-14
466.28000,2.3978181e-11,8.9870752e-14
466.29000,2.3856313e-11,8.9455910e-14
466.30000,2.3612041e-11,8.8577848e-14
466.31000,2.3212084e-11,8.7309303e-14
466.32000,2.2783171e-11,8.6114656e-14
466.33000,2.2610114e-11,8.5708266e-14
466.34000,2.2833219e-11,8.6278448e-14
466.35000,2.3307801e-11,8.7363067e-14
466.36000,2.3713914e-11,8.8275836e-14
466.37000,2.3898457e-11,8.8774205e-14
466.38000,2.3926067e-11,8.8924263e-14
466.39000,2.3899547e-11,8.8821493e-14
466.40000,2.3911272e-11,8.8798756e-14
466.41000,2.3983513e-11,8.9156685e-14
466.42000,2.4062604e-11,8.9693680e-14
466.43000,2.4097801e-11,8.9922174e-14
466.44000,2.4095740e-11,8.9733732e-14
466.45000,2.4088059e-11,8.9459203e-14
466.46000,2.4090138e-11,8.9368332e-14
466.47000,2.4093994e-11,8.9397727e-14
466.48000,2.4091196e-11,8.9415536e-14
466.49000,2.4079629e-11,8.9363035e-14
466.50000,2.4066800e-11,8.9207242e-14
466.51000,2.4067109e-11,8.9036899e-14
466.52000,2.4081216e-11,8.9028845e-14
466.53000,2.4093223e-11,8.9190289e-14
466.54000,2.4088082e-11,8.9339722e-14
466.55000,2.4059302e-11,8.9388090e-14
466.56000,2.4008681e-11,8.9330257e-14
466.57000,2.3938940e-11,8.9106636e-14
466.58000,2.3870060e-11,8.8792064e-14
466.59000,2.3828001e-11,8.8563218e-14
466.60000,2.3815861e-11,8.8465085e-14
466.61000,2.3821688e-11,8.8451700e-14
466.62000,2.3827125e-11,8.8495991e-14
466.63000,2.3817861e-11,8.8568570e-14
466.64000,2.3793111e-11,8.8568134e-14
466.65000,2.3758677e-11,8.8412207e-14
466.66000,2.3708410e-11,8.8133446e-14
466.67000,2.3608912e-11,8.7761253e-14
466.68000,2.3449889e-11,8.7343151e-14
466.69000,2.3287991e-11,8.7016578e-14
466.70000,2.3240168e-11,8.7070538e-14
466.71000,2.3382400e-11,8.7961280e-14
466.72000,2.3612988e-11,8.9815320e-14
466.73000,2.3791195e-11,9.2082360e-14
466.74000,2.3879110e-11,9.3205741e-14
466.75000,2.3910924e-11,9.2206116e-14
466.76000,2.3927879e-11,9.0384714e-14
466.77000,2.3941032e-11,8.9221952e-14
466.78000,2.3951529e-11,8.8938337e-14
466.79000,2.3959070e-11,8.9152916e-14
466.80000,2.3964869e-11,8.9386119e-14
466.81000,2.3972678e-11,8.9411892e-14
466.82000,2.3986164e-11,8.9311486e-14
466.83000,2.4003487e-11,8.9260482e-14
466.84000,2.4017807e-11,8.9300631e-14
466.85000,2.4020562e-11,8.9328264e-14
466.86000,2.4004596e-11,8.9281228e-14
466.87000,2.3967441e-11,8.9225861e-14
466.88000,2.3927513e-11,8.9240875e-14
466.89000,2.3910424e-11,8.9291723e-14
466.90000,2.3916602e-11,8.9242191e-14
466.91000,2.3925822e-11,8.9028224e-14
466.92000,2.3924554e-11,8.8810654e-14
466.93000,2.3915968e-11,8.8793939e-14
466.94000,2.3907064e-11,8.8960373e-14
466.95000,2.3898162e-11,8.9121246e-14
466.96000,2.3888611e-11,8.9151579e-14
466.97000,2.3884180e-11,8.9136475e-14
466.98000,2.3886933e-11,8.9199547e-14
466.99000,2.3890702e-11,8.9323663e-14
467.00000,2.3888540e-11,8.9394840e-14
467.01000,2.3871601e-11,8.9313948e-14
467.02000,2.3837251e-11,8.9145002e-14
467.03000,2.3795998e-11,8.9096216e-14
467.04000,2.3769318e-11,8.9292494e-14
467.05000,2.3773583e-11,8.9630799e-14
467.06000,2.3806908e-11,8.9875156e-14
467.07000,2.3855684e-11,8.9974580e-14
467.08000,2.3906691e-11,9.0032829e-14
467.09000,2.3948154e-11,9.0093152e-14
467.10000,2.3975822e-11,9.0145125e-14
467.11000,2.3991336e-11,9.0189533e-14
467.12000,2.3992325e-11,9.0197049e-14
467.13000,2.3982443e-11,9.0180107e-14
467.14000,2.3968851e-11,9.0207057e-14
467.15000,2.3960204e-11,9.0291352e-14
467.16000,2.3957617e-11,9.0391938e-14
467.17000,2.3955300e-11,9.0525498e-14
467.18000,2.3955577e-11,9.0764190e-14
467.19000,2.3962623e-11,9.1025342e-14
467.20000,2.3969260e-11,9.1130282e-14
467.21000,2.3963623e-11,9.1072231e-14
467.22000,2.3944033e-11,9.0992619e-14
467.23000,2.3922408e-11,9.1052764e-14
467.24000,2.3908216e-11,9.1270757e-14
467.25000,2.3899802e-11,9.1437019e-14
467.26000,2.3890682e-11,9.1391916e-14
467.27000,2.3881266e-11,9.1233650e-14
467.28000,2.3876510e-11,9.1112052e-14
467.29000,2.3871070e-11,9.1121214e-14
467.30000,2.3851636e-11,9.1222732e-14
467.31000,2.3809286e-11,9.1234953e-14
467.32000,2.3743784e-11,9.1086431e-14
467.33000,2.3670591e-11,9.0904790e-14
467.34000,2.3602976e-11,9.0789849e-14
467.35000,2.3557351e-11,9.0717643e-14
467.36000,2.3560867e-11,9.0706660e-14
467.37000,2.3612712e-11,9.0818859e-14
467.38000,2.3687247e-11,9.1046707e-14
467.39000,2.3754342e-11,9.1366336e-14
467.40000,2.3805781e-11,9.1749091e-14
467.41000,2.3845882e-11,9.2008855e-14
467.42000,2.3875464e-11,9.2089315e-14
467.43000,2.3896547e-11,9.2225129e-14
467.44000,2.3915888e-11,9.2535200e-14
467.45000,2.3941555e-11,9.2883875e-14
467.46000,2.3967412e-11,9.3163482e-14
467.47000,2.3978378e-11,9.3350023e-14
467.48000,2.3972411e-11,9.3405396e-14
467.49000,2.3968419e-11,9.3376641e-14
467.50000,2.3974869e-11,9.3365106e-14
467.51000,2.3977118e-11,9.3427089e-14
467.52000,2.3966931e-11,9.3549077e-14
467.53000,2.3957174e-11,9.3616037e-14
467.54000,2.3953432e-11,9.3546435e-14
467.55000,2.3947669e-11,9.3438212e-14
467.56000,2.3945587e-11,9.3410370e-14
467.57000,2.3960829e-11,9.3585821e-14
467.58000,2.3987044e-11,9.4099854e-14
467.59000,2.4000845e-11,9.4706978e-14
467.60000,2.3994512e-11,9.4906947e-14
467.61000,2.3983032e-11,9.4599581e-14
467.62000,2.3976892e-11,9.4140512e-14
467.63000,2.3971437e-11,9.3951426e-14
467.64000,2.3960035e-11,9.4164728e-14
467.65000,2.3948901e-11,9.4545704e-14
467.66000,2.3944291e-11,9.4788905e-14
467.67000,2.3938772e-11,9.4798056e-14
467.68000,2.3927841e-11,9.4703214e-14
467.69000,2.3919918e-11,9.4684024e-14
467.70000,2.3921489e-11,9.4779318e-14
467.71000,2.3923637e-11,9.4917596e-14
467.72000,2.3913123e-11,9.5086815e-14
467.73000,2.3895514e-11,9.5323355e-14
467.74000,2.3887215e-11,9.5580772e-14
467.75000,2.3890093e-11,9.5701262e-14
467.76000,2.3895266e-11,9.5638308e-14
467.77000,2.3896852e-11,9.5630196e-14
467.78000,2.3891923e-11,9.5960995e-14
467.79000,2.3878380e-11,9.6620031e-14
467.80000,2.3859308e-11,9.7225911e-14
467.81000,2.3841978e-11,9.7342651e-14
467.82000,2.3830217e-11,9.7039672e-14
467.83000,2.3820819e-11,9.6741759e-14
467.84000,2.3809065e-11,9.6735983e-14
467.85000,2.3793978e-11,9.6985374e-14
467.86000,2.3780749e-11,9.7337588e-14
467.87000,2.3782477e-11,9.7669953e-14
467.88000,2.3803228e-11,9.7860628e-14
467.89000,2.3829224e-11,9.7940900e-14
467.90000,2.3840940e-11,9.8069204e-14
467.91000,2.3830143e-11,9.8270382e-14
467.92000,2.3801875e-11,9.8410700e-14
467.93000,2.3766652e-11,9.8459027e-14
467.94000,2.3747921e-11,9.8587071e-14
467.95000,2.3766822e-11,9.8847983e-14
467.96000,2.3812917e-11,9.9026836e-14
467.97000,2.3864475e-11,9.8933510e-14
467.98000,2.3904792e-11,9.8595490e-14
467.99000,2.3922443e-11,9.8059897e-14
468.00000,2.3918264e-11,9.7512571e-14
468.01000,2.3900499e-11,9.7190338e-14
468.02000,2.3880454e-11,9.7065959e-14
468.03000,2.3870760e-11,9.6985961e-14
468.04000,2.3879881e-11,9.6894538e-14
468.05000,2.3903088e-11,9.6819699e-14
468.06000,2.3916686e-11,9.6788918e-14
468.07000,2.3898738e-11,9.6802817e-14
468.08000,2.3862994e-11,9.6836371e-14
468.09000,2.3836723e-11,9.6927273e-14
468.10000,2.3835158e-11,9.7123111e-14
468.11000,2.3864793e-11,9.7472306e-14
468.12000,2.3905900e-11,9.7941403e-14
468.13000,2.3923324e-11,9.8395858e-14
468.14000,2.3906371e-11,9.8701452e-14
468.15000,2.3868261e-11,9.8830295e-14
468.16000,2.3825405e-11,9.8815679e-14
468.17000,2.3787005e-11,9.8589474e-14
468.18000,2.3755189e-11,9.8095341e-14
468.19000,2.3726557e-11,9.7325028e-14
468.20000,2.3707555e-11,9.6498182e-14
468.21000,2.3701099e-11,9.5906248e-14
468.22000,2.3693994e-11,9.5639139e-14
468.23000,2.3698805e-11,9.5709896e-14
468.24000,2.3732773e-11,9.6144475e-14
468.25000,2.3767045e-11,9.6866999e-14
468.26000,2.3770777e-11,9.7564613e-14
468.27000,2.3769096e-11,9.7765836e-14
468.28000,2.3792953e-11,9.7137576e-14
468.29000,2.3834398e-11,9.5927148e-14
468.30000,2.3864888e-11,9.4581044e-14
468.31000,2.3860583e-11,9.3614445e-14
468.32000,2.3828492e-11,9.3538373e-14
468.33000,2.3811058e-11,9.4299754e-14
468.34000,2.3829418e-11,9.5245680e-14
468.35000,2.3854011e-11,9.5454985e-14
468.36000,2.3857531e-11,9.4471166e-14
468.37000,2.3850368e-11,9.2886854e-14
468.38000,2.3849666e-11,9.1709411e-14
468.39000,2.3861284e-11,9.1655763e-14
468.40000,2.3888850e-11,9.2733920e-14
468.41000,2.3920529e-11,9.3800574e-14
468.42000,2.3933855e-11,9.3565344e-14
468.43000,2.3926713e-11,9.2164502e-14
468.44000,2.3912766e-11,9.0893502e-14
468.45000,2.3899324e-11,9.0818803e-14
468.46000,2.3881981e-11,9.1760968e-14
468.47000,2.3860445e-11,9.2373673e-14
468.48000,2.3838335e-11,9.1661702e-14
468.49000,2.3820159e-11,9.0276419e-14
468.50000,2.3814514e-11,8.9649659e-14
468.51000,2.3820933e-11,9.0217231e-14
468.52000,2.3825178e-11,9.0981448e-14
468.53000,2.3816603e-11,9.0752619e-14
468.54000,2.3801559e-11,8.9716533e-14
468.55000,2.3792855e-11,8.9198570e-14
468.56000,2.3794556e-11,8.9733005e-14
468.57000,2.3801858e-11,9.0259299e-14
468.58000,2.3807182e-11,8.9845940e-14
468.59000,2.3804188e-11,8.9069779e-14
468.60000,2.3797033e-11,8.9019404e-14
468.61000,2.3796084e-11,8.9559753e-14
468.62000,2.3799885e-11,8.9570768e-14
468.63000,2.3794259e-11,8.8950806e-14
468.64000,2.3776939e-11,8.8768834e-14
468.65000,2.3764622e-11,8.9240334e-14
468.66000,2.3772121e-11,8.9346651e-14
468.67000,2.3797582e-11,8.8893239e-14
468.68000,2.3819604e-11,8.8884222e-14
468.69000,2.3819363e-11,8.9424085e-14
468.70000,2.3802352e-11,8.9468862e-14
468.71000,2.3784477e-11,8.9000782e-14
468.72000,2.3775099e-11,8.9025519e-14
468.73000,2.3770227e-11,8.9418305e-14
468.74000,2.3763354e-11,8.9328963e-14
468.75000,2.3760930e-11,8.9108209e-14
468.76000,2.3768925e-11,8.9329605e-14
468.77000,2.3778473e-11,8.9443894e-14
468.78000,2.3775292e-11,8.9200491e-14
468.79000,2.3758261e-11,8.9204840e-14
468.80000,2.3743035e-11,8.9387618e-14
468.81000,2.3740966e-11,8.9305699e-14
468.82000,2.3746670e-11,8.9300061e-14
468.83000,2.3750447e-11,8.9491460e-14
468.84000,2.3749874e-11,8.9446677e-14
468.85000,2.3748584e-11,8.9413798e-14
468.86000,2.3745332e-11,8.9636618e-14
468.87000,2.3729808e-11,8.9631819e-14
468.88000,2.3704043e-11,8.9483512e-14
468.89000,2.3687535e-11,8.9612384e-14
468.90000,2.3694131e-11,8.9779796e-14
468.91000,2.3714482e-11,8.9743957e-14
468.92000,2.3733370e-11,8.9594709e-14
468.93000,2.3744438e-11,8.9407970e-14
468.94000,2.3746910e-11,8.9482140e-14
468.95000,2.3740750e-11,8.9825191e-14
468.96000,2.3724300e-11,9.0046535e-14
468.97000,2.3703437e-11,9.0093958e-14
468.98000,2.3690783e-11,8.9968410e-14
468.99000,2.3693060e-11,8.9727734e-14
469.00000,2.3708043e-11,8.9593861e-14
469.01000,2.3726262e-11,8.9514881e-14
469.02000,2.3736684e-11,8.9508505e-14
469.03000,2.3733721e-11,8.9643049e-14
469.04000,2.3720610e-11,8.9834759e-14
469.05000,2.3707661e-11,9.0058629e-14
469.06000,2.3701354e-11,9.0190560e-14
469.07000,2.3700068e-11,9.0161765e-14
469.08000,2.3700587e-11,8.9971085e-14
469.09000,2.3701313e-11,8.9670823e-14
469.10000,2.3699867e-11,8.9455989e-14
469.11000,2.3695370e-11,8.9412219e-14
469.12000,2.3689342e-11,8.9498612e-14
469.13000,2.3680415e-11,8.9511117e-14
469.14000,2.3666891e-11,8.9363995e-14
469.15000,2.3654628e-11,8.9255852e-14
469.16000,2.3650441e-11,8.9283106e-14
469.17000,2.3656780e-11,8.9347412e-14
469.18000,2.3672932e-11,8.9354606e-14
469.19000,2.3696914e-11,8.9367842e-14
469.20000,2.3721419e-11,8.9434250e-14
469.21000,2.3742555e-11,8.9529802e-14
469.22000,2.3755327e-11,8.9571659e-14
469.23000,2.3751084e-11,8.9483215e-14
469.24000,2.3737408e-11,8.9362268e-14
469.25000,2.3726992e-11,8.9331620e-14
469.26000,2.3719076e-11,8.9392376e-14
469.27000,2.3708797e-11,8.9454357e-14
469.28000,2.3703349e-11,8.9472971e-14
469.29000,2.3712190e-11,8.9471063e-14
469.30000,2.3724126e-11,8.9449514e-14
469.31000,2.3717154e-11,8.9360288e-14
469.32000,2.3688603e-11,8.9218377e-14
469.33000,2.3652117e-11,8.9069890e-14
469.34000,2.3621670e-11,8.8955347e-14
469.35000,2.3604177e-11,8.8895187e-14
469.36000,2.3601744e-11,8.8887283e-14
469.37000,2.3613574e-11,8.8945024e-14
469.38000,2.3631354e-11,8.9062234e-14
469.39000,2.3645368e-11,8.9168313e-14
469.40000,2.3647514e-11,8.9162300e-14
469.41000,2.3641787e-11,8.9054415e-14
469.42000,2.3638001e-11,8.8964213e-14
469.43000,2.3633370e-11,8.8952346e-14
469.44000,2.3620083e-11,8.8953631e-14
469.45000,2.3604327e-11,8.8901543e-14
469.46000,2.3596297e-11,8.8818633e-14
469.47000,2.3597750e-11,8.8768408e-14
469.48000,2.3603825e-11,8.8787981e-14
469.49000,2.3606670e-11,8.8856478e-14
469.50000,2.3603135e-11,8.8906323e-14
469.51000,2.3597512e-11,8.8874079e-14
469.52000,2.3597984e-11,8.8778674e-14
469.53000,2.3606118e-11,8.8708438e-14
469.54000,2.3614035e-11,8.8710670e-14
469.55000,2.3614757e-11,8.8741915e-14
469.56000,2.3607558e-11,8.8720470e-14
469.57000,2.3597119e-11,8.8620635e-14
469.58000,2.3589271e-11,8.8498385e-14
469.59000,2.3586746e-11,8.8438766e-14
469.60000,2.3589639e-11,8.8483005e-14
469.61000,2.3595842e-11,8.8575817e-14
469.62000,2.3599744e-11,8.8619284e-14
469.63000,2.3596110e-11,8.8554310e-14
469.64000,2.3587591e-11,8.8424996e-14
469.65000,2.3579443e-11,8.8324349e-14
469.66000,2.3572792e-11,8.8293541e-14
469.67000,2.3564606e-11,8.8288299e-14
469.68000,2.3554218e-11,8.8245342e-14
469.69000,2.3547654e-11,8.8153151e-14
469.70000,2.3551134e-11,8.8056196e-14
469.71000,2.3561966e-11,8.8017995e-14
469.72000,2.3564246e-11,8.8019220e-14
469.73000,2.3547089e-11,8.7954520e-14
469.74000,2.3524981e-11,8.7816788e-14
469.75000,2.3513175e-11,8.7716935e-14
469.76000,2.3507053e-11,8.7720400e-14
469.77000,2.3499913e-11,8.7783433e-14
469.78000,2.3497320e-11,8.7810310e-14
469.79000,2.3508971e-11,8.7782797e-14
469.80000,2.3532229e-11,8.7768500e-14
469.81000,2.3560899e-11,8.7814963e-14
469.82000,2.3591538e-11,8.7914658e-14
469.83000,2.3621275e-11,8.8051360e-14
469.84000,2.3642411e-11,8.8198257e-14
469.85000,2.3648679e-11,8.8366876e-14
469.86000,2.3641491e-11,8.8717993e-14
469.87000,2.3624870e-11,8.9550098e-14
469.88000,2.3587079e-11,9.1244975e-14
469.89000,2.3523768e-11,9.3542578e-14
469.90000,2.3455322e-11,9.5552108e-14
469.91000,2.3413191e-11,9.6622366e-14
469.92000,2.3412566e-11,9.6862763e-14
469.93000,2.3434671e-11,9.6867809e-14
469.94000,2.3450858e-11,9.6896572e-14
469.95000,2.3449129e-11,9.6911039e-14
469.96000,2.3439248e-11,9.6800859e-14
469.97000,2.3435793e-11,9.6630793e-14
469.98000,2.3445559e-11,9.6579714e-14
469.99000,2.3465297e-11,9.6676841e-14
470.00000,2.3484972e-11,9.6737427e-14
470.01000,2.3492220e-11,9.6573875e-14
470.02000,2.3485038e-11,9.6209195e-14
470.03000,2.3473627e-11,9.5840713e-14
470.04000,2.3465975e-11,9.5601556e-14
470.05000,2.3461605e-11,9.5506437e-14
470.06000,2.3456827e-11,9.5467690e-14
470.07000,2.3451260e-11,9.5341113e-14
470.08000,2.3442692e-11,9.5024594e-14
470.09000,2.3426198e-11,9.4594998e-14
470.10000,2.3407124e-11,9.4276318e-14
470.11000,2.3396762e-11,9.4193968e-14
470.12000,2.3398191e-11,9.4271748e-14
470.13000,2.3409059e-11,9.4433153e-14
470.14000,2.3422489e-11,9.4657037e-14
470.15000,2.3433245e-11,9.4989952e-14
470.16000,2.3444377e-11,9.5302560e-14
470.17000,2.3458102e-11,9.5226734e-14
470.18000,2.3463612e-11,9.4729911e-14
470.19000,2.3448862e-11,9.4096505e-14
470.20000,2.3418460e-11,9.3528299e-14
470.21000,2.3375612e-11,9.3057707e-14
470.22000,2.3317396e-11,9.2682272e-14
470.23000,2.3247990e-11,9.2377050e-14
470.24000,2.3186220e-11,9.2142736e-14
470.25000,2.3147716e-11,9.1961381e-14
470.26000,2.3128275e-11,9.1773388e-14
470.27000,2.3113753e-11,9.1578452e-14
470.28000,2.3110985e-11,9.1471101e-14
470.29000,2.3127688e-11,9.1464821e-14
470.30000,2.3149941e-11,9.1500164e-14
470.31000,2.3161685e-11,9.1563819e-14
470.32000,2.3180999e-11,9.1712945e-14
470.33000,2.3229138e-11,9.1885586e-14
470.34000,2.3292965e-11,9.1891025e-14
470.35000,2.3345743e-11,9.1672894e-14
470.36000,2.3383744e-11,9.1358023e-14
470.37000,2.3413857e-11,9.1117186e-14
470.38000,2.3432887e-11,9.1013801e-14
470.39000,2.3439174e-11,9.0998776e-14
470.40000,2.3437874e-11,9.0975104e-14
470.41000,2.3434670e-11,9.0900939e-14
470.42000,2.3433850e-11,9.0818327e-14
470.43000,2.3436752e-11,9.0786909e-14
470.44000,2.3442057e-11,9.0827155e-14
470.45000,2.3441520e-11,9.0863517e-14
470.46000,2.3422133e-11,9.0798830e-14
470.47000,2.3390086e-11,9.0634793e-14
470.48000,2.3374390e-11,9.0440267e-14
470.49000,2.3383273e-11,9.0263402e-14
470.50000,2.3396376e-11,9.0093931e-14
470.51000,2.3403597e-11,8.9861050e-14
470.52000,2.3410604e-11,8.9588850e-14
470.53000,2.3421879e-11,8.9401134e-14
470.54000,2.3432593e-11,8.9379155e-14
470.55000,2.3436000e-11,8.9575263e-14
470.56000,2.3432988e-11,8.9923681e-14
470.57000,2.3430434e-11,9.0176159e-14
470.58000,2.3431693e-11,9.0105625e-14
470.59000,2.3432910e-11,8.9818689e-14
470.60000,2.3431259e-11,8.9474476e-14
470.61000,2.3430240e-11,8.9132643e-14
470.62000,2.3429876e-11,8.8829091e-14
470.63000,2.3421833e-11,8.8634260e-14
470.64000,2.3398615e-11,8.8651956e-14
470.65000,2.3365418e-11,8.8864494e-14
470.66000,2.3334107e-11,8.9016670e-14
470.67000,2.3313384e-11,8.8804513e-14
470.68000,2.3302934e-11,8.8315450e-14
470.69000,2.3300245e-11,8.7970735e-14
470.70000,2.3308366e-11,8.7958455e-14
470.71000,2.3321802e-11,8.8063159e-14
470.72000,2.3331745e-11,8.8028925e-14
470.73000,2.3340734e-11,8.7796101e-14
470.74000,2.3357348e-11,8.7499722e-14
470.75000,2.3377485e-11,8.7304053e-14
470.76000,2.3387952e-11,8.7284118e-14
470.77000,2.3383530e-11,8.7389702e-14
470.78000,2.3369279e-11,8.7456239e-14
470.79000,2.3350166e-11,8.7391346e-14
470.80000,2.3336393e-11,8.7258924e-14
470.81000,2.3336635e-11,8.7224774e-14
470.82000,2.3345648e-11,8.7373802e-14
470.83000,2.3352031e-11,8.7519068e-14
470.84000,2.3347834e-11,8.7413669e-14
470.85000,2.3334140e-11,8.7085998e-14
470.86000,2.3321894e-11,8.6792779e-14
470.87000,2.3319930e-11,8.6690733e-14
470.88000,2.3326411e-11,8.6755755e-14
470.89000,2.3333403e-11,8.6904512e-14
470.90000,2.3337949e-11,8.7063692e-14
470.91000,2.3345302e-11,8.7119554e-14
470.92000,2.3359322e-11,8.7067696e-14
470.93000,2.3371651e-11,8.7057978e-14
470.94000,2.3374059e-11,8.7101397e-14
470.95000,2.3371950e-11,8.7042528e-14
470.96000,2.3369215e-11,8.6802368e-14
470.97000,2.3359629e-11,8.6521091e-14
470.98000,2.3338764e-11,8.6351747e-14
470.99000,2.3318833e-11,8.6319347e-14
471.00000,2.3312601e-11,8.6386060e-14
471.01000,2.3314782e-11,8.6423378e-14
471.02000,2.3317413e-11,8.6345439e-14
471.03000,2.3321664e-11,8.6232053e-14
471.04000,2.3329724e-11,8.6169750e-14
471.05000,2.3335349e-11,8.6124323e-14
471.06000,2.3332719e-11,8.6047183e-14
471.07000,2.3324267e-11,8.5942328e-14
471.08000,2.3318955e-11,8.5824772e-14
471.09000,2.3322140e-11,8.5694990e-14
471.10000,2.3325761e-11,8.5556008e-14
471.11000,2.3321344e-11,8.5442254e-14
471.12000,2.3315030e-11,8.5423382e-14
471.13000,2.3310476e-11,8.5538908e-14
471.14000,2.3302128e-11,8.5690671e-14
471.15000,2.3293557e-11,8.5772265e-14
471.16000,2.3295991e-11,8.5797122e-14
471.17000,2.3308741e-11,8.5829938e-14
471.18000,2.3317383e-11,8.5928147e-14
471.19000,2.3311738e-11,8.6099854e-14
471.20000,2.3292442e-11,8.6233858e-14
471.21000,2.3271598e-11,8.6189535e-14
471.22000,2.3263022e-11,8.5992992e-14
471.23000,2.3269158e-11,8.5875436e-14
471.24000,2.3284437e-11,8.6051231e-14
471.25000,2.3296112e-11,8.6413641e-14
471.26000,2.3284366e-11,8.6578643e-14
471.27000,2.3246469e-11,8.6329490e-14
471.28000,2.3192816e-11,8.5835170e-14
471.29000,2.3114977e-11,8.5392038e-14
471.30000,2.2950629e-11,8.4930566e-14
471.31000,2.2643954e-11,8.4151634e-14
471.32000,2.2197763e-11,8.2967805e-14
471.33000,2.1744328e-11,8.1777764e-14
471.34000,2.1469187e-11,8.1126114e-14
471.35000,2.1495334e-11,8.1266908e-14
471.36000,2.1745600e-11,8.1904165e-14
471.37000,2.2095468e-11,8.2719074e-14
471.38000,2.2425794e-11,8.3489727e-14
471.39000,2.2679921e-11,8.4174930e-14
471.40000,2.2853461e-11,8.4791834e-14
471.41000,2.2953456e-11,8.5294588e-14
471.42000,2.3017157e-11,8.5811791e-14
471.43000,2.3067758e-11,8.6970100e-14
471.44000,2.3109591e-11,8.9155954e-14
471.45000,2.3139193e-11,9.1203218e-14
471.46000,2.3162576e-11,9.1092874e-14
471.47000,2.3188251e-11,8.8994780e-14
471.48000,2.3213500e-11,8.6913448e-14
471.49000,2.3225009e-11,8.5905991e-14
471.50000,2.3215269e-11,8.5719991e-14
471.51000,2.3198596e-11,8.5870630e-14
471.52000,2.3188039e-11,8.6197977e-14
471.53000,2.3178396e-11,8.6500392e-14
471.54000,2.3161888e-11,8.6530459e-14
471.55000,2.3147158e-11,8.6278517e-14
471.56000,2.3150985e-11,8.5954477e-14
471.57000,2.3177919e-11,8.5775437e-14
471.58000,2.3218909e-11,8.5760996e-14
471.59000,2.3254860e-11,8.5803713e-14
471.60000,2.3269986e-11,8.5862165e-14
471.61000,2.3247069e-11,8.5934843e-14
471.62000,2.3182186e-11,8.5914941e-14
471.63000,2.3088952e-11,8.5675742e-14
471.64000,2.3004258e-11,8.5319781e-14
471.65000,2.2968572e-11,8.5098444e-14
471.66000,2.3000299e-11,8.5147227e-14
471.67000,2.3088362e-11,8.5388652e-14
471.68000,2.3180392e-11,8.5624053e-14
471.69000,2.3241792e-11,8.5794166e-14
471.70000,2.3275317e-11,8.5959019e-14
471.71000,2.3287839e-11,8.6109314e-14
471.72000,2.3284529e-11,8.6168702e-14
471.73000,2.3274773e-11,8.6140222e-14
471.74000,2.3271598e-11,8.6149388e-14
471.75000,2.3276344e-11,8.6326271e-14
471.76000,2.3274550e-11,8.6664523e-14
471.77000,2.3256272e-11,8.6962904e-14
471.78000,2.3234539e-11,8.7081747e-14
471.79000,2.3230647e-11,8.7119728e-14
471.80000,2.3240472e-11,8.7165394e-14
471.81000,2.3244081e-11,8.7178293e-14
471.82000,2.3240481e-11,8.7102134e-14
471.83000,2.3243087e-11,8.6993731e-14
471.84000,2.3260783e-11,8.6991300e-14
471.85000,2.3289583e-11,8.7158379e-14
471.86000,2.3313020e-11,8.7394373e-14
471.87000,2.3314683e-11,8.7551430e-14
471.88000,2.3300646e-11,8.7581019e-14
471.89000,2.3285063e-11,8.7534038e-14
471.90000,2.3270352e-11,8.7500325e-14
471.91000,2.3248526e-11,8.7507320e-14
471.92000,2.3226069e-11,8.7535722e-14
471.93000,2.3221682e-11,8.7579752e-14
471.94000,2.3236182e-11,8.7660777e-14
471.95000,2.3256639e-11,8.7829899e-14
471.96000,2.3271621e-11,8.8057492e-14
471.97000,2.3276771e-11,8.8249289e-14
471.98000,2.3274388e-11,8.8395387e-14
471.99000,2.3269100e-11,8.8547057e-14
472.00000,2.3260600e-11,8.8638487e-14
472.01000,2.3251883e-11,8.8618466e-14
472.02000,2.3251993e-11,8.8548364e-14
472.03000,2.3258421e-11,8.8468618e-14
472.04000,2.3260753e-11,8.8396228e-14
472.05000,2.3260682e-11,8.8429775e-14
472.06000,2.3266376e-11,8.8632638e-14
472.07000,2.3277169e-11,8.8867327e-14
472.08000,2.3289309e-11,8.8974642e-14
472.09000,2.3300450e-11,8.8976899e-14
472.10000,2.3303423e-11,8.8983828e-14
472.11000,2.3288852e-11,8.9052352e-14
472.12000,2.3259222e-11,8.9133650e-14
472.13000,2.3228098e-11,8.9164039e-14
472.14000,2.3210538e-11,8.9159736e-14
472.15000,2.3209134e-11,8.9187454e-14
472.16000,2.3206550e-11,8.9267906e-14
472.17000,2.3190865e-11,8.9361709e-14
472.18000,2.3175539e-11,8.9444386e-14
472.19000,2.3180233e-11,8.9531135e-14
472.20000,2.3202691e-11,8.9680574e-14
472.21000,2.3228920e-11,8.9915113e-14
472.22000,2.3246654e-11,9.0124387e-14
472.23000,2.3253428e-11,9.0219477e-14
472.24000,2.3253629e-11,9.0215717e-14
472.25000,2.3253082e-11,9.0199954e-14
472.26000,2.3254293e-11,9.0296600e-14
472.27000,2.3257139e-11,9.0479123e-14
472.28000,2.3254782e-11,9.0550539e-14
472.29000,2.3241767e-11,9.0530805e-14
472.30000,2.3224525e-11,9.0664046e-14
472.31000,2.3218034e-11,9.0964861e-14
472.32000,2.3229756e-11,9.1188191e-14
472.33000,2.3250398e-11,9.1213487e-14
472.34000,2.3265163e-11,9.1217022e-14
472.35000,2.3267913e-11,9.1371547e-14
472.36000,2.3266897e-11,9.1541897e-14
472.37000,2.3270015e-11,9.1551119e-14
472.38000,2.3273969e-11,9.1493071e-14
472.39000,2.3272834e-11,9.1616613e-14
472.40000,2.3271688e-11,9.2038288e-14
472.41000,2.3278356e-11,9.2546928e-14
472.42000,2.3289927e-11,9.2739462e-14
472.43000,2.3297382e-11,9.2550565e-14
472.44000,2.3297171e-11,9.2327544e-14
472.45000,2.3294887e-11,9.2279162e-14
472.46000,2.3295651e-11,9.2347261e-14
472.47000,2.3294537e-11,9.2420520e-14
472.48000,2.3288543e-11,9.2574654e-14
472.49000,2.3285437e-11,9.2970769e-14
472.50000,2.3286821e-11,9.3691611e-14
472.51000,2.3284188e-11,9.4543180e-14
472.52000,2.3276865e-11,9.5266779e-14
472.53000,2.3276679e-11,9.5778265e-14
472.54000,2.3290515e-11,9.6141273e-14
472.55000,2.3304594e-11,9.6406032e-14
472.56000,2.3301486e-11,9.6461261e-14
472.57000,2.3280268e-11,9.6199449e-14
472.58000,2.3259637e-11,9.5714575e-14
472.59000,2.3259284e-11,9.5232668e-14
472.60000,2.3273693e-11,9.4911445e-14
472.61000,2.3281294e-11,9.4759887e-14
472.62000,2.3273587e-11,9.4735742e-14
472.63000,2.3258116e-11,9.4865552e-14
472.64000,2.3240099e-11,9.5084030e-14
472.65000,2.3217806e-11,9.5331423e-14
472.66000,2.3197588e-11,9.5665802e-14
472.67000,2.3192255e-11,9.6136055e-14
472.68000,2.3202274e-11,9.6546330e-14
472.69000,2.3209778e-11,9.6643618e-14
472.70000,2.3203382e-11,9.6475845e-14
472.71000,2.3195582e-11,9.6366332e-14
472.72000,2.3201298e-11,9.6457058e-14
472.73000,2.3220654e-11,9.6545690e-14
472.74000,2.3244685e-11,9.6264909e-14
472.75000,2.3256186e-11,9.5585634e-14
472.76000,2.3247150e-11,9.4875227e-14
472.77000,2.3237687e-11,9.4462901e-14
472.78000,2.3238906e-11,9.4318304e-14
472.79000,2.3233109e-11,9.4264911e-14
472.80000,2.3207587e-11,9.4269026e-14
472.81000,2.3179629e-11,9.4360778e-14
472.82000,2.3175401e-11,9.4469305e-14
472.83000,2.3198362e-11,9.4615807e-14
472.84000,2.3219362e-11,9.4881204e-14
472.85000,2.3211175e-11,9.5176841e-14
472.86000,2.3183028e-11,9.5373351e-14
472.87000,2.3165961e-11,9.5514915e-14
472.88000,2.3169483e-11,9.5671493e-14
472.89000,2.3178104e-11,9.5819069e-14
472.90000,2.3182811e-11,9.5890660e-14
472.91000,2.3190377e-11,9.5845869e-14
472.92000,2.3202869e-11,9.5734781e-14
472.93000,2.3212529e-11,9.5680324e-14
472.94000,2.3212420e-11,9.5710277e-14
472.95000,2.3201418e-11,9.5686037e-14
472.96000,2.3180171e-11,9.5490911e-14
472.97000,2.3149933e-11,9.5179736e-14
472.98000,2.3110709e-11,9.4818465e-14
472.99000,2.3080610e-11,9.4450356e-14
473.00000,2.3085144e-11,9.4083377e-14
473.01000,2.3118608e-11,9.3642790e-14
473.02000,2.3133384e-11,9.3046273e-14
473.03000,2.3100689e-11,9.2301584e-14
473.04000,2.3042135e-11,9.1556884e-14
473.05000,2.2976697e-11,9.0926268e-14
473.06000,2.2914440e-11,9.0405075e-14
473.07000,2.2875783e-11,9.0089458e-14
473.08000,2.2871498e-11,9.0106479e-14
473.09000,2.2894145e-11,9.0463569e-14
473.10000,2.2918765e-11,9.1001129e-14
473.11000,2.2921007e-11,9.1588460e-14
473.12000,2.2886111e-11,9.2137988e-14
473.13000,2.2809768e-11,9.2395521e-14
473.14000,2.2670732e-11,9.1879365e-14
473.15000,2.2474811e-11,9.0525580e-14
473.16000,2.2296679e-11,8.8744689e-14
473.17000,2.2273018e-11,8.7260812e-14
473.18000,2.2487222e-11,8.6508624e-14
473.19000,2.2805294e-11,8.6358150e-14
473.20000,2.3057543e-11,8.6695216e-14
473.21000,2.3177162e-11,8.7553934e-14
473.22000,2.3213095e-11,8.8894706e-14
473.23000,2.3217104e-11,9.0377781e-14
473.24000,2.3218047e-11,9.1287629e-14
473.25000,2.3217376e-11,9.0919517e-14
473.26000,2.3208152e-11,8.9456397e-14
473.27000,2.3191605e-11,8.7589976e-14
473.28000,2.3179712e-11,8.6247474e-14
473.29000,2.3176673e-11,8.6090552e-14
473.30000,2.3175914e-11,8.7168020e-14
473.31000,2.3172181e-11,8.8801418e-14
473.32000,2.3166591e-11,8.9805263e-14
473.33000,2.3164192e-11,8.9368786e-14
473.34000,2.3166096e-11,8.7674483e-14
473.35000,2.3161317e-11,8.6058443e-14
473.36000,2.3140283e-11,8.5708227e-14
473.37000,2.3115293e-11,8.6684175e-14
473.38000,2.3105773e-11,8.8107627e-14
473.39000,2.3114186e-11,8.8634637e-14
473.40000,2.3128373e-11,8.7729443e-14
473.41000,2.3131995e-11,8.6246347e-14
473.42000,2.3121093e-11,8.5619424e-14
473.43000,2.3106857e-11,8.6482389e-14
473.44000,2.3103670e-11,8.7769126e-14
473.45000,2.3111178e-11,8.7935364e-14
473.46000,2.3115639e-11,8.6883677e-14
473.47000,2.3112547e-11,8.5962498e-14
473.48000,2.3108304e-11,8.6313091e-14
473.49000,2.3103504e-11,8.7467602e-14
473.50000,2.3092944e-11,8.7882729e-14
473.51000,2.3075414e-11,8.7056797e-14
473.52000,2.3058618e-11,8.6252178e-14
473.53000,2.3051440e-11,8.6691430e-14
473.54000,2.3054583e-11,8.7710631e-14
473.55000,2.3062089e-11,8.7742438e-14
473.56000,2.3071731e-11,8.6857725e-14
473.57000,2.3079943e-11,8.6586884e-14
473.58000,2.3078409e-11,8.7302268e-14
473.59000,2.3062377e-11,8.7730692e-14
473.60000,2.3036152e-11,8.7180986e-14
473.61000,2.3010706e-11,8.6682474e-14
473.62000,2.2995527e-11,8.7088189e-14
473.63000,2.2983664e-11,8.7508313e-14
473.64000,2.2961284e-11,8.7120605e-14
473.65000,2.2934165e-11,8.6777897e-14
473.66000,2.2918824e-11,8.7155833e-14
473.67000,2.2924274e-11,8.7509189e-14
473.68000,2.2946167e-11,8.7331656e-14
473.69000,2.2969334e-11,8.7291238e-14
473.70000,2.2980234e-11,8.7642184e-14
473.71000,2.2982701e-11,8.7575803e-14
473.72000,2.2983440e-11,8.7196134e-14
473.73000,2.2984535e-11,8.7378793e-14
473.74000,2.2984113e-11,8.7668470e-14
473.75000,2.2980603e-11,8.7393897e-14
473.76000,2.2977110e-11,8.7151244e-14
473.77000,2.2975227e-11,8.7261292e-14
473.78000,2.2971862e-11,8.7310316e-14
473.79000,2.2966810e-11,8.7422304e-14
473.80000,2.2963063e-11,8.7805058e-14
473.81000,2.2961079e-11,8.7889185e-14
473.82000,2.2958827e-11,8.7618822e-14
473.83000,2.2951308e-11,8.7445450e-14
473.84000,2.2934012e-11,8.7194087e-14
473.85000,2.2909022e-11,8.6892596e-14
473.86000,2.2888112e-11,8.6887273e-14
473.87000,2.2883283e-11,8.7022432e-14
473.88000,2.2895769e-11,8.7202869e-14
473.89000,2.2910315e-11,8.7506662e-14
473.90000,2.2910332e-11,8.7578714e-14
473.91000,2.2899792e-11,8.7348035e-14
473.92000,2.2893779e-11,8.7072852e-14
473.93000,2.2895015e-11,8.6812946e-14
473.94000,2.2881408e-11,8.6728192e-14
473.95000,2.2830818e-11,8.6724311e-14
473.96000,2.2742712e-11,8.6527257e-14
473.97000,2.2636818e-11,8.6200516e-14
473.98000,2.2539606e-11,8.5916409e-14
473.99000,2.2486402e-11,8.5847331e-14
474.00000,2.2493382e-11,8.5976352e-14
474.01000,2.2550038e-11,8.6069506e-14
474.02000,2.2619910e-11,8.6173727e-14
474.03000,2.2686960e-11,8.6340134e-14
474.04000,2.2751407e-11,8.6513157e-14
474.05000,2.2806772e-11,8.6678588e-14
474.06000,2.2843332e-11,8.6767706e-14
474.07000,2.2866988e-11,8.6819594e-14
474.08000,2.2889475e-11,8.6864853e-14
474.09000,2.2913922e-11,8.6918372e-14
474.10000,2.2935691e-11,8.7019205e-14
474.11000,2.2948882e-11,8.7124549e-14
474.12000,2.2950625e-11,8.7176516e-14
474.13000,2.2947571e-11,8.7111389e-14
474.14000,2.2944655e-11,8.6983993e-14
474.15000,2.2941199e-11,8.6913946e-14
474.16000,2.2937585e-11,8.6938402e-14
474.17000,2.2936440e-11,8.6975197e-14
474.18000,2.2936175e-11,8.6949819e-14
474.19000,2.2934646e-11,8.6896550e-14
474.20000,2.2932226e-11,8.6871790e-14
474.21000,2.2927744e-11,8.6893432e-14
474.22000,2.2919206e-11,8.6906901e-14
474.23000,2.2905034e-11,8.6860206e-14
474.24000,2.2886593e-11,8.6746917e-14
474.25000,2.2874413e-11,8.6633932e-14
474.26000,2.2886383e-11,8.6618503e-14
474.27000,2.2921657e-11,8.6737521e-14
474.28000,2.2962339e-11,8.6912660e-14
474.29000,2.2988293e-11,8.6993924e-14
474.30000,2.2988075e-11,8.6913856e-14
474.31000,2.2971400e-11,8.6780154e-14
474.32000,2.2954475e-11,8.6713215e-14
474.33000,2.2943514e-11,8.6727525e-14
474.34000,2.2931280e-11,8.6722947e-14
474.35000,2.2914238e-11,8.6631952e-14
474.36000,2.2899338e-11,8.6510856e-14
474.37000,2.2893216e-11,8.6441112e-14
474.38000,2.2897318e-11,8.6448456e-14
474.39000,2.2908477e-11,8.6509011e-14
474.40000,2.2912997e-11,8.6544176e-14
474.41000,2.2901672e-11,8.6505358e-14
474.42000,2.2882369e-11,8.6438277e-14
474.43000,2.2866916e-11,8.6443580e-14
474.44000,2.2857237e-11,8.6567451e-14
474.45000,2.2856138e-11,8.6690268e-14
474.46000,2.2869116e-11,8.6653132e-14
474.47000,2.2891787e-11,8.6504016e-14
474.48000,2.2915979e-11,8.6415036e-14
474.49000,2.2936653e-11,8.6492087e-14
474.50000,2.2958660e-11,8.6699426e-14
474.51000,2.2988926e-11,8.6925372e-14
474.52000,2.3019648e-11,8.7079293e-14
474.53000,2.3035039e-11,8.7159152e-14
474.54000,2.3035312e-11,8.7237723e-14
474.55000,2.3034825e-11,8.7385308e-14
474.56000,2.3048342e-11,8.7602220e-14
474.57000,2.3076737e-11,8.7819010e-14
474.58000,2.3106922e-11,8.7964029e-14
474.59000,2.3126112e-11,8.8050217e-14
474.60000,2.3125968e-11,8.8152772e-14
474.61000,2.3108616e-11,8.8379755e-14
474.62000,2.3079068e-11,8.9062839e-14
474.63000,2.3035025e-11,9.0602275e-14
474.64000,2.2974392e-11,9.3009578e-14
474.65000,2.2922987e-11,9.5319872e-14
474.66000,2.2902764e-11,9.6685416e-14
474.67000,2.2903801e-11,9.7062176e-14
474.68000,2.2901712e-11,9.6938269e-14
474.69000,2.2885728e-11,9.6608848e-14
474.70000,2.2860977e-11,9.6282263e-14
474.71000,2.2834063e-11,9.6100196e-14
474.72000,2.2808008e-11,9.6040181e-14
474.73000,2.2787394e-11,9.5953191e-14
474.74000,2.2776935e-11,9.5741634e-14
474.75000,2.2770374e-11,9.5456332e-14
474.76000,2.2754886e-11,9.5182752e-14
474.77000,2.2732543e-11,9.4969204e-14
474.78000,2.2720442e-11,9.4851773e-14
474.79000,2.2728405e-11,9.4782009e-14
474.80000,2.2751424e-11,9.4659360e-14
474.81000,2.2777557e-11,9.4467039e-14
474.82000,2.2804451e-11,9.4296334e-14
474.83000,2.2829858e-11,9.4215985e-14
474.84000,2.2846072e-11,9.4166885e-14
474.85000,2.2848083e-11,9.4039411e-14
474.86000,2.2842287e-11,9.3814435e-14
474.87000,2.2833569e-11,9.3566824e-14
474.88000,2.2823777e-11,9.3403866e-14
474.89000,2.2814822e-11,9.3376758e-14
474.90000,2.2808079e-11,9.3426258e-14
474.91000,2.2802961e-11,9.3450693e-14
474.92000,2.2798568e-11,9.3357864e-14
474.93000,2.2794397e-11,9.3163999e-14
474.94000,2.2793393e-11,9.3011022e-14
474.95000,2.2801291e-11,9.2988839e-14
474.96000,2.2820319e-11,9.2993272e-14
474.97000,2.2841963e-11,9.2868245e-14
474.98000,2.2854002e-11,9.2612407e-14
474.99000,2.2850766e-11,9.2375060e-14
475.00000,2.2842685e-11,9.2255985e-14
475.01000,2.2843976e-11,9.2191385e-14
475.02000,2.2850237e-11,9.2047131e-14
475.03000,2.2851298e-11,9.1809962e-14
475.04000,2.2852423e-11,9.1605600e-14
475.05000,2.2861256e-11,9.1529208e-14
475.06000,2.2873027e-11,9.1529360e-14
475.07000,2.2877910e-11,9.1478059e-14
475.08000,2.2869685e-11,9.1308949e-14
475.09000,2.2851507e-11,9.1112070e-14
475.10000,2.2831154e-11,9.1020698e-14
475.11000,2.2816647e-11,9.1030646e-14
475.12000,2.2809581e-11,9.1030404e-14
475.13000,2.2803039e-11,9.0941864e-14
475.14000,2.2790067e-11,9.0768086e-14
475.15000,2.2775844e-11,9.0586591e-14
475.16000,2.2774083e-11,9.0496522e-14
475.17000,2.2785931e-11,9.0489260e-14
475.18000,2.2793161e-11,9.0402129e-14
475.19000,2.2786917e-11,9.0165154e-14
475.20000,2.2777270e-11,8.9909373e-14
475.21000,2.2776131e-11,8.9778032e-14
475.22000,2.2787617e-11,8.9802619e-14
475.23000,2.2803693e-11,8.9890472e-14
475.24000,2.2812531e-11,8.9981672e-14
475.25000,2.2815688e-11,9.0137146e-14
475.26000,2.2819541e-11,9.0297223e-14
475.27000,2.2820027e-11,9.0248569e-14
475.28000,2.2810972e-11,8.9932661e-14
475.29000,2.2796972e-11,8.9534215e-14
475.30000,2.2786278e-11,8.9232510e-14
475.31000,2.2782691e-11,8.9105049e-14
475.32000,2.2775764e-11,8.9038606e-14
475.33000,2.2749326e-11,8.8855073e-14
475.34000,2.2714345e-11,8.8555724e-14
475.35000,2.2698775e-11,8.8274024e-14
475.36000,2.2709695e-11,8.8107418e-14
475.37000,2.2735858e-11,8.8130036e-14
475.38000,2.2761277e-11,8.8392989e-14
475.39000,2.2775749e-11,8.8791715e-14
475.40000,2.2777952e-11,8.9052827e-14
475.41000,2.2777332e-11,8.9075307e-14
475.42000,2.2781673e-11,8.8990939e-14
475.43000,2.2790521e-11,8.8858866e-14
475.44000,2.2798151e-11,8.8636721e-14
475.45000,2.2798053e-11,8.8368248e-14
475.46000,2.2788963e-11,8.8096796e-14
475.47000,2.2776763e-11,8.7828383e-14
475.48000,2.2764935e-11,8.7602367e-14
475.49000,2.2744804e-11,8.7444602e-14
475.50000,2.2715890e-11,8.7293980e-14
475.51000,2.2691070e-11,8.7114750e-14
475.52000,2.2678879e-11,8.6947407e-14
475.53000,2.2677622e-11,8.6856614e-14
475.54000,2.2680078e-11,8.6884174e-14
475.55000,2.2675908e-11,8.6956140e-14
475.56000,2.2651646e-11,8.6881807e-14
475.57000,2.2611157e-11,8.6622408e-14
475.58000,2.2576875e-11,8.6374159e-14
475.59000,2.2568133e-11,8.6338217e-14
475.60000,2.2589894e-11,8.6519733e-14
475.61000,2.2632307e-11,8.6762150e-14
475.62000,2.2677857e-11,8.6953324e-14
475.63000,2.2712249e-11,8.7118187e-14
475.64000,2.2732793e-11,8.7271088e-14
475.65000,2.2741271e-11,8.7309073e-14
475.66000,2.2740546e-11,8.7210236e-14
475.67000,2.2738581e-11,8.7050353e-14
475.68000,2.2748709e-11,8.6868208e-14
475.69000,2.2770508e-11,8.6651209e-14
475.70000,2.2786736e-11,8.6463525e-14
475.71000,2.2788459e-11,8.6377121e-14
475.72000,2.2787797e-11,8.6353642e-14
475.73000,2.2794852e-11,8.6316549e-14
475.74000,2.2800414e-11,8.6268640e-14
475.75000,2.2793916e-11,8.6253133e-14
475.76000,2.2779049e-11,8.6258525e-14
475.77000,2.2765833e-11,8.6214011e-14
475.78000,2.2758786e-11,8.6109336e-14
475.79000,2.2757231e-11,8.6016414e-14
475.80000,2.2759498e-11,8.6005326e-14
475.81000,2.2763692e-11,8.6080464e-14
475.82000,2.2765192e-11,8.6217978e-14
475.83000,2.2759625e-11,8.6435725e-14
475.84000,2.2746337e-11,8.6720434e-14
475.85000,2.2736743e-11,8.6933789e-14
475.86000,2.2743604e-11,8.6902488e-14
475.87000,2.2757922e-11,8.6643638e-14
475.88000,2.2764522e-11,8.6327132e-14
475.89000,2.2761730e-11,8.6185949e-14
475.90000,2.2756490e-11,8.6286204e-14
475.91000,2.2752926e-11,8.6462592e-14
475.92000,2.2747690e-11,8.6478274e-14
475.93000,2.2738575e-11,8.6226913e-14
475.94000,2.2729039e-11,8.5851046e-14
475.95000,2.2719643e-11,8.5564512e-14
475.96000,2.2712382e-11,8.5502945e-14
475.97000,2.2714396e-11,8.5611839e-14
475.98000,2.2728308e-11,8.5703960e-14
475.99000,2.2747438e-11,8.5688163e-14
476.00000,2.2760343e-11,8.5591400e-14
476.01000,2.2755814e-11,8.5460829e-14
476.02000,2.2730605e-11,8.5323166e-14
476.03000,2.2698786e-11,8.5187986e-14
476.04000,2.2676020e-11,8.5046823e-14
476.05000,2.2668262e-11,8.4905620e-14
476.06000,2.2667067e-11,8.4794454e-14
476.07000,2.2663442e-11,8.4772904e-14
476.08000,2.2657784e-11,8.4840913e-14
476.09000,2.2651686e-11,8.4913322e-14
476.10000,2.2647383e-11,8.4932836e-14
476.11000,2.2652306e-11,8.4955862e-14
476.12000,2.2666969e-11,8.5028900e-14
476.13000,2.2676636e-11,8.5075983e-14
476.14000,2.2663584e-11,8.5021151e-14
476.15000,2.2632124e-11,8.4951093e-14
476.16000,2.2602398e-11,8.4962709e-14
476.17000,2.2587942e-11,8.5018201e-14
476.18000,2.2583382e-11,8.5048942e-14
476.19000,2.2577268e-11,8.5078345e-14
476.20000,2.2567615e-11,8.5198446e-14
476.21000,2.2557255e-11,8.5385858e-14
476.22000,2.2548126e-11,8.5470264e-14
476.23000,2.2545641e-11,8.5548646e-14
476.24000,2.2554907e-11,8.6211466e-14
476.25000,2.2575093e-11,8.7976847e-14
476.26000,2.2596639e-11,8.9981652e-14
476.27000,2.2610723e-11,9.0310520e-14
476.28000,2.2618476e-11,8.8424870e-14
476.29000,2.2625929e-11,8.6340179e-14
476.30000,2.2628641e-11,8.5279183e-14
476.31000,2.2621109e-11,8.4904325e-14
476.32000,2.2604836e-11,8.4824743e-14
476.33000,2.2585592e-11,8.4891790e-14
476.34000,2.2568152e-11,8.5036960e-14
476.35000,2.2550219e-11,8.5127132e-14
476.36000,2.2530307e-11,8.5042900e-14
476.37000,2.2528064e-11,8.4887545e-14
476.38000,2.2555186e-11,8.4852037e-14
476.39000,2.2592876e-11,8.4926444e-14
476.40000,2.2615322e-11,8.4983053e-14
476.41000,2.2621897e-11,8.4978806e-14
476.42000,2.2625226e-11,8.4969702e-14
476.43000,2.2631920e-11,8.5013274e-14
476.44000,2.2638864e-11,8.5105035e-14
476.45000,2.2639714e-11,8.5178463e-14
476.46000,2.2629465e-11,8.5197454e-14
476.47000,2.2607568e-11,8.5191952e-14
476.48000,2.2581607e-11,8.5212741e-14
476.49000,2.2567354e-11,8.5278789e-14
476.50000,2.2572032e-11,8.5352776e-14
476.51000,2.2588773e-11,8.5405757e-14
476.52000,2.2606425e-11,8.5436628e-14
476.53000,2.2621514e-11,8.5472041e-14
476.54000,2.2630805e-11,8.5578779e-14
476.55000,2.2627242e-11,8.5725426e-14
476.56000,2.2608398e-11,8.5725491e-14
476.57000,2.2590796e-11,8.5558892e-14
476.58000,2.2586895e-11,8.5427961e-14
476.59000,2.2589302e-11,8.5494766e-14
476.60000,2.2583887e-11,8.5722703e-14
476.61000,2.2568767e-11,8.5989708e-14
476.62000,2.2557552e-11,8.6223578e-14
476.63000,2.2563582e-11,8.6425720e-14
476.64000,2.2586503e-11,8.6611594e-14
476.65000,2.2617057e-11,8.6759090e-14
476.66000,2.2640732e-11,8.6847282e-14
476.67000,2.2648992e-11,8.6891211e-14
476.68000,2.2642416e-11,8.6918450e-14
476.69000,2.2633719e-11,8.6910253e-14
476.70000,2.2636634e-11,8.6783881e-14
476.71000,2.2648968e-11,8.6552267e-14
476.72000,2.2656490e-11,8.6357816e-14
476.73000,2.2651762e-11,8.6364776e-14
476.74000,2.2642752e-11,8.6586491e-14
476.75000,2.2640349e-11,8.6859725e-14
476.76000,2.2646194e-11,8.7069351e-14
476.77000,2.2658572e-11,8.7403402e-14
476.78000,2.2671458e-11,8.7935445e-14
476.79000,2.2674080e-11,8.8299103e-14
476.80000,2.2659189e-11,8.8142435e-14
476.81000,2.2634486e-11,8.7668169e-14
476.82000,2.2621736e-11,8.7328572e-14
476.83000,2.2630946e-11,8.7316738e-14
476.84000,2.2644746e-11,8.7542553e-14
476.85000,2.2641515e-11,8.7730782e-14
476.86000,2.2620579e-11,8.7724835e-14
476.87000,2.2596599e-11,8.7633269e-14
476.88000,2.2584300e-11,8.7660302e-14
476.89000,2.2592889e-11,8.7847984e-14
476.90000,2.2614124e-11,8.8023896e-14
476.91000,2.2630767e-11,8.8054642e-14
476.92000,2.2633353e-11,8.7991011e-14
476.93000,2.2627386e-11,8.7955222e-14
476.94000,2.2624107e-11,8.8032705e-14
476.95000,2.2625861e-11,8.8169928e-14
476.96000,2.2625729e-11,8.8256335e-14
476.97000,2.2620093e-11,8.8300282e-14
476.98000,2.2609342e-11,8.8368474e-14
476.99000,2.2594310e-11,8.8474959e-14
477.00000,2.2577670e-11,8.8585887e-14
477.01000,2.2565884e-11,8.8637599e-14
477.02000,2.2565555e-11,8.8612417e-14
477.03000,2.2578850e-11,8.8621759e-14
477.04000,2.2592882e-11,8.8750500e-14
477.05000,2.2596158e-11,8.8898057e-14
477.06000,2.2591719e-11,8.8937567e-14
477.07000,2.2587505e-11,8.8911847e-14
477.08000,2.2585570e-11,8.8933638e-14
477.09000,2.2582376e-11,8.9010577e-14
477.10000,2.2573549e-11,8.9090970e-14
477.11000,2.2559550e-11,8.9133658e-14
477.12000,2.2541023e-11,8.9154475e-14
477.13000,2.2520321e-11,8.9232798e-14
477.14000,2.2504571e-11,8.9434590e-14
477.15000,2.2498767e-11,8.9756333e-14
477.16000,2.2496410e-11,9.0018876e-14
477.17000,2.2491391e-11,9.0065290e-14
477.18000,2.2485766e-11,9.0018343e-14
477.19000,2.2485933e-11,9.0026651e-14
477.20000,2.2496316e-11,9.0120685e-14
477.21000,2.2518053e-11,9.0288966e-14
477.22000,2.2551285e-11,9.0486260e-14
477.23000,2.2584393e-11,9.0643111e-14
477.24000,2.2599867e-11,9.0811083e-14
477.25000,2.2590358e-11,9.0997780e-14
477.26000,2.2566388e-11,9.1053439e-14
477.27000,2.2543036e-11,9.0928820e-14
477.28000,2.2524509e-11,9.0904305e-14
477.29000,2.2505720e-11,9.1177785e-14
477.30000,2.2483737e-11,9.1519605e-14
477.31000,2.2464433e-11,9.1661317e-14
477.32000,2.2459503e-11,9.1633172e-14
477.33000,2.2470824e-11,9.1684091e-14
477.34000,2.2485184e-11,9.2012945e-14
477.35000,2.2490685e-11,9.2477165e-14
477.36000,2.2490535e-11,9.2688458e-14
477.37000,2.2494137e-11,9.2540045e-14
477.38000,2.2503910e-11,9.2323694e-14
477.39000,2.2511973e-11,9.2308509e-14
477.40000,2.2509479e-11,9.2386579e-14
477.41000,2.2503110e-11,9.2445975e-14
477.42000,2.2508626e-11,9.2667100e-14
477.43000,2.2526800e-11,9.3208613e-14
477.44000,2.2542721e-11,9.3930704e-14
477.45000,2.2544174e-11,9.4620400e-14
477.46000,2.2531549e-11,9.5227761e-14
477.47000,2.2518523e-11,9.5808857e-14
477.48000,2.2515787e-11,9.6350122e-14
477.49000,2.2522538e-11,9.6756811e-14
477.50000,2.2532947e-11,9.6905311e-14
477.51000,2.2539274e-11,9.6766692e-14
477.52000,2.2536381e-11,9.6444073e-14
477.53000,2.2524866e-11,9.6031167e-14
477.54000,2.2513382e-11,9.5588403e-14
477.55000,2.2509652e-11,9.5175980e-14
477.56000,2.2513528e-11,9.4917686e-14
477.57000,2.2517220e-11,9.4919683e-14
477.58000,2.2512521e-11,9.5153132e-14
477.59000,2.2498180e-11,9.5358785e-14
477.60000,2.2476801e-11,9.5329766e-14
477.61000,2.2461939e-11,9.5129596e-14
477.62000,2.2468561e-11,9.4820635e-14
477.63000,2.2489771e-11,9.4356881e-14
477.64000,2.2504396e-11,9.3767485e-14
477.65000,2.2508038e-11,9.3334055e-14
477.66000,2.2514803e-11,9.3350006e-14
477.67000,2.2530891e-11,9.3864813e-14
477.68000,2.2549521e-11,9.4514715e-14
477.69000,2.2558086e-11,9.4835711e-14
477.70000,2.2543354e-11,9.4651677e-14
477.71000,2.2508653e-11,9.4279833e-14
477.72000,2.2469519e-11,9.3940956e-14
477.73000,2.2447686e-11,9.3614085e-14
477.74000,2.2456401e-11,9.3350915e-14
477.75000,2.2482701e-11,9.3310832e-14
477.76000,2.2498791e-11,9.3498490e-14
477.77000,2.2489507e-11,9.3827924e-14
477.78000,2.2471083e-11,9.4276606e-14
477.79000,2.2465332e-11,9.4759986e-14
477.80000,2.2474596e-11,9.5125778e-14
477.81000,2.2488404e-11,9.5370552e-14
477.82000,2.2490519e-11,9.5482199e-14
477.83000,2.2467979e-11,9.5331101e-14
477.84000,2.2427025e-11,9.4863960e-14
477.85000,2.2399174e-11,9.4274696e-14
477.86000,2.2400640e-11,9.3657719e-14
477.87000,2.2406923e-11,9.2965850e-14
477.88000,2.2379047e-11,9.2189229e-14
477.89000,2.2302379e-11,9.1485752e-14
477.90000,2.2206658e-11,9.0936824e-14
477.91000,2.2128930e-11,9.0422752e-14
477.92000,2.2092983e-11,8.9839465e-14
477.93000,2.2105346e-11,8.9247899e-14
477.94000,2.2149608e-11,8.8749747e-14
477.95000,2.2199917e-11,8.8334280e-14
477.96000,2.2249997e-11,8.7944475e-14
477.97000,2.2293638e-11,8.7536184e-14
477.98000,2.2309707e-11,8.7060424e-14
477.99000,2.2299961e-11,8.6525792e-14
478.00000,2.2297106e-11,8.6050466e-14
478.01000,2.2321627e-11,8.5768531e-14
478.02000,2.2360925e-11,8.5628856e-14
478.03000,2.2406830e-11,8.5521404e-14
478.04000,2.2451877e-11,8.5407271e-14
478.05000,2.2483953e-11,8.5307995e-14
478.06000,2.2499414e-11,8.5251236e-14
478.07000,2.2508213e-11,8.5263231e-14
478.08000,2.2515886e-11,8.5358114e-14
478.09000,2.2523541e-11,8.5526327e-14
478.10000,2.2531965e-11,8.5820380e-14
478.11000,2.2537285e-11,8.6300395e-14
478.12000,2.2531617e-11,8.6972583e-14
478.13000,2.2514058e-11,8.7847758e-14
478.14000,2.2500681e-11,8.8889442e-14
478.15000,2.2499390e-11,8.9946425e-14
478.16000,2.2499341e-11,9.0658275e-14
478.17000,2.2490837e-11,9.0657214e-14
478.18000,2.2474532e-11,8.9767136e-14
478.19000,2.2455282e-11,8.8288662e-14
478.20000,2.2438098e-11,8.6515660e-14
478.21000,2.2428426e-11,8.4738610e-14
478.22000,2.2425842e-11,8.3242942e-14
478.23000,2.2423849e-11,8.2326349e-14
478.24000,2.2416140e-11,8.2151562e-14
478.25000,2.2398115e-11,8.2843401e-14
478.26000,2.2376547e-11,8.4197971e-14
478.27000,2.2363635e-11,8.5984183e-14
478.28000,2.2361026e-11,8.7644342e-14
478.29000,2.2361459e-11,8.8426849e-14
478.30000,2.2362013e-11,8.7699130e-14
478.31000,2.2360544e-11,8.5861964e-14
478.32000,2.2353601e-11,8.3817466e-14
478.33000,2.2349083e-11,8.2465623e-14
478.34000,2.2359448e-11,8.2397535e-14
478.35000,2.2384170e-11,8.3747326e-14
478.36000,2.2407994e-11,8.5889625e-14
478.37000,2.2421327e-11,8.7575963e-14
478.38000,2.2423987e-11,8.7697864e-14
478.39000,2.2410789e-11,8.6107190e-14
478.40000,2.2383764e-11,8.3973487e-14
478.41000,2.2357786e-11,8.2802341e-14
478.42000,2.2347614e-11,8.3548302e-14
478.43000,2.2350577e-11,8.5484173e-14
478.44000,2.2355885e-11,8.7006588e-14
478.45000,2.2355528e-11,8.6857540e-14
478.46000,2.2351263e-11,8.5250338e-14
478.47000,2.2349978e-11,8.3742813e-14
478.48000,2.2350557e-11,8.3798543e-14
478.49000,2.2345370e-11,8.5344480e-14
478.50000,2.2335573e-11,8.6691303e-14
478.51000,2.2329679e-11,8.6494039e-14
478.52000,2.2334076e-11,8.5054498e-14
478.53000,2.2344225e-11,8.4107007e-14
478.54000,2.2347819e-11,8.4868763e-14
478.55000,2.2337192e-11,8.6216382e-14
478.56000,2.2307495e-11,8.6415171e-14
478.57000,2.2261325e-11,8.5177992e-14
478.58000,2.2213572e-11,8.4039125e-14
478.59000,2.2183951e-11,8.4473851e-14
478.60000,2.2174174e-11,8.5563821e-14
478.61000,2.2175354e-11,8.5629257e-14
478.62000,2.2182460e-11,8.4710213e-14
478.63000,2.2197939e-11,8.4267863e-14
478.64000,2.2220898e-11,8.5079979e-14
478.65000,2.2243836e-11,8.5795692e-14
478.66000,2.2265373e-11,8.5305204e-14
478.67000,2.2289348e-11,8.4690794e-14
478.68000,2.2314450e-11,8.5052612e-14
478.69000,2.2331331e-11,8.5728842e-14
478.70000,2.2334619e-11,8.5531403e-14
478.71000,2.2332278e-11,8.4966766e-14
478.72000,2.2332596e-11,8.5044256e-14
478.73000,2.2329771e-11,8.5207532e-14
478.74000,2.2320268e-11,8.4752631e-14
478.75000,2.2312028e-11,8.4360467e-14
478.76000,2.2311168e-11,8.4739117e-14
478.77000,2.2308846e-11,8.5007810e-14
478.78000,2.2296243e-11,8.4754959e-14
478.79000,2.2280202e-11,8.4682837e-14
478.80000,2.2275162e-11,8.4874912e-14
478.81000,2.2285291e-11,8.4659198e-14
478.82000,2.2295837e-11,8.4376242e-14
478.83000,2.2293458e-11,8.4574576e-14
478.84000,2.2281789e-11,8.4730160e-14
478.85000,2.2273030e-11,8.4717901e-14
478.86000,2.2272294e-11,8.4973549e-14
478.87000,2.2269880e-11,8.5178010e-14
478.88000,2.2259093e-11,8.4902640e-14
478.89000,2.2247957e-11,8.4720114e-14
478.90000,2.2241928e-11,8.4753830e-14
478.91000,2.2239909e-11,8.4672383e-14
478.92000,2.2241982e-11,8.4605044e-14
478.93000,2.2249363e-11,8.4622662e-14
478.94000,2.2257763e-11,8.4583016e-14
478.95000,2.2261659e-11,8.4670520e-14
478.96000,2.2259423e-11,8.4775013e-14
478.97000,2.2255406e-11,8.4674866e-14
478.98000,2.2252981e-11,8.4575993e-14
478.99000,2.2249626e-11,8.4526225e-14
479.00000,2.2243852e-11,8.4498930e-14
479.01000,2.2236598e-11,8.4572138e-14
479.02000,2.2228818e-11,8.4581229e-14
479.03000,2.2223477e-11,8.4497508e-14
479.04000,2.2220874e-11,8.4459294e-14
479.05000,2.2218300e-11,8.4408014e-14
479.06000,2.2215150e-11,8.4411917e-14
479.07000,2.2209416e-11,8.4433389e-14
479.08000,2.2202465e-11,8.4397580e-14
479.09000,2.2205505e-11,8.4375090e-14
479.10000,2.2224027e-11,8.4367685e-14
479.11000,2.2241089e-11,8.4417282e-14
479.12000,2.2239953e-11,8.4494598e-14
479.13000,2.2220424e-11,8.4528905e-14
479.14000,2.2195309e-11,8.4514804e-14
479.15000,2.2176216e-11,8.4388032e-14
479.16000,2.2167299e-11,8.4221218e-14
479.17000,2.2166497e-11,8.4113565e-14
479.18000,2.2166345e-11,8.4089003e-14
479.19000,2.2161401e-11,8.4071214e-14
479.20000,2.2152675e-11,8.3991035e-14
479.21000,2.2140694e-11,8.3898322e-14
479.22000,2.2123608e-11,8.3837063e-14
479.23000,2.2113599e-11,8.3862307e-14
479.24000,2.2128144e-11,8.3978553e-14
479.25000,2.2165628e-11,8.4119853e-14
479.26000,2.2203169e-11,8.4198421e-14
479.27000,2.2234023e-11,8.4248823e-14
479.28000,2.2263364e-11,8.4358972e-14
479.29000,2.2289310e-11,8.4533554e-14
479.30000,2.2300737e-11,8.4695220e-14
479.31000,2.2295372e-11,8.4790575e-14
479.32000,2.2283269e-11,8.4856312e-14
479.33000,2.2276642e-11,8.4967452e-14
479.34000,2.2278413e-11,8.5152375e-14
479.35000,2.2285825e-11,8.5352424e-14
479.36000,2.2296585e-11,8.5488159e-14
479.37000,2.2308819e-11,8.5561997e-14
479.38000,2.2317332e-11,8.5645749e-14
479.39000,2.2319337e-11,8.5784153e-14
479.40000,2.2317919e-11,8.5973642e-14
479.41000,2.2317632e-11,8.6149129e-14
479.42000,2.2320704e-11,8.6234936e-14
479.43000,2.2329407e-11,8.6264961e-14
479.44000,2.2343755e-11,8.6345867e-14
479.45000,2.2353588e-11,8.6607255e-14
479.46000,2.2343911e-11,8.7216438e-14
479.47000,2.2303011e-11,8.8515878e-14
479.48000,2.2246222e-11,9.0406418e-14
479.49000,2.2203098e-11,9.2283581e-14
479.50000,2.2188403e-11,9.3503663e-14
479.51000,2.2185183e-11,9.4009902e-14
479.52000,2.2173342e-11,9.4045524e-14
479.53000,2.2151139e-11,9.3892277e-14
479.54000,2.2122283e-11,9.3696332e-14
479.55000,2.2095244e-11,9.3609049e-14
479.56000,2.2082400e-11,9.3658424e-14
479.57000,2.2092843e-11,9.3677030e-14
479.58000,2.2113752e-11,9.3522139e-14
479.59000,2.2125693e-11,9.3216460e-14
479.60000,2.2124749e-11,9.2889153e-14
479.61000,2.2123870e-11,9.2737220e-14
479.62000,2.2130558e-11,9.2898176e-14
479.63000,2.2131104e-11,9.3048407e-14
479.64000,2.2117610e-11,9.2780847e-14
479.65000,2.2102393e-11,9.2212815e-14
479.66000,2.2095767e-11,9.1738346e-14
479.67000,2.2097098e-11,9.1561713e-14
479.68000,2.2102246e-11,9.1517736e-14
479.69000,2.2104120e-11,9.1385509e-14
479.70000,2.2094445e-11,9.1113611e-14
479.71000,2.2076746e-11,9.0788687e-14
479.72000,2.2066355e-11,9.0533965e-14
479.73000,2.2072765e-11,9.0418254e-14
479.74000,2.2088675e-11,9.0426357e-14
479.75000,2.2096233e-11,9.0459496e-14
479.76000,2.2083427e-11,9.0454669e-14
479.77000,2.2053210e-11,9.0379641e-14
479.78000,2.2023018e-11,9.0223498e-14
479.79000,2.2005981e-11,9.0032784e-14
479.80000,2.1998975e-11,8.9869671e-14
479.81000,2.1996253e-11,8.9757196e-14
479.82000,2.1999506e-11,8.9738831e-14
479.83000,2.2012508e-11,8.9872402e-14
479.84000,2.2030784e-11,9.0136167e-14
479.85000,2.2046354e-11,9.0274144e-14
479.86000,2.2053895e-11,9.0043322e-14
479.87000,2.2049167e-11,8.9518238e-14
479.88000,2.2035515e-11,8.8988644e-14
479.89000,2.2023324e-11,8.8640919e-14
479.90000,2.2017197e-11,8.8513039e-14
479.91000,2.2015108e-11,8.8553682e-14
479.92000,2.2017235e-11,8.8578991e-14
479.93000,2.2026467e-11,8.8431390e-14
479.94000,2.2043013e-11,8.8129801e-14
479.95000,2.2057678e-11,8.7859422e-14
479.96000,2.2058133e-11,8.7702025e-14
479.97000,2.2040882e-11,8.7583406e-14
479.98000,2.2019072e-11,8.7453428e-14
479.99000,2.2008380e-11,8.7428823e-14
480.00000,2.2005022e-11,8.7573494e-14
480.01000,2.1999992e-11,8.7710412e-14
480.02000,2.1993645e-11,8.7544422e-14
480.03000,2.1991696e-11,8.7120759e-14
480.04000,2.1998035e-11,8.6912269e-14
480.05000,2.2012618e-11,8.7174114e-14
480.06000,2.2032252e-11,8.7616210e-14
480.07000,2.2046434e-11,8.7635054e-14
480.08000,2.2045643e-11,8.7044461e-14
480.09000,2.2033360e-11,8.6302939e-14
480.10000,2.2026989e-11,8.5887857e-14
480.11000,2.2032541e-11,8.5813912e-14
480.12000,2.2039924e-11,8.5900934e-14
480.13000,2.2040343e-11,8.6007455e-14
480.14000,2.2038638e-11,8.5976658e-14
480.15000,2.2039335e-11,8.5730684e-14
480.16000,2.2036477e-11,8.5414130e-14
480.17000,2.2025440e-11,8.5274604e-14
480.18000,2.2009684e-11,8.5402500e-14
480.19000,2.1994190e-11,8.5732425e-14
480.20000,2.1980948e-11,8.5968959e-14
480.21000,2.1970261e-11,8.5803363e-14
480.22000,2.1959293e-11,8.5298178e-14
480.23000,2.1945561e-11,8.4827485e-14
480.24000,2.1936368e-11,8.4590338e-14
480.25000,2.1941742e-11,8.4491495e-14
480.26000,2.1960061e-11,8.4488693e-14
480.27000,2.1979398e-11,8.4538194e-14
480.28000,2.1992661e-11,8.4604917e-14
480.29000,2.1996296e-11,8.4665037e-14
480.30000,2.1986521e-11,8.4571549e-14
480.31000,2.1965577e-11,8.4240930e-14
480.32000,2.1949602e-11,8.3863064e-14
480.33000,2.1952648e-11,8.3652859e-14
480.34000,2.1972669e-11,8.3646572e-14
480.35000,2.1989720e-11,8.3723078e-14
480.36000,2.1990419e-11,8.3788360e-14
480.37000,2.1980251e-11,8.3812005e-14
480.38000,2.1976233e-11,8.3882213e-14
480.39000,2.1985921e-11,8.4050645e-14
480.40000,2.1995376e-11,8.4103845e-14
480.41000,2.1983969e-11,8.3843530e-14
480.42000,2.1940125e-11,8.3330852e-14
480.43000,2.1871714e-11,8.2791646e-14
480.44000,2.1796117e-11,8.2450014e-14
480.45000,2.1731520e-11,8.2347782e-14
480.46000,2.1691073e-11,8.2418384e-14
480.47000,2.1680138e-11,8.2531612e-14
480.48000,2.1690805e-11,8.2542750e-14
480.49000,2.1711428e-11,8.2421873e-14
480.50000,2.1738477e-11,8.2348535e-14
480.51000,2.1777469e-11,8.2358938e-14
480.52000,2.1825818e-11,8.2287335e-14
480.53000,2.1874353e-11,8.2087797e-14
480.54000,2.1919220e-11,8.1955904e-14
480.55000,2.1958816e-11,8.2003439e-14
480.56000,2.1985194e-11,8.2131573e-14
480.57000,2.1991673e-11,8.2176293e-14
480.58000,2.1981250e-11,8.2101646e-14
480.59000,2.1960008e-11,8.1992614e-14
480.60000,2.1935667e-11,8.1906624e-14
480.61000,2.1913854e-11,8.1826104e-14
480.62000,2.1897962e-11,8.1739230e-14
480.63000,2.1889235e-11,8.1682404e-14
480.64000,2.1892610e-11,8.1733397e-14
480.65000,2.1908393e-11,8.1873990e-14
480.66000,2.1929357e-11,8.1985148e-14
480.67000,2.1942321e-11,8.1951759e-14
480.68000,2.1939756e-11,8.1748193e-14
480.69000,2.1926524e-11,8.1424150e-14
480.70000,2.1913567e-11,8.1157300e-14
480.71000,2.1908316e-11,8.1113444e-14
480.72000,2.1915828e-11,8.1282623e-14
480.73000,2.1930926e-11,8.1440902e-14
480.74000,2.1944189e-11,8.1479063e-14
480.75000,2.1955168e-11,8.1497213e-14
480.76000,2.1964534e-11,8.1501715e-14
480.77000,2.1966267e-11,8.1417256e-14
480.78000,2.1957942e-11,8.1319632e-14
480.79000,2.1947236e-11,8.1373539e-14
480.80000,2.1939857e-11,8.1543592e-14
480.81000,2.1933851e-11,8.1642757e-14
480.82000,2.1928098e-11,8.1548261e-14
480.83000,2.1926374e-11,8.1338866e-14
480.84000,2.1929626e-11,8.1136180e-14
480.85000,2.1934829e-11,8.1019106e-14
480.86000,2.1939581e-11,8.0960877e-14
480.87000,2.1941356e-11,8.0919092e-14
480.88000,2.1938457e-11,8.0940058e-14
480.89000,2.1931584e-11,8.1020883e-14
480.90000,2.1924045e-11,8.1053384e-14
480.91000,2.1918963e-11,8.1007347e-14
480.92000,2.1917058e-11,8.1015792e-14
480.93000,2.1914188e-11,8.1159828e-14
480.94000,2.1907128e-11,8.1341916e-14
480.95000,2.1896556e-11,8.1419969e-14
480.96000,2.1882139e-11,8.1362934e-14
480.97000,2.1862685e-11,8.1188694e-14
480.98000,2.1843731e-11,8.0973859e-14
480.99000,2.1826323e-11,8.0787581e-14
481.00000,2.1804169e-11,8.0584492e-14
481.01000,2.1777884e-11,8.0328840e-14
481.02000,2.1762139e-11,8.0234812e-14
481.03000,2.1763722e-11,8.0494893e-14
481.04000,2.1777824e-11,8.1005849e-14
481.05000,2.1794418e-11,8.1398051e-14
481.06000,2.1805066e-11,8.1440215e-14
481.07000,2.1808805e-11,8.1303093e-14
481.08000,2.1811630e-11,8.1275355e-14
481.09000,2.1817570e-11,8.1351405e-14
481.10000,2.1828682e-11,8.1395194e-14
481.11000,2.1843265e-11,8.1375982e-14
481.12000,2.1855632e-11,8.1308050e-14
481.13000,2.1859356e-11,8.1193852e-14
481.14000,2.1848862e-11,8.1133601e-14
481.15000,2.1825201e-11,8.1400310e-14
481.16000,2.1799990e-11,8.2278522e-14
481.17000,2.1781698e-11,8.3433706e-14
481.18000,2.1767648e-11,8.3813216e-14
481.19000,2.1749795e-11,8.2903525e-14
481.20000,2.1720467e-11,8.1445015e-14
481.21000,2.1682286e-11,8.0423062e-14
481.22000,2.1647599e-11,7.9936764e-14
481.23000,2.1627278e-11,7.9798781e-14
481.24000,2.1620747e-11,7.9897580e-14
481.25000,2.1629111e-11,8.0044420e-14
481.26000,2.1660663e-11,8.0087795e-14
481.27000,2.1714955e-11,8.0156940e-14
481.28000,2.1772231e-11,8.0376083e-14
481.29000,2.1815726e-11,8.0638797e-14
481.30000,2.1839407e-11,8.0731807e-14
481.31000,2.1845533e-11,8.0657371e-14
481.32000,2.1837341e-11,8.0540009e-14
481.33000,2.1826436e-11,8.0466929e-14
481.34000,2.1822641e-11,8.0443676e-14
481.35000,2.1825112e-11,8.0466363e-14
481.36000,2.1825374e-11,8.0530898e-14
481.37000,2.1816674e-11,8.0653038e-14
481.38000,2.1800717e-11,8.0834572e-14
481.39000,2.1788686e-11,8.0973507e-14
481.40000,2.1787194e-11,8.0933925e-14
481.41000,2.1791805e-11,8.0821762e-14
481.42000,2.1799256e-11,8.0825523e-14
481.43000,2.1810295e-11,8.1031396e-14
481.44000,2.1828924e-11,8.1433991e-14
481.45000,2.1855682e-11,8.1948174e-14
481.46000,2.1876044e-11,8.2234709e-14
481.47000,2.1869962e-11,8.2005850e-14
481.48000,2.1832476e-11,8.1449975e-14
481.49000,2.1788981e-11,8.1075456e-14
481.50000,2.1763673e-11,8.1015689e-14
481.51000,2.1764024e-11,8.1126622e-14
481.52000,2.1777934e-11,8.1270771e-14
481.53000,2.1781932e-11,8.1332543e-14
481.54000,2.1758084e-11,8.1242787e-14
481.55000,2.1688195e-11,8.1000995e-14
481.56000,2.1561107e-11,8.0619748e-14
481.57000,2.1406287e-11,8.0156203e-14
481.58000,2.1320450e-11,7.9852715e-14
481.59000,2.1368334e-11,7.9908081e-14
481.60000,2.1518461e-11,8.0282078e-14
481.61000,2.1671312e-11,8.0794733e-14
481.62000,2.1760706e-11,8.1330931e-14
481.63000,2.1791893e-11,8.1758449e-14
481.64000,2.1795290e-11,8.1888455e-14
481.65000,2.1788705e-11,8.1693933e-14
481.66000,2.1780016e-11,8.1355645e-14
481.67000,2.1773086e-11,8.1082498e-14
481.68000,2.1768828e-11,8.0980119e-14
481.69000,2.1765604e-11,8.1072140e-14
481.70000,2.1762212e-11,8.1288165e-14
481.71000,2.1759852e-11,8.1437807e-14
481.72000,2.1759424e-11,8.1421263e-14
481.73000,2.1759796e-11,8.1409156e-14
481.74000,2.1758722e-11,8.1616523e-14
481.75000,2.1755327e-11,8.1994001e-14
481.76000,2.1749637e-11,8.2260585e-14
481.77000,2.1742439e-11,8.2280645e-14
481.78000,2.1737277e-11,8.2155225e-14
481.79000,2.1740363e-11,8.2071854e-14
481.80000,2.1753551e-11,8.2121907e-14
481.81000,2.1769447e-11,8.2253149e-14
481.82000,2.1778869e-11,8.2358418e-14
481.83000,2.1781604e-11,8.2400729e-14
481.84000,2.1784431e-11,8.2416063e-14
481.85000,2.1791772e-11,8.2446370e-14
481.86000,2.1797548e-11,8.2478223e-14
481.87000,2.1795373e-11,8.2563525e-14
481.88000,2.1790326e-11,8.2835880e-14
481.89000,2.1791058e-11,8.3258001e-14
481.90000,2.1789301e-11,8.3455851e-14
481.91000,2.1773283e-11,8.3246604e-14
481.92000,2.1747009e-11,8.2860016e-14
481.93000,2.1724058e-11,8.2596084e-14
481.94000,2.1710326e-11,8.2552576e-14
481.95000,2.1699378e-11,8.2623432e-14
481.96000,2.1687811e-11,8.2712467e-14
481.97000,2.1681936e-11,8.2792629e-14
481.98000,2.1691016e-11,8.2912184e-14
481.99000,2.1711138e-11,8.3071558e-14
482.00000,2.1730664e-11,8.3215707e-14
482.01000,2.1746612e-11,8.3327607e-14
482.02000,2.1760659e-11,8.3398136e-14
482.03000,2.1772535e-11,8.3430818e-14
482.04000,2.1782201e-11,8.3489817e-14
482.05000,2.1790254e-11,8.3623342e-14
482.06000,2.1792651e-11,8.3780786e-14
482.07000,2.1776345e-11,8.3849498e-14
482.08000,2.1739517e-11,8.3818211e-14
482.09000,2.1694140e-11,8.3758754e-14
482.10000,2.1658777e-11,8.3737922e-14
482.11000,2.1645829e-11,8.3765874e-14
482.12000,2.1659236e-11,8.3843969e-14
482.13000,2.1684261e-11,8.3973800e-14
482.14000,2.1705438e-11,8.4136324e-14
482.15000,2.1717872e-11,8.4295293e-14
482.16000,2.1728631e-11,8.4436892e-14
482.17000,2.1744394e-11,8.4565565e-14
482.18000,2.1765264e-11,8.4691565e-14
482.19000,2.1782622e-11,8.4810918e-14
482.20000,2.1778923e-11,8.4907867e-14
482.21000,2.1752943e-11,8.4982331e-14
482.22000,2.1721585e-11,8.5030969e-14
482.23000,2.1704741e-11,8.5089661e-14
482.24000,2.1705669e-11,8.5198276e-14
482.25000,2.1707565e-11,8.5298268e-14
482.26000,2.1693393e-11,8.5344209e-14
482.27000,2.1664882e-11,8.5373317e-14
482.28000,2.1635243e-11,8.5395915e-14
482.29000,2.1612122e-11,8.5416298e-14
482.30000,2.1588835e-11,8.5496083e-14
482.31000,2.1553176e-11,8.5598318e-14
482.32000,2.1498608e-11,8.5588388e-14
482.33000,2.1430531e-11,8.5450111e-14
482.34000,2.1365647e-11,8.5388538e-14
482.35000,2.1316543e-11,8.5496887e-14
482.36000,2.1286443e-11,8.5637816e-14
482.37000,2.1270143e-11,8.5633420e-14
482.38000,2.1259348e-11,8.5506853e-14
482.39000,2.1234065e-11,8.5411870e-14
482.40000,2.1158999e-11,8.5358693e-14
482.41000,2.0999186e-11,8.5260380e-14
482.42000,2.0768902e-11,8.5012364e-14
482.43000,2.0583380e-11,8.4686409e-14
482.44000,2.0593950e-11,8.4644637e-14
482.45000,2.0844607e-11,8.5170757e-14
482.46000,2.1196971e-11,8.6093353e-14
482.47000,2.1449238e-11,8.6881923e-14
482.48000,2.1552922e-11,8.7278002e-14
482.49000,2.1567680e-11,8.7331666e-14
482.50000,2.1563873e-11,8.7241978e-14
482.51000,2.1575893e-11,8.7177530e-14
482.52000,2.1602505e-11,8.7211225e-14
482.53000,2.1626811e-11,8.7349142e-14
482.54000,2.1633083e-11,8.7545418e-14
482.55000,2.1622563e-11,8.7717521e-14
482.56000,2.1602708e-11,8.7809006e-14
482.57000,2.1577788e-11,8.7801863e-14
482.58000,2.1554588e-11,8.7647440e-14
482.59000,2.1545205e-11,8.7251710e-14
482.60000,2.1546003e-11,8.6727669e-14
482.61000,2.1543458e-11,8.6331111e-14
482.62000,2.1534046e-11,8.6248222e-14
482.63000,2.1525399e-11,8.6444284e-14
482.64000,2.1518255e-11,8.6708222e-14
482.65000,2.1505391e-11,8.6792855e-14
482.66000,2.1480071e-11,8.6654055e-14
482.67000,2.1434027e-11,8.6479677e-14
482.68000,2.1370945e-11,8.6427222e-14
482.69000,2.1316330e-11,8.6380826e-14
482.70000,2.1296452e-11,8.6233872e-14
482.71000,2.1316434e-11,8.6059063e-14
482.72000,2.1360639e-11,8.6043134e-14
482.73000,2.1402087e-11,8.6307287e-14
482.74000,2.1426819e-11,8.6803820e-14
482.75000,2.1430889e-11,8.7222542e-14
482.76000,2.1420766e-11,8.7209000e-14
482.77000,2.1409962e-11,8.6728248e-14
482.78000,2.1409837e-11,8.6168562e-14
482.79000,2.1419913e-11,8.5863692e-14
482.80000,2.1423142e-11,8.5927574e-14
482.81000,2.1405583e-11,8.6264209e-14
482.82000,2.1375409e-11,8.6722763e-14
482.83000,2.1346637e-11,8.6922683e-14
482.84000,2.1319172e-11,8.6511898e-14
482.85000,2.1287644e-11,8.5571397e-14
482.86000,2.1258519e-11,8.4650766e-14
482.87000,2.1242017e-11,8.4086982e-14
482.88000,2.1245646e-11,8.3967687e-14
482.89000,2.1271614e-11,8.4212999e-14
482.90000,2.1305123e-11,8.4786330e-14
482.91000,2.1317547e-11,8.5546823e-14
482.92000,2.1302908e-11,8.6216738e-14
482.93000,2.1289445e-11,8.6410582e-14
482.94000,2.1298797e-11,8.6009517e-14
482.95000,2.1326997e-11,8.5092943e-14
482.96000,2.1358019e-11,8.3875647e-14
482.97000,2.1374096e-11,8.2575188e-14
482.98000,2.1368430e-11,8.1408155e-14
482.99000,2.1356094e-11,8.0513763e-14
483.00000,2.1351665e-11,7.9919860e-14
483.01000,2.1356201e-11,7.9612106e-14
483.02000,2.1356225e-11,7.9554896e-14
483.03000,2.1349841e-11,7.9731620e-14
483.04000,2.1346382e-11,8.0055961e-14
483.05000,2.1348654e-11,8.0443705e-14
483.06000,2.1353931e-11,8.0888733e-14
483.07000,2.1359959e-11,8.1364020e-14
483.08000,2.1365080e-11,8.1817120e-14
483.09000,2.1369518e-11,8.2242650e-14
483.10000,2.1373460e-11,8.2684445e-14
483.11000,2.1373599e-11,8.3118659e-14
483.12000,2.1367651e-11,8.3467560e-14
483.13000,2.1355286e-11,8.3694495e-14
483.14000,2.1338534e-11,8.3822629e-14
483.15000,2.1325123e-11,8.3922250e-14
483.16000,2.1320399e-11,8.4010150e-14
483.17000,2.1321738e-11,8.4052689e-14
483.18000,2.1322152e-11,8.4007936e-14
483.19000,2.1318664e-11,8.3863662e-14
483.20000,2.1313055e-11,8.3638672e-14
483.21000,2.1305997e-11,8.3327609e-14
483.22000,2.1294294e-11,8.2899847e-14
483.23000,2.1278269e-11,8.2377663e-14
483.24000,2.1261208e-11,8.1779397e-14
483.25000,2.1245277e-11,8.1097804e-14
483.26000,2.1233985e-11,8.0325011e-14
483.27000,2.1235492e-11,7.9495725e-14
483.28000,2.1248981e-11,7.8660030e-14
483.29000,2.1263287e-11,7.7788249e-14
483.30000,2.1263778e-11,7.6814174e-14
483.31000,2.1246040e-11,7.5770164e-14
483.32000,2.1214666e-11,7.4809454e-14
483.33000,2.1181020e-11,7.4100358e-14
483.34000,2.1157638e-11,7.3734925e-14
483.35000,2.1153517e-11,7.3786525e-14
483.36000,2.1160584e-11,7.4230703e-14
483.37000,2.1163705e-11,7.5112016e-14
483.38000,2.1155628e-11,7.6447761e-14
483.39000,2.1147349e-11,7.8093663e-14
483.40000,2.1146232e-11,7.9713293e-14
483.41000,2.1145980e-11,8.0796194e-14
483.42000,2.1142112e-11,8.0869956e-14
483.43000,2.1137098e-11,7.9676145e-14
483.44000,2.1129121e-11,7.7798528e-14
483.45000,2.1114746e-11,7.5876192e-14
483.46000,2.1097968e-11,7.4513185e-14
483.47000,2.1085477e-11,7.4090900e-14
483.48000,2.1077421e-11,7.4798944e-14
483.49000,2.1071246e-11,7.6494433e-14
483.50000,2.1067132e-11,7.8715823e-14
483.51000,2.1063616e-11,8.0456895e-14
483.52000,2.1052272e-11,8.0775389e-14
483.53000,2.1027395e-11,7.9510515e-14
483.54000,2.0994578e-11,7.7530982e-14
483.55000,2.0966414e-11,7.6152216e-14
483.56000,2.0949624e-11,7.6214309e-14
483.57000,2.0940531e-11,7.7566930e-14
483.58000,2.0933139e-11,7.9355708e-14
483.59000,2.0924614e-11,8.0155523e-14
483.60000,2.0915030e-11,7.9360764e-14
483.61000,2.0903061e-11,7.7603367e-14
483.62000,2.0884381e-11,7.6307487e-14
483.63000,2.0855486e-11,7.6499732e-14
483.64000,2.0827232e-11,7.7898211e-14
483.65000,2.0821242e-11,7.9113553e-14
483.66000,2.0845485e-11,7.8970596e-14
483.67000,2.0880187e-11,7.7509760e-14
483.68000,2.0898351e-11,7.6378392e-14
483.69000,2.0895598e-11,7.6611525e-14
483.70000,2.0881401e-11,7.7767752e-14
483.71000,2.0868460e-11,7.8392764e-14
483.72000,2.0864182e-11,7.7733829e-14
483.73000,2.0864791e-11,7.6696092e-14
483.74000,2.0863875e-11,7.6481771e-14
483.75000,2.0859252e-11,7.7243142e-14
483.76000,2.0851002e-11,7.7613711e-14
483.77000,2.0839790e-11,7.6912230e-14
483.78000,2.0827496e-11,7.5989959e-14
483.79000,2.0812043e-11,7.6060774e-14
483.80000,2.0791517e-11,7.6819718e-14
483.81000,2.0770624e-11,7.6999668e-14
483.82000,2.0754244e-11,7.6339326e-14
483.83000,2.0742348e-11,7.5944398e-14
483.84000,2.0730571e-11,7.6290870e-14
483.85000,2.0718949e-11,7.6484913e-14
483.86000,2.0711071e-11,7.5972419e-14
483.87000,2.0708243e-11,7.5573767e-14
483.88000,2.0704358e-11,7.5955910e-14
483.89000,2.0692269e-11,7.6336267e-14
483.90000,2.0672887e-11,7.6039875e-14
483.91000,2.0653964e-11,7.5684965e-14
483.92000,2.0635475e-11,7.5843415e-14
483.93000,2.0611476e-11,7.5900961e-14
483.94000,2.0586492e-11,7.5513853e-14
483.95000,2.0572521e-11,7.5317448e-14
483.96000,2.0568842e-11,7.5455418e-14
483.97000,2.0562157e-11,7.5346702e-14
483.98000,2.0542661e-11,7.5036694e-14
483.99000,2.0508763e-11,7.5024630e-14
484.00000,2.0472433e-11,7.5010059e-14
484.01000,2.0447484e-11,7.4795174e-14
484.02000,2.0442074e-11,7.4774368e-14
484.03000,2.0452703e-11,7.4925827e-14
484.04000,2.0469950e-11,7.4840922e-14
484.05000,2.0483619e-11,7.4711684e-14
484.06000,2.0485021e-11,7.4699310e-14
484.07000,2.0470680e-11,7.4538791e-14
484.08000,2.0450930e-11,7.4402892e-14
484.09000,2.0434159e-11,7.4453926e-14
484.10000,2.0424436e-11,7.4443728e-14
484.11000,2.0420739e-11,7.4386360e-14
484.12000,2.0419540e-11,7.4436510e-14
484.13000,2.0420472e-11,7.4479613e-14
484.14000,2.0424396e-11,7.4600720e-14
484.15000,2.0422875e-11,7.4875737e-14
484.16000,2.0407382e-11,7.5081659e-14
484.17000,2.0382134e-11,7.5243521e-14
484.18000,2.0360522e-11,7.5329002e-14
484.19000,2.0352952e-11,7.5207640e-14
484.20000,2.0358191e-11,7.5006324e-14
484.21000,2.0364359e-11,7.4816412e-14
484.22000,2.0359154e-11,7.4658939e-14
484.23000,2.0340027e-11,7.4546856e-14
484.24000,2.0318250e-11,7.4436779e-14
484.25000,2.0299466e-11,7.4418650e-14
484.26000,2.0278546e-11,7.4501501e-14
484.27000,2.0249962e-11,7.4584651e-14
484.28000,2.0218673e-11,7.4651385e-14
484.29000,2.0192677e-11,7.4674461e-14
484.30000,2.0175362e-11,7.4711863e-14
484.31000,2.0162053e-11,7.4801324e-14
484.32000,2.0141992e-11,7.4845770e-14
484.33000,2.0109564e-11,7.4763115e-14
484.34000,2.0067547e-11,7.4560585e-14
484.35000,2.0026587e-11,7.4404648e-14
484.36000,1.9995362e-11,7.4375588e-14
484.37000,1.9977243e-11,7.4444218e-14
484.38000,1.9967075e-11,7.4512443e-14
484.39000,1.9954811e-11,7.4535051e-14
484.40000,1.9934615e-11,7.4646878e-14
484.41000,1.9905375e-11,7.5117523e-14
484.42000,1.9866967e-11,7.6248055e-14
484.43000,1.9825334e-11,7.7679714e-14
484.44000,1.9785809e-11,7.8754032e-14
484.45000,1.9749711e-11,7.9080279e-14
484.46000,1.9718956e-11,7.8915157e-14
484.47000,1.9695152e-11,7.8655668e-14
484.48000,1.9671877e-11,7.8432392e-14
484.49000,1.9638916e-11,7.8189403e-14
484.50000,1.9593720e-11,7.7897054e-14
484.51000,1.9553528e-11,7.7662433e-14
484.52000,1.9532301e-11,7.7552817e-14
484.53000,1.9527070e-11,7.7501693e-14
484.54000,1.9521755e-11,7.7382221e-14
484.55000,1.9507586e-11,7.7154113e-14
484.56000,1.9484940e-11,7.6857229e-14
484.57000,1.9459109e-11,7.6565216e-14
484.58000,1.9436891e-11,7.6353298e-14
484.59000,1.9419612e-11,7.6247806e-14
484.60000,1.9404183e-11,7.6226037e-14
484.61000,1.9388853e-11,7.6175284e-14
484.62000,1.9374433e-11,7.6001153e-14
484.63000,1.9357725e-11,7.5748307e-14
484.64000,1.9331661e-11,7.5519938e-14
484.65000,1.9293957e-11,7.5309956e-14
484.66000,1.9250874e-11,7.5005775e-14
484.67000,1.9210667e-11,7.4618084e-14
484.68000,1.9178629e-11,7.4269067e-14
484.69000,1.9155432e-11,7.4068925e-14
484.70000,1.9131392e-11,7.3999157e-14
484.71000,1.9096505e-11,7.3988514e-14
484.72000,1.9046156e-11,7.3896724e-14
484.73000,1.8983347e-11,7.3617960e-14
484.74000,1.8912301e-11,7.3242477e-14
484.75000,1.8838765e-11,7.2955356e-14
484.76000,1.8767761e-11,7.2785983e-14
484.77000,1.8701198e-11,7.2570089e-14
484.78000,1.8641676e-11,7.2250747e-14
484.79000,1.8595341e-11,7.1909124e-14
484.80000,1.8559511e-11,7.1614652e-14
484.81000,1.8508374e-11,7.1353697e-14
484.82000,1.8413904e-11,7.1050010e-14
484.83000,1.8277199e-11,7.0639297e-14
484.84000,1.8149494e-11,7.0220054e-14
484.85000,1.8116809e-11,7.0027670e-14
484.86000,1.8204763e-11,7.0106771e-14
484.87000,1.8351335e-11,7.0298044e-14
484.88000,1.8451021e-11,7.0413579e-14
484.89000,1.8475329e-11,7.0389994e-14
484.90000,1.8450367e-11,7.0218222e-14
484.91000,1.8408753e-11,6.9955333e-14
484.92000,1.8370020e-11,6.9731856e-14
484.93000,1.8337945e-11,6.9633776e-14
484.94000,1.8309608e-11,6.9645533e-14
484.95000,1.8277350e-11,6.9653694e-14
484.96000,1.8233830e-11,6.9534796e-14
484.97000,1.8182486e-11,6.9312193e-14
484.98000,1.8130634e-11,6.9047748e-14
484.99000,1.8083912e-11,6.8775321e-14
485.00000,1.8042445e-11,6.8556086e-14
485.01000,1.8003207e-11,6.8430857e-14
485.02000,1.7961317e-11,6.8349149e-14
485.03000,1.7912689e-11,6.8210186e-14
485.04000,1.7854842e-11,6.7997810e-14
485.05000,1.7786803e-11,6.7756429e-14
485.06000,1.7710813e-11,6.7475798e-14
485.07000,1.7639830e-11,6.7139364e-14
485.08000,1.7587086e-11,6.6818122e-14
485.09000,1.7548218e-11,6.6545038e-14
485.10000,1.7503269e-11,6.6320260e-14
485.11000,1.7441880e-11,6.6159033e-14
485.12000,1.7374895e-11,6.6059829e-14
485.13000,1.7317866e-11,6.5968643e-14
485.14000,1.7278152e-11,6.5826169e-14
485.15000,1.7253305e-11,6.5601205e-14
485.16000,1.7232986e-11,6.5333113e-14
485.17000,1.7206282e-11,6.5123035e-14
485.18000,1.7166894e-11,6.5046557e-14
485.19000,1.7119602e-11,6.5029704e-14
485.20000,1.7068722e-11,6.5027189e-14
485.21000,1.7015916e-11,6.5026164e-14
485.22000,1.6960119e-11,6.4931799e-14
485.23000,1.6900308e-11,6.4637797e-14
485.24000,1.6838844e-11,6.4189634e-14
485.25000,1.6778941e-11,6.3749372e-14
485.26000,1.6722882e-11,6.3457218e-14
485.27000,1.6671874e-11,6.3321558e-14
485.28000,1.6624625e-11,6.3253159e-14
485.29000,1.6573800e-11,6.3107553e-14
485.30000,1.6514709e-11,6.2885640e-14
485.31000,1.6453443e-11,6.2685227e-14
485.32000,1.6397449e-11,6.2512040e-14
485.33000,1.6341200e-11,6.2290664e-14
485.34000,1.6276785e-11,6.2079975e-14
485.35000,1.6205568e-11,6.1970961e-14
485.36000,1.6132765e-11,6.1878239e-14
485.37000,1.6062298e-11,6.1633882e-14
485.38000,1.5994208e-11,6.1268379e-14
485.39000,1.5924464e-11,6.0911357e-14
485.40000,1.5849067e-11,6.0665789e-14
485.41000,1.5769805e-11,6.0542782e-14
485.42000,1.5687903e-11,6.0473341e-14
485.43000,1.5604330e-11,6.0289064e-14
485.44000,1.5521575e-11,5.9908679e-14
485.45000,1.5440271e-11,5.9433877e-14
485.46000,1.5357522e-11,5.9008315e-14
485.47000,1.5272260e-11,5.8708546e-14
485.48000,1.5191200e-11,5.8518470e-14
485.49000,1.5119438e-11,5.8386904e-14
485.50000,1.5054251e-11,5.8311258e-14
485.51000,1.4989424e-11,5.8299577e-14
485.52000,1.4921475e-11,5.8281909e-14
485.53000,1.4847114e-11,5.8165529e-14
485.54000,1.4761869e-11,5.7872213e-14
485.55000,1.4666293e-11,5.7410027e-14
485.56000,1.4565644e-11,5.6869504e-14
485.57000,1.4466869e-11,5.6362359e-14
485.58000,1.4375883e-11,5.5938514e-14
485.59000,1.4291901e-11,5.5570637e-14
485.60000,1.4205977e-11,5.5248629e-14
485.61000,1.4113813e-11,5.5078479e-14
485.62000,1.4022013e-11,5.5182846e-14
485.63000,1.3935157e-11,5.5336265e-14
485.64000,1.3850281e-11,5.5282468e-14
485.65000,1.3764892e-11,5.5004520e-14
485.66000,1.3680220e-11,5.4709637e-14
485.67000,1.3597709e-11,5.4467991e-14
485.68000,1.3515574e-11,5.4215540e-14
485.69000,1.3428745e-11,5.3907628e-14
485.70000,1.3334774e-11,5.3572507e-14
485.71000,1.3235651e-11,5.3224963e-14
485.72000,1.3131340e-11,5.2857308e-14
485.73000,1.3022411e-11,5.2506297e-14
485.74000,1.2915680e-11,5.2202505e-14
485.75000,1.2814824e-11,5.1924969e-14
485.76000,1.2719554e-11,5.1643371e-14
485.77000,1.2626727e-11,5.1322246e-14
485.78000,1.2531286e-11,5.0959439e-14
485.79000,1.2429531e-11,5.0638468e-14
485.80000,1.2325279e-11,5.0430982e-14
485.81000,1.2222441e-11,5.0279491e-14
485.82000,1.2117803e-11,5.0089080e-14
485.83000,1.2007988e-11,4.9849823e-14
485.84000,1.1894953e-11,4.9662441e-14
485.85000,1.1780448e-11,4.9549622e-14
485.86000,1.1662334e-11,4.9379657e-14
485.87000,1.1541423e-11,4.8971444e-14
485.88000,1.1424584e-11,4.8427067e-14
485.89000,1.1314618e-11,4.7955812e-14
485.90000,1.1208030e-11,4.7671639e-14
485.91000,1.1098474e-11,4.7506737e-14
485.92000,1.0983606e-11,4.7308904e-14
485.93000,1.0866809e-11,4.6982732e-14
485.94000,1.0752163e-11,4.6625398e-14
485.95000,1.0638583e-11,4.6448736e-14
485.96000,1.0522520e-11,4.6436314e-14
485.97000,1.0401362e-11,4.6375944e-14
485.98000,1.0273279e-11,4.6098886e-14
485.99000,1.0140567e-11,4.5713928e-14
486.00000,1.0003633e-11,4.5294943e-14
486.01000,9.8592557e-12,4.4817989e-14
486.02000,9.7040792e-12,4.4302080e-14
486.03000,9.5358431e-12,4.3817737e-14
486.04000,9.3561532e-12,4.3378442e-14
486.05000,9.1720283e-12,4.2939637e-14
486.06000,8.9892724e-12,4.2478410e-14
486.07000,8.8034228e-12,4.2015663e-14
486.08000,8.5939835e-12,4.1507084e-14
486.09000,8.3155956e-12,4.0740757e-14
486.10000,7.9365123e-12,3.9596204e-14
486.11000,7.4381292e-12,3.8039450e-14
486.12000,6.8309118e-12,3.6106020e-14
486.13000,6.2133772e-12,3.4145965e-14
486.14000,5.7094393e-12,3.2631239e-14
486.15000,5.4579950e-12,3.2286923e-14
486.16000,5.5296861e-12,3.4396581e-14
486.17000,5.9278985e-12,4.0848882e-14
486.18000,6.5710859e-12,5.0983635e-14
486.19000,7.3085983e-12,5.8531084e-14
486.20000,7.9829636e-12,5.7364334e-14
486.21000,8.5099327e-12,5.0813138e-14
486.22000,8.8836029e-12,4.5494075e-14
486.23000,9.1359649e-12,4.3814343e-14
486.24000,9.3274149e-12,4.3577376e-14
486.25000,9.4837349e-12,4.3589794e-14
486.26000,9.6195359e-12,4.3664561e-14
486.27000,9.7473890e-12,4.3896931e-14
486.28000,9.8702603e-12,4.4230217e-14
486.29000,9.9895421e-12,4.4552483e-14
486.30000,1.0109488e-11,4.4851067e-14
486.31000,1.0231488e-11,4.5201705e-14
486.32000,1.0350393e-11,4.5610256e-14
486.33000,1.0461266e-11,4.5959726e-14
486.34000,1.0565913e-11,4.6149995e-14
486.35000,1.0669419e-11,4.6250573e-14
486.36000,1.0775733e-11,4.6388714e-14
486.37000,1.0887912e-11,4.6627577e-14
486.38000,1.1003550e-11,4.6906967e-14
486.39000,1.1118872e-11,4.7195260e-14
486.40000,1.1231866e-11,4.7520774e-14
486.41000,1.1341601e-11,4.7861952e-14
486.42000,1.1444685e-11,4.8129090e-14
486.43000,1.1538687e-11,4.8293858e-14
486.44000,1.1626507e-11,4.8446405e-14
486.45000,1.1716603e-11,4.8669092e-14
486.46000,1.1820752e-11,4.8965828e-14
486.47000,1.1944486e-11,4.9292330e-14
486.48000,1.2078849e-11,4.9619445e-14
486.49000,1.2210286e-11,4.9948886e-14
486.50000,1.2332314e-11,5.0260376e-14
486.51000,1.2444187e-11,5.0492527e-14
486.52000,1.2548526e-11,5.0668985e-14
486.53000,1.2646000e-11,5.0891178e-14
486.54000,1.2738660e-11,5.1252396e-14
486.55000,1.2832171e-11,5.1655446e-14
486.56000,1.2929454e-11,5.1956366e-14
486.57000,1.3029987e-11,5.2117172e-14
486.58000,1.3131248e-11,5.2267265e-14
486.59000,1.3231032e-11,5.2511696e-14
486.60000,1.3328090e-11,5.2821071e-14
486.61000,1.3422935e-11,5.3130966e-14
486.62000,1.3515636e-11,5.3555717e-14
486.63000,1.3606159e-11,5.4227866e-14
486.64000,1.3696812e-11,5.4922196e-14
486.65000,1.3790423e-11,5.5065695e-14
486.66000,1.3885447e-11,5.4684686e-14
486.67000,1.3978554e-11,5.4276718e-14
486.68000,1.4066463e-11,5.4218035e-14
486.69000,1.4150135e-11,5.4361461e-14
486.70000,1.4233003e-11,5.4569358e-14
486.71000,1.4319031e-11,5.4802462e-14
486.72000,1.4407996e-11,5.5049587e-14
486.73000,1.4495256e-11,5.5278458e-14
486.74000,1.4576533e-11,5.5460551e-14
486.75000,1.4654348e-11,5.5659512e-14
486.76000,1.4735102e-11,5.5976881e-14
486.77000,1.4818715e-11,5.6369121e-14
486.78000,1.4899389e-11,5.6679122e-14
486.79000,1.4976710e-11,5.6840885e-14
486.80000,1.5056974e-11,5.6936447e-14
486.81000,1.5142979e-11,5.7030716e-14
486.82000,1.5230066e-11,5.7123757e-14
486.83000,1.5311034e-11,5.7211704e-14
486.84000,1.5381893e-11,5.7305613e-14
486.85000,1.5443092e-11,5.7412340e-14
486.86000,1.5502550e-11,5.7541865e-14
486.87000,1.5566934e-11,5.7728084e-14
486.88000,1.5639638e-11,5.7998342e-14
486.89000,1.5716355e-11,5.8294561e-14
486.90000,1.5789970e-11,5.8512690e-14
486.91000,1.5858702e-11,5.8612386e-14
486.92000,1.5926906e-11,5.8654485e-14
486.93000,1.5996518e-11,5.8729149e-14
486.94000,1.6064082e-11,5.8881428e-14
486.95000,1.6126736e-11,5.9095451e-14
486.96000,1.6186912e-11,5.9322427e-14
486.97000,1.6247355e-11,5.9527135e-14
486.98000,1.6307297e-11,5.9679744e-14
486.99000,1.6367671e-11,5.9758239e-14
487.00000,1.6431724e-11,5.9825679e-14
487.01000,1.6497698e-11,5.9958548e-14
487.02000,1.6557579e-11,6.0155758e-14
487.03000,1.6605752e-11,6.0305915e-14
487.04000,1.6641617e-11,6.0375229e-14
487.05000,1.6668983e-11,6.0422445e-14
487.06000,1.6697997e-11,6.0503239e-14
487.07000,1.6736994e-11,6.0632958e-14
487.08000,1.6787279e-11,6.0814563e-14
487.09000,1.6843752e-11,6.1028892e-14
487.10000,1.6898929e-11,6.1239707e-14
487.11000,1.6947589e-11,6.1427746e-14
487.12000,1.6988562e-11,6.1651436e-14
487.13000,1.7024569e-11,6.1999030e-14
487.14000,1.7062462e-11,6.2331231e-14
487.15000,1.7111387e-11,6.2392043e-14
487.16000,1.7178681e-11,6.2196310e-14
487.17000,1.7254514e-11,6.2025249e-14
487.18000,1.7324085e-11,6.1983586e-14
487.19000,1.7382391e-11,6.2055256e-14
487.20000,1.7441856e-11,6.2182794e-14
487.21000,1.7506036e-11,6.2304734e-14
487.22000,1.7564534e-11,6.2377715e-14
487.23000,1.7611038e-11,6.2440344e-14
487.24000,1.7655433e-11,6.2556482e-14
487.25000,1.7707103e-11,6.2755041e-14
487.26000,1.7760885e-11,6.3004313e-14
487.27000,1.7808650e-11,6.3247683e-14
487.28000,1.7850192e-11,6.3441584e-14
487.29000,1.7887644e-11,6.3567706e-14
487.30000,1.7920547e-11,6.3624284e-14
487.31000,1.7949755e-11,6.3622992e-14
487.32000,1.7979332e-11,6.3590194e-14
487.33000,1.8013027e-11,6.3572255e-14
487.34000,1.8049050e-11,6.3601832e-14
487.35000,1.8085127e-11,6.3674504e-14
487.36000,1.8123132e-11,6.3783957e-14
487.37000,1.8162665e-11,6.3937028e-14
487.38000,1.8198661e-11,6.4114423e-14
487.39000,1.8229074e-11,6.4298065e-14
487.40000,1.8261126e-11,6.4508358e-14
487.41000,1.8299692e-11,6.4724571e-14
487.42000,1.8342562e-11,6.4903728e-14
487.43000,1.8384689e-11,6.5051924e-14
487.44000,1.8426125e-11,6.5129586e-14
487.45000,1.8468666e-11,6.5097787e-14
487.46000,1.8511385e-11,6.5072480e-14
487.47000,1.8552180e-11,6.5162112e-14
487.48000,1.8590776e-11,6.5269358e-14
487.49000,1.8626917e-11,6.5237856e-14
487.50000,1.8659169e-11,6.5143489e-14
487.51000,1.8688424e-11,6.5196160e-14
487.52000,1.8715268e-11,6.5467093e-14
487.53000,1.8733369e-11,6.5783058e-14
487.54000,1.8736810e-11,6.5925112e-14
487.55000,1.8724229e-11,6.5830705e-14
487.56000,1.8701166e-11,6.5603435e-14
487.57000,1.8681777e-11,6.5415590e-14
487.58000,1.8676747e-11,6.5379976e-14
487.59000,1.8689289e-11,6.5567357e-14
487.60000,1.8712200e-11,6.5884647e-14
487.61000,1.8739326e-11,6.6199885e-14
487.62000,1.8758678e-11,6.6357290e-14
487.63000,1.8754574e-11,6.6268224e-14
487.64000,1.8716441e-11,6.5942149e-14
487.65000,1.8653784e-11,6.5503749e-14
487.66000,1.8617469e-11,6.5165877e-14
487.67000,1.8667908e-11,6.5088809e-14
487.68000,1.8811649e-11,6.5292381e-14
487.69000,1.8982276e-11,6.5603279e-14
487.70000,1.9106407e-11,6.5785735e-14
487.71000,1.9164958e-11,6.5772349e-14
487.72000,1.9179153e-11,6.5686086e-14
487.73000,1.9178148e-11,6.5691672e-14
487.74000,1.9181772e-11,6.5811313e-14
487.75000,1.9200129e-11,6.5972718e-14
487.76000,1.9232547e-11,6.6109333e-14
487.77000,1.9266512e-11,6.6197659e-14
487.78000,1.9293286e-11,6.6218803e-14
487.79000,1.9313382e-11,6.6169643e-14
487.80000,1.9329279e-11,6.6090590e-14
487.81000,1.9339353e-11,6.6009705e-14
487.82000,1.9348257e-11,6.5996897e-14
487.83000,1.9365488e-11,6.6119204e-14
487.84000,1.9392605e-11,6.6302439e-14
487.85000,1.9422656e-11,6.6336134e-14
487.86000,1.9446136e-11,6.6220077e-14
487.87000,1.9463617e-11,6.6198557e-14
487.88000,1.9485178e-11,6.6376408e-14
487.89000,1.9516297e-11,6.6520648e-14
487.90000,1.9548166e-11,6.6418925e-14
487.91000,1.9571554e-11,6.6131167e-14
487.92000,1.9589512e-11,6.5914244e-14
487.93000,1.9608953e-11,6.5918425e-14
487.94000,1.9627521e-11,6.6043896e-14
487.95000,1.9637628e-11,6.6044032e-14
487.96000,1.9637503e-11,6.5775583e-14
487.97000,1.9636484e-11,6.5384492e-14
487.98000,1.9647033e-11,6.5186213e-14
487.99000,1.9670246e-11,6.5329850e-14
488.00000,1.9694711e-11,6.5579142e-14
488.01000,1.9712765e-11,6.5648209e-14
488.02000,1.9724740e-11,6.5406734e-14
488.03000,1.9735480e-11,6.4988808e-14
488.04000,1.9749368e-11,6.4599770e-14
488.05000,1.9770961e-11,6.4479733e-14
488.06000,1.9798648e-11,6.4645640e-14
488.07000,1.9827267e-11,6.4942225e-14
488.08000,1.9848909e-11,6.5030593e-14
488.09000,1.9861479e-11,6.4708442e-14
488.10000,1.9869614e-11,6.4086063e-14
488.11000,1.9878826e-11,6.3456621e-14
488.12000,1.9889736e-11,6.3089762e-14
488.13000,1.9901068e-11,6.3100669e-14
488.14000,1.9912964e-11,6.3477844e-14
488.15000,1.9925026e-11,6.4008750e-14
488.16000,1.9936737e-11,6.4426564e-14
488.17000,1.9949492e-11,6.4494097e-14
488.18000,1.9963448e-11,6.4152476e-14
488.19000,1.9976141e-11,6.3553065e-14
488.20000,1.9988391e-11,6.2896550e-14
488.21000,2.0004299e-11,6.2337335e-14
488.22000,2.0022356e-11,6.1991642e-14
488.23000,2.0036102e-11,6.1930568e-14
488.24000,2.0042220e-11,6.2147838e-14
488.25000,2.0043790e-11,6.2586184e-14
488.26000,2.0044749e-11,6.3195538e-14
488.27000,2.0044436e-11,6.3939204e-14
488.28000,2.0035894e-11,6.4647352e-14
488.29000,2.0014465e-11,6.5061539e-14
488.30000,1.9982692e-11,6.5019934e-14
488.31000,1.9950620e-11,6.4582235e-14
488.32000,1.9925613e-11,6.4000729e-14
488.33000,1.9908322e-11,6.3419446e-14
488.34000,1.9901338e-11,6.2905523e-14
488.35000,1.9913728e-11,6.2505273e-14
488.36000,1.9956867e-11,6.2284307e-14
488.37000,2.0028833e-11,6.2267171e-14
488.38000,2.0100842e-11,6.2293713e-14
488.39000,2.0153853e-11,6.2227243e-14
488.40000,2.0184109e-11,6.2079358e-14
488.41000,2.0202168e-11,6.2018007e-14
488.42000,2.0211605e-11,6.2104824e-14
488.43000,2.0213532e-11,6.2243343e-14
488.44000,2.0210926e-11,6.2251545e-14
488.45000,2.0203911e-11,6.2066744e-14
488.46000,2.0192722e-11,6.1804054e-14
488.47000,2.0183661e-11,6.1648461e-14
488.48000,2.0186733e-11,6.1644024e-14
488.49000,2.0209415e-11,6.1738506e-14
488.50000,2.0248886e-11,6.1860850e-14
488.51000,2.0292673e-11,6.1987693e-14
488.52000,2.0326848e-11,6.2124676e-14
488.53000,2.0343679e-11,6.2231979e-14
488.54000,2.0345728e-11,6.2238654e-14
488.55000,2.0339304e-11,6.2183387e-14
488.56000,2.0326911e-11,6.2198309e-14
488.57000,2.0306000e-11,6.2350323e-14
488.58000,2.0279947e-11,6.2626621e-14
488.59000,2.0263515e-11,6.3025936e-14
488.60000,2.0269276e-11,6.3539879e-14
488.61000,2.0288538e-11,6.4099769e-14
488.62000,2.0304269e-11,6.4610227e-14
488.63000,2.0308704e-11,6.4926775e-14
488.64000,2.0307701e-11,6.4925895e-14
488.65000,2.0309258e-11,6.4544484e-14
488.66000,2.0318131e-11,6.3844912e-14
488.67000,2.0331868e-11,6.3029953e-14
488.68000,2.0348624e-11,6.2279106e-14
488.69000,2.0372805e-11,6.1768381e-14
488.70000,2.0404166e-11,6.1552062e-14
488.71000,2.0434581e-11,6.1642834e-14
488.72000,2.0456511e-11,6.2035637e-14
488.73000,2.0474648e-11,6.2638686e-14
488.74000,2.0492917e-11,6.3371757e-14
488.75000,2.0508830e-11,6.3971221e-14
488.76000,2.0518807e-11,6.4105103e-14
488.77000,2.0521208e-11,6.3652115e-14
488.78000,2.0517400e-11,6.2802801e-14
488.79000,2.0513300e-11,6.2021113e-14
488.80000,2.0511147e-11,6.1583506e-14
488.81000,2.0509842e-11,6.1685374e-14
488.82000,2.0508129e-11,6.2234928e-14
488.83000,2.0506343e-11,6.2930686e-14
488.84000,2.0506065e-11,6.3309727e-14
488.85000,2.0508613e-11,6.3109957e-14
488.86000,2.0514629e-11,6.2479539e-14
488.87000,2.0525751e-11,6.1867666e-14
488.88000,2.0542919e-11,6.1756238e-14
488.89000,2.0564137e-11,6.2264258e-14
488.90000,2.0583688e-11,6.3051348e-14
488.91000,2.0594368e-11,6.3476986e-14
488.92000,2.0592833e-11,6.3281962e-14
488.93000,2.0582656e-11,6.2723585e-14
488.94000,2.0574739e-11,6.2339125e-14
488.95000,2.0577061e-11,6.2420919e-14
488.96000,2.0585872e-11,6.2804695e-14
488.97000,2.0585819e-11,6.2945313e-14
488.98000,2.0565446e-11,6.2524221e-14
488.99000,2.0528303e-11,6.1829506e-14
489.00000,2.0488839e-11,6.1494452e-14
489.01000,2.0458397e-11,6.1730670e-14
489.02000,2.0440264e-11,6.2132147e-14
489.03000,2.0433880e-11,6.2186684e-14
489.04000,2.0433510e-11,6.1966032e-14
489.05000,2.0428507e-11,6.1916466e-14
489.06000,2.0410869e-11,6.2179249e-14
489.07000,2.0385994e-11,6.2351321e-14
489.08000,2.0367816e-11,6.2145220e-14
489.09000,2.0368083e-11,6.1814439e-14
489.10000,2.0389437e-11,6.1860123e-14
489.11000,2.0420369e-11,6.2234333e-14
489.12000,2.0444882e-11,6.2461404e-14
489.13000,2.0461187e-11,6.2383211e-14
489.14000,2.0485300e-11,6.2373164e-14
489.15000,2.0527210e-11,6.2612196e-14
489.16000,2.0576644e-11,6.2802673e-14
489.17000,2.0621302e-11,6.2827899e-14
489.18000,2.0661780e-11,6.2968055e-14
489.19000,2.0699551e-11,6.3290595e-14
489.20000,2.0728659e-11,6.3434017e-14
489.21000,2.0745320e-11,6.3331745e-14
489.22000,2.0752722e-11,6.3372446e-14
489.23000,2.0752700e-11,6.3578963e-14
489.24000,2.0744099e-11,6.3643089e-14
489.25000,2.0736376e-11,6.3593921e-14
489.26000,2.0740744e-11,6.3693943e-14
489.27000,2.0755715e-11,6.3856073e-14
489.28000,2.0770306e-11,6.3853873e-14
489.29000,2.0780101e-11,6.3790167e-14
489.30000,2.0785300e-11,6.3740772e-14
489.31000,2.0783273e-11,6.3537188e-14
489.32000,2.0776157e-11,6.3181656e-14
489.33000,2.0768775e-11,6.2844164e-14
489.34000,2.0761400e-11,6.2649081e-14
489.35000,2.0750363e-11,6.2579227e-14
489.36000,2.0735174e-11,6.2552139e-14
489.37000,2.0718715e-11,6.2450262e-14
489.38000,2.0702551e-11,6.2445872e-14
489.39000,2.0687274e-11,6.2667039e-14
489.40000,2.0679491e-11,6.2887243e-14
489.41000,2.0688294e-11,6.2893070e-14
489.42000,2.0716939e-11,6.2743568e-14
489.43000,2.0757235e-11,6.2535760e-14
489.44000,2.0789097e-11,6.2459607e-14
489.45000,2.0799742e-11,6.2675950e-14
489.46000,2.0785143e-11,6.3251986e-14
489.47000,2.0759954e-11,6.4023059e-14
489.48000,2.0739044e-11,6.4665727e-14
489.49000,2.0733583e-11,6.4855652e-14
489.50000,2.0740107e-11,6.4733230e-14
489.51000,2.0750093e-11,6.4520231e-14
489.52000,2.0758055e-11,6.4386677e-14
489.53000,2.0764779e-11,6.4378033e-14
489.54000,2.0771676e-11,6.4413437e-14
489.55000,2.0776051e-11,6.4410048e-14
489.56000,2.0772036e-11,6.4339403e-14
489.57000,2.0757881e-11,6.4269044e-14
489.58000,2.0741505e-11,6.4277301e-14
489.59000,2.0735672e-11,6.4264819e-14
489.60000,2.0743945e-11,6.4106077e-14
489.61000,2.0762974e-11,6.3781993e-14
489.62000,2.0784080e-11,6.3448814e-14
489.63000,2.0800205e-11,6.3262615e-14
489.64000,2.0807613e-11,6.3315325e-14
489.65000,2.0810329e-11,6.3542279e-14
489.66000,2.0812570e-11,6.3809480e-14
489.67000,2.0814330e-11,6.3936081e-14
489.68000,2.0813618e-11,6.3792261e-14
489.69000,2.0812511e-11,6.3480844e-14
489.70000,2.0815591e-11,6.3283995e-14
489.71000,2.0823449e-11,6.3297027e-14
489.72000,2.0834538e-11,6.3340920e-14
489.73000,2.0847762e-11,6.3278631e-14
489.74000,2.0861189e-11,6.3203678e-14
489.75000,2.0872273e-11,6.3186862e-14
489.76000,2.0877236e-11,6.3150520e-14
489.77000,2.0875509e-11,6.3046135e-14
489.78000,2.0870826e-11,6.2944701e-14
489.79000,2.0866985e-11,6.2893762e-14
489.80000,2.0864465e-11,6.2890081e-14
489.81000,2.0863065e-11,6.2922988e-14
489.82000,2.0864043e-11,6.2952720e-14
489.83000,2.0867043e-11,6.2958054e-14
489.84000,2.0868653e-11,6.2956083e-14
489.85000,2.0866943e-11,6.2954612e-14
489.86000,2.0865410e-11,6.2941692e-14
489.87000,2.0864932e-11,6.2883502e-14
489.88000,2.0859354e-11,6.2747710e-14
489.89000,2.0841466e-11,6.2564870e-14
489.90000,2.0807923e-11,6.2397834e-14
489.91000,2.0759587e-11,6.2284643e-14
489.92000,2.0709292e-11,6.2213429e-14
489.93000,2.0671653e-11,6.2176611e-14
489.94000,2.0651981e-11,6.2171869e-14
489.95000,2.0640229e-11,6.2173199e-14
489.96000,2.0630666e-11,6.2153884e-14
489.97000,2.0628787e-11,6.2107027e-14
489.98000,2.0642448e-11,6.2063616e-14
489.99000,2.0673456e-11,6.2051986e-14
490.00000,2.0720861e-11,6.2072596e-14
490.01000,2.0779863e-11,6.2119034e-14
490.02000,2.0842270e-11,6.2190327e-14
490.03000,2.0892047e-11,6.2240160e-14
490.04000,2.0917853e-11,6.2216874e-14
490.05000,2.0919804e-11,6.2143388e-14
490.06000,2.0903163e-11,6.2076754e-14
490.07000,2.0880655e-11,6.2035950e-14
490.08000,2.0864022e-11,6.2019209e-14
490.09000,2.0859308e-11,6.2036294e-14
490.10000,2.0857199e-11,6.2054748e-14
490.11000,2.0848811e-11,6.2026197e-14
490.12000,2.0835645e-11,6.1946537e-14
490.13000,2.0826960e-11,6.1876410e-14
490.14000,2.0826934e-11,6.1853655e-14
490.15000,2.0834152e-11,6.1871056e-14
490.16000,2.0841390e-11,6.1888491e-14
490.17000,2.0843521e-11,6.1883692e-14
490.18000,2.0844996e-11,6.1867506e-14
490.19000,2.0859733e-11,6.1895548e-14
490.20000,2.0889160e-11,6.1982377e-14
490.21000,2.0917419e-11,6.2069423e-14
490.22000,2.0927172e-11,6.2099643e-14
490.23000,2.0914366e-11,6.2079644e-14
490.24000,2.0883732e-11,6.2036222e-14
490.25000,2.0850985e-11,6.1991774e-14
490.26000,2.0825170e-11,6.1934653e-14
490.27000,2.0812497e-11,6.1845524e-14
490.28000,2.0815070e-11,6.1767972e-14
490.29000,2.0831991e-11,6.1744367e-14
490.30000,2.0854877e-11,6.1737035e-14
490.31000,2.0872821e-11,6.1689915e-14
490.32000,2.0882618e-11,6.1640121e-14
490.33000,2.0885641e-11,6.1673526e-14
490.34000,2.0884391e-11,6.1750015e-14
490.35000,2.0878705e-11,6.1768853e-14
490.36000,2.0871818e-11,6.1697708e-14
490.37000,2.0869198e-11,6.1626753e-14
490.38000,2.0871636e-11,6.1597385e-14
490.39000,2.0874136e-11,6.1565516e-14
490.40000,2.0874029e-11,6.1505274e-14
490.41000,2.0875784e-11,6.1454066e-14
490.42000,2.0887711e-11,6.1481579e-14
490.43000,2.0907693e-11,6.1599729e-14
490.44000,2.0926558e-11,6.1781948e-14
490.45000,2.0938036e-11,6.1988391e-14
490.46000,2.0946312e-11,6.2176162e-14
490.47000,2.0953527e-11,6.2297913e-14
490.48000,2.0954801e-11,6.2335561e-14
490.49000,2.0949733e-11,6.2333246e-14
490.50000,2.0944059e-11,6.2328418e-14
490.51000,2.0943132e-11,6.2331374e-14
490.52000,2.0948194e-11,6.2343739e-14
490.53000,2.0959176e-11,6.2368806e-14
490.54000,2.0972045e-11,6.2375721e-14
490.55000,2.0982107e-11,6.2325086e-14
490.56000,2.0987253e-11,6.2231834e-14
490.57000,2.0987100e-11,6.2172246e-14
490.58000,2.0983372e-11,6.2176538e-14
490.59000,2.0978756e-11,6.2207901e-14
490.60000,2.0975644e-11,6.2224391e-14
490.61000,2.0974632e-11,6.2220097e-14
490.62000,2.0975583e-11,6.2187377e-14
490.63000,2.0978223e-11,6.2112217e-14
490.64000,2.0980440e-11,6.2011220e-14
490.65000,2.0977888e-11,6.1919412e-14
490.66000,2.0967720e-11,6.1853994e-14
490.67000,2.0951587e-11,6.1821646e-14
490.68000,2.0934935e-11,6.1814432e-14
490.69000,2.0921899e-11,6.1757621e-14
490.70000,2.0912157e-11,6.1565070e-14
490.71000,2.0905473e-11,6.1270629e-14
490.72000,2.0904662e-11,6.1028165e-14
490.73000,2.0911258e-11,6.0936140e-14
490.74000,2.0923212e-11,6.0963947e-14
490.75000,2.0937142e-11,6.1018233e-14
490.76000,2.0949841e-11,6.1018027e-14
490.77000,2.0958809e-11,6.0957325e-14
490.78000,2.0961685e-11,6.0913420e-14
490.79000,2.0953653e-11,6.0939448e-14
490.80000,2.0927629e-11,6.0985596e-14
490.81000,2.0877740e-11,6.0978393e-14
490.82000,2.0805984e-11,6.0891845e-14
490.83000,2.0736840e-11,6.0783786e-14
490.84000,2.0708199e-11,6.0735772e-14
490.85000,2.0749113e-11,6.0784219e-14
490.86000,2.0825153e-11,6.0855679e-14
490.87000,2.0886169e-11,6.0886896e-14
490.88000,2.0908818e-11,6.0867359e-14
490.89000,2.0911902e-11,6.0820310e-14
490.90000,2.0910216e-11,6.0747571e-14
490.91000,2.0910695e-11,6.0672789e-14
490.92000,2.0916817e-11,6.0660421e-14
490.93000,2.0926167e-11,6.0710796e-14
490.94000,2.0929434e-11,6.0733316e-14
490.95000,2.0921719e-11,6.0669648e-14
490.96000,2.0905316e-11,6.0556823e-14
490.97000,2.0885765e-11,6.0473900e-14
490.98000,2.0866900e-11,6.0423814e-14
490.99000,2.0851580e-11,6.0378715e-14
491.00000,2.0842549e-11,6.0345144e-14
491.01000,2.0836042e-11,6.0309945e-14
491.02000,2.0826228e-11,6.0237258e-14
491.03000,2.0810111e-11,6.0146250e-14
491.04000,2.0790759e-11,6.0074144e-14
491.05000,2.0774343e-11,6.0014167e-14
491.06000,2.0765960e-11,5.9953569e-14
491.07000,2.0765518e-11,5.9895480e-14
491.08000,2.0771562e-11,5.9855361e-14
491.09000,2.0782339e-11,5.9869933e-14
491.10000,2.0797069e-11,5.9910149e-14
491.11000,2.0812706e-11,5.9857035e-14
491.12000,2.0821881e-11,5.9695251e-14
491.13000,2.0823434e-11,5.9563723e-14
491.14000,2.0826036e-11,5.9550171e-14
491.15000,2.0836583e-11,5.9570942e-14
491.16000,2.0851308e-11,5.9552824e-14
491.17000,2.0861124e-11,5.9543143e-14
491.18000,2.0864510e-11,5.9590489e-14
491.19000,2.0867976e-11,5.9624749e-14
491.20000,2.0876269e-11,5.9553069e-14
491.21000,2.0886060e-11,5.9422071e-14
491.22000,2.0893583e-11,5.9360086e-14
491.23000,2.0896630e-11,5.9421276e-14
491.24000,2.0889165e-11,5.9510587e-14
491.25000,2.0865540e-11,5.9475867e-14
491.26000,2.0837314e-11,5.9317738e-14
491.27000,2.0822874e-11,5.9193881e-14
491.28000,2.0833006e-11,5.9333837e-14
491.29000,2.0852378e-11,5.9843382e-14
491.30000,2.0859538e-11,6.0570970e-14
491.31000,2.0830920e-11,6.0934394e-14
491.32000,2.0760621e-11,6.0556616e-14
491.33000,2.0648075e-11,5.9643899e-14
491.34000,2.0518851e-11,5.8800868e-14
491.35000,2.0434334e-11,5.8326582e-14
491.36000,2.0454530e-11,5.8245374e-14
491.37000,2.0580247e-11,5.8489061e-14
491.38000,2.0727475e-11,5.8882158e-14
491.39000,2.0832287e-11,5.9275827e-14
491.40000,2.0884962e-11,5.9540517e-14
491.41000,2.0909956e-11,5.9617222e-14
491.42000,2.0922509e-11,5.9514511e-14
491.43000,2.0925914e-11,5.9319731e-14
491.44000,2.0920625e-11,5.9119920e-14
491.45000,2.0911200e-11,5.8962048e-14
491.46000,2.0905080e-11,5.8855301e-14
491.47000,2.0903643e-11,5.8781617e-14
491.48000,2.0902976e-11,5.8717039e-14
491.49000,2.0901932e-11,5.8653991e-14
491.50000,2.0902937e-11,5.8596471e-14
491.51000,2.0906313e-11,5.8554210e-14
491.52000,2.0907701e-11,5.8529913e-14
491.53000,2.0901844e-11,5.8515818e-14
491.54000,2.0889193e-11,5.8507775e-14
491.55000,2.0875958e-11,5.8515618e-14
491.56000,2.0868145e-11,5.8567208e-14
491.57000,2.0865690e-11,5.8707697e-14
491.58000,2.0866593e-11,5.8976089e-14
491.59000,2.0870387e-11,5.9330020e-14
491.60000,2.0876475e-11,5.9567137e-14
491.61000,2.0883030e-11,5.9534431e-14
491.62000,2.0885115e-11,5.9228502e-14
491.63000,2.0880750e-11,5.8863358e-14
491.64000,2.0872359e-11,5.8602466e-14
491.65000,2.0864000e-11,5.8509011e-14
491.66000,2.0856886e-11,5.8507743e-14
491.67000,2.0851328e-11,5.8557862e-14
491.68000,2.0850075e-11,5.8669686e-14
491.69000,2.0853523e-11,5.8794080e-14
491.70000,2.0853237e-11,5.8814888e-14
491.71000,2.0830593e-11,5.8662770e-14
491.72000,2.0776679e-11,5.8401828e-14
491.73000,2.0703189e-11,5.8137364e-14
491.74000,2.0645875e-11,5.7972553e-14
491.75000,2.0637189e-11,5.7987333e-14
491.76000,2.0677411e-11,5.8145988e-14
491.77000,2.0726659e-11,5.8293391e-14
491.78000,2.0749404e-11,5.8361204e-14
491.79000,2.0740862e-11,5.8387976e-14
491.80000,2.0711873e-11,5.8367559e-14
491.81000,2.0668297e-11,5.8246095e-14
491.82000,2.0621090e-11,5.8034717e-14
491.83000,2.0584706e-11,5.7833923e-14
491.84000,2.0569468e-11,5.7793975e-14
491.85000,2.0569918e-11,5.7946230e-14
491.86000,2.0580160e-11,5.8220538e-14
491.87000,2.0598219e-11,5.8496292e-14
491.88000,2.0619651e-11,5.8627935e-14
491.89000,2.0639805e-11,5.8540571e-14
491.90000,2.0655954e-11,5.8389113e-14
491.91000,2.0669555e-11,5.8394366e-14
491.92000,2.0683143e-11,5.8507962e-14
491.93000,2.0698516e-11,5.8453067e-14
491.94000,2.0707348e-11,5.8201639e-14
491.95000,2.0689578e-11,5.7935821e-14
491.96000,2.0632368e-11,5.7732089e-14
491.97000,2.0547707e-11,5.7538780e-14
491.98000,2.0457720e-11,5.7356675e-14
491.99000,2.0378234e-11,5.7204283e-14
492.00000,2.0315060e-11,5.7066915e-14
492.01000,2.0271985e-11,5.6960038e-14
492.02000,2.0249430e-11,5.6917523e-14
492.03000,2.0241835e-11,5.6938888e-14
492.04000,2.0239558e-11,5.6973096e-14
492.05000,2.0236991e-11,5.6970528e-14
492.06000,2.0231474e-11,5.6934426e-14
492.07000,2.0231998e-11,5.6922588e-14
492.08000,2.0255184e-11,5.6967344e-14
492.09000,2.0307782e-11,5.7077813e-14
492.10000,2.0367563e-11,5.7233735e-14
492.11000,2.0411921e-11,5.7419170e-14
492.12000,2.0425908e-11,5.7567599e-14
492.13000,2.0412061e-11,5.7584771e-14
492.14000,2.0372766e-11,5.7418260e-14
492.15000,2.0311008e-11,5.7160742e-14
492.16000,2.0227603e-11,5.6977112e-14
492.17000,2.0108117e-11,5.6936615e-14
492.18000,1.9920237e-11,5.6932182e-14
492.19000,1.9642919e-11,5.6781126e-14
492.20000,1.9293640e-11,5.6384819e-14
492.21000,1.8963295e-11,5.5865974e-14
492.22000,1.8770175e-11,5.5468713e-14
492.23000,1.8794805e-11,5.5424718e-14
492.24000,1.9018198e-11,5.5774515e-14
492.25000,1.9360975e-11,5.6405010e-14
492.26000,1.9704457e-11,5.7108653e-14
492.27000,1.9975902e-11,5.7753571e-14
492.28000,2.0133564e-11,5.8171421e-14
492.29000,2.0194570e-11,5.8243212e-14
492.30000,2.0183429e-11,5.8020351e-14
492.31000,2.0118535e-11,5.7678034e-14
492.32000,2.0033172e-11,5.7388623e-14
492.33000,1.9955235e-11,5.7199579e-14
492.34000,1.9911563e-11,5.7094549e-14
492.35000,1.9901809e-11,5.7039789e-14
492.36000,1.9902062e-11,5.7035812e-14
492.37000,1.9831494e-11,5.7002824e-14
492.38000,1.9575773e-11,5.6740292e-14
492.39000,1.9016478e-11,5.6004622e-14
492.40000,1.8211199e-11,5.4789513e-14
492.41000,1.7503378e-11,5.3557488e-14
492.42000,1.7412046e-11,5.3208059e-14
492.43000,1.8075794e-11,5.4151233e-14
492.44000,1.9124653e-11,5.5836407e-14
492.45000,1.9990509e-11,5.7247031e-14
492.46000,2.0493415e-11,5.8081895e-14
492.47000,2.0694923e-11,5.8471067e-14
492.48000,2.0769354e-11,5.8652226e-14
492.49000,2.0794507e-11,5.8710950e-14
492.50000,2.0798889e-11,5.8666955e-14
492.51000,2.0788722e-11,5.8541716e-14
492.52000,2.0755319e-11,5.8388548e-14
492.53000,2.0688378e-11,5.8298494e-14
492.54000,2.0593701e-11,5.8240411e-14
492.55000,2.0494326e-11,5.8104090e-14
492.56000,2.0442892e-11,5.7906117e-14
492.57000,2.0471785e-11,5.7823848e-14
492.58000,2.0563527e-11,5.7986096e-14
492.59000,2.0659792e-11,5.8311089e-14
492.60000,2.0724584e-11,5.8575594e-14
492.61000,2.0758075e-11,5.8570877e-14
492.62000,2.0777075e-11,5.8354796e-14
492.63000,2.0790695e-11,5.8120131e-14
492.64000,2.0797522e-11,5.7969373e-14
492.65000,2.0795605e-11,5.7883899e-14
492.66000,2.0791807e-11,5.7849795e-14
492.67000,2.0794027e-11,5.7858526e-14
492.68000,2.0798688e-11,5.7915962e-14
492.69000,2.0798105e-11,5.7998466e-14
492.70000,2.0792291e-11,5.8023345e-14
492.71000,2.0784339e-11,5.7936186e-14
492.72000,2.0775630e-11,5.7787081e-14
492.73000,2.0769490e-11,5.7665370e-14
492.74000,2.0769932e-11,5.7609982e-14
492.75000,2.0772942e-11,5.7613329e-14
492.76000,2.0770708e-11,5.7650316e-14
492.77000,2.0764374e-11,5.7697576e-14
492.78000,2.0765136e-11,5.7755218e-14
492.79000,2.0779438e-11,5.7824116e-14
492.80000,2.0802254e-11,5.7873795e-14
492.81000,2.0823834e-11,5.7878980e-14
492.82000,2.0832863e-11,5.7832183e-14
492.83000,2.0827021e-11,5.7742783e-14
492.84000,2.0815046e-11,5.7636761e-14
492.85000,2.0808252e-11,5.7563834e-14
492.86000,2.0808802e-11,5.7528229e-14
492.87000,2.0813490e-11,5.7491037e-14
492.88000,2.0817458e-11,5.7436971e-14
492.89000,2.0816212e-11,5.7399590e-14
492.90000,2.0808766e-11,5.7399151e-14
492.91000,2.0798265e-11,5.7425452e-14
492.92000,2.0786176e-11,5.7475660e-14
492.93000,2.0775315e-11,5.7545947e-14
492.94000,2.0772264e-11,5.7601170e-14
492.95000,2.0779302e-11,5.7621519e-14
492.96000,2.0788511e-11,5.7626768e-14
492.97000,2.0789463e-11,5.7616209e-14
492.98000,2.0776530e-11,5.7560066e-14
492.99000,2.0756126e-11,5.7474942e-14
493.00000,2.0737346e-11,5.7413802e-14
493.01000,2.0726896e-11,5.7418109e-14
493.02000,2.0724088e-11,5.7470458e-14
493.03000,2.0728031e-11,5.7539344e-14
493.04000,2.0738806e-11,5.7607469e-14
493.05000,2.0752986e-11,5.7718327e-14
493.06000,2.0763147e-11,5.7930880e-14
493.07000,2.0763173e-11,5.8146993e-14
493.08000,2.0756781e-11,5.8188439e-14
493.09000,2.0752914e-11,5.8067379e-14
493.10000,2.0750908e-11,5.7980005e-14
493.11000,2.0740719e-11,5.7989079e-14
493.12000,2.0719637e-11,5.7980002e-14
493.13000,2.0695651e-11,5.7873638e-14
493.14000,2.0677619e-11,5.7709951e-14
493.15000,2.0670162e-11,5.7596263e-14
493.16000,2.0672686e-11,5.7550340e-14
493.17000,2.0679927e-11,5.7546589e-14
493.18000,2.0685891e-11,5.7585304e-14
493.19000,2.0688857e-11,5.7690079e-14
493.20000,2.0688978e-11,5.7796212e-14
493.21000,2.0689769e-11,5.7806405e-14
493.22000,2.0694317e-11,5.7720949e-14
493.23000,2.0697250e-11,5.7655184e-14
493.24000,2.0690177e-11,5.7686964e-14
493.25000,2.0671667e-11,5.7786702e-14
493.26000,2.0646764e-11,5.7848878e-14
493.27000,2.0619579e-11,5.7753682e-14
493.28000,2.0592990e-11,5.7453121e-14
493.29000,2.0566683e-11,5.6995455e-14
493.30000,2.0533360e-11,5.6494916e-14
493.31000,2.0482710e-11,5.6061286e-14
493.32000,2.0408707e-11,5.5763781e-14
493.33000,2.0323350e-11,5.5634039e-14
493.34000,2.0248669e-11,5.5585450e-14
493.35000,2.0198577e-11,5.5540749e-14
493.36000,2.0177131e-11,5.5446045e-14
493.37000,2.0182687e-11,5.5298015e-14
493.38000,2.0214050e-11,5.5206468e-14
493.39000,2.0270488e-11,5.5235035e-14
493.40000,2.0352142e-11,5.5327101e-14
493.41000,2.0448655e-11,5.5482032e-14
493.42000,2.0541994e-11,5.5736835e-14
493.43000,2.0610793e-11,5.5954248e-14
493.44000,2.0650255e-11,5.5991398e-14
493.45000,2.0663382e-11,5.5953148e-14
493.46000,2.0657283e-11,5.6151805e-14
493.47000,2.0644622e-11,5.6582369e-14
493.48000,2.0634653e-11,5.6893601e-14
493.49000,2.0629824e-11,5.6733174e-14
493.50000,2.0623666e-11,5.6187244e-14
493.51000,2.0607459e-11,5.5583660e-14
493.52000,2.0582737e-11,5.5211133e-14
493.53000,2.0559981e-11,5.5166078e-14
493.54000,2.0548573e-11,5.5367606e-14
493.55000,2.0549649e-11,5.5717339e-14
493.56000,2.0561577e-11,5.6163344e-14
493.57000,2.0577317e-11,5.6638160e-14
493.58000,2.0590949e-11,5.7072911e-14
493.59000,2.0600555e-11,5.7379796e-14
493.60000,2.0608113e-11,5.7544842e-14
493.61000,2.0613396e-11,5.7585723e-14
493.62000,2.0614704e-11,5.7524544e-14
493.63000,2.0611000e-11,5.7376872e-14
493.64000,2.0604031e-11,5.7121362e-14
493.65000,2.0599999e-11,5.6733733e-14
493.66000,2.0599955e-11,5.6265098e-14
493.67000,2.0596459e-11,5.5854480e-14
493.68000,2.0586881e-11,5.5602654e-14
493.69000,2.0576955e-11,5.5589332e-14
493.70000,2.0570554e-11,5.5804503e-14
493.71000,2.0562516e-11,5.6170205e-14
493.72000,2.0548666e-11,5.6487477e-14
493.73000,2.0537482e-11,5.6565849e-14
493.74000,2.0540968e-11,5.6398837e-14
493.75000,2.0558809e-11,5.6215425e-14
493.76000,2.0579154e-11,5.6196998e-14
493.77000,2.0592214e-11,5.6285092e-14
493.78000,2.0594185e-11,5.6290741e-14
493.79000,2.0583821e-11,5.6193167e-14
493.80000,2.0565964e-11,5.6122911e-14
493.81000,2.0547185e-11,5.6088560e-14
493.82000,2.0529953e-11,5.6025975e-14
493.83000,2.0513177e-11,5.5968783e-14
493.84000,2.0496549e-11,5.5941071e-14
493.85000,2.0479400e-11,5.5844704e-14
493.86000,2.0461049e-11,5.5683648e-14
493.87000,2.0445944e-11,5.5566946e-14
493.88000,2.0444941e-11,5.5537911e-14
493.89000,2.0463625e-11,5.5573152e-14
493.90000,2.0497247e-11,5.5649258e-14
493.91000,2.0533276e-11,5.5733959e-14
493.92000,2.0563025e-11,5.5815395e-14
493.93000,2.0585570e-11,5.5896593e-14
493.94000,2.0602978e-11,5.5979883e-14
493.95000,2.0615491e-11,5.6062879e-14
493.96000,2.0623488e-11,5.6140437e-14
493.97000,2.0625169e-11,5.6213285e-14
493.98000,2.0617587e-11,5.6285664e-14
493.99000,2.0606501e-11,5.6363711e-14
494.00000,2.0603718e-11,5.6461848e-14
494.01000,2.0610248e-11,5.6580176e-14
494.02000,2.0614049e-11,5.6668000e-14
494.03000,2.0607193e-11,5.6638751e-14
494.04000,2.0595937e-11,5.6480142e-14
494.05000,2.0590571e-11,5.6273820e-14
494.06000,2.0593014e-11,5.6122048e-14
494.07000,2.0597419e-11,5.6038389e-14
494.08000,2.0600422e-11,5.6004520e-14
494.09000,2.0605073e-11,5.6004116e-14
494.10000,2.0613651e-11,5.6049762e-14
494.11000,2.0622774e-11,5.6145955e-14
494.12000,2.0629657e-11,5.6271016e-14
494.13000,2.0636475e-11,5.6390640e-14
494.14000,2.0644428e-11,5.6463703e-14
494.15000,2.0647581e-11,5.6454979e-14
494.16000,2.0640388e-11,5.6373399e-14
494.17000,2.0627051e-11,5.6262602e-14
494.18000,2.0615695e-11,5.6167388e-14
494.19000,2.0609096e-11,5.6109410e-14
494.20000,2.0604897e-11,5.6101865e-14
494.21000,2.0599672e-11,5.6164120e-14
494.22000,2.0592156e-11,5.6277827e-14
494.23000,2.0582016e-11,5.6370159e-14
494.24000,2.0568419e-11,5.6350895e-14
494.25000,2.0550893e-11,5.6220712e-14
494.26000,2.0533700e-11,5.6076143e-14
494.27000,2.0526657e-11,5.6009930e-14
494.28000,2.0539115e-11,5.6064888e-14
494.29000,2.0565288e-11,5.6196468e-14
494.30000,2.0591984e-11,5.6334267e-14
494.31000,2.0606594e-11,5.6401388e-14
494.32000,2.0608739e-11,5.6392905e-14
494.33000,2.0603954e-11,5.6368981e-14
494.34000,2.0597629e-11,5.6390971e-14
494.35000,2.0592815e-11,5.6441884e-14
494.36000,2.0591668e-11,5.6457442e-14
494.37000,2.0594026e-11,5.6412632e-14
494.38000,2.0599612e-11,5.6349224e-14
494.39000,2.0606951e-11,5.6333423e-14
494.40000,2.0612138e-11,5.6376587e-14
494.41000,2.0609386e-11,5.6427819e-14
494.42000,2.0598572e-11,5.6418965e-14
494.43000,2.0585087e-11,5.6348598e-14
494.44000,2.0576941e-11,5.6302613e-14
494.45000,2.0574083e-11,5.6337270e-14
494.46000,2.0570945e-11,5.6408468e-14
494.47000,2.0564797e-11,5.6418436e-14
494.48000,2.0557790e-11,5.6354279e-14
494.49000,2.0551020e-11,5.6301605e-14
494.50000,2.0541767e-11,5.6293112e-14
494.51000,2.0527321e-11,5.6278134e-14
494.52000,2.0510425e-11,5.6225953e-14
494.53000,2.0497452e-11,5.6176547e-14
494.54000,2.0494421e-11,5.6174486e-14
494.55000,2.0499933e-11,5.6196512e-14
494.56000,2.0510895e-11,5.6214057e-14
494.57000,2.0522680e-11,5.6240497e-14
494.58000,2.0529844e-11,5.6281407e-14
494.59000,2.0529068e-11,5.6300660e-14
494.60000,2.0521370e-11,5.6290404e-14
494.61000,2.0510405e-11,5.6296997e-14
494.62000,2.0502151e-11,5.6337562e-14
494.63000,2.0501611e-11,5.6366854e-14
494.64000,2.0507374e-11,5.6351549e-14
494.65000,2.0509354e-11,5.6328755e-14
494.66000,2.0504332e-11,5.6327664e-14
494.67000,2.0503757e-11,5.6341030e-14
494.68000,2.0514714e-11,5.6361310e-14
494.69000,2.0529823e-11,5.6373422e-14
494.70000,2.0539636e-11,5.6349285e-14
494.71000,2.0539809e-11,5.6290631e-14
494.72000,2.0531059e-11,5.6235642e-14
494.73000,2.0513761e-11,5.6191963e-14
494.74000,2.0496983e-11,5.6154839e-14
494.75000,2.0494336e-11,5.6143764e-14
494.76000,2.0507012e-11,5.6164559e-14
494.77000,2.0516340e-11,5.6192670e-14
494.78000,2.0507257e-11,5.6212075e-14
494.79000,2.0479677e-11,5.6197502e-14
494.80000,2.0436310e-11,5.6119035e-14
494.81000,2.0371312e-11,5.5964304e-14
494.82000,2.0293111e-11,5.5768094e-14
494.83000,2.0232931e-11,5.5595270e-14
494.84000,2.0237850e-11,5.5547103e-14
494.85000,2.0297600e-11,5.5614059e-14
494.86000,2.0358648e-11,5.5699059e-14
494.87000,2.0369501e-11,5.5704534e-14
494.88000,2.0321484e-11,5.5608575e-14
494.89000,2.0243830e-11,5.5458843e-14
494.90000,2.0188367e-11,5.5339289e-14
494.91000,2.0211473e-11,5.5342835e-14
494.92000,2.0303227e-11,5.5464487e-14
494.93000,2.0410589e-11,5.5624352e-14
494.94000,2.0475031e-11,5.5724307e-14
494.95000,2.0494145e-11,5.5758204e-14
494.96000,2.0490072e-11,5.5762396e-14
494.97000,2.0482707e-11,5.5756567e-14
494.98000,2.0477613e-11,5.5739644e-14
494.99000,2.0474191e-11,5.5736523e-14
495.00000,2.0470679e-11,5.5760229e-14
495.01000,2.0466875e-11,5.5767656e-14
495.02000,2.0465543e-11,5.5722353e-14
495.03000,2.0468567e-11,5.5647142e-14
495.04000,2.0470920e-11,5.5596499e-14
495.05000,2.0465722e-11,5.5574113e-14
495.06000,2.0451119e-11,5.5543694e-14
495.07000,2.0433626e-11,5.5483669e-14
495.08000,2.0420674e-11,5.5417068e-14
495.09000,2.0413828e-11,5.5373388e-14
495.10000,2.0409873e-11,5.5355676e-14
495.11000,2.0406405e-11,5.5364709e-14
495.12000,2.0401968e-11,5.5380619e-14
495.13000,2.0391612e-11,5.5378965e-14
495.14000,2.0356638e-11,5.5329298e-14
495.15000,2.0274897e-11,5.5193321e-14
495.16000,2.0133344e-11,5.4956128e-14
495.17000,1.9966327e-11,5.4685106e-14
495.18000,1.9857263e-11,5.4495759e-14
495.19000,1.9884228e-11,5.4509681e-14
495.20000,2.0029026e-11,5.4720636e-14
495.21000,2.0195957e-11,5.4967245e-14
495.22000,2.0299544e-11,5.5108733e-14
495.23000,2.0334267e-11,5.5170223e-14
495.24000,2.0339572e-11,5.5194183e-14
495.25000,2.0343445e-11,5.5170651e-14
495.26000,2.0346611e-11,5.5136469e-14
495.27000,2.0336244e-11,5.5130413e-14
495.28000,2.0308881e-11,5.5103284e-14
495.29000,2.0286489e-11,5.5033293e-14
495.30000,2.0291252e-11,5.5011195e-14
495.31000,2.0327678e-11,5.5114018e-14
495.32000,2.0372441e-11,5.5263803e-14
495.33000,2.0403463e-11,5.5361154e-14
495.34000,2.0412042e-11,5.5404965e-14
495.35000,2.0404418e-11,5.5464571e-14
495.36000,2.0391973e-11,5.5591689e-14
495.37000,2.0376839e-11,5.5713085e-14
495.38000,2.0353487e-11,5.5662229e-14
495.39000,2.0320310e-11,5.5426726e-14
495.40000,2.0279244e-11,5.5155509e-14
495.41000,2.0239875e-11,5.5041613e-14
495.42000,2.0219600e-11,5.5064385e-14
495.43000,2.0236660e-11,5.5061465e-14
495.44000,2.0283367e-11,5.4959508e-14
495.45000,2.0334270e-11,5.4854710e-14
495.46000,2.0368825e-11,5.4892674e-14
495.47000,2.0387032e-11,5.5103738e-14
495.48000,2.0393748e-11,5.5359097e-14
495.49000,2.0395733e-11,5.5442884e-14
495.50000,2.0395652e-11,5.5278497e-14
495.51000,2.0394958e-11,5.5028026e-14
495.52000,2.0394496e-11,5.4893049e-14
495.53000,2.0393460e-11,5.4924005e-14
495.54000,2.0391426e-11,5.4989864e-14
495.55000,2.0390865e-11,5.4920034e-14
495.56000,2.0392770e-11,5.4696940e-14
495.57000,2.0393546e-11,5.4443087e-14
495.58000,2.0386800e-11,5.4314319e-14
495.59000,2.0371766e-11,5.4321410e-14
495.60000,2.0352486e-11,5.4413334e-14
495.61000,2.0335497e-11,5.4536242e-14
495.62000,2.0321214e-11,5.4658632e-14
495.63000,2.0299247e-11,5.4751731e-14
495.64000,2.0258268e-11,5.4792716e-14
495.65000,2.0189374e-11,5.4749382e-14
495.66000,2.0097607e-11,5.4615473e-14
495.67000,1.9991319e-11,5.4387571e-14
495.68000,1.9888391e-11,5.4099579e-14
495.69000,1.9804817e-11,5.3804504e-14
495.70000,1.9750198e-11,5.3540924e-14
495.71000,1.9728501e-11,5.3324271e-14
495.72000,1.9746004e-11,5.3176897e-14
495.73000,1.9791603e-11,5.3109541e-14
495.74000,1.9851435e-11,5.3139254e-14
495.75000,1.9911158e-11,5.3261255e-14
495.76000,1.9961833e-11,5.3420284e-14
495.77000,1.9999038e-11,5.3563903e-14
495.78000,2.0037518e-11,5.3702150e-14
495.79000,2.0104018e-11,5.3903176e-14
495.80000,2.0195430e-11,5.4193589e-14
495.81000,2.0276023e-11,5.4489812e-14
495.82000,2.0316768e-11,5.4610282e-14
495.83000,2.0328560e-11,5.4483454e-14
495.84000,2.0328604e-11,5.4208691e-14
495.85000,2.0327073e-11,5.3992054e-14
495.86000,2.0323662e-11,5.3922276e-14
495.87000,2.0311218e-11,5.3999462e-14
495.88000,2.0284696e-11,5.4159870e-14
495.89000,2.0246651e-11,5.4225241e-14
495.90000,2.0212165e-11,5.4083691e-14
495.91000,2.0201217e-11,5.3844693e-14
495.92000,2.0222932e-11,5.3747758e-14
495.93000,2.0255239e-11,5.3827297e-14
495.94000,2.0273983e-11,5.3937257e-14
495.95000,2.0281318e-11,5.3937245e-14
495.96000,2.0289360e-11,5.3855160e-14
495.97000,2.0299490e-11,5.3846883e-14
495.98000,2.0305637e-11,5.3971418e-14
495.99000,2.0306085e-11,5.4168390e-14
496.00000,2.0306468e-11,5.4330542e-14
496.01000,2.0311235e-11,5.4410765e-14
496.02000,2.0316662e-11,5.4374763e-14
496.03000,2.0315504e-11,5.4197345e-14
496.04000,2.0307919e-11,5.3964909e-14
496.05000,2.0300880e-11,5.3812567e-14
496.06000,2.0298881e-11,5.3791846e-14
496.07000,2.0300083e-11,5.3808407e-14
496.08000,2.0303227e-11,5.3792541e-14
496.09000,2.0307030e-11,5.3739440e-14
496.10000,2.0306404e-11,5.3666452e-14
496.11000,2.0297753e-11,5.3615603e-14
496.12000,2.0288216e-11,5.3658166e-14
496.13000,2.0293619e-11,5.3886994e-14
496.14000,2.0320998e-11,5.4309643e-14
496.15000,2.0362940e-11,5.4835769e-14
496.16000,2.0397599e-11,5.5245454e-14
496.17000,2.0414334e-11,5.5454350e-14
496.18000,2.0418622e-11,5.5504906e-14
496.19000,2.0421439e-11,5.5457854e-14
496.20000,2.0425332e-11,5.5352001e-14
496.21000,2.0425375e-11,5.5235069e-14
496.22000,2.0418582e-11,5.5130118e-14
496.23000,2.0407260e-11,5.5063296e-14
496.24000,2.0395951e-11,5.5038538e-14
496.25000,2.0386924e-11,5.5029742e-14
496.26000,2.0384358e-11,5.4989892e-14
496.27000,2.0390196e-11,5.4904993e-14
496.28000,2.0396553e-11,5.4816415e-14
496.29000,2.0396583e-11,5.4778867e-14
496.30000,2.0392490e-11,5.4840660e-14
496.31000,2.0392673e-11,5.4959420e-14
496.32000,2.0400172e-11,5.5020869e-14
496.33000,2.0406759e-11,5.4946990e-14
496.34000,2.0401775e-11,5.4803238e-14
496.35000,2.0382271e-11,5.4700236e-14
496.36000,2.0355027e-11,5.4661409e-14
496.37000,2.0332209e-11,5.4668326e-14
496.38000,2.0321927e-11,5.4697693e-14
496.39000,2.0323581e-11,5.4758291e-14
496.40000,2.0330316e-11,5.4868930e-14
496.41000,2.0336538e-11,5.4992728e-14
496.42000,2.0337760e-11,5.5010404e-14
496.43000,2.0332198e-11,5.4875482e-14
496.44000,2.0324185e-11,5.4686969e-14
496.45000,2.0320666e-11,5.4569436e-14
496.46000,2.0321242e-11,5.4527959e-14
496.47000,2.0320670e-11,5.4502520e-14
496.48000,2.0320526e-11,5.4467864e-14
496.49000,2.0327391e-11,5.4428489e-14
496.50000,2.0339028e-11,5.4396419e-14
496.51000,2.0339697e-11,5.4421521e-14
496.52000,2.0317264e-11,5.4572003e-14
496.53000,2.0274420e-11,5.4883679e-14
496.54000,2.0230957e-11,5.5171357e-14
496.55000,2.0200134e-11,5.5145662e-14
496.56000,2.0179907e-11,5.4755110e-14
496.57000,2.0163241e-11,5.4307234e-14
496.58000,2.0151641e-11,5.4054573e-14
496.59000,2.0149461e-11,5.4028273e-14
496.60000,2.0156212e-11,5.4170790e-14
496.61000,2.0169376e-11,5.4388610e-14
496.62000,2.0187334e-11,5.4543063e-14
496.63000,2.0211840e-11,5.4571486e-14
496.64000,2.0240969e-11,5.4513784e-14
496.65000,2.0267215e-11,5.4395350e-14
496.66000,2.0283430e-11,5.4247883e-14
496.67000,2.0290615e-11,5.4099130e-14
496.68000,2.0292184e-11,5.3956163e-14
496.69000,2.0289110e-11,5.3844137e-14
496.70000,2.0276823e-11,5.3825967e-14
496.71000,2.0254453e-11,5.3908184e-14
496.72000,2.0226077e-11,5.4037719e-14
496.73000,2.0195947e-11,5.4168196e-14
496.74000,2.0165034e-11,5.4243154e-14
496.75000,2.0134771e-11,5.4123840e-14
496.76000,2.0107260e-11,5.3815842e-14
496.77000,2.0086056e-11,5.3489826e-14
496.78000,2.0072251e-11,5.3289969e-14
496.79000,2.0061105e-11,5.3203699e-14
496.80000,2.0047787e-11,5.3148738e-14
496.81000,2.0039047e-11,5.3104837e-14
496.82000,2.0049555e-11,5.3109024e-14
496.83000,2.0078944e-11,5.3174379e-14
496.84000,2.0114617e-11,5.3269891e-14
496.85000,2.0143006e-11,5.3355541e-14
496.86000,2.0156158e-11,5.3428137e-14
496.87000,2.0147404e-11,5.3480179e-14
496.88000,2.0113079e-11,5.3466927e-14
496.89000,2.0058583e-11,5.3367146e-14
496.90000,2.0007961e-11,5.3264410e-14
496.91000,1.9987460e-11,5.3253167e-14
496.92000,2.0006425e-11,5.3355351e-14
496.93000,2.0049800e-11,5.3558173e-14
496.94000,2.0085381e-11,5.3845184e-14
496.95000,2.0098745e-11,5.4160821e-14
496.96000,2.0101341e-11,5.4344117e-14
496.97000,2.0115520e-11,5.4290946e-14
496.98000,2.0144858e-11,5.4065395e-14
496.99000,2.0176506e-11,5.3863385e-14
497.00000,2.0201565e-11,5.3792019e-14
497.01000,2.0217745e-11,5.3841855e-14
497.02000,2.0224194e-11,5.3987612e-14
497.03000,2.0220917e-11,5.4195018e-14
497.04000,2.0215011e-11,5.4354912e-14
497.05000,2.0213744e-11,5.4370922e-14
497.06000,2.0216503e-11,5.4288490e-14
497.07000,2.0216507e-11,5.4192805e-14
497.08000,2.0212398e-11,5.4095750e-14
497.09000,2.0210076e-11,5.4002711e-14
497.10000,2.0211375e-11,5.3960032e-14
497.11000,2.0208319e-11,5.3962858e-14
497.12000,2.0192437e-11,5.3974469e-14
497.13000,2.0166600e-11,5.4004169e-14
497.14000,2.0140586e-11,5.4084149e-14
497.15000,2.0125618e-11,5.4183248e-14
497.16000,2.0128580e-11,5.4253456e-14
497.17000,2.0150636e-11,5.4331883e-14
497.18000,2.0180227e-11,5.4522122e-14
497.19000,2.0206460e-11,5.4847115e-14
497.20000,2.0223150e-11,5.5112399e-14
497.21000,2.0227737e-11,5.5085264e-14
497.22000,2.0223004e-11,5.4814380e-14
497.23000,2.0214373e-11,5.4526645e-14
497.24000,2.0208583e-11,5.4380787e-14
497.25000,2.0206074e-11,5.4350108e-14
497.26000,2.0197960e-11,5.4353948e-14
497.27000,2.0180982e-11,5.4354642e-14
497.28000,2.0164634e-11,5.4369326e-14
497.29000,2.0157447e-11,5.4405349e-14
497.30000,2.0158934e-11,5.4428842e-14
497.31000,2.0166001e-11,5.4348322e-14
497.32000,2.0176593e-11,5.4091286e-14
497.33000,2.0184770e-11,5.3663034e-14
497.34000,2.0184448e-11,5.3221089e-14
497.35000,2.0176504e-11,5.2923777e-14
497.36000,2.0167288e-11,5.2773131e-14
497.37000,2.0160357e-11,5.2709958e-14
497.38000,2.0155401e-11,5.2694616e-14
497.39000,2.0149713e-11,5.2714119e-14
497.40000,2.0142098e-11,5.2741164e-14
497.41000,2.0133927e-11,5.2732225e-14
497.42000,2.0124489e-11,5.2674493e-14
497.43000,2.0111646e-11,5.2607831e-14
497.44000,2.0098224e-11,5.2581444e-14
497.45000,2.0095750e-11,5.2620115e-14
497.46000,2.0110424e-11,5.2704151e-14
497.47000,2.0135369e-11,5.2816275e-14
497.48000,2.0157776e-11,5.2963101e-14
497.49000,2.0167663e-11,5.3199655e-14
497.50000,2.0165207e-11,5.3489434e-14
497.51000,2.0156338e-11,5.3607163e-14
497.52000,2.0149754e-11,5.3412264e-14
497.53000,2.0146290e-11,5.3117181e-14
497.54000,2.0142109e-11,5.2926193e-14
497.55000,2.0139166e-11,5.2786476e-14
497.56000,2.0142260e-11,5.2696810e-14
497.57000,2.0148331e-11,5.2751954e-14
497.58000,2.0150225e-11,5.2925340e-14
497.59000,2.0147518e-11,5.2990919e-14
497.60000,2.0144534e-11,5.2851671e-14
497.61000,2.0139391e-11,5.2692465e-14
497.62000,2.0129151e-11,5.2713544e-14
497.63000,2.0121006e-11,5.2978291e-14
497.64000,2.0123629e-11,5.3315365e-14
497.65000,2.0131859e-11,5.3484306e-14
497.66000,2.0132956e-11,5.3396876e-14
497.67000,2.0124751e-11,5.3172857e-14
497.68000,2.0110727e-11,5.2974179e-14
497.69000,2.0082713e-11,5.2791460e-14
497.70000,2.0023090e-11,5.2523007e-14
497.71000,1.9933128e-11,5.2184187e-14
497.72000,1.9844454e-11,5.1898219e-14
497.73000,1.9812368e-11,5.1779479e-14
497.74000,1.9873939e-11,5.1864911e-14
497.75000,1.9983095e-11,5.2039814e-14
497.76000,2.0073018e-11,5.2193543e-14
497.77000,2.0107509e-11,5.2296649e-14
497.78000,2.0099550e-11,5.2402719e-14
497.79000,2.0071227e-11,5.2575981e-14
497.80000,2.0038165e-11,5.2841516e-14
497.81000,2.0018060e-11,5.3174704e-14
497.82000,2.0023666e-11,5.3452739e-14
497.83000,2.0054242e-11,5.3510688e-14
497.84000,2.0089824e-11,5.3314181e-14
497.85000,2.0116147e-11,5.3043465e-14
497.86000,2.0134211e-11,5.2941782e-14
497.87000,2.0146633e-11,5.3053904e-14
497.88000,2.0151434e-11,5.3239011e-14
497.89000,2.0151918e-11,5.3298985e-14
497.90000,2.0152448e-11,5.3219295e-14
497.91000,2.0150688e-11,5.3173464e-14
497.92000,2.0140419e-11,5.3229026e-14
497.93000,2.0121044e-11,5.3261863e-14
497.94000,2.0095662e-11,5.3191672e-14
497.95000,2.0072647e-11,5.3123318e-14
497.96000,2.0060868e-11,5.3133270e-14
497.97000,2.0062334e-11,5.3173536e-14
497.98000,2.0069067e-11,5.3221838e-14
497.99000,2.0073871e-11,5.3282608e-14
498.00000,2.0075410e-11,5.3318941e-14
498.01000,2.0078390e-11,5.3325082e-14
498.02000,2.0088925e-11,5.3335182e-14
498.03000,2.0104786e-11,5.3350951e-14
498.04000,2.0118910e-11,5.3367170e-14
498.05000,2.0127914e-11,5.3385252e-14
498.06000,2.0129313e-11,5.3401919e-14
498.07000,2.0125815e-11,5.3413858e-14
498.08000,2.0123113e-11,5.3418715e-14
498.09000,2.0121239e-11,5.3413153e-14
498.10000,2.0113717e-11,5.3394111e-14
498.11000,2.0099432e-11,5.3370558e-14
498.12000,2.0086179e-11,5.3356217e-14
498.13000,2.0086644e-11,5.3364731e-14
498.14000,2.0102409e-11,5.3391421e-14
498.15000,2.0117120e-11,5.3412450e-14
498.16000,2.0113955e-11,5.3412322e-14
498.17000,2.0091073e-11,5.3397105e-14
498.18000,2.0059194e-11,5.3378350e-14
498.19000,2.0023698e-11,5.3356705e-14
498.20000,1.9990166e-11,5.3339078e-14
498.21000,1.9966505e-11,5.3344646e-14
498.22000,1.9957298e-11,5.3387186e-14
498.23000,1.9959233e-11,5.3450824e-14
498.24000,1.9967743e-11,5.3496671e-14
498.25000,1.9978861e-11,5.3504658e-14
498.26000,1.9992413e-11,5.3496512e-14
498.27000,2.0005501e-11,5.3506088e-14
498.28000,2.0011374e-11,5.3543305e-14
498.29000,2.0007534e-11,5.3599318e-14
498.30000,1.9994225e-11,5.3645137e-14
498.31000,1.9974396e-11,5.3622831e-14
498.32000,1.9955175e-11,5.3538115e-14
498.33000,1.9940500e-11,5.3458861e-14
498.34000,1.9926802e-11,5.3422787e-14
498.35000,1.9915747e-11,5.3418177e-14
498.36000,1.9915842e-11,5.3423400e-14
498.37000,1.9931747e-11,5.3445083e-14
498.38000,1.9956340e-11,5.3499154e-14
498.39000,1.9983094e-11,5.3583117e-14
498.40000,2.0009302e-11,5.3664759e-14
498.41000,2.0031387e-11,5.3710926e-14
498.42000,2.0040920e-11,5.3700369e-14
498.43000,2.0027892e-11,5.3638601e-14
498.44000,1.9976478e-11,5.3522423e-14
498.45000,1.9883454e-11,5.3354636e-14
498.46000,1.9765669e-11,5.3158731e-14
498.47000,1.9673203e-11,5.3007053e-14
498.48000,1.9665845e-11,5.2992310e-14
498.49000,1.9755044e-11,5.3133884e-14
498.50000,1.9876992e-11,5.3328673e-14
498.51000,1.9968590e-11,5.3474172e-14
498.52000,2.0023233e-11,5.3564174e-14
498.53000,2.0054698e-11,5.3617533e-14
498.54000,2.0076858e-11,5.3649747e-14
498.55000,2.0090810e-11,5.3681118e-14
498.56000,2.0098644e-11,5.3737803e-14
498.57000,2.0105785e-11,5.3804370e-14
498.58000,2.0116395e-11,5.3840682e-14
498.59000,2.0128834e-11,5.3833706e-14
498.60000,2.0136992e-11,5.3827527e-14
498.61000,2.0140457e-11,5.3869264e-14
498.62000,2.0144821e-11,5.3940006e-14
498.63000,2.0151947e-11,5.3969434e-14
498.64000,2.0157177e-11,5.3926642e-14
498.65000,2.0155920e-11,5.3863754e-14
498.66000,2.0146036e-11,5.3826138e-14
498.67000,2.0129052e-11,5.3802896e-14
498.68000,2.0109070e-11,5.3758007e-14
498.69000,2.0092806e-11,5.3693048e-14
498.70000,2.0086005e-11,5.3642947e-14
498.71000,2.0090754e-11,5.3635918e-14
498.72000,2.0097864e-11,5.3666211e-14
498.73000,2.0094359e-11,5.3711415e-14
498.74000,2.0079762e-11,5.3741910e-14
498.75000,2.0067154e-11,5.3737231e-14
498.76000,2.0067912e-11,5.3706861e-14
498.77000,2.0081685e-11,5.3670373e-14
498.78000,2.0094715e-11,5.3642496e-14
498.79000,2.0092992e-11,5.3620262e-14
498.80000,2.0078368e-11,5.3596425e-14
498.81000,2.0065176e-11,5.3573497e-14
498.82000,2.0063169e-11,5.3557786e-14
498.83000,2.0067814e-11,5.3547616e-14
498.84000,2.0071126e-11,5.3537971e-14
498.85000,2.0069199e-11,5.3527332e-14
498.86000,2.0059580e-11,5.3509762e-14
498.87000,2.0045332e-11,5.3483388e-14
498.88000,2.0035303e-11,5.3462522e-14
498.89000,2.0036959e-11,5.3462425e-14
498.90000,2.0044822e-11,5.3474481e-14
498.91000,2.0047183e-11,5.3482865e-14
498.92000,2.0042970e-11,5.3491184e-14
498.93000,2.0039638e-11,5.3515566e-14
498.94000,2.0042745e-11,5.3570014e-14
498.95000,2.0050328e-11,5.3668059e-14
498.96000,2.0056471e-11,5.3775288e-14
498.97000,2.0056698e-11,5.3799208e-14
498.98000,2.0050440e-11,5.3712810e-14
498.99000,2.0037937e-11,5.3580543e-14
499.00000,2.0023157e-11,5.3486475e-14
499.01000,2.0010244e-11,5.3445069e-14
499.02000,1.9993071e-11,5.3419323e-14
499.03000,1.9955624e-11,5.3360198e-14
499.04000,1.9877290e-11,5.3215586e-14
499.05000,1.9753578e-11,5.2976322e-14
499.06000,1.9597788e-11,5.2675868e-14
499.07000,1.9466795e-11,5.2423878e-14
499.08000,1.9449204e-11,5.2372022e-14
499.09000,1.9555421e-11,5.2522853e-14
499.10000,1.9721208e-11,5.2763640e-14
499.11000,1.9851511e-11,5.2959732e-14
499.12000,1.9912591e-11,5.3066793e-14
499.13000,1.9927210e-11,5.3092966e-14
499.14000,1.9921208e-11,5.3053355e-14
499.15000,1.9906444e-11,5.2969640e-14
499.16000,1.9889950e-11,5.2886036e-14
499.17000,1.9880903e-11,5.2842061e-14
499.18000,1.9882907e-11,5.2841436e-14
499.19000,1.9876689e-11,5.2838679e-14
499.20000,1.9834546e-11,5.2771057e-14
499.21000,1.9749125e-11,5.2621837e-14
499.22000,1.9665966e-11,5.2474708e-14
499.23000,1.9651461e-11,5.2444351e-14
499.24000,1.9713306e-11,5.2545485e-14
499.25000,1.9805565e-11,5.2707279e-14
499.26000,1.9868854e-11,5.2824972e-14
499.27000,1.9894980e-11,5.2865132e-14
499.28000,1.9903186e-11,5.2855139e-14
499.29000,1.9904504e-11,5.2831739e-14
499.30000,1.9896386e-11,5.2801204e-14
499.31000,1.9878360e-11,5.2763842e-14
499.32000,1.9848080e-11,5.2716833e-14
499.33000,1.9801372e-11,5.2648709e-14
499.34000,1.9741268e-11,5.2566085e-14
499.35000,1.9688753e-11,5.2500295e-14
499.36000,1.9674774e-11,5.2502318e-14
499.37000,1.9718800e-11,5.2603683e-14
499.38000,1.9802859e-11,5.2734428e-14
499.39000,1.9886790e-11,5.2804265e-14
499.40000,1.9948332e-11,5.2819270e-14
499.41000,1.9986114e-11,5.2814277e-14
499.42000,2.0009863e-11,5.2818509e-14
499.43000,2.0017489e-11,5.2839535e-14
499.44000,2.0010461e-11,5.2845401e-14
499.45000,1.9998907e-11,5.2816204e-14
499.46000,1.9992312e-11,5.2789983e-14
499.47000,1.9990546e-11,5.2787717e-14
499.48000,1.9991506e-11,5.2780976e-14
499.49000,1.9997370e-11,5.2770787e-14
499.50000,2.0008066e-11,5.2779559e-14
499.51000,2.0018431e-11,5.2780723e-14
499.52000,2.0022578e-11,5.2739751e-14
499.53000,2.0019528e-11,5.2693322e-14
499.54000,2.0011596e-11,5.2693018e-14
499.55000,2.0001493e-11,5.2698623e-14
499.56000,1.9990303e-11,5.2631417e-14
499.57000,1.9977834e-11,5.2509576e-14
499.58000,1.9964463e-11,5.2434962e-14
499.59000,1.9954094e-11,5.2460915e-14
499.60000,1.9950342e-11,5.2519165e-14
499.61000,1.9950354e-11,5.2504683e-14
499.62000,1.9948719e-11,5.2411290e-14
499.63000,1.9943864e-11,5.2352207e-14
499.64000,1.9940471e-11,5.2416336e-14
499.65000,1.9943254e-11,5.2573994e-14
499.66000,1.9950701e-11,5.2701482e-14
499.67000,1.9957634e-11,5.2671646e-14
499.68000,1.9960890e-11,5.2505102e-14
499.69000,1.9961466e-11,5.2325468e-14
499.70000,1.9961353e-11,5.2215498e-14
499.71000,1.9962994e-11,5.2203379e-14
499.72000,1.9966709e-11,5.2291465e-14
499.73000,1.9966880e-11,5.2485939e-14
499.74000,1.9958371e-11,5.2688950e-14
499.75000,1.9945287e-11,5.2734507e-14
499.76000,1.9935959e-11,5.2572396e-14
499.77000,1.9934135e-11,5.2282864e-14
499.78000,1.9936205e-11,5.2030269e-14
499.79000,1.9935658e-11,5.1913720e-14
499.80000,1.9933301e-11,5.1946240e-14
499.81000,1.9936079e-11,5.2073391e-14
499.82000,1.9944926e-11,5.2207648e-14
499.83000,1.9951229e-11,5.2279353e-14
499.84000,1.9948949e-11,5.2304695e-14
499.85000,1.9941454e-11,5.2321643e-14
499.86000,1.9932639e-11,5.2289235e-14
499.87000,1.9922721e-11,5.2175704e-14
499.88000,1.9909999e-11,5.2029169e-14
499.89000,1.9894710e-11,5.1929180e-14
499.90000,1.9873660e-11,5.1884739e-14
499.91000,1.9840634e-11,5.1843147e-14
499.92000,1.9791592e-11,5.1751089e-14
499.93000,1.9740365e-11,5.1599320e-14
499.94000,1.9714029e-11,5.1445401e-14
499.95000,1.9728208e-11,5.1371734e-14
499.96000,1.9767917e-11,5.1414529e-14
499.97000,1.9806197e-11,5.1584074e-14
499.98000,1.9827375e-11,5.1847211e-14
499.99000,1.9834493e-11,5.2150396e-14
500.00000,1.9834806e-11,5.2385407e-14
500.01000,1.9832537e-11,5.2415779e-14
500.02000,1.9833365e-11,5.2252598e-14
500.03000,1.9842186e-11,5.2055843e-14
500.04000,1.9857382e-11,5.2007482e-14
500.05000,1.9868734e-11,5.2057400e-14
500.06000,1.9863285e-11,5.2043028e-14
500.07000,1.9833583e-11,5.1960817e-14
500.08000,1.9788302e-11,5.1876445e-14
500.09000,1.9738999e-11,5.1727845e-14
500.10000,1.9687299e-11,5.1480298e-14
500.11000,1.9630460e-11,5.1235834e-14
500.12000,1.9571707e-11,5.1109106e-14
500.13000,1.9521621e-11,5.1104067e-14
500.14000,1.9490520e-11,5.1143240e-14
500.15000,1.9476986e-11,5.1196257e-14
500.16000,1.9473624e-11,5.1394341e-14
500.17000,1.9469216e-11,5.1832828e-14
500.18000,1.9434591e-11,5.2340220e-14
500.19000,1.9312553e-11,5.2523784e-14
500.20000,1.9055200e-11,5.2209287e-14
500.21000,1.8752414e-11,5.1766662e-14
500.22000,1.8610848e-11,5.1675889e-14
500.23000,1.8784015e-11,5.2026870e-14
500.24000,1.9187593e-11,5.2510998e-14
500.25000,1.9577436e-11,5.2867332e-14
500.26000,1.9810528e-11,5.3070722e-14
500.27000,1.9902622e-11,5.3181378e-14
500.28000,1.9933289e-11,5.3248543e-14
500.29000,1.9951087e-11,5.3275767e-14
500.30000,1.9967056e-11,5.3212974e-14
500.31000,1.9979430e-11,5.3056967e-14
500.32000,1.9980763e-11,5.2906281e-14
500.33000,1.9960706e-11,5.2802249e-14
500.34000,1.9920234e-11,5.2706928e-14
500.35000,1.9870670e-11,5.2613852e-14
500.36000,1.9829173e-11,5.2537692e-14
500.37000,1.9807144e-11,5.2502449e-14
500.38000,1.9803100e-11,5.2547895e-14
500.39000,1.9801425e-11,5.2661314e-14
500.40000,1.9771823e-11,5.2716875e-14
500.41000,1.9673461e-11,5.2573304e-14
500.42000,1.9486522e-11,5.2244910e-14
500.43000,1.9252617e-11,5.1896997e-14
500.44000,1.9085262e-11,5.1690052e-14
500.45000,1.9109865e-11,5.1723966e-14
500.46000,1.9325513e-11,5.1979871e-14
500.47000,1.9576090e-11,5.2278073e-14
500.48000,1.9723734e-11,5.2437722e-14
500.49000,1.9764400e-11,5.2458585e-14
500.50000,1.9742465e-11,5.2417706e-14
500.51000,1.9708775e-11,5.2378815e-14
500.52000,1.9678675e-11,5.2354207e-14
500.53000,1.9652864e-11,5.2334453e-14
500.54000,1.9636700e-11,5.2276740e-14
500.55000,1.9636187e-11,5.2163614e-14
500.56000,1.9653325e-11,5.2048991e-14
500.57000,1.9682099e-11,5.1996943e-14
500.58000,1.9715885e-11,5.2008691e-14
500.59000,1.9744146e-11,5.2034067e-14
500.60000,1.9759880e-11,5.2049118e-14
500.61000,1.9764727e-11,5.2061097e-14
500.62000,1.9757810e-11,5.2072234e-14
500.63000,1.9739253e-11,5.2078169e-14
500.64000,1.9714884e-11,5.2096163e-14
500.65000,1.9694681e-11,5.2138287e-14
500.66000,1.9675809e-11,5.2143197e-14
500.67000,1.9642220e-11,5.2035376e-14
500.68000,1.9583978e-11,5.1832705e-14
500.69000,1.9510570e-11,5.1603444e-14
500.70000,1.9461121e-11,5.1436031e-14
500.71000,1.9477674e-11,5.1411717e-14
500.72000,1.9558309e-11,5.1540943e-14
500.73000,1.9658647e-11,5.1761082e-14
500.74000,1.9717718e-11,5.1956034e-14
500.75000,1.9710921e-11,5.2033596e-14
500.76000,1.9662834e-11,5.1939189e-14
500.77000,1.9610525e-11,5.1667739e-14
500.78000,1.9582284e-11,5.1362785e-14
500.79000,1.9586225e-11,5.1164778e-14
500.80000,1.9622412e-11,5.1102123e-14
500.81000,1.9693935e-11,5.1153120e-14
500.82000,1.9774999e-11,5.1246606e-14
500.83000,1.9830292e-11,5.1331054e-14
500.84000,1.9849481e-11,5.1399603e-14
500.85000,1.9846615e-11,5.1469541e-14
500.86000,1.9841226e-11,5.1539614e-14
500.87000,1.9840299e-11,5.1585135e-14
500.88000,1.9838065e-11,5.1582637e-14
500.89000,1.9822100e-11,5.1531549e-14
500.90000,1.9786668e-11,5.1450167e-14
500.91000,1.9733831e-11,5.1350206e-14
500.92000,1.9682726e-11,5.1259740e-14
500.93000,1.9658153e-11,5.1213611e-14
500.94000,1.9662291e-11,5.1209430e-14
500.95000,1.9665575e-11,5.1205526e-14
500.96000,1.9635840e-11,5.1163701e-14
500.97000,1.9576742e-11,5.1094870e-14
500.98000,1.9529444e-11,5.1069241e-14
500.99000,1.9532569e-11,5.1147589e-14
501.00000,1.9590660e-11,5.1310900e-14
501.01000,1.9658105e-11,5.1448002e-14
501.02000,1.9697327e-11,5.1498559e-14
501.03000,1.9713993e-11,5.1508354e-14
501.04000,1.9733127e-11,5.1526608e-14
501.05000,1.9766487e-11,5.1555496e-14
501.06000,1.9802620e-11,5.1577375e-14
501.07000,1.9825252e-11,5.1600293e-14
501.08000,1.9828027e-11,5.1647371e-14
501.09000,1.9819716e-11,5.1719799e-14
501.10000,1.9810718e-11,5.1789370e-14
501.11000,1.9804060e-11,5.1813049e-14
501.12000,1.9794397e-11,5.1783169e-14
501.13000,1.9779955e-11,5.1742798e-14
501.14000,1.9764202e-11,5.1729078e-14
501.15000,1.9749639e-11,5.1742802e-14
501.16000,1.9733481e-11,5.1762604e-14
501.17000,1.9713385e-11,5.1775158e-14
501.18000,1.9692645e-11,5.1785306e-14
501.19000,1.9681203e-11,5.1806955e-14
501.20000,1.9686073e-11,5.1853669e-14
501.21000,1.9703707e-11,5.1927414e-14
501.22000,1.9724869e-11,5.1997244e-14
501.23000,1.9745409e-11,5.2027253e-14
501.24000,1.9765948e-11,5.2036734e-14
501.25000,1.9782708e-11,5.2065880e-14
501.26000,1.9788495e-11,5.2108196e-14
501.27000,1.9779121e-11,5.2150060e-14
501.28000,1.9761093e-11,5.2205632e-14
501.29000,1.9745156e-11,5.2289932e-14
501.30000,1.9737561e-11,5.2386858e-14
501.31000,1.9735529e-11,5.2470733e-14
501.32000,1.9728176e-11,5.2511319e-14
501.33000,1.9708628e-11,5.2479394e-14
501.34000,1.9684518e-11,5.2410567e-14
501.35000,1.9670046e-11,5.2387014e-14
501.36000,1.9671246e-11,5.2460433e-14
501.37000,1.9682582e-11,5.2611929e-14
501.38000,1.9687388e-11,5.2723696e-14
501.39000,1.9665973e-11,5.2654008e-14
501.40000,1.9608594e-11,5.2361951e-14
501.41000,1.9507705e-11,5.1826300e-14
501.42000,1.9386760e-11,5.1148417e-14
501.43000,1.9305273e-11,5.0563581e-14
501.44000,1.9306464e-11,5.0256863e-14
501.45000,1.9384506e-11,5.0234146e-14
501.46000,1.9475783e-11,5.0325102e-14
501.47000,1.9532306e-11,5.0419131e-14
501.48000,1.9553660e-11,5.0508874e-14
501.49000,1.9559318e-11,5.0631352e-14
501.50000,1.9566557e-11,5.0755899e-14
501.51000,1.9573086e-11,5.0778814e-14
501.52000,1.9567306e-11,5.0681560e-14
501.53000,1.9532553e-11,5.0537080e-14
501.54000,1.9441087e-11,5.0401617e-14
501.55000,1.9251310e-11,5.0239525e-14
501.56000,1.8948868e-11,5.0023480e-14
501.57000,1.8549177e-11,4.9758227e-14
501.58000,1.8157855e-11,4.9451052e-14
501.59000,1.7933829e-11,4.9179312e-14
501.60000,1.7991166e-11,4.9126068e-14
501.61000,1.8301242e-11,4.9338667e-14
501.62000,1.8743658e-11,4.9713644e-14
501.63000,1.9137979e-11,5.0089915e-14
501.64000,1.9394373e-11,5.0376941e-14
501.65000,1.9526001e-11,5.0552342e-14
501.66000,1.9569096e-11,5.0620649e-14
501.67000,1.9577201e-11,5.0628484e-14
501.68000,1.9577830e-11,5.0629707e-14
501.69000,1.9580002e-11,5.0633522e-14
501.70000,1.9584354e-11,5.0637892e-14
501.71000,1.9587045e-11,5.0671620e-14
501.72000,1.9578006e-11,5.0699475e-14
501.73000,1.9545009e-11,5.0657026e-14
501.74000,1.9476057e-11,5.0580372e-14
501.75000,1.9375212e-11,5.0508604e-14
501.76000,1.9250728e-11,5.0328983e-14
501.77000,1.9119672e-11,5.0005804e-14
501.78000,1.9002697e-11,4.9719207e-14
501.79000,1.8912020e-11,4.9652636e-14
501.80000,1.8852152e-11,4.9748307e-14
501.81000,1.8810266e-11,4.9760800e-14
501.82000,1.8730946e-11,4.9491816e-14
501.83000,1.8514929e-11,4.8920797e-14
501.84000,1.8024093e-11,4.8017917e-14
501.85000,1.7280701e-11,4.6903958e-14
501.86000,1.6575169e-11,4.6059787e-14
501.87000,1.6362608e-11,4.6115357e-14
501.88000,1.6933317e-11,4.7391601e-14
501.89000,1.7925478e-11,4.9156211e-14
501.90000,1.8795433e-11,5.0474588e-14
501.91000,1.9283201e-11,5.1060407e-14
501.92000,1.9441815e-11,5.1137990e-14
501.93000,1.9452894e-11,5.1063282e-14
501.94000,1.9406699e-11,5.0985912e-14
501.95000,1.9356966e-11,5.0967825e-14
501.96000,1.9327952e-11,5.1054106e-14
501.97000,1.9332450e-11,5.1240877e-14
501.98000,1.9374582e-11,5.1443072e-14
501.99000,1.9432731e-11,5.1523940e-14
502.00000,1.9473837e-11,5.1375429e-14
502.01000,1.9475415e-11,5.1040272e-14
502.02000,1.9446487e-11,5.0674616e-14
502.03000,1.9424531e-11,5.0464696e-14
502.04000,1.9437938e-11,5.0534436e-14
502.05000,1.9482351e-11,5.0823726e-14
502.06000,1.9540112e-11,5.1139335e-14
502.07000,1.9594324e-11,5.1291729e-14
502.08000,1.9632808e-11,5.1249588e-14
502.09000,1.9650545e-11,5.1190723e-14
502.10000,1.9652806e-11,5.1244812e-14
502.11000,1.9650743e-11,5.1330555e-14
502.12000,1.9643775e-11,5.1306407e-14
502.13000,1.9620326e-11,5.1203459e-14
502.14000,1.9566647e-11,5.1129276e-14
502.15000,1.9480551e-11,5.1056208e-14
502.16000,1.9369469e-11,5.0904355e-14
502.17000,1.9271931e-11,5.0743487e-14
502.18000,1.9243034e-11,5.0700449e-14
502.19000,1.9295333e-11,5.0792093e-14
502.20000,1.9400152e-11,5.0978165e-14
502.21000,1.9497263e-11,5.1159259e-14
502.22000,1.9546837e-11,5.1245659e-14
502.23000,1.9546445e-11,5.1233762e-14
502.24000,1.9499643e-11,5.1143399e-14
502.25000,1.9418400e-11,5.1006754e-14
502.26000,1.9329404e-11,5.0870808e-14
502.27000,1.9265768e-11,5.0780179e-14
502.28000,1.9238393e-11,5.0746463e-14
502.29000,1.9225726e-11,5.0737133e-14
502.30000,1.9231908e-11,5.0762285e-14
502.31000,1.9286976e-11,5.0868242e-14
502.32000,1.9402956e-11,5.1071666e-14
502.33000,1.9533303e-11,5.1296226e-14
502.34000,1.9625139e-11,5.1455546e-14
502.35000,1.9667492e-11,5.1535032e-14
502.36000,1.9670882e-11,5.1556057e-14
502.37000,1.9656831e-11,5.1548527e-14
502.38000,1.9641912e-11,5.1528893e-14
502.39000,1.9633903e-11,5.1510419e-14
502.40000,1.9632911e-11,5.1504367e-14
502.41000,1.9636370e-11,5.1514314e-14
502.42000,1.9646395e-11,5.1534598e-14
502.43000,1.9662176e-11,5.1552740e-14
502.44000,1.9675981e-11,5.1557231e-14
502.45000,1.9679331e-11,5.1549627e-14
502.46000,1.9672711e-11,5.1544412e-14
502.47000,1.9666728e-11,5.1557049e-14
502.48000,1.9675398e-11,5.1599369e-14
502.49000,1.9701206e-11,5.1663249e-14
502.50000,1.9727355e-11,5.1722980e-14
502.51000,1.9735663e-11,5.1758257e-14
502.52000,1.9722537e-11,5.1759108e-14
502.53000,1.9704607e-11,5.1730324e-14
502.54000,1.9696921e-11,5.1688221e-14
502.55000,1.9697830e-11,5.1652086e-14
502.56000,1.9696554e-11,5.1633071e-14
502.57000,1.9687534e-11,5.1633459e-14
502.58000,1.9676128e-11,5.1650398e-14
502.59000,1.9667052e-11,5.1669206e-14
502.60000,1.9658353e-11,5.1665458e-14
502.61000,1.9645714e-11,5.1628623e-14
502.62000,1.9627364e-11,5.1582299e-14
502.63000,1.9606038e-11,5.1552257e-14
502.64000,1.9585879e-11,5.1525162e-14
502.65000,1.9568480e-11,5.1468091e-14
502.66000,1.9549471e-11,5.1392655e-14
502.67000,1.9520889e-11,5.1339395e-14
502.68000,1.9474472e-11,5.1315548e-14
502.69000,1.9416847e-11,5.1281803e-14
502.70000,1.9374010e-11,5.1224546e-14
502.71000,1.9367023e-11,5.1175580e-14
502.72000,1.9391787e-11,5.1156363e-14
502.73000,1.9411433e-11,5.1144317e-14
502.74000,1.9408155e-11,5.1123549e-14
502.75000,1.9406838e-11,5.1112961e-14
502.76000,1.9437677e-11,5.1141993e-14
502.77000,1.9492150e-11,5.1212455e-14
502.78000,1.9542338e-11,5.1308607e-14
502.79000,1.9573857e-11,5.1401882e-14
502.80000,1.9587736e-11,5.1456124e-14
502.81000,1.9593174e-11,5.1452401e-14
502.82000,1.9594147e-11,5.1402236e-14
502.83000,1.9589381e-11,5.1342067e-14
502.84000,1.9578849e-11,5.1300117e-14
502.85000,1.9571208e-11,5.1292829e-14
502.86000,1.9571517e-11,5.1326423e-14
502.87000,1.9573828e-11,5.1381905e-14
502.88000,1.9568321e-11,5.1426129e-14
502.89000,1.9548120e-11,5.1425507e-14
502.90000,1.9509632e-11,5.1367333e-14
502.91000,1.9461901e-11,5.1281426e-14
502.92000,1.9423353e-11,5.1207082e-14
502.93000,1.9416595e-11,5.1179122e-14
502.94000,1.9457466e-11,5.1219361e-14
502.95000,1.9524221e-11,5.1302181e-14
502.96000,1.9581512e-11,5.1384989e-14
502.97000,1.9609057e-11,5.1425529e-14
502.98000,1.9606591e-11,5.1401287e-14
502.99000,1.9590412e-11,5.1346383e-14
503.00000,1.9570985e-11,5.1306206e-14
503.01000,1.9552665e-11,5.1287040e-14
503.02000,1.9535743e-11,5.1273051e-14
503.03000,1.9517909e-11,5.1252131e-14
503.04000,1.9488905e-11,5.1205699e-14
503.05000,1.9426585e-11,5.1100228e-14
503.06000,1.9298186e-11,5.0887572e-14
503.07000,1.9110776e-11,5.0580078e-14
503.08000,1.8934696e-11,5.0290394e-14
503.09000,1.8874943e-11,5.0187262e-14
503.10000,1.8997474e-11,5.0372634e-14
503.11000,1.9219511e-11,5.0708953e-14
503.12000,1.9409173e-11,5.0984487e-14
503.13000,1.9514499e-11,5.1122689e-14
503.14000,1.9546501e-11,5.1151123e-14
503.15000,1.9547397e-11,5.1142047e-14
503.16000,1.9544366e-11,5.1133193e-14
503.17000,1.9545613e-11,5.1134820e-14
503.18000,1.9541007e-11,5.1144058e-14
503.19000,1.9514556e-11,5.1145966e-14
503.20000,1.9467925e-11,5.1116459e-14
503.21000,1.9419299e-11,5.1044704e-14
503.22000,1.9383680e-11,5.0945131e-14
503.23000,1.9352211e-11,5.0834389e-14
503.24000,1.9296100e-11,5.0689587e-14
503.25000,1.9186424e-11,5.0474122e-14
503.26000,1.9038426e-11,5.0213188e-14
503.27000,1.8919369e-11,5.0004122e-14
503.28000,1.8879991e-11,4.9923401e-14
503.29000,1.8934312e-11,4.9999151e-14
503.30000,1.9060729e-11,5.0191569e-14
503.31000,1.9227911e-11,5.0439075e-14
503.32000,1.9384279e-11,5.0666150e-14
503.33000,1.9484939e-11,5.0823945e-14
503.34000,1.9528994e-11,5.0918644e-14
503.35000,1.9535668e-11,5.0961868e-14
503.36000,1.9523618e-11,5.0960938e-14
503.37000,1.9495736e-11,5.0915474e-14
503.38000,1.9459181e-11,5.0848182e-14
503.39000,1.9424001e-11,5.0776907e-14
503.40000,1.9396549e-11,5.0700393e-14
503.41000,1.9381686e-11,5.0615915e-14
503.42000,1.9384055e-11,5.0547016e-14
503.43000,1.9404320e-11,5.0519834e-14
503.44000,1.9425639e-11,5.0525010e-14
503.45000,1.9427553e-11,5.0539821e-14
503.46000,1.9405384e-11,5.0538220e-14
503.47000,1.9363762e-11,5.0491793e-14
503.48000,1.9316161e-11,5.0402937e-14
503.49000,1.9275152e-11,5.0309826e-14
503.50000,1.9246113e-11,5.0247426e-14
503.51000,1.9226726e-11,5.0218232e-14
503.52000,1.9214065e-11,5.0202177e-14
503.53000,1.9217753e-11,5.0194728e-14
503.54000,1.9236851e-11,5.0189273e-14
503.55000,1.9235825e-11,5.0142353e-14
503.56000,1.9158487e-11,4.9987412e-14
503.57000,1.8976184e-11,4.9687759e-14
503.58000,1.8732383e-11,4.9302064e-14
503.59000,1.8545055e-11,4.8999187e-14
503.60000,1.8561913e-11,4.9005865e-14
503.61000,1.8779993e-11,4.9326403e-14
503.62000,1.9078120e-11,4.9780611e-14
503.63000,1.9303838e-11,5.0133126e-14
503.64000,1.9414695e-11,5.0308807e-14
503.65000,1.9453718e-11,5.0374470e-14
503.66000,1.9449547e-11,5.0378275e-14
503.67000,1.9409776e-11,5.0312447e-14
503.68000,1.9343095e-11,5.0184876e-14
503.69000,1.9285293e-11,5.0068471e-14
503.70000,1.9270394e-11,5.0018411e-14
503.71000,1.9285483e-11,5.0025447e-14
503.72000,1.9303609e-11,5.0063077e-14
503.73000,1.9322743e-11,5.0107712e-14
503.74000,1.9357236e-11,5.0179184e-14
503.75000,1.9398222e-11,5.0284809e-14
503.76000,1.9424706e-11,5.0351478e-14
503.77000,1.9429714e-11,5.0318926e-14
503.78000,1.9419649e-11,5.0241342e-14
503.79000,1.9409565e-11,5.0201413e-14
503.80000,1.9407939e-11,5.0176618e-14
503.81000,1.9409165e-11,5.0117098e-14
503.82000,1.9403652e-11,5.0063583e-14
503.83000,1.9390962e-11,5.0059357e-14
503.84000,1.9378050e-11,5.0059471e-14
503.85000,1.9373612e-11,5.0002497e-14
503.86000,1.9378524e-11,4.9936844e-14
503.87000,1.9385568e-11,4.9946459e-14
503.88000,1.9386113e-11,5.0029680e-14
503.89000,1.9375794e-11,5.0061752e-14
503.90000,1.9359051e-11,4.9972087e-14
503.91000,1.9345409e-11,4.9822233e-14
503.92000,1.9345376e-11,4.9763563e-14
503.93000,1.9360692e-11,4.9874125e-14
503.94000,1.9380754e-11,5.0084511e-14
503.95000,1.9391413e-11,5.0240697e-14
503.96000,1.9385197e-11,5.0216837e-14
503.97000,1.9364800e-11,5.0028166e-14
503.98000,1.9340339e-11,4.9808725e-14
503.99000,1.9314656e-11,4.9656283e-14
504.00000,1.9280172e-11,4.9594013e-14
504.01000,1.9227255e-11,4.9633716e-14
504.02000,1.9160457e-11,4.9725496e-14
504.03000,1.9090911e-11,4.9745237e-14
504.04000,1.9027763e-11,4.9589575e-14
504.05000,1.8972435e-11,4.9266725e-14
504.06000,1.8916910e-11,4.8918845e-14
504.07000,1.8834411e-11,4.8631659e-14
504.08000,1.8669146e-11,4.8333684e-14
504.09000,1.8323532e-11,4.7835449e-14
504.10000,1.7748748e-11,4.6990933e-14
504.11000,1.7026750e-11,4.5879790e-14
504.12000,1.6421962e-11,4.4900453e-14
504.13000,1.6308471e-11,4.4646016e-14
504.14000,1.6832136e-11,4.5378264e-14
504.15000,1.7683352e-11,4.6639877e-14
504.16000,1.8450579e-11,4.7804136e-14
504.17000,1.8918896e-11,4.8537212e-14
504.18000,1.9131240e-11,4.8902824e-14
504.19000,1.9227365e-11,4.9106211e-14
504.20000,1.9274050e-11,4.9228913e-14
504.21000,1.9303339e-11,4.9285113e-14
504.22000,1.9318208e-11,4.9250307e-14
504.23000,1.9311924e-11,4.9138977e-14
504.24000,1.9276826e-11,4.9017077e-14
504.25000,1.9232173e-11,4.9040460e-14
504.26000,1.9216112e-11,4.9469107e-14
504.27000,1.9252997e-11,5.0383074e-14
504.28000,1.9331979e-11,5.1481385e-14
504.29000,1.9410782e-11,5.2168726e-14
504.30000,1.9456683e-11,5.2118699e-14
504.31000,1.9467076e-11,5.1679871e-14
504.32000,1.9456145e-11,5.1342010e-14
504.33000,1.9434445e-11,5.1242929e-14
504.34000,1.9407567e-11,5.1320706e-14
504.35000,1.9389710e-11,5.1458419e-14
504.36000,1.9393027e-11,5.1577562e-14
504.37000,1.9416716e-11,5.1567867e-14
504.38000,1.9443761e-11,5.1368752e-14
504.39000,1.9463759e-11,5.1087549e-14
504.40000,1.9475963e-11,5.0901918e-14
504.41000,1.9478862e-11,5.0886497e-14
504.42000,1.9474316e-11,5.0934812e-14
504.43000,1.9467064e-11,5.0897363e-14
504.44000,1.9460661e-11,5.0747625e-14
504.45000,1.9455069e-11,5.0606106e-14
504.46000,1.9450874e-11,5.0578857e-14
504.47000,1.9448488e-11,5.0621471e-14
504.48000,1.9443682e-11,5.0591699e-14
504.49000,1.9426423e-11,5.0467021e-14
504.50000,1.9386000e-11,5.0356968e-14
504.51000,1.9311996e-11,5.0306082e-14
504.52000,1.9216399e-11,5.0247958e-14
504.53000,1.9134854e-11,5.0178341e-14
504.54000,1.9114984e-11,5.0225571e-14
504.55000,1.9171120e-11,5.0451645e-14
504.56000,1.9262824e-11,5.0692414e-14
504.57000,1.9338101e-11,5.0794756e-14
504.58000,1.9377395e-11,5.0784173e-14
504.59000,1.9396376e-11,5.0782920e-14
504.60000,1.9410041e-11,5.0821347e-14
504.61000,1.9421670e-11,5.0841008e-14
504.62000,1.9424706e-11,5.0784378e-14
504.63000,1.9418148e-11,5.0675351e-14
504.64000,1.9406392e-11,5.0544698e-14
504.65000,1.9396677e-11,5.0414237e-14
504.66000,1.9393521e-11,5.0317548e-14
504.67000,1.9394361e-11,5.0269174e-14
504.68000,1.9391322e-11,5.0259907e-14
504.69000,1.9378819e-11,5.0263780e-14
504.70000,1.9360250e-11,5.0244667e-14
504.71000,1.9339973e-11,5.0170387e-14
504.72000,1.9313801e-11,5.0056273e-14
504.73000,1.9266597e-11,4.9921152e-14
504.74000,1.9190297e-11,4.9770214e-14
504.75000,1.9084895e-11,4.9616031e-14
504.76000,1.8957037e-11,4.9458952e-14
504.77000,1.8803307e-11,4.9261639e-14
504.78000,1.8637638e-11,4.9034006e-14
504.79000,1.8513507e-11,4.8877340e-14
504.80000,1.8489476e-11,4.8873263e-14
504.81000,1.8590830e-11,4.9049231e-14
504.82000,1.8759657e-11,4.9357618e-14
504.83000,1.8927119e-11,4.9710339e-14
504.84000,1.9056567e-11,4.9944319e-14
504.85000,1.9136694e-11,4.9929316e-14
504.86000,1.9179151e-11,4.9751804e-14
504.87000,1.9205996e-11,4.9589131e-14
504.88000,1.9237010e-11,4.9524837e-14
504.89000,1.9275869e-11,4.9511643e-14
504.90000,1.9306372e-11,4.9480863e-14
504.91000,1.9315641e-11,4.9421325e-14
504.92000,1.9301632e-11,4.9366614e-14
504.93000,1.9277478e-11,4.9344160e-14
504.94000,1.9258251e-11,4.9346672e-14
504.95000,1.9252990e-11,4.9354576e-14
504.96000,1.9262745e-11,4.9384537e-14
504.97000,1.9277611e-11,4.9426363e-14
504.98000,1.9287088e-11,4.9411907e-14
504.99000,1.9289513e-11,4.9324135e-14
505.00000,1.9291183e-11,4.9241318e-14
505.01000,1.9295872e-11,4.9225638e-14
505.02000,1.9303893e-11,4.9285539e-14
505.03000,1.9313122e-11,4.9382036e-14
505.04000,1.9320121e-11,4.9476180e-14
505.05000,1.9320175e-11,4.9546373e-14
505.06000,1.9312315e-11,4.9581284e-14
505.07000,1.9300125e-11,4.9568040e-14
505.08000,1.9289081e-11,4.9519811e-14
505.09000,1.9282995e-11,4.9471294e-14
505.10000,1.9280861e-11,4.9464728e-14
505.11000,1.9277497e-11,4.9502880e-14
505.12000,1.9268792e-11,4.9520075e-14
505.13000,1.9257036e-11,4.9462024e-14
505.14000,1.9245979e-11,4.9375926e-14
505.15000,1.9233366e-11,4.9342735e-14
505.16000,1.9213074e-11,4.9360374e-14
505.17000,1.9186067e-11,4.9355624e-14
505.18000,1.9163474e-11,4.9314359e-14
505.19000,1.9161639e-11,4.9326196e-14
505.20000,1.9187261e-11,4.9463889e-14
505.21000,1.9225563e-11,4.9682198e-14
505.22000,1.9255284e-11,4.9860181e-14
505.23000,1.9268454e-11,4.9925172e-14
505.24000,1.9272300e-11,4.9929845e-14
505.25000,1.9278981e-11,4.9937797e-14
505.26000,1.9291147e-11,4.9893879e-14
505.27000,1.9303675e-11,4.9781561e-14
505.28000,1.9311073e-11,4.9670483e-14
505.29000,1.9308454e-11,4.9627213e-14
505.30000,1.9293649e-11,4.9640753e-14
505.31000,1.9268251e-11,4.9674269e-14
505.32000,1.9244445e-11,4.9692765e-14
505.33000,1.9236855e-11,4.9701852e-14
505.34000,1.9247389e-11,4.9730619e-14
505.35000,1.9266387e-11,4.9780418e-14
505.36000,1.9279035e-11,4.9814013e-14
505.37000,1.9280472e-11,4.9814924e-14
505.38000,1.9276220e-11,4.9807101e-14
505.39000,1.9269831e-11,4.9810882e-14
505.40000,1.9262653e-11,4.9823323e-14
505.41000,1.9257660e-11,4.9840204e-14
505.42000,1.9259872e-11,4.9869842e-14
505.43000,1.9269945e-11,4.9921655e-14
505.44000,1.9282291e-11,4.9999433e-14
505.45000,1.9287470e-11,5.0105553e-14
505.46000,1.9281044e-11,5.0235107e-14
505.47000,1.9266542e-11,5.0338899e-14
505.48000,1.9247601e-11,5.0333399e-14
505.49000,1.9221114e-11,5.0219801e-14
505.50000,1.9174741e-11,5.0061857e-14
505.51000,1.9107128e-11,4.9923307e-14
505.52000,1.9028579e-11,4.9824693e-14
505.53000,1.8950690e-11,4.9772985e-14
505.54000,1.8875446e-11,4.9794223e-14
505.55000,1.8796874e-11,4.9886491e-14
505.56000,1.8703893e-11,4.9957299e-14
505.57000,1.8562234e-11,4.9798951e-14
505.58000,1.8294379e-11,4.9210585e-14
505.59000,1.7780230e-11,4.8033312e-14
505.60000,1.7002154e-11,4.6326003e-14
505.61000,1.6086500e-11,4.4394054e-14
505.62000,1.5380056e-11,4.2917972e-14
505.63000,1.5234050e-11,4.2510816e-14
505.64000,1.5606768e-11,4.3036332e-14
505.65000,1.6230768e-11,4.3996418e-14
505.66000,1.6913799e-11,4.5045143e-14
505.67000,1.7625497e-11,4.6129931e-14
505.68000,1.8279270e-11,4.7149330e-14
505.69000,1.8757162e-11,4.7982536e-14
505.70000,1.8994572e-11,4.8663369e-14
505.71000,1.9072167e-11,4.9380364e-14
505.72000,1.9091844e-11,5.0016345e-14
505.73000,1.9117369e-11,5.0184913e-14
505.74000,1.9146155e-11,4.9715510e-14
505.75000,1.9160605e-11,4.9080002e-14
505.76000,1.9154694e-11,4.8683639e-14
505.77000,1.9138631e-11,4.8560962e-14
505.78000,1.9132300e-11,4.8563412e-14
505.79000,1.9147318e-11,4.8603608e-14
505.80000,1.9178417e-11,4.8664497e-14
505.81000,1.9205769e-11,4.8722608e-14
505.82000,1.9217407e-11,4.8745444e-14
505.83000,1.9207740e-11,4.8719518e-14
505.84000,1.9180633e-11,4.8674594e-14
505.85000,1.9146314e-11,4.8646294e-14
505.86000,1.9122515e-11,4.8664811e-14
505.87000,1.9122251e-11,4.8752649e-14
505.88000,1.9139607e-11,4.8864266e-14
505.89000,1.9161769e-11,4.8914860e-14
505.90000,1.9176837e-11,4.8874751e-14
505.91000,1.9180640e-11,4.8799567e-14
505.92000,1.9166233e-11,4.8730432e-14
505.93000,1.9130047e-11,4.8659750e-14
505.94000,1.9083852e-11,4.8598651e-14
505.95000,1.9054908e-11,4.8572700e-14
505.96000,1.9069466e-11,4.8603274e-14
505.97000,1.9115519e-11,4.8688428e-14
505.98000,1.9162702e-11,4.8773422e-14
505.99000,1.9191100e-11,4.8802088e-14
506.00000,1.9206507e-11,4.8834380e-14
506.01000,1.9214099e-11,4.8900166e-14
506.02000,1.9205706e-11,4.8899357e-14
506.03000,1.9176044e-11,4.8789894e-14
506.04000,1.9136154e-11,4.8715065e-14
506.05000,1.9106430e-11,4.8792670e-14
506.06000,1.9103974e-11,4.8901399e-14
506.07000,1.9134063e-11,4.8872121e-14
506.08000,1.9176676e-11,4.8733760e-14
506.09000,1.9205686e-11,4.8664213e-14
506.10000,1.9211549e-11,4.8784465e-14
506.11000,1.9201253e-11,4.9097427e-14
506.12000,1.9191471e-11,4.9439572e-14
506.13000,1.9187817e-11,4.9629487e-14
506.14000,1.9181270e-11,4.9534489e-14
506.15000,1.9152104e-11,4.9205122e-14
506.16000,1.9078999e-11,4.8778766e-14
506.17000,1.8961987e-11,4.8373026e-14
506.18000,1.8822148e-11,4.8035565e-14
506.19000,1.8717398e-11,4.7813865e-14
506.20000,1.8720262e-11,4.7801053e-14
506.21000,1.8839279e-11,4.7999529e-14
506.22000,1.9001501e-11,4.8293506e-14
506.23000,1.9123319e-11,4.8557887e-14
506.24000,1.9178400e-11,4.8766497e-14
506.25000,1.9193019e-11,4.8987620e-14
506.26000,1.9199983e-11,4.9265815e-14
506.27000,1.9208658e-11,4.9555542e-14
506.28000,1.9212139e-11,4.9722520e-14
506.29000,1.9203017e-11,4.9635536e-14
506.30000,1.9185645e-11,4.9347665e-14
506.31000,1.9168660e-11,4.9058499e-14
506.32000,1.9157865e-11,4.8947706e-14
506.33000,1.9157558e-11,4.9069902e-14
506.34000,1.9166234e-11,4.9271776e-14
506.35000,1.9177310e-11,4.9361560e-14
506.36000,1.9186358e-11,4.9286936e-14
506.37000,1.9193319e-11,4.9208607e-14
506.38000,1.9199948e-11,4.9249895e-14
506.39000,1.9206069e-11,4.9337354e-14
506.40000,1.9206737e-11,4.9349097e-14
506.41000,1.9197661e-11,4.9303872e-14
506.42000,1.9176363e-11,4.9256607e-14
506.43000,1.9145600e-11,4.9211138e-14
506.44000,1.9111877e-11,4.9169172e-14
506.45000,1.9083067e-11,4.9156299e-14
506.46000,1.9066521e-11,4.9155146e-14
506.47000,1.9068208e-11,4.9153499e-14
506.48000,1.9083434e-11,4.9168480e-14
506.49000,1.9099690e-11,4.9197486e-14
506.50000,1.9101778e-11,4.9214898e-14
506.51000,1.9081454e-11,4.9202028e-14
506.52000,1.9045911e-11,4.9163838e-14
506.53000,1.9010358e-11,4.9124382e-14
506.54000,1.8993864e-11,4.9111464e-14
506.55000,1.9008902e-11,4.9139504e-14
506.56000,1.9050372e-11,4.9194617e-14
506.57000,1.9089932e-11,4.9235192e-14
506.58000,1.9105702e-11,4.9237435e-14
506.59000,1.9105769e-11,4.9224108e-14
506.60000,1.9109550e-11,4.9230111e-14
506.61000,1.9124773e-11,4.9266592e-14
506.62000,1.9138363e-11,4.9307831e-14
506.63000,1.9131442e-11,4.9321946e-14
506.64000,1.9095706e-11,4.9297897e-14
506.65000,1.9037935e-11,4.9236736e-14
506.66000,1.8986844e-11,4.9168926e-14
506.67000,1.8978731e-11,4.9154445e-14
506.68000,1.9019219e-11,4.9217779e-14
506.69000,1.9084411e-11,4.9325247e-14
506.70000,1.9133626e-11,4.9407009e-14
506.71000,1.9155846e-11,4.9441673e-14
506.72000,1.9160255e-11,4.9442021e-14
506.73000,1.9161975e-11,4.9431565e-14
506.74000,1.9167738e-11,4.9423426e-14
506.75000,1.9175668e-11,4.9424334e-14
506.76000,1.9174908e-11,4.9425189e-14
506.77000,1.9153302e-11,4.9398215e-14
506.78000,1.9102492e-11,4.9318634e-14
506.79000,1.9028855e-11,4.9198967e-14
506.80000,1.8948712e-11,4.9079551e-14
506.81000,1.8888525e-11,4.9012148e-14
506.82000,1.8878552e-11,4.9031615e-14
506.83000,1.8929836e-11,4.9135880e-14
506.84000,1.9006087e-11,4.9261423e-14
506.85000,1.9063518e-11,4.9341654e-14
506.86000,1.9088765e-11,4.9363339e-14
506.87000,1.9096232e-11,4.9357577e-14
506.88000,1.9109878e-11,4.9373958e-14
506.89000,1.9131550e-11,4.9419720e-14
506.90000,1.9149386e-11,4.9468877e-14
506.91000,1.9157182e-11,4.9491280e-14
506.92000,1.9159457e-11,4.9483946e-14
506.93000,1.9163987e-11,4.9474720e-14
506.94000,1.9171068e-11,4.9480251e-14
506.95000,1.9174370e-11,4.9492033e-14
506.96000,1.9170697e-11,4.9499223e-14
506.97000,1.9163987e-11,4.9491387e-14
506.98000,1.9155960e-11,4.9470407e-14
506.99000,1.9140781e-11,4.9456550e-14
507.00000,1.9117603e-11,4.9463306e-14
507.01000,1.9095230e-11,4.9471207e-14
507.02000,1.9080946e-11,4.9452174e-14
507.03000,1.9073609e-11,4.9410508e-14
507.04000,1.9068258e-11,4.9375436e-14
507.05000,1.9059607e-11,4.9348401e-14
507.06000,1.9036515e-11,4.9290187e-14
507.07000,1.8989246e-11,4.9173678e-14
507.08000,1.8909974e-11,4.8993603e-14
507.09000,1.8802699e-11,4.8772791e-14
507.10000,1.8680397e-11,4.8543903e-14
507.11000,1.8588872e-11,4.8379816e-14
507.12000,1.8593890e-11,4.8381461e-14
507.13000,1.8697780e-11,4.8550842e-14
507.14000,1.8842193e-11,4.8792180e-14
507.15000,1.8945079e-11,4.8965965e-14
507.16000,1.8992141e-11,4.9045804e-14
507.17000,1.9003595e-11,4.9065755e-14
507.18000,1.9007583e-11,4.9072363e-14
507.19000,1.9012613e-11,4.9072960e-14
507.20000,1.9012985e-11,4.9050391e-14
507.21000,1.9003493e-11,4.9003146e-14
507.22000,1.8986362e-11,4.8959212e-14
507.23000,1.8970034e-11,4.8956400e-14
507.24000,1.8967382e-11,4.9012519e-14
507.25000,1.8987427e-11,4.9105154e-14
507.26000,1.9025533e-11,4.9183026e-14
507.27000,1.9060312e-11,4.9205218e-14
507.28000,1.9081556e-11,4.9180088e-14
507.29000,1.9095532e-11,4.9162384e-14
507.30000,1.9106838e-11,4.9169886e-14
507.31000,1.9108054e-11,4.9166095e-14
507.32000,1.9094054e-11,4.9120968e-14
507.33000,1.9073092e-11,4.9062900e-14
507.34000,1.9057771e-11,4.9027967e-14
507.35000,1.9048385e-11,4.9008828e-14
507.36000,1.9035462e-11,4.8989760e-14
507.37000,1.9011074e-11,4.8971100e-14
507.38000,1.8970905e-11,4.8930097e-14
507.39000,1.8915267e-11,4.8836473e-14
507.40000,1.8848473e-11,4.8692654e-14
507.41000,1.8786801e-11,4.8555628e-14
507.42000,1.8753138e-11,4.8484183e-14
507.43000,1.8759532e-11,4.8495460e-14
507.44000,1.8803761e-11,4.8573982e-14
507.45000,1.8866632e-11,4.8682647e-14
507.46000,1.8929685e-11,4.8789558e-14
507.47000,1.8977390e-11,4.8863074e-14
507.48000,1.9006441e-11,4.8892080e-14
507.49000,1.9016018e-11,4.8876244e-14
507.50000,1.9013438e-11,4.8841179e-14
507.51000,1.9005751e-11,4.8810423e-14
507.52000,1.8998412e-11,4.8798546e-14
507.53000,1.8991706e-11,4.8802166e-14
507.54000,1.8984704e-11,4.8806351e-14
507.55000,1.8972345e-11,4.8793208e-14
507.56000,1.8936254e-11,4.8743518e-14
507.57000,1.8857888e-11,4.8633394e-14
507.58000,1.8729379e-11,4.8430390e-14
507.59000,1.8589691e-11,4.8178261e-14
507.60000,1.8515441e-11,4.8002366e-14
507.61000,1.8570782e-11,4.8029798e-14
507.62000,1.8720130e-11,4.8219855e-14
507.63000,1.8874959e-11,4.8435582e-14
507.64000,1.8971152e-11,4.8569844e-14
507.65000,1.9002280e-11,4.8610447e-14
507.66000,1.8999366e-11,4.8604977e-14
507.67000,1.8984581e-11,4.8591008e-14
507.68000,1.8969051e-11,4.8586138e-14
507.69000,1.8961009e-11,4.8588715e-14
507.70000,1.8970530e-11,4.8586472e-14
507.71000,1.8996948e-11,4.8580978e-14
507.72000,1.9026496e-11,4.8584878e-14
507.73000,1.9043147e-11,4.8601095e-14
507.74000,1.9043456e-11,4.8629974e-14
507.75000,1.9034898e-11,4.8670403e-14
507.76000,1.9022144e-11,4.8706498e-14
507.77000,1.9004700e-11,4.8699601e-14
507.78000,1.8982815e-11,4.8638084e-14
507.79000,1.8957410e-11,4.8551038e-14
507.80000,1.8932989e-11,4.8476354e-14
507.81000,1.8917330e-11,4.8419955e-14
507.82000,1.8910297e-11,4.8365265e-14
507.83000,1.8903244e-11,4.8303727e-14
507.84000,1.8888549e-11,4.8243002e-14
507.85000,1.8869012e-11,4.8188625e-14
507.86000,1.8851074e-11,4.8138484e-14
507.87000,1.8843931e-11,4.8101509e-14
507.88000,1.8854811e-11,4.8093205e-14
507.89000,1.8874811e-11,4.8103201e-14
507.90000,1.8892159e-11,4.8110009e-14
507.91000,1.8906623e-11,4.8112246e-14
507.92000,1.8925972e-11,4.8127265e-14
507.93000,1.8949589e-11,4.8158093e-14
507.94000,1.8965629e-11,4.8184712e-14
507.95000,1.8962059e-11,4.8179633e-14
507.96000,1.8939918e-11,4.8138527e-14
507.97000,1.8906398e-11,4.8073384e-14
507.98000,1.8874543e-11,4.8007421e-14
507.99000,1.8851935e-11,4.7957138e-14
508.00000,1.8837940e-11,4.7918291e-14
508.01000,1.8822524e-11,4.7874688e-14
508.02000,1.8801073e-11,4.7837819e-14
508.03000,1.8782544e-11,4.7838088e-14
508.04000,1.8776620e-11,4.7893146e-14
508.05000,1.8784682e-11,4.7986631e-14
508.06000,1.8798636e-11,4.8034618e-14
508.07000,1.8814963e-11,4.8001770e-14
508.08000,1.8836360e-11,4.7965912e-14
508.09000,1.8865832e-11,4.7971770e-14
508.10000,1.8896086e-11,4.7990581e-14
508.11000,1.8915154e-11,4.8018983e-14
508.12000,1.8917048e-11,4.8050069e-14
508.13000,1.8909315e-11,4.8053317e-14
508.14000,1.8903246e-11,4.8060904e-14
508.15000,1.8903583e-11,4.8129552e-14
508.16000,1.8907106e-11,4.8185884e-14
508.17000,1.8907350e-11,4.8105021e-14
508.18000,1.8899703e-11,4.7932487e-14
508.19000,1.8878871e-11,4.7806909e-14
508.20000,1.8846573e-11,4.7755166e-14
508.21000,1.8805976e-11,4.7684425e-14
508.22000,1.8756852e-11,4.7547142e-14
508.23000,1.8697667e-11,4.7415334e-14
508.24000,1.8644655e-11,4.7371232e-14
508.25000,1.8632397e-11,4.7425263e-14
508.26000,1.8683992e-11,4.7498943e-14
508.27000,1.8769679e-11,4.7533674e-14
508.28000,1.8839642e-11,4.7550261e-14
508.29000,1.8871709e-11,4.7601331e-14
508.30000,1.8868842e-11,4.7702322e-14
508.31000,1.8845045e-11,4.7783010e-14
508.32000,1.8810245e-11,4.7746602e-14
508.33000,1.8775406e-11,4.7563967e-14
508.34000,1.8755917e-11,4.7368587e-14
508.35000,1.8757177e-11,4.7266090e-14
508.36000,1.8764666e-11,4.7235126e-14
508.37000,1.8768715e-11,4.7242661e-14
508.38000,1.8775801e-11,4.7345700e-14
508.39000,1.8794962e-11,4.7586031e-14
508.40000,1.8823345e-11,4.7885660e-14
508.41000,1.8853200e-11,4.8109339e-14
508.42000,1.8884572e-11,4.8226988e-14
508.43000,1.8921530e-11,4.8357913e-14
508.44000,1.8964027e-11,4.8598196e-14
508.45000,1.9000275e-11,4.8886972e-14
508.46000,1.9017850e-11,4.9093537e-14
508.47000,1.9010791e-11,4.9157309e-14
508.48000,1.8991911e-11,4.9141890e-14
508.49000,1.8977711e-11,4.9106201e-14
508.50000,1.8976070e-11,4.9079813e-14
508.51000,1.8978303e-11,4.9050601e-14
508.52000,1.8975055e-11,4.8997836e-14
508.53000,1.8968759e-11,4.8917842e-14
508.54000,1.8964125e-11,4.8813490e-14
508.55000,1.8960566e-11,4.8698960e-14
508.56000,1.8956231e-11,4.8603391e-14
508.57000,1.8950408e-11,4.8557665e-14
508.58000,1.8942892e-11,4.8584646e-14
508.59000,1.8937135e-11,4.8698151e-14
508.60000,1.8934640e-11,4.8891902e-14
508.61000,1.8929736e-11,4.9119252e-14
508.62000,1.8918489e-11,4.9259356e-14
508.63000,1.8898740e-11,4.9190458e-14
508.64000,1.8865296e-11,4.8924724e-14
508.65000,1.8822051e-11,4.8613703e-14
508.66000,1.8790039e-11,4.8393316e-14
508.67000,1.8781726e-11,4.8265006e-14
508.68000,1.8788140e-11,4.8199696e-14
508.69000,1.8792776e-11,4.8219776e-14
508.70000,1.8794382e-11,4.8346262e-14
508.71000,1.8795376e-11,4.8483042e-14
508.72000,1.8786774e-11,4.8456344e-14
508.73000,1.8753275e-11,4.8235035e-14
508.74000,1.8701947e-11,4.8003719e-14
508.75000,1.8663447e-11,4.7920609e-14
508.76000,1.8676952e-11,4.8056666e-14
508.77000,1.8744300e-11,4.8311115e-14
508.78000,1.8830099e-11,4.8505490e-14
508.79000,1.8895616e-11,4.8564915e-14
508.80000,1.8928465e-11,4.8559483e-14
508.81000,1.8939531e-11,4.8566063e-14
508.82000,1.8939146e-11,4.8560857e-14
508.83000,1.8935335e-11,4.8487101e-14
508.84000,1.8930091e-11,4.8382902e-14
508.85000,1.8923886e-11,4.8343360e-14
508.86000,1.8917148e-11,4.8375088e-14
508.87000,1.8909092e-11,4.8434987e-14
508.88000,1.8900331e-11,4.8509614e-14
508.89000,1.8893233e-11,4.8592274e-14
508.90000,1.8887388e-11,4.8592709e-14
508.91000,1.8872106e-11,4.8449402e-14
508.92000,1.8826905e-11,4.8213652e-14
508.93000,1.8745411e-11,4.7998945e-14
508.94000,1.8653953e-11,4.7855827e-14
508.95000,1.8604803e-11,4.7847169e-14
508.96000,1.8622284e-11,4.7996868e-14
508.97000,1.8681361e-11,4.8237450e-14
508.98000,1.8731567e-11,4.8414668e-14
508.99000,1.8757155e-11,4.8433805e-14
509.00000,1.8764853e-11,4.8283290e-14
509.01000,1.8767508e-11,4.8089947e-14
509.02000,1.8769821e-11,4.7942855e-14
509.03000,1.8773212e-11,4.7835232e-14
509.04000,1.8780623e-11,4.7762418e-14
509.05000,1.8792592e-11,4.7727761e-14
509.06000,1.8806301e-11,4.7723041e-14
509.07000,1.8818772e-11,4.7728691e-14
509.08000,1.8830408e-11,4.7734085e-14
509.09000,1.8841522e-11,4.7738091e-14
509.10000,1.8850120e-11,4.7727293e-14
509.11000,1.8855549e-11,4.7679966e-14
509.12000,1.8863090e-11,4.7605129e-14
509.13000,1.8876888e-11,4.7537431e-14
509.14000,1.8894763e-11,4.7506321e-14
509.15000,1.8908795e-11,4.7508657e-14
509.16000,1.8911201e-11,4.7527721e-14
509.17000,1.8898594e-11,4.7538070e-14
509.18000,1.8875031e-11,4.7534399e-14
509.19000,1.8848775e-11,4.7540176e-14
509.20000,1.8830213e-11,4.7592044e-14
509.21000,1.8827641e-11,4.7695746e-14
509.22000,1.8839985e-11,4.7786648e-14
509.23000,1.8858444e-11,4.7808881e-14
509.24000,1.8874588e-11,4.7752831e-14
509.25000,1.8884492e-11,4.7662159e-14
509.26000,1.8885905e-11,4.7583941e-14
509.27000,1.8879758e-11,4.7555469e-14
509.28000,1.8868245e-11,4.7584070e-14
509.29000,1.8852640e-11,4.7668549e-14
509.30000,1.8835893e-11,4.7776190e-14
509.31000,1.8821354e-11,4.7830973e-14
509.32000,1.8807898e-11,4.7786622e-14
509.33000,1.8785929e-11,4.7674674e-14
509.34000,1.8742321e-11,4.7549077e-14
509.35000,1.8663143e-11,4.7396590e-14
509.36000,1.8546554e-11,4.7182297e-14
509.37000,1.8419373e-11,4.6946151e-14
509.38000,1.8338533e-11,4.6801975e-14
509.39000,1.8345977e-11,4.6817746e-14
509.40000,1.8443726e-11,4.6983426e-14
509.41000,1.8576170e-11,4.7198569e-14
509.42000,1.8692529e-11,4.7383807e-14
509.43000,1.8772487e-11,4.7525478e-14
509.44000,1.8822480e-11,4.7659147e-14
509.45000,1.8846278e-11,4.7793550e-14
509.46000,1.8851657e-11,4.7886790e-14
509.47000,1.8847797e-11,4.7908039e-14
509.48000,1.8838676e-11,4.7870351e-14
509.49000,1.8823765e-11,4.7816286e-14
509.50000,1.8803254e-11,4.7763600e-14
509.51000,1.8785713e-11,4.7739323e-14
509.52000,1.8779790e-11,4.7764284e-14
509.53000,1.8786975e-11,4.7832607e-14
509.54000,1.8796529e-11,4.7913560e-14
509.55000,1.8803182e-11,4.8003745e-14
509.56000,1.8811396e-11,4.8094591e-14
509.57000,1.8823729e-11,4.8153871e-14
509.58000,1.8833659e-11,4.8148147e-14
509.59000,1.8832093e-11,4.8109304e-14
509.60000,1.8815367e-11,4.8128722e-14
509.61000,1.8787181e-11,4.8303858e-14
509.62000,1.8751308e-11,4.8612601e-14
509.63000,1.8709832e-11,4.8859618e-14
509.64000,1.8669266e-11,4.8813468e-14
509.65000,1.8639786e-11,4.8480022e-14
509.66000,1.8625772e-11,4.8141632e-14
509.67000,1.8622453e-11,4.7970451e-14
509.68000,1.8623386e-11,4.7966906e-14
509.69000,1.8622629e-11,4.8005127e-14
509.70000,1.8611430e-11,4.7994053e-14
509.71000,1.8579900e-11,4.7921920e-14
509.72000,1.8515895e-11,4.7815468e-14
509.73000,1.8415204e-11,4.7686879e-14
509.74000,1.8292026e-11,4.7551501e-14
509.75000,1.8214919e-11,4.7519290e-14
509.76000,1.8248417e-11,4.7719629e-14
509.77000,1.8390733e-11,4.8157907e-14
509.78000,1.8554460e-11,4.8604890e-14
509.79000,1.8667350e-11,4.8832109e-14
509.80000,1.8707726e-11,4.8784306e-14
509.81000,1.8708323e-11,4.8581125e-14
509.82000,1.8696878e-11,4.8263741e-14
509.83000,1.8686306e-11,4.7853762e-14
509.84000,1.8680001e-11,4.7416425e-14
509.85000,1.8675906e-11,4.7064535e-14
509.86000,1.8665499e-11,4.6832721e-14
509.87000,1.8638444e-11,4.6699289e-14
509.88000,1.8598757e-11,4.6623109e-14
509.89000,1.8563346e-11,4.6598800e-14
509.90000,1.8554526e-11,4.6654053e-14
509.91000,1.8572885e-11,4.6852453e-14
509.92000,1.8603614e-11,4.7291567e-14
509.93000,1.8631308e-11,4.7844317e-14
509.94000,1.8651050e-11,4.8142341e-14
509.95000,1.8661337e-11,4.7900914e-14
509.96000,1.8660350e-11,4.7373340e-14
509.97000,1.8644397e-11,4.6947045e-14
509.98000,1.8616840e-11,4.6717973e-14
509.99000,1.8583689e-11,4.6622027e-14
510.00000,1.8554020e-11,4.6583691e-14
510.01000,1.8532544e-11,4.6574011e-14
510.02000,1.8518627e-11,4.6577172e-14
510.03000,1.8503068e-11,4.6570853e-14
510.04000,1.8468402e-11,4.6528985e-14
510.05000,1.8379497e-11,4.6408652e-14
510.06000,1.8201166e-11,4.6163737e-14
510.07000,1.7895623e-11,4.5732055e-14
510.08000,1.7515023e-11,4.5181081e-14
510.09000,1.7198369e-11,4.4717608e-14
510.10000,1.7143932e-11,4.4644350e-14
510.11000,1.7393631e-11,4.5026466e-14
510.12000,1.7839251e-11,4.5700089e-14
510.13000,1.8259173e-11,4.6333451e-14
510.14000,1.8529307e-11,4.6744353e-14
510.15000,1.8650215e-11,4.6940675e-14
510.16000,1.8692833e-11,4.7033049e-14
510.17000,1.8701245e-11,4.7086664e-14
510.18000,1.8698071e-11,4.7121903e-14
510.19000,1.8688138e-11,4.7130558e-14
510.20000,1.8675104e-11,4.7111642e-14
510.21000,1.8664902e-11,4.7084663e-14
510.22000,1.8665385e-11,4.7081381e-14
510.23000,1.8675052e-11,4.7108976e-14
510.24000,1.8687072e-11,4.7155912e-14
510.25000,1.8694141e-11,4.7198693e-14
510.26000,1.8695003e-11,4.7220730e-14
510.27000,1.8691224e-11,4.7216653e-14
510.28000,1.8687046e-11,4.7198723e-14
510.29000,1.8685332e-11,4.7191043e-14
510.30000,1.8685367e-11,4.7203934e-14
510.31000,1.8683452e-11,4.7217045e-14
510.32000,1.8673323e-11,4.7263081e-14
510.33000,1.8649544e-11,4.7378353e-14
510.34000,1.8610069e-11,4.7479707e-14
510.35000,1.8571027e-11,4.7461066e-14
510.36000,1.8557500e-11,4.7394086e-14
510.37000,1.8588192e-11,4.7383411e-14
510.38000,1.8643588e-11,4.7370095e-14
510.39000,1.8693311e-11,4.7291025e-14
510.40000,1.8714505e-11,4.7240375e-14
510.41000,1.8710885e-11,4.7326277e-14
510.42000,1.8693582e-11,4.7501397e-14
510.43000,1.8675599e-11,4.7583067e-14
510.44000,1.8666449e-11,4.7477387e-14
510.45000,1.8669757e-11,4.7272570e-14
510.46000,1.8677184e-11,4.7114579e-14
510.47000,1.8677723e-11,4.7096867e-14
510.48000,1.8671690e-11,4.7200909e-14
510.49000,1.8665768e-11,4.7369201e-14
510.50000,1.8664915e-11,4.7539854e-14
510.51000,1.8666716e-11,4.7712788e-14
510.52000,1.8665473e-11,4.7897240e-14
510.53000,1.8658739e-11,4.8055251e-14
510.54000,1.8650249e-11,4.8129910e-14
510.55000,1.8649601e-11,4.8101172e-14
510.56000,1.8661022e-11,4.8005366e-14
510.57000,1.8680743e-11,4.7869146e-14
510.58000,1.8696875e-11,4.7700430e-14
510.59000,1.8696629e-11,4.7497477e-14
510.60000,1.8670705e-11,4.7285025e-14
510.61000,1.8620348e-11,4.7102265e-14
510.62000,1.8553442e-11,4.7000453e-14
510.63000,1.8496485e-11,4.7029883e-14
510.64000,1.8482882e-11,4.7225482e-14
510.65000,1.8522955e-11,4.7486987e-14
510.66000,1.8583399e-11,4.7636680e-14
510.67000,1.8628421e-11,4.7599075e-14
510.68000,1.8649922e-11,4.7508844e-14
510.69000,1.8651455e-11,4.7504060e-14
510.70000,1.8638263e-11,4.7577988e-14
510.71000,1.8615517e-11,4.7595593e-14
510.72000,1.8588843e-11,4.7522398e-14
510.73000,1.8566637e-11,4.7474138e-14
510.74000,1.8557770e-11,4.7504457e-14
510.75000,1.8562767e-11,4.7531700e-14
510.76000,1.8568505e-11,4.7506799e-14
510.77000,1.8569153e-11,4.7483425e-14
510.78000,1.8576396e-11,4.7511244e-14
510.79000,1.8604114e-11,4.7582222e-14
510.80000,1.8645574e-11,4.7668086e-14
510.81000,1.8680356e-11,4.7737100e-14
510.82000,1.8701703e-11,4.7799917e-14
510.83000,1.8711852e-11,4.7886328e-14
510.84000,1.8715131e-11,4.7966655e-14
510.85000,1.8713215e-11,4.7976475e-14
510.86000,1.8708155e-11,4.7908217e-14
510.87000,1.8700835e-11,4.7813572e-14
510.88000,1.8691279e-11,4.7750850e-14
510.89000,1.8680225e-11,4.7738750e-14
510.90000,1.8669526e-11,4.7766322e-14
510.91000,1.8662210e-11,4.7795715e-14
510.92000,1.8658859e-11,4.7798006e-14
510.93000,1.8656408e-11,4.7767012e-14
510.94000,1.8650616e-11,4.7725074e-14
510.95000,1.8641547e-11,4.7688529e-14
510.96000,1.8634972e-11,4.7669900e-14
510.97000,1.8635867e-11,4.7678006e-14
510.98000,1.8644749e-11,4.7714182e-14
510.99000,1.8653871e-11,4.7755702e-14
511.00000,1.8655971e-11,4.7787786e-14
511.01000,1.8650125e-11,4.7815925e-14
511.02000,1.8642360e-11,4.7849969e-14
511.03000,1.8639406e-11,4.7886562e-14
511.04000,1.8640393e-11,4.7912317e-14
511.05000,1.8641599e-11,4.7921404e-14
511.06000,1.8643573e-11,4.7922203e-14
511.07000,1.8649929e-11,4.7921962e-14
511.08000,1.8660715e-11,4.7917929e-14
511.09000,1.8671259e-11,4.7907900e-14
511.10000,1.8679780e-11,4.7894788e-14
511.11000,1.8688779e-11,4.7889037e-14
511.12000,1.8698666e-11,4.7896723e-14
511.13000,1.8702400e-11,4.7907037e-14
511.14000,1.8693723e-11,4.7898321e-14
511.15000,1.8673301e-11,4.7858415e-14
511.16000,1.8651298e-11,4.7799615e-14
511.17000,1.8637071e-11,4.7750191e-14
511.18000,1.8633913e-11,4.7731480e-14
511.19000,1.8637084e-11,4.7739030e-14
511.20000,1.8638945e-11,4.7755696e-14
511.21000,1.8631180e-11,4.7760038e-14
511.22000,1.8615235e-11,4.7749424e-14
511.23000,1.8600015e-11,4.7733643e-14
511.24000,1.8596720e-11,4.7723515e-14
511.25000,1.8608220e-11,4.7724733e-14
511.26000,1.8629265e-11,4.7737219e-14
511.27000,1.8646668e-11,4.7750864e-14
511.28000,1.8649538e-11,4.7755700e-14
511.29000,1.8627731e-11,4.7739597e-14
511.30000,1.8584082e-11,4.7689510e-14
511.31000,1.8533641e-11,4.7606883e-14
511.32000,1.8505760e-11,4.7537406e-14
511.33000,1.8516099e-11,4.7524147e-14
511.34000,1.8560602e-11,4.7578754e-14
511.35000,1.8608507e-11,4.7654150e-14
511.36000,1.8638946e-11,4.7710671e-14
511.37000,1.8651442e-11,4.7735753e-14
511.38000,1.8657404e-11,4.7739952e-14
511.39000,1.8661838e-11,4.7731661e-14
511.40000,1.8663433e-11,4.7714690e-14
511.41000,1.8660425e-11,4.7690206e-14
511.42000,1.8654200e-11,4.7673042e-14
511.43000,1.8647097e-11,4.7668730e-14
511.44000,1.8637552e-11,4.7653104e-14
511.45000,1.8622990e-11,4.7617625e-14
511.46000,1.8605280e-11,4.7589142e-14
511.47000,1.8590717e-11,4.7586285e-14
511.48000,1.8579216e-11,4.7574453e-14
511.49000,1.8565324e-11,4.7523978e-14
511.50000,1.8545078e-11,4.7442200e-14
511.51000,1.8520138e-11,4.7367585e-14
511.52000,1.8497067e-11,4.7328143e-14
511.53000,1.8490363e-11,4.7341391e-14
511.54000,1.8509878e-11,4.7417361e-14
511.55000,1.8551059e-11,4.7549667e-14
511.56000,1.8587325e-11,4.7677682e-14
511.57000,1.8600554e-11,4.7740978e-14
511.58000,1.8596979e-11,4.7735333e-14
511.59000,1.8592568e-11,4.7704907e-14
511.60000,1.8596276e-11,4.7689752e-14
511.61000,1.8605066e-11,4.7694492e-14
511.62000,1.8614421e-11,4.7705451e-14
511.63000,1.8621779e-11,4.7701190e-14
511.64000,1.8626059e-11,4.7668052e-14
511.65000,1.8623898e-11,4.7599680e-14
511.66000,1.8615264e-11,4.7512044e-14
511.67000,1.8603148e-11,4.7426341e-14
511.68000,1.8589253e-11,4.7364314e-14
511.69000,1.8568390e-11,4.7329359e-14
511.70000,1.8530408e-11,4.7309736e-14
511.71000,1.8475456e-11,4.7278614e-14
511.72000,1.8417894e-11,4.7220305e-14
511.73000,1.8390790e-11,4.7166454e-14
511.74000,1.8412223e-11,4.7175604e-14
511.75000,1.8467313e-11,4.7251723e-14
511.76000,1.8523711e-11,4.7337046e-14
511.77000,1.8557749e-11,4.7370010e-14
511.78000,1.8566646e-11,4.7353824e-14
511.79000,1.8562448e-11,4.7340254e-14
511.80000,1.8557129e-11,4.7360964e-14
511.81000,1.8558354e-11,4.7418889e-14
511.82000,1.8564596e-11,4.7467645e-14
511.83000,1.8570188e-11,4.7454788e-14
511.84000,1.8569066e-11,4.7384034e-14
511.85000,1.8560222e-11,4.7301596e-14
511.86000,1.8547282e-11,4.7235899e-14
511.87000,1.8537270e-11,4.7192479e-14
511.88000,1.8533964e-11,4.7169821e-14
511.89000,1.8535387e-11,4.7157560e-14
511.90000,1.8536760e-11,4.7151850e-14
511.91000,1.8533571e-11,4.7154277e-14
511.92000,1.8521837e-11,4.7157677e-14
511.93000,1.8498322e-11,4.7152833e-14
511.94000,1.8465987e-11,4.7136443e-14
511.95000,1.8437024e-11,4.7118122e-14
511.96000,1.8423356e-11,4.7108843e-14
511.97000,1.8431981e-11,4.7108396e-14
511.98000,1.8453418e-11,4.7101157e-14
511.99000,1.8477405e-11,4.7082846e-14
512.00000,1.8497392e-11,4.7066235e-14
512.01000,1.8511204e-11,4.7057512e-14
512.02000,1.8515765e-11,4.7049040e-14
512.03000,1.8510297e-11,4.7030938e-14
512.04000,1.8494462e-11,4.7002702e-14
512.05000,1.8474685e-11,4.6980770e-14
512.06000,1.8460722e-11,4.6984242e-14
512.07000,1.8458856e-11,4.7004294e-14
512.08000,1.8463597e-11,4.6996667e-14
512.09000,1.8467043e-11,4.6941461e-14
512.10000,1.8463319e-11,4.6868945e-14
512.11000,1.8452662e-11,4.6809930e-14
512.12000,1.8439073e-11,4.6760556e-14
512.13000,1.8431079e-11,4.6716099e-14
512.14000,1.8435845e-11,4.6693026e-14
512.15000,1.8452073e-11,4.6706478e-14
512.16000,1.8469052e-11,4.6738034e-14
512.17000,1.8478818e-11,4.6756563e-14
512.18000,1.8475167e-11,4.6736471e-14
512.19000,1.8456443e-11,4.6682129e-14
512.20000,1.8424050e-11,4.6609047e-14
512.21000,1.8390382e-11,4.6543306e-14
512.22000,1.8370152e-11,4.6503696e-14
512.23000,1.8373309e-11,4.6502022e-14
512.24000,1.8391102e-11,4.6522915e-14
512.25000,1.8409360e-11,4.6540044e-14
512.26000,1.8416875e-11,4.6531671e-14
512.27000,1.8416101e-11,4.6507458e-14
512.28000,1.8412814e-11,4.6486050e-14
512.29000,1.8409529e-11,4.6474995e-14
512.30000,1.8404266e-11,4.6461432e-14
512.31000,1.8391333e-11,4.6430421e-14
512.32000,1.8364487e-11,4.6381978e-14
512.33000,1.8324827e-11,4.6327181e-14
512.34000,1.8287646e-11,4.6288289e-14
512.35000,1.8275478e-11,4.6284500e-14
512.36000,1.8298559e-11,4.6314992e-14
512.37000,1.8342923e-11,4.6355542e-14
512.38000,1.8387182e-11,4.6391175e-14
512.39000,1.8417744e-11,4.6428082e-14
512.40000,1.8432300e-11,4.6478833e-14
512.41000,1.8429774e-11,4.6563653e-14
512.42000,1.8413169e-11,4.6684581e-14
512.43000,1.8390305e-11,4.6755418e-14
512.44000,1.8366716e-11,4.6695693e-14
512.45000,1.8345269e-11,4.6519721e-14
512.46000,1.8329117e-11,4.6347866e-14
512.47000,1.8322001e-11,4.6252247e-14
512.48000,1.8322735e-11,4.6223305e-14
512.49000,1.8327038e-11,4.6217614e-14
512.50000,1.8333444e-11,4.6229251e-14
512.51000,1.8344018e-11,4.6262779e-14
512.52000,1.8360402e-11,4.6289467e-14
512.53000,1.8377491e-11,4.6289544e-14
512.54000,1.8388085e-11,4.6286367e-14
512.55000,1.8391359e-11,4.6279744e-14
512.56000,1.8393469e-11,4.6259183e-14
512.57000,1.8396701e-11,4.6256084e-14
512.58000,1.8397416e-11,4.6294839e-14
512.59000,1.8388863e-11,4.6318951e-14
512.60000,1.8366329e-11,4.6290356e-14
512.61000,1.8329881e-11,4.6256048e-14
512.62000,1.8293709e-11,4.6262160e-14
512.63000,1.8273915e-11,4.6262124e-14
512.64000,1.8280191e-11,4.6234491e-14
512.65000,1.8310516e-11,4.6294137e-14
512.66000,1.8357799e-11,4.6631402e-14
512.67000,1.8404345e-11,4.7205832e-14
512.68000,1.8431941e-11,4.7783969e-14
512.69000,1.8431594e-11,4.8078693e-14
512.70000,1.8418326e-11,4.8114016e-14
512.71000,1.8410053e-11,4.8083614e-14
512.72000,1.8409764e-11,4.8130001e-14
512.73000,1.8399922e-11,4.8206598e-14
512.74000,1.8367892e-11,4.8169282e-14
512.75000,1.8325406e-11,4.7980325e-14
512.76000,1.8293353e-11,4.7756577e-14
512.77000,1.8281611e-11,4.7603312e-14
512.78000,1.8272107e-11,4.7503807e-14
512.79000,1.8246454e-11,4.7462525e-14
512.80000,1.8210329e-11,4.7545217e-14
512.81000,1.8193966e-11,4.7753845e-14
512.82000,1.8223906e-11,4.7952186e-14
512.83000,1.8282160e-11,4.7967263e-14
512.84000,1.8328773e-11,4.7738644e-14
512.85000,1.8331692e-11,4.7402349e-14
512.86000,1.8304564e-11,4.7176081e-14
512.87000,1.8274440e-11,4.7154670e-14
512.88000,1.8258833e-11,4.7318765e-14
512.89000,1.8260576e-11,4.7498085e-14
512.90000,1.8282790e-11,4.7563841e-14
512.91000,1.8324531e-11,4.7504578e-14
512.92000,1.8374139e-11,4.7397272e-14
512.93000,1.8413246e-11,4.7309693e-14
512.94000,1.8437203e-11,4.7281814e-14
512.95000,1.8454890e-11,4.7322269e-14
512.96000,1.8475199e-11,4.7386932e-14
512.97000,1.8492314e-11,4.7415684e-14
512.98000,1.8498548e-11,4.7378859e-14
512.99000,1.8489211e-11,4.7251278e-14
513.00000,1.8464025e-11,4.7053776e-14
513.01000,1.8421349e-11,4.6833813e-14
513.02000,1.8370854e-11,4.6675082e-14
513.03000,1.8330527e-11,4.6643508e-14
513.04000,1.8316856e-11,4.6790298e-14
513.05000,1.8326539e-11,4.7066656e-14
513.06000,1.8347881e-11,4.7358879e-14
513.07000,1.8365017e-11,4.7479900e-14
513.08000,1.8375307e-11,4.7371485e-14
513.09000,1.8385849e-11,4.7147303e-14
513.10000,1.8401290e-11,4.6988891e-14
513.11000,1.8417864e-11,4.6990287e-14
513.12000,1.8431302e-11,4.7157275e-14
513.13000,1.8438833e-11,4.7401428e-14
513.14000,1.8441017e-11,4.7586242e-14
513.15000,1.8441602e-11,4.7604041e-14
513.16000,1.8441413e-11,4.7514717e-14
513.17000,1.8434441e-11,4.7395038e-14
513.18000,1.8415206e-11,4.7256972e-14
513.19000,1.8388480e-11,4.7102109e-14
513.20000,1.8362562e-11,4.6978058e-14
513.21000,1.8344040e-11,4.6893108e-14
513.22000,1.8332431e-11,4.6800561e-14
513.23000,1.8326013e-11,4.6725134e-14
513.24000,1.8320771e-11,4.6716281e-14
513.25000,1.8308432e-11,4.6730990e-14
513.26000,1.8274121e-11,4.6667461e-14
513.27000,1.8214581e-11,4.6527262e-14
513.28000,1.8144354e-11,4.6392353e-14
513.29000,1.8100237e-11,4.6326493e-14
513.30000,1.8101516e-11,4.6300949e-14
513.31000,1.8133492e-11,4.6297228e-14
513.32000,1.8170641e-11,4.6341338e-14
513.33000,1.8200334e-11,4.6422516e-14
513.34000,1.8225850e-11,4.6527586e-14
513.35000,1.8254864e-11,4.6679334e-14
513.36000,1.8289823e-11,4.6855027e-14
513.37000,1.8324891e-11,4.6945477e-14
513.38000,1.8349227e-11,4.6921985e-14
513.39000,1.8355780e-11,4.6830266e-14
513.40000,1.8345148e-11,4.6702710e-14
513.41000,1.8319444e-11,4.6552914e-14
513.42000,1.8279912e-11,4.6434141e-14
513.43000,1.8239217e-11,4.6410664e-14
513.44000,1.8223223e-11,4.6451918e-14
513.45000,1.8249071e-11,4.6504375e-14
513.46000,1.8307437e-11,4.6551468e-14
513.47000,1.8371225e-11,4.6595272e-14
513.48000,1.8416058e-11,4.6589854e-14
513.49000,1.8435141e-11,4.6528658e-14
513.50000,1.8431195e-11,4.6453928e-14
513.51000,1.8414669e-11,4.6399805e-14
513.52000,1.8394161e-11,4.6361935e-14
513.53000,1.8372619e-11,4.6335932e-14
513.54000,1.8353576e-11,4.6329938e-14
513.55000,1.8346272e-11,4.6355820e-14
513.56000,1.8358731e-11,4.6427941e-14
513.57000,1.8383149e-11,4.6525047e-14
513.58000,1.8401180e-11,4.6592675e-14
513.59000,1.8404094e-11,4.6611059e-14
513.60000,1.8390411e-11,4.6607469e-14
513.61000,1.8363827e-11,4.6612146e-14
513.62000,1.8323262e-11,4.6593695e-14
513.63000,1.8272315e-11,4.6510072e-14
513.64000,1.8224467e-11,4.6395396e-14
513.65000,1.8200573e-11,4.6350476e-14
513.66000,1.8205657e-11,4.6418773e-14
513.67000,1.8232206e-11,4.6562501e-14
513.68000,1.8259992e-11,4.6670393e-14
513.69000,1.8274126e-11,4.6678445e-14
513.70000,1.8275846e-11,4.6630419e-14
513.71000,1.8276268e-11,4.6622756e-14
513.72000,1.8284487e-11,4.6676210e-14
513.73000,1.8301608e-11,4.6741664e-14
513.74000,1.8324267e-11,4.6787540e-14
513.75000,1.8347855e-11,4.6827353e-14
513.76000,1.8367557e-11,4.6846618e-14
513.77000,1.8382077e-11,4.6817158e-14
513.78000,1.8391832e-11,4.6742381e-14
513.79000,1.8397756e-11,4.6661193e-14
513.80000,1.8400157e-11,4.6605157e-14
513.81000,1.8397784e-11,4.6577800e-14
513.82000,1.8384328e-11,4.6567081e-14
513.83000,1.8355890e-11,4.6550109e-14
513.84000,1.8312971e-11,4.6513668e-14
513.85000,1.8263959e-11,4.6460539e-14
513.86000,1.8218130e-11,4.6413696e-14
513.87000,1.8180172e-11,4.6399691e-14
513.88000,1.8152750e-11,4.6441725e-14
513.89000,1.8132656e-11,4.6516038e-14
513.90000,1.8117324e-11,4.6574660e-14
513.91000,1.8106935e-11,4.6591170e-14
513.92000,1.8101874e-11,4.6600918e-14
513.93000,1.8102277e-11,4.6670745e-14
513.94000,1.8109174e-11,4.6800584e-14
513.95000,1.8124435e-11,4.6930151e-14
513.96000,1.8148358e-11,4.7007076e-14
513.97000,1.8182814e-11,4.7055780e-14
513.98000,1.8228058e-11,4.7096648e-14
513.99000,1.8271516e-11,4.7120429e-14
514.00000,1.8292831e-11,4.7145487e-14
514.01000,1.8286320e-11,4.7210517e-14
514.02000,1.8269027e-11,4.7330519e-14
514.03000,1.8260066e-11,4.7458232e-14
514.04000,1.8263835e-11,4.7537721e-14
514.05000,1.8276827e-11,4.7547319e-14
514.06000,1.8289806e-11,4.7545052e-14
514.07000,1.8294953e-11,4.7601151e-14
514.08000,1.8291179e-11,4.7716958e-14
514.09000,1.8286644e-11,4.7812565e-14
514.10000,1.8292462e-11,4.7825118e-14
514.11000,1.8306289e-11,4.7807409e-14
514.12000,1.8314432e-11,4.7824670e-14
514.13000,1.8302779e-11,4.7882984e-14
514.14000,1.8275337e-11,4.7890324e-14
514.15000,1.8244597e-11,4.7729663e-14
514.16000,1.8221894e-11,4.7294967e-14
514.17000,1.8211477e-11,4.6723100e-14
514.18000,1.8213213e-11,4.6237359e-14
514.19000,1.8220494e-11,4.6049055e-14
514.20000,1.8226668e-11,4.6204909e-14
514.21000,1.8228273e-11,4.6601538e-14
514.22000,1.8218674e-11,4.6928735e-14
514.23000,1.8192775e-11,4.6843926e-14
514.24000,1.8151210e-11,4.6369612e-14
514.25000,1.8107993e-11,4.5902528e-14
514.26000,1.8082463e-11,4.5717627e-14
514.27000,1.8093545e-11,4.5934436e-14
514.28000,1.8137787e-11,4.6497008e-14
514.29000,1.8199712e-11,4.7174810e-14
514.30000,1.8252110e-11,4.7459153e-14
514.31000,1.8278012e-11,4.7166251e-14
514.32000,1.8280115e-11,4.6635629e-14
514.33000,1.8270510e-11,4.6270942e-14
514.34000,1.8262264e-11,4.6116560e-14
514.35000,1.8258189e-11,4.6078923e-14
514.36000,1.8254127e-11,4.6074444e-14
514.37000,1.8243454e-11,4.6073680e-14
514.38000,1.8220062e-11,4.6053718e-14
514.39000,1.8174306e-11,4.5986016e-14
514.40000,1.8113441e-11,4.5913302e-14
514.41000,1.8063926e-11,4.5939082e-14
514.42000,1.8052504e-11,4.6105840e-14
514.43000,1.8057817e-11,4.6252888e-14
514.44000,1.8036826e-11,4.6210253e-14
514.45000,1.7973762e-11,4.5980675e-14
514.46000,1.7926444e-11,4.5808811e-14
514.47000,1.7958717e-11,4.5859884e-14
514.48000,1.8064030e-11,4.6063556e-14
514.49000,1.8177666e-11,4.6237611e-14
514.50000,1.8244541e-11,4.6279263e-14
514.51000,1.8262343e-11,4.6246245e-14
514.52000,1.8245250e-11,4.6224771e-14
514.53000,1.8214512e-11,4.6276811e-14
514.54000,1.8183128e-11,4.6352885e-14
514.55000,1.8153045e-11,4.6352203e-14
514.56000,1.8116108e-11,4.6217947e-14
514.57000,1.8063208e-11,4.6035831e-14
514.58000,1.7991239e-11,4.5887928e-14
514.59000,1.7912751e-11,4.5803969e-14
514.60000,1.7860437e-11,4.5761833e-14
514.61000,1.7862238e-11,4.5756784e-14
514.62000,1.7927138e-11,4.5809610e-14
514.63000,1.8015736e-11,4.5902252e-14
514.64000,1.8099509e-11,4.6007973e-14
514.65000,1.8168627e-11,4.6111956e-14
514.66000,1.8222183e-11,4.6207218e-14
514.67000,1.8256218e-11,4.6281012e-14
514.68000,1.8267845e-11,4.6318809e-14
514.69000,1.8267452e-11,4.6339885e-14
514.70000,1.8262936e-11,4.6360779e-14
514.71000,1.8256161e-11,4.6379989e-14
514.72000,1.8243418e-11,4.6401446e-14
514.73000,1.8222642e-11,4.6409088e-14
514.74000,1.8196546e-11,4.6357593e-14
514.75000,1.8174648e-11,4.6296577e-14
514.76000,1.8163216e-11,4.6310031e-14
514.77000,1.8160049e-11,4.6350916e-14
514.78000,1.8161319e-11,4.6333998e-14
514.79000,1.8170040e-11,4.6313995e-14
514.80000,1.8189337e-11,4.6387240e-14
514.81000,1.8216470e-11,4.6503274e-14
514.82000,1.8240445e-11,4.6499085e-14
514.83000,1.8252445e-11,4.6355820e-14
514.84000,1.8251211e-11,4.6217089e-14
514.85000,1.8234820e-11,4.6240612e-14
514.86000,1.8203655e-11,4.6414593e-14
514.87000,1.8160024e-11,4.6640296e-14
514.88000,1.8113594e-11,4.6764772e-14
514.89000,1.8067460e-11,4.6714736e-14
514.90000,1.8013441e-11,4.6520425e-14
514.91000,1.7948494e-11,4.6245818e-14
514.92000,1.7893415e-11,4.5975819e-14
514.93000,1.7862964e-11,4.5763989e-14
514.94000,1.7835544e-11,4.5612351e-14
514.95000,1.7774701e-11,4.5471880e-14
514.96000,1.7687677e-11,4.5345404e-14
514.97000,1.7646130e-11,4.5348509e-14
514.98000,1.7715856e-11,4.5575858e-14
514.99000,1.7889907e-11,4.6022210e-14
515.00000,1.8073749e-11,4.6547833e-14
515.01000,1.8188710e-11,4.6996697e-14
515.02000,1.8230694e-11,4.7275326e-14
515.03000,1.8223189e-11,4.7270717e-14
515.04000,1.8194282e-11,4.7005642e-14
515.05000,1.8149431e-11,4.6616600e-14
515.06000,1.8094556e-11,4.6330611e-14
515.07000,1.8053486e-11,4.6281591e-14
515.08000,1.8052592e-11,4.6448303e-14
515.09000,1.8102810e-11,4.6700860e-14
515.10000,1.8170263e-11,4.6868577e-14
515.11000,1.8221885e-11,4.6913723e-14
515.12000,1.8248068e-11,4.6913814e-14
515.13000,1.8259521e-11,4.6913879e-14
515.14000,1.8263153e-11,4.6883861e-14
515.15000,1.8257667e-11,4.6828761e-14
515.16000,1.8238913e-11,4.6788637e-14
515.17000,1.8214222e-11,4.6774556e-14
515.18000,1.8203616e-11,4.6782657e-14
515.19000,1.8216073e-11,4.6836015e-14
515.20000,1.8240271e-11,4.6921704e-14
515.21000,1.8256691e-11,4.6973814e-14
515.22000,1.8257663e-11,4.6961285e-14
515.23000,1.8246242e-11,4.6899500e-14
515.24000,1.8227763e-11,4.6825662e-14
515.25000,1.8203098e-11,4.6760821e-14
515.26000,1.8168434e-11,4.6695532e-14
515.27000,1.8121668e-11,4.6612226e-14
515.28000,1.8061644e-11,4.6508571e-14
515.29000,1.7994021e-11,4.6404113e-14
515.30000,1.7932490e-11,4.6328088e-14
515.31000,1.7890345e-11,4.6295012e-14
515.32000,1.7883788e-11,4.6309282e-14
515.33000,1.7914542e-11,4.6355469e-14
515.34000,1.7971851e-11,4.6419353e-14
515.35000,1.8024663e-11,4.6479127e-14
515.36000,1.8049170e-11,4.6517518e-14
515.37000,1.8044641e-11,4.6530022e-14
515.38000,1.8020363e-11,4.6515905e-14
515.39000,1.7992898e-11,4.6485081e-14
515.40000,1.7978234e-11,4.6458264e-14
515.41000,1.7994408e-11,4.6472552e-14
515.42000,1.8037537e-11,4.6530449e-14
515.43000,1.8082100e-11,4.6589730e-14
515.44000,1.8101081e-11,4.6602039e-14
515.45000,1.8097554e-11,4.6578663e-14
515.46000,1.8084822e-11,4.6553594e-14
515.47000,1.8077352e-11,4.6552950e-14
515.48000,1.8082341e-11,4.6574487e-14
515.49000,1.8100363e-11,4.6612061e-14
515.50000,1.8127083e-11,4.6664241e-14
515.51000,1.8153349e-11,4.6719579e-14
515.52000,1.8172767e-11,4.6764119e-14
515.53000,1.8181099e-11,4.6787807e-14
515.54000,1.8183250e-11,4.6799691e-14
515.55000,1.8189531e-11,4.6818020e-14
515.56000,1.8205559e-11,4.6849010e-14
515.57000,1.8221266e-11,4.6870244e-14
515.58000,1.8225041e-11,4.6863540e-14
515.59000,1.8212481e-11,4.6831349e-14
515.60000,1.8191435e-11,4.6789440e-14
515.61000,1.8170174e-11,4.6748132e-14
515.62000,1.8151232e-11,4.6710796e-14
515.63000,1.8133601e-11,4.6676128e-14
515.64000,1.8119424e-11,4.6650914e-14
515.65000,1.8110136e-11,4.6647046e-14
515.66000,1.8103522e-11,4.6663173e-14
515.67000,1.8101113e-11,4.6690425e-14
515.68000,1.8109829e-11,4.6724420e-14
515.69000,1.8126784e-11,4.6759568e-14
515.70000,1.8143666e-11,4.6786236e-14
515.71000,1.8149281e-11,4.6784549e-14
515.72000,1.8133377e-11,4.6737560e-14
515.73000,1.8091190e-11,4.6651062e-14
515.74000,1.8024911e-11,4.6548410e-14
515.75000,1.7958885e-11,4.6461738e-14
515.76000,1.7924713e-11,4.6419714e-14
515.77000,1.7946229e-11,4.6439822e-14
515.78000,1.8010120e-11,4.6510724e-14
515.79000,1.8083866e-11,4.6608346e-14
515.80000,1.8126821e-11,4.6692469e-14
515.81000,1.8121808e-11,4.6722964e-14
515.82000,1.8079060e-11,4.6690617e-14
515.83000,1.8041794e-11,4.6640665e-14
515.84000,1.8044259e-11,4.6629504e-14
515.85000,1.8079775e-11,4.6663330e-14
515.86000,1.8119495e-11,4.6713843e-14
515.87000,1.8148136e-11,4.6758708e-14
515.88000,1.8170834e-11,4.6794181e-14
515.89000,1.8194302e-11,4.6812191e-14
515.90000,1.8213750e-11,4.6809491e-14
515.91000,1.8222628e-11,4.6795482e-14
515.92000,1.8219579e-11,4.6774070e-14
515.93000,1.8210647e-11,4.6748206e-14
515.94000,1.8199799e-11,4.6726039e-14
515.95000,1.8191798e-11,4.6705640e-14
515.96000,1.8191558e-11,4.6680647e-14
515.97000,1.8199207e-11,4.6668841e-14
515.98000,1.8208226e-11,4.6693498e-14
515.99000,1.8209445e-11,4.6721449e-14
516.00000,1.8196353e-11,4.6700237e-14
516.01000,1.8169859e-11,4.6614967e-14
516.02000,1.8141028e-11,4.6516660e-14
516.03000,1.8120353e-11,4.6457126e-14
516.04000,1.8111887e-11,4.6459645e-14
516.05000,1.8111291e-11,4.6505776e-14
516.06000,1.8111562e-11,4.6569107e-14
516.07000,1.8099237e-11,4.6607014e-14
516.08000,1.8064849e-11,4.6588838e-14
516.09000,1.8015105e-11,4.6521255e-14
516.10000,1.7968231e-11,4.6441183e-14
516.11000,1.7949337e-11,4.6400407e-14
516.12000,1.7963200e-11,4.6416375e-14
516.13000,1.7987075e-11,4.6458119e-14
516.14000,1.7990937e-11,4.6474481e-14
516.15000,1.7977830e-11,4.6449746e-14
516.16000,1.7969497e-11,4.6398166e-14
516.17000,1.7981582e-11,4.6336148e-14
516.18000,1.8006968e-11,4.6276668e-14
516.19000,1.8033525e-11,4.6231036e-14
516.20000,1.8052513e-11,4.6217794e-14
516.21000,1.8065004e-11,4.6250165e-14
516.22000,1.8075987e-11,4.6316595e-14
516.23000,1.8089077e-11,4.6377708e-14
516.24000,1.8104492e-11,4.6407303e-14
516.25000,1.8121800e-11,4.6443489e-14
516.26000,1.8137603e-11,4.6569923e-14
516.27000,1.8144395e-11,4.6781151e-14
516.28000,1.8139426e-11,4.6964933e-14
516.29000,1.8128813e-11,4.6970321e-14
516.30000,1.8117114e-11,4.6800289e-14
516.31000,1.8097545e-11,4.6535116e-14
516.32000,1.8071497e-11,4.6303050e-14
516.33000,1.8056784e-11,4.6179021e-14
516.34000,1.8060358e-11,4.6150525e-14
516.35000,1.8064871e-11,4.6152172e-14
516.36000,1.8044970e-11,4.6117471e-14
516.37000,1.7997921e-11,4.6035419e-14
516.38000,1.7955659e-11,4.5953449e-14
516.39000,1.7954833e-11,4.5931678e-14
516.40000,1.7997062e-11,4.5978564e-14
516.41000,1.8056982e-11,4.6065578e-14
516.42000,1.8107088e-11,4.6152815e-14
516.43000,1.8138225e-11,4.6217613e-14
516.44000,1.8151215e-11,4.6246341e-14
516.45000,1.8149145e-11,4.6241033e-14
516.46000,1.8133878e-11,4.6214323e-14
516.47000,1.8107497e-11,4.6184026e-14
516.48000,1.8077217e-11,4.6164498e-14
516.49000,1.8049276e-11,4.6148718e-14
516.50000,1.8028707e-11,4.6110613e-14
516.51000,1.8019636e-11,4.6052696e-14
516.52000,1.8025400e-11,4.6016954e-14
516.53000,1.8043120e-11,4.6025534e-14
516.54000,1.8061530e-11,4.6073818e-14
516.55000,1.8066220e-11,4.6150693e-14
516.56000,1.8048520e-11,4.6246231e-14
516.57000,1.8005665e-11,4.6287509e-14
516.58000,1.7945663e-11,4.6192955e-14
516.59000,1.7888855e-11,4.5995265e-14
516.60000,1.7867068e-11,4.5828235e-14
516.61000,1.7878194e-11,4.5757782e-14
516.62000,1.7884790e-11,4.5733092e-14
516.63000,1.7835822e-11,4.5665186e-14
516.64000,1.7726163e-11,4.5526648e-14
516.65000,1.7585405e-11,4.5335140e-14
516.66000,1.7446421e-11,4.5115547e-14
516.67000,1.7333097e-11,4.4919976e-14
516.68000,1.7272343e-11,4.4823158e-14
516.69000,1.7284457e-11,4.4890635e-14
516.70000,1.7347862e-11,4.5091422e-14
516.71000,1.7420692e-11,4.5321771e-14
516.72000,1.7473132e-11,4.5461270e-14
516.73000,1.7504920e-11,4.5493392e-14
516.74000,1.7527288e-11,4.5470848e-14
516.75000,1.7565331e-11,4.5457245e-14
516.76000,1.7638713e-11,4.5467405e-14
516.77000,1.7733869e-11,4.5504338e-14
516.78000,1.7815977e-11,4.5562172e-14
516.79000,1.7847717e-11,4.5607061e-14
516.80000,1.7823552e-11,4.5606251e-14
516.81000,1.7750552e-11,4.5546851e-14
516.82000,1.7648830e-11,4.5419297e-14
516.83000,1.7543699e-11,4.5229632e-14
516.84000,1.7453722e-11,4.5019953e-14
516.85000,1.7393417e-11,4.4858795e-14
516.86000,1.7358075e-11,4.4766008e-14
516.87000,1.7326599e-11,4.4708579e-14
516.88000,1.7232319e-11,4.4570430e-14
516.89000,1.6972510e-11,4.4180431e-14
516.90000,1.6478873e-11,4.3427963e-14
516.91000,1.5772535e-11,4.2340407e-14
516.92000,1.5143507e-11,4.1367642e-14
516.93000,1.4982169e-11,4.1115662e-14
516.94000,1.5510010e-11,4.1935169e-14
516.95000,1.6427628e-11,4.3400022e-14
516.96000,1.7269912e-11,4.4849760e-14
516.97000,1.7768634e-11,4.5956857e-14
516.98000,1.8002230e-11,4.6808099e-14
516.99000,1.8074298e-11,4.7415497e-14
517.00000,1.8075699e-11,4.7753142e-14
517.01000,1.8041030e-11,4.7885029e-14
517.02000,1.7989241e-11,4.7932181e-14
517.03000,1.7942014e-11,4.7951272e-14
517.04000,1.7930266e-11,4.7944259e-14
517.05000,1.7956145e-11,4.7908227e-14
517.06000,1.7991256e-11,4.7857559e-14
517.07000,1.7994006e-11,4.7811148e-14
517.08000,1.7958110e-11,4.7728139e-14
517.09000,1.7907162e-11,4.7558739e-14
517.10000,1.7876911e-11,4.7349296e-14
517.11000,1.7882561e-11,4.7229565e-14
517.12000,1.7912635e-11,4.7224283e-14
517.13000,1.7933366e-11,4.7211564e-14
517.14000,1.7925749e-11,4.7090213e-14
517.15000,1.7897562e-11,4.6913639e-14
517.16000,1.7862428e-11,4.6809029e-14
517.17000,1.7823434e-11,4.6786539e-14
517.18000,1.7773863e-11,4.6745884e-14
517.19000,1.7710697e-11,4.6587667e-14
517.20000,1.7643025e-11,4.6362161e-14
517.21000,1.7587294e-11,4.6203060e-14
517.22000,1.7556070e-11,4.6176572e-14
517.23000,1.7560660e-11,4.6266227e-14
517.24000,1.7587948e-11,4.6328576e-14
517.25000,1.7612392e-11,4.6253305e-14
517.26000,1.7595602e-11,4.6041763e-14
517.27000,1.7519369e-11,4.5780187e-14
517.28000,1.7408507e-11,4.5541927e-14
517.29000,1.7348372e-11,4.5481855e-14
517.30000,1.7408937e-11,4.5721818e-14
517.31000,1.7583531e-11,4.6218341e-14
517.32000,1.7775474e-11,4.6676813e-14
517.33000,1.7907328e-11,4.6851521e-14
517.34000,1.7981120e-11,4.6778412e-14
517.35000,1.8026852e-11,4.6630532e-14
517.36000,1.8057974e-11,4.6546588e-14
517.37000,1.8078574e-11,4.6547498e-14
517.38000,1.8091647e-11,4.6609396e-14
517.39000,1.8101484e-11,4.6713085e-14
517.40000,1.8109730e-11,4.6850935e-14
517.41000,1.8115953e-11,4.7005880e-14
517.42000,1.8120055e-11,4.7121994e-14
517.43000,1.8125161e-11,4.7123156e-14
517.44000,1.8133845e-11,4.6985443e-14
517.45000,1.8144268e-11,4.6818408e-14
517.46000,1.8150670e-11,4.6757863e-14
517.47000,1.8149081e-11,4.6810583e-14
517.48000,1.8137409e-11,4.6875031e-14
517.49000,1.8118765e-11,4.6862599e-14
517.50000,1.8098611e-11,4.6777784e-14
517.51000,1.8084908e-11,4.6700703e-14
517.52000,1.8081829e-11,4.6677446e-14
517.53000,1.8086601e-11,4.6673860e-14
517.54000,1.8094151e-11,4.6669825e-14
517.55000,1.8100345e-11,4.6718356e-14
517.56000,1.8102914e-11,4.6825423e-14
517.57000,1.8098758e-11,4.6889184e-14
517.58000,1.8084508e-11,4.6783411e-14
517.59000,1.8061332e-11,4.6547202e-14
517.60000,1.8033987e-11,4.6315947e-14
517.61000,1.8007579e-11,4.6186017e-14
517.62000,1.7985459e-11,4.6145897e-14
517.63000,1.7969240e-11,4.6191571e-14
517.64000,1.7958106e-11,4.6310278e-14
517.65000,1.7950812e-11,4.6419895e-14
517.66000,1.7945636e-11,4.6417618e-14
517.67000,1.7939296e-11,4.6314674e-14
517.68000,1.7925361e-11,4.6232647e-14
517.69000,1.7900300e-11,4.6247148e-14
517.70000,1.7864667e-11,4.6290363e-14
517.71000,1.7823462e-11,4.6209680e-14
517.72000,1.7782544e-11,4.5992181e-14
517.73000,1.7747450e-11,4.5775263e-14
517.74000,1.7716773e-11,4.5676854e-14
517.75000,1.7677563e-11,4.5636068e-14
517.76000,1.7633298e-11,4.5586066e-14
517.77000,1.7618862e-11,4.5575075e-14
517.78000,1.7660560e-11,4.5693466e-14
517.79000,1.7738234e-11,4.5865200e-14
517.80000,1.7822584e-11,4.5963562e-14
517.81000,1.7901378e-11,4.5982253e-14
517.82000,1.7969286e-11,4.6026050e-14
517.83000,1.8010702e-11,4.6094002e-14
517.84000,1.8011343e-11,4.6101301e-14
517.85000,1.7980544e-11,4.6031787e-14
517.86000,1.7943398e-11,4.5946590e-14
517.87000,1.7927852e-11,4.5904405e-14
517.88000,1.7939715e-11,4.5925579e-14
517.89000,1.7969037e-11,4.6013443e-14
517.90000,1.7995494e-11,4.6139729e-14
517.91000,1.8004229e-11,4.6259963e-14
517.92000,1.7990524e-11,4.6304646e-14
517.93000,1.7958239e-11,4.6230031e-14
517.94000,1.7919818e-11,4.6082366e-14
517.95000,1.7892809e-11,4.5986606e-14
517.96000,1.7881962e-11,4.5990100e-14
517.97000,1.7880129e-11,4.6059353e-14
517.98000,1.7887369e-11,4.6134348e-14
517.99000,1.7913695e-11,4.6205976e-14
518.00000,1.7956856e-11,4.6296133e-14
518.01000,1.7996298e-11,4.6383712e-14
518.02000,1.8007050e-11,4.6414557e-14
518.03000,1.7974889e-11,4.6425585e-14
518.04000,1.7906423e-11,4.6531041e-14
518.05000,1.7839076e-11,4.6698332e-14
518.06000,1.7813302e-11,4.6758862e-14
518.07000,1.7851725e-11,4.6607825e-14
518.08000,1.7916438e-11,4.6403890e-14
518.09000,1.7967957e-11,4.6280785e-14
518.10000,1.7986711e-11,4.6262019e-14
518.11000,1.7984277e-11,4.6295136e-14
518.12000,1.7978921e-11,4.6335812e-14
518.13000,1.7979035e-11,4.6355414e-14
518.14000,1.7983724e-11,4.6341222e-14
518.15000,1.7988207e-11,4.6321558e-14
518.16000,1.7990984e-11,4.6318682e-14
518.17000,1.7990242e-11,4.6327235e-14
518.18000,1.7984013e-11,4.6329468e-14
518.19000,1.7974727e-11,4.6328553e-14
518.20000,1.7969998e-11,4.6346264e-14
518.21000,1.7971977e-11,4.6385978e-14
518.22000,1.7975561e-11,4.6436412e-14
518.23000,1.7973434e-11,4.6481932e-14
518.24000,1.7960683e-11,4.6510316e-14
518.25000,1.7927732e-11,4.6523278e-14
518.26000,1.7863937e-11,4.6537071e-14
518.27000,1.7764120e-11,4.6555065e-14
518.28000,1.7652129e-11,4.6543385e-14
518.29000,1.7551735e-11,4.6461423e-14
518.30000,1.7479334e-11,4.6300182e-14
518.31000,1.7435298e-11,4.6114882e-14
518.32000,1.7412832e-11,4.5982816e-14
518.33000,1.7400276e-11,4.5929145e-14
518.34000,1.7374467e-11,4.5926816e-14
518.35000,1.7302601e-11,4.5915484e-14
518.36000,1.7157703e-11,4.5859919e-14
518.37000,1.6965270e-11,4.5752396e-14
518.38000,1.6841363e-11,4.5664227e-14
518.39000,1.6897693e-11,4.5727040e-14
518.40000,1.7164739e-11,4.6055016e-14
518.41000,1.7493809e-11,4.6512855e-14
518.42000,1.7749297e-11,4.6917037e-14
518.43000,1.7870548e-11,4.7157527e-14
518.44000,1.7899221e-11,4.7284326e-14
518.45000,1.7903505e-11,4.7396730e-14
518.46000,1.7915807e-11,4.7517914e-14
518.47000,1.7932974e-11,4.7594246e-14
518.48000,1.7936846e-11,4.7601768e-14
518.49000,1.7921798e-11,4.7526787e-14
518.50000,1.7895515e-11,4.7303446e-14
518.51000,1.7865832e-11,4.6878138e-14
518.52000,1.7831840e-11,4.6347323e-14
518.53000,1.7787350e-11,4.5873390e-14
518.54000,1.7718155e-11,4.5572990e-14
518.55000,1.7618603e-11,4.5446732e-14
518.56000,1.7497096e-11,4.5526311e-14
518.57000,1.7392323e-11,4.5756510e-14
518.58000,1.7354613e-11,4.5895520e-14
518.59000,1.7402198e-11,4.5793261e-14
518.60000,1.7513117e-11,4.5576988e-14
518.61000,1.7635092e-11,4.5455623e-14
518.62000,1.7740501e-11,4.5457263e-14
518.63000,1.7820475e-11,4.5501838e-14
518.64000,1.7874764e-11,4.5536510e-14
518.65000,1.7905313e-11,4.5562125e-14
518.66000,1.7917005e-11,4.5585676e-14
518.67000,1.7914172e-11,4.5600690e-14
518.68000,1.7900876e-11,4.5604590e-14
518.69000,1.7876749e-11,4.5612068e-14
518.70000,1.7848280e-11,4.5651171e-14
518.71000,1.7833819e-11,4.5726655e-14
518.72000,1.7848852e-11,4.5800500e-14
518.73000,1.7886962e-11,4.5835511e-14
518.74000,1.7921033e-11,4.5819449e-14
518.75000,1.7927099e-11,4.5780246e-14
518.76000,1.7899211e-11,4.5734180e-14
518.77000,1.7850309e-11,4.5689014e-14
518.78000,1.7800498e-11,4.5643507e-14
518.79000,1.7761930e-11,4.5595778e-14
518.80000,1.7735970e-11,4.5551824e-14
518.81000,1.7721750e-11,4.5529055e-14
518.82000,1.7716068e-11,4.5532986e-14
518.83000,1.7719163e-11,4.5560977e-14
518.84000,1.7733357e-11,4.5608312e-14
518.85000,1.7759356e-11,4.5669872e-14
518.86000,1.7790963e-11,4.5735421e-14
518.87000,1.7817407e-11,4.5790766e-14
518.88000,1.7828462e-11,4.5822500e-14
518.89000,1.7828729e-11,4.5847929e-14
518.90000,1.7831589e-11,4.5905028e-14
518.91000,1.7851093e-11,4.6011666e-14
518.92000,1.7885649e-11,4.6116359e-14
518.93000,1.7923125e-11,4.6162619e-14
518.94000,1.7949499e-11,4.6144677e-14
518.95000,1.7961551e-11,4.6112807e-14
518.96000,1.7960886e-11,4.6092530e-14
518.97000,1.7950316e-11,4.6082004e-14
518.98000,1.7927809e-11,4.6065763e-14
518.99000,1.7892329e-11,4.6035973e-14
519.00000,1.7849901e-11,4.5995235e-14
519.01000,1.7815721e-11,4.5956261e-14
519.02000,1.7802511e-11,4.5940673e-14
519.03000,1.7813536e-11,4.5965283e-14
519.04000,1.7832111e-11,4.6016259e-14
519.05000,1.7829753e-11,4.6053170e-14
519.06000,1.7797231e-11,4.6060539e-14
519.07000,1.7751983e-11,4.6057447e-14
519.08000,1.7718509e-11,4.6052251e-14
519.09000,1.7701433e-11,4.6026043e-14
519.10000,1.7697241e-11,4.5978681e-14
519.11000,1.7704204e-11,4.5945038e-14
519.12000,1.7722357e-11,4.5952753e-14
519.13000,1.7743582e-11,4.5989905e-14
519.14000,1.7756112e-11,4.6028195e-14
519.15000,1.7749801e-11,4.6039082e-14
519.16000,1.7730024e-11,4.6019347e-14
519.17000,1.7706017e-11,4.5985997e-14
519.18000,1.7690009e-11,4.5964142e-14
519.19000,1.7690601e-11,4.5974622e-14
519.20000,1.7709571e-11,4.6028733e-14
519.21000,1.7740412e-11,4.6101344e-14
519.22000,1.7772125e-11,4.6164434e-14
519.23000,1.7797839e-11,4.6241213e-14
519.24000,1.7816712e-11,4.6329290e-14
519.25000,1.7825611e-11,4.6382127e-14
519.26000,1.7817887e-11,4.6404763e-14
519.27000,1.7792803e-11,4.6427158e-14
519.28000,1.7758345e-11,4.6414943e-14
519.29000,1.7728827e-11,4.6295050e-14
519.30000,1.7721530e-11,4.6141002e-14
519.31000,1.7749659e-11,4.6111668e-14
519.32000,1.7807120e-11,4.6307258e-14
519.33000,1.7866849e-11,4.6614275e-14
519.34000,1.7906817e-11,4.6820461e-14
519.35000,1.7924385e-11,4.6818032e-14
519.36000,1.7923697e-11,4.6623572e-14
519.37000,1.7909810e-11,4.6382981e-14
519.38000,1.7880092e-11,4.6178833e-14
519.39000,1.7837659e-11,4.6041091e-14
519.40000,1.7798432e-11,4.5965515e-14
519.41000,1.7776937e-11,4.5944760e-14
519.42000,1.7771620e-11,4.5957589e-14
519.43000,1.7769143e-11,4.5969614e-14
519.44000,1.7754556e-11,4.5951413e-14
519.45000,1.7723309e-11,4.5897021e-14
519.46000,1.7689050e-11,4.5831103e-14
519.47000,1.7673391e-11,4.5795389e-14
519.48000,1.7675020e-11,4.5815110e-14
519.49000,1.7671048e-11,4.5889026e-14
519.50000,1.7642223e-11,4.6028807e-14
519.51000,1.7609910e-11,4.6237657e-14
519.52000,1.7609050e-11,4.6482450e-14
519.53000,1.7653184e-11,4.6651290e-14
519.54000,1.7715122e-11,4.6662838e-14
519.55000,1.7768905e-11,4.6583086e-14
519.56000,1.7812000e-11,4.6548723e-14
519.57000,1.7847117e-11,4.6635958e-14
519.58000,1.7866146e-11,4.6737426e-14
519.59000,1.7854539e-11,4.6726865e-14
519.60000,1.7808922e-11,4.6590153e-14
519.61000,1.7752605e-11,4.6459248e-14
519.62000,1.7724594e-11,4.6427972e-14
519.63000,1.7743858e-11,4.6470195e-14
519.64000,1.7791260e-11,4.6520269e-14
519.65000,1.7813000e-11,4.6541480e-14
519.66000,1.7783928e-11,4.6511500e-14
519.67000,1.7722395e-11,4.6429538e-14
519.68000,1.7666053e-11,4.6344809e-14
519.69000,1.7629743e-11,4.6295573e-14
519.70000,1.7606577e-11,4.6279951e-14
519.71000,1.7590237e-11,4.6297697e-14
519.72000,1.7577576e-11,4.6340789e-14
519.73000,1.7553806e-11,4.6378447e-14
519.74000,1.7474991e-11,4.6320627e-14
519.75000,1.7287372e-11,4.6053926e-14
519.76000,1.6980478e-11,4.5559426e-14
519.77000,1.6631955e-11,4.4985655e-14
519.78000,1.6447292e-11,4.4678268e-14
519.79000,1.6575956e-11,4.4862489e-14
519.80000,1.6990104e-11,4.5477280e-14
519.81000,1.7453370e-11,4.6152584e-14
519.82000,1.7761079e-11,4.6587761e-14
519.83000,1.7893183e-11,4.6765614e-14
519.84000,1.7926931e-11,4.6805207e-14
519.85000,1.7925480e-11,4.6796062e-14
519.86000,1.7921204e-11,4.6779350e-14
519.87000,1.7917667e-11,4.6760310e-14
519.88000,1.7911200e-11,4.6745450e-14
519.89000,1.7895706e-11,4.6744753e-14
519.90000,1.7862997e-11,4.6746177e-14
519.91000,1.7805055e-11,4.6710031e-14
519.92000,1.7716797e-11,4.6586009e-14
519.93000,1.7629492e-11,4.6421916e-14
519.94000,1.7592090e-11,4.6317101e-14
519.95000,1.7635813e-11,4.6349947e-14
519.96000,1.7728523e-11,4.6484352e-14
519.97000,1.7808883e-11,4.6620961e-14
519.98000,1.7850958e-11,4.6703257e-14
519.99000,1.7860544e-11,4.6723381e-14
520.00000,1.7858840e-11,4.6719692e-14
520.01000,1.7855601e-11,4.6721041e-14
520.02000,1.7858346e-11,4.6744176e-14
520.03000,1.7870355e-11,4.6785180e-14
520.04000,1.7890559e-11,4.6837330e-14
520.05000,1.7914756e-11,4.6898021e-14
520.06000,1.7931125e-11,4.6951655e-14
520.07000,1.7926499e-11,4.6978030e-14
520.08000,1.7893791e-11,4.6964981e-14
520.09000,1.7840049e-11,4.6903225e-14
520.10000,1.7783548e-11,4.6792849e-14
520.11000,1.7745597e-11,4.6678201e-14
520.12000,1.7734557e-11,4.6606030e-14
520.13000,1.7742584e-11,4.6580217e-14
520.14000,1.7749249e-11,4.6558122e-14
520.15000,1.7740217e-11,4.6514372e-14
520.16000,1.7716253e-11,4.6456533e-14
520.17000,1.7702968e-11,4.6428945e-14
520.18000,1.7726523e-11,4.6467574e-14
520.19000,1.7781387e-11,4.6561641e-14
520.20000,1.7839739e-11,4.6670932e-14
520.21000,1.7876370e-11,4.6755145e-14
520.22000,1.7889531e-11,4.6795635e-14
520.23000,1.7880139e-11,4.6784661e-14
520.24000,1.7843906e-11,4.6724757e-14
520.25000,1.7779918e-11,4.6630110e-14
520.26000,1.7709418e-11,4.6530625e-14
520.27000,1.7666627e-11,4.6464880e-14
520.28000,1.7683732e-11,4.6478686e-14
520.29000,1.7738853e-11,4.6551877e-14
520.30000,1.7799551e-11,4.6637361e-14
520.31000,1.7841392e-11,4.6693116e-14
520.32000,1.7861561e-11,4.6716246e-14
520.33000,1.7862856e-11,4.6712272e-14
520.34000,1.7846093e-11,4.6675798e-14
520.35000,1.7803889e-11,4.6592329e-14
520.36000,1.7735351e-11,4.6481836e-14
520.37000,1.7646126e-11,4.6382717e-14
520.38000,1.7562175e-11,4.6335513e-14
520.39000,1.7523800e-11,4.6344745e-14
520.40000,1.7550302e-11,4.6381221e-14
520.41000,1.7618450e-11,4.6420877e-14
520.42000,1.7682209e-11,4.6455710e-14
520.43000,1.7721548e-11,4.6496097e-14
520.44000,1.7743631e-11,4.6561591e-14
520.45000,1.7762177e-11,4.6652056e-14
520.46000,1.7778779e-11,4.6719103e-14
520.47000,1.7789214e-11,4.6715926e-14
520.48000,1.7791405e-11,4.6657819e-14
520.49000,1.7784290e-11,4.6589293e-14
520.50000,1.7762822e-11,4.6533303e-14
520.51000,1.7728042e-11,4.6500729e-14
520.52000,1.7687155e-11,4.6510705e-14
520.53000,1.7654516e-11,4.6541065e-14
520.54000,1.7639075e-11,4.6524377e-14
520.55000,1.7638169e-11,4.6444839e-14
520.56000,1.7644338e-11,4.6350597e-14
520.57000,1.7654118e-11,4.6280548e-14
520.58000,1.7668604e-11,4.6229240e-14
520.59000,1.7692037e-11,4.6209935e-14
520.60000,1.7727609e-11,4.6252516e-14
520.61000,1.7772070e-11,4.6357361e-14
520.62000,1.7814644e-11,4.6474010e-14
520.63000,1.7846885e-11,4.6550978e-14
520.64000,1.7865025e-11,4.6557792e-14
520.65000,1.7872797e-11,4.6513189e-14
520.66000,1.7872904e-11,4.6438130e-14
520.67000,1.7869354e-11,4.6361908e-14
520.68000,1.7865357e-11,4.6311963e-14
520.69000,1.7863826e-11,4.6300883e-14
520.70000,1.7866790e-11,4.6316113e-14
520.71000,1.7872619e-11,4.6328114e-14
520.72000,1.7874482e-11,4.6311631e-14
520.73000,1.7866201e-11,4.6276763e-14
520.74000,1.7845134e-11,4.6241672e-14
520.75000,1.7811776e-11,4.6223880e-14
520.76000,1.7768417e-11,4.6232565e-14
520.77000,1.7719520e-11,4.6258920e-14
520.78000,1.7671819e-11,4.6278985e-14
520.79000,1.7634962e-11,4.6261848e-14
520.80000,1.7610949e-11,4.6200915e-14
520.81000,1.7597011e-11,4.6102249e-14
520.82000,1.7588848e-11,4.6005190e-14
520.83000,1.7590158e-11,4.5963661e-14
520.84000,1.7609292e-11,4.5984068e-14
520.85000,1.7647686e-11,4.6033586e-14
520.86000,1.7695526e-11,4.6093681e-14
520.87000,1.7740354e-11,4.6168886e-14
520.88000,1.7777374e-11,4.6238439e-14
520.89000,1.7807476e-11,4.6273517e-14
520.90000,1.7830891e-11,4.6276463e-14
520.91000,1.7845240e-11,4.6269484e-14
520.92000,1.7849505e-11,4.6257288e-14
520.93000,1.7847250e-11,4.6240436e-14
520.94000,1.7844787e-11,4.6225812e-14
520.95000,1.7845160e-11,4.6214453e-14
520.96000,1.7842520e-11,4.6197536e-14
520.97000,1.7826319e-11,4.6160738e-14
520.98000,1.7796168e-11,4.6104280e-14
520.99000,1.7766580e-11,4.6053157e-14
521.00000,1.7750810e-11,4.6029770e-14
521.01000,1.7752638e-11,4.6034299e-14
521.02000,1.7759727e-11,4.6036990e-14
521.03000,1.7758862e-11,4.6016258e-14
521.04000,1.7739426e-11,4.5967535e-14
521.05000,1.7695821e-11,4.5895202e-14
521.06000,1.7630729e-11,4.5815546e-14
521.07000,1.7561578e-11,4.5784079e-14
521.08000,1.7515612e-11,4.5865230e-14
521.09000,1.7521361e-11,4.6066776e-14
521.10000,1.7563343e-11,4.6229425e-14
521.11000,1.7615860e-11,4.6247788e-14
521.12000,1.7657973e-11,4.6197467e-14
521.13000,1.7688382e-11,4.6222202e-14
521.14000,1.7714482e-11,4.6298291e-14
521.15000,1.7740054e-11,4.6305946e-14
521.16000,1.7760327e-11,4.6194069e-14
521.17000,1.7770919e-11,4.6054533e-14
521.18000,1.7772849e-11,4.5951449e-14
521.19000,1.7769401e-11,4.5892747e-14
521.20000,1.7760401e-11,4.5855826e-14
521.21000,1.7747938e-11,4.5826326e-14
521.22000,1.7736711e-11,4.5798859e-14
521.23000,1.7727747e-11,4.5772424e-14
521.24000,1.7716794e-11,4.5754862e-14
521.25000,1.7698809e-11,4.5746801e-14
521.26000,1.7669359e-11,4.5734759e-14
521.27000,1.7627305e-11,4.5701967e-14
521.28000,1.7581749e-11,4.5659621e-14
521.29000,1.7553694e-11,4.5648583e-14
521.30000,1.7557348e-11,4.5686252e-14
521.31000,1.7588872e-11,4.5738719e-14
521.32000,1.7625859e-11,4.5771986e-14
521.33000,1.7657202e-11,4.5818219e-14
521.34000,1.7682766e-11,4.5972375e-14
521.35000,1.7708156e-11,4.6332937e-14
521.36000,1.7734289e-11,4.6867690e-14
521.37000,1.7752554e-11,4.7390939e-14
521.38000,1.7752274e-11,4.7735173e-14
521.39000,1.7717003e-11,4.7815213e-14
521.40000,1.7642462e-11,4.7720021e-14
521.41000,1.7536778e-11,4.7525267e-14
521.42000,1.7444974e-11,4.7339244e-14
521.43000,1.7425337e-11,4.7261077e-14
521.44000,1.7483619e-11,4.7315457e-14
521.45000,1.7569047e-11,4.7434459e-14
521.46000,1.7630229e-11,4.7522177e-14
521.47000,1.7649929e-11,4.7515540e-14
521.48000,1.7657215e-11,4.7457710e-14
521.49000,1.7669163e-11,4.7396516e-14
521.50000,1.7677546e-11,4.7332829e-14
521.51000,1.7658745e-11,4.7232495e-14
521.52000,1.7597526e-11,4.7072794e-14
521.53000,1.7495454e-11,4.6853078e-14
521.54000,1.7374462e-11,4.6611396e-14
521.55000,1.7285380e-11,4.6426939e-14
521.56000,1.7271591e-11,4.6371834e-14
521.57000,1.7325643e-11,4.6453701e-14
521.58000,1.7379705e-11,4.6558625e-14
521.59000,1.7375386e-11,4.6544761e-14
521.60000,1.7332723e-11,4.6424411e-14
521.61000,1.7315728e-11,4.6318706e-14
521.62000,1.7376335e-11,4.6328970e-14
521.63000,1.7475587e-11,4.6430601e-14
521.64000,1.7562222e-11,4.6599928e-14
521.65000,1.7606776e-11,4.6834424e-14
521.66000,1.7611344e-11,4.7125655e-14
521.67000,1.7575263e-11,4.7337292e-14
521.68000,1.7479530e-11,4.7263805e-14
521.69000,1.7318263e-11,4.6887261e-14
521.70000,1.7123813e-11,4.6394740e-14
521.71000,1.7003002e-11,4.6047385e-14
521.72000,1.7052805e-11,4.5981998e-14
521.73000,1.7263088e-11,4.6167352e-14
521.74000,1.7503513e-11,4.6398354e-14
521.75000,1.7664692e-11,4.6520941e-14
521.76000,1.7735960e-11,4.6560855e-14
521.77000,1.7751191e-11,4.6606222e-14
521.78000,1.7748935e-11,4.6640821e-14
521.79000,1.7740852e-11,4.6589531e-14
521.80000,1.7730707e-11,4.6454236e-14
521.81000,1.7718386e-11,4.6338925e-14
521.82000,1.7704837e-11,4.6333616e-14
521.83000,1.7692349e-11,4.6449191e-14
521.84000,1.7684306e-11,4.6620358e-14
521.85000,1.7686275e-11,4.6705148e-14
521.86000,1.7694412e-11,4.6636851e-14
521.87000,1.7695721e-11,4.6464024e-14
521.88000,1.7674193e-11,4.6293290e-14
521.89000,1.7628143e-11,4.6159540e-14
521.90000,1.7581868e-11,4.6055902e-14
521.91000,1.7570862e-11,4.6047629e-14
521.92000,1.7610106e-11,4.6228529e-14
521.93000,1.7683710e-11,4.6682136e-14
521.94000,1.7746270e-11,4.7254863e-14
521.95000,1.7777619e-11,4.7712775e-14
521.96000,1.7784624e-11,4.7891728e-14
521.97000,1.7780627e-11,4.7888619e-14
521.98000,1.7765323e-11,4.7847058e-14
521.99000,1.7732377e-11,4.7696120e-14
522.00000,1.7685863e-11,4.7343535e-14
522.01000,1.7641692e-11,4.6877683e-14
522.02000,1.7616767e-11,4.6545648e-14
522.03000,1.7617618e-11,4.6477548e-14
522.04000,1.7636402e-11,4.6684308e-14
522.05000,1.7658463e-11,4.7076437e-14
522.06000,1.7673374e-11,4.7454104e-14
522.07000,1.7677444e-11,4.7620531e-14
522.08000,1.7673689e-11,4.7555215e-14
522.09000,1.7667904e-11,4.7350652e-14
522.10000,1.7660408e-11,4.7106541e-14
522.11000,1.7644848e-11,4.6813704e-14
522.12000,1.7620833e-11,4.6453562e-14
522.13000,1.7601594e-11,4.6088892e-14
522.14000,1.7600212e-11,4.5823790e-14
522.15000,1.7615055e-11,4.5686161e-14
522.16000,1.7634329e-11,4.5649353e-14
522.17000,1.7648908e-11,4.5686513e-14
522.18000,1.7658162e-11,4.5803725e-14
522.19000,1.7668039e-11,4.5945351e-14
522.20000,1.7685913e-11,4.6003414e-14
522.21000,1.7708383e-11,4.5938620e-14
522.22000,1.7717502e-11,4.5822827e-14
522.23000,1.7699080e-11,4.5729562e-14
522.24000,1.7654545e-11,4.5690510e-14
522.25000,1.7609622e-11,4.5699630e-14
522.26000,1.7587902e-11,4.5733266e-14
522.27000,1.7601387e-11,4.5749163e-14
522.28000,1.7638382e-11,4.5751011e-14
522.29000,1.7670216e-11,4.5778187e-14
522.30000,1.7677174e-11,4.5829386e-14
522.31000,1.7657823e-11,4.5856713e-14
522.32000,1.7614394e-11,4.5807899e-14
522.33000,1.7556436e-11,4.5731382e-14
522.34000,1.7497290e-11,4.5702251e-14
522.35000,1.7463879e-11,4.5736384e-14
522.36000,1.7479682e-11,4.5767495e-14
522.37000,1.7532077e-11,4.5759697e-14
522.38000,1.7582074e-11,4.5742894e-14
522.39000,1.7603852e-11,4.5730362e-14
522.40000,1.7596667e-11,4.5706594e-14
522.41000,1.7585031e-11,4.5694991e-14
522.42000,1.7582811e-11,4.5717666e-14
522.43000,1.7588233e-11,4.5744019e-14
522.44000,1.7588398e-11,4.5743350e-14
522.45000,1.7578130e-11,4.5743537e-14
522.46000,1.7566751e-11,4.5776449e-14
522.47000,1.7566495e-11,4.5839162e-14
522.48000,1.7582516e-11,4.5903047e-14
522.49000,1.7600371e-11,4.5936328e-14
522.50000,1.7601492e-11,4.5927507e-14
522.51000,1.7568445e-11,4.5869082e-14
522.52000,1.7488711e-11,4.5743004e-14
522.53000,1.7364022e-11,4.5563486e-14
522.54000,1.7220318e-11,4.5375049e-14
522.55000,1.7102458e-11,4.5222662e-14
522.56000,1.7067308e-11,4.5168879e-14
522.57000,1.7107521e-11,4.5222674e-14
522.58000,1.7179941e-11,4.5344672e-14
522.59000,1.7218049e-11,4.5432980e-14
522.60000,1.7183969e-11,4.5405188e-14
522.61000,1.7088368e-11,4.5278218e-14
522.62000,1.6973997e-11,4.5152038e-14
522.63000,1.6890187e-11,4.5128666e-14
522.64000,1.6878278e-11,4.5268810e-14
522.65000,1.6916571e-11,4.5481565e-14
522.66000,1.6971981e-11,4.5669688e-14
522.67000,1.7018906e-11,4.5804513e-14
522.68000,1.7060906e-11,4.5966123e-14
522.69000,1.7111247e-11,4.6211858e-14
522.70000,1.7169722e-11,4.6485515e-14
522.71000,1.7220452e-11,4.6703792e-14
522.72000,1.7226978e-11,4.6790040e-14
522.73000,1.7161779e-11,4.6698410e-14
522.74000,1.7003701e-11,4.6372900e-14
522.75000,1.6769003e-11,4.5848052e-14
522.76000,1.6527830e-11,4.5287802e-14
522.77000,1.6400272e-11,4.4975280e-14
522.78000,1.6477576e-11,4.5147014e-14
522.79000,1.6736802e-11,4.5801467e-14
522.80000,1.7057734e-11,4.6714474e-14
522.81000,1.7316427e-11,4.7491940e-14
522.82000,1.7475224e-11,4.7858925e-14
522.83000,1.7555279e-11,4.7789215e-14
522.84000,1.7587319e-11,4.7503798e-14
522.85000,1.7588032e-11,4.7225002e-14
522.86000,1.7560471e-11,4.7011499e-14
522.87000,1.7506652e-11,4.6851897e-14
522.88000,1.7439365e-11,4.6740115e-14
522.89000,1.7381374e-11,4.6692086e-14
522.90000,1.7348727e-11,4.6704033e-14
522.91000,1.7345940e-11,4.6765862e-14
522.92000,1.7372769e-11,4.6856507e-14
522.93000,1.7426637e-11,4.6957624e-14
522.94000,1.7491037e-11,4.7052028e-14
522.95000,1.7541441e-11,4.7108735e-14
522.96000,1.7567027e-11,4.7082131e-14
522.97000,1.7573798e-11,4.6896640e-14
522.98000,1.7581881e-11,4.6624241e-14
522.99000,1.7597864e-11,4.6454755e-14
523.00000,1.7613310e-11,4.6507635e-14
523.01000,1.7616618e-11,4.6578888e-14
523.02000,1.7608563e-11,4.6405248e-14
523.03000,1.7599453e-11,4.6037179e-14
523.04000,1.7598010e-11,4.5689363e-14
523.05000,1.7605158e-11,4.5498842e-14
523.06000,1.7611816e-11,4.5417000e-14
523.07000,1.7614394e-11,4.5397439e-14
523.08000,1.7614933e-11,4.5403426e-14
523.09000,1.7611980e-11,4.5415085e-14
523.10000,1.7598449e-11,4.5419790e-14
523.11000,1.7572842e-11,4.5417935e-14
523.12000,1.7543967e-11,4.5414904e-14
523.13000,1.7526289e-11,4.5413035e-14
523.14000,1.7523345e-11,4.5415444e-14
523.15000,1.7529495e-11,4.5419251e-14
523.16000,1.7531364e-11,4.5410192e-14
523.17000,1.7516885e-11,4.5393103e-14
523.18000,1.7481182e-11,4.5397158e-14
523.19000,1.7425220e-11,4.5407277e-14
523.20000,1.7355847e-11,4.5363681e-14
523.21000,1.7289235e-11,4.5240208e-14
523.22000,1.7243979e-11,4.5114279e-14
523.23000,1.7229166e-11,4.5039631e-14
523.24000,1.7235660e-11,4.5015167e-14
523.25000,1.7244648e-11,4.5019381e-14
523.26000,1.7239994e-11,4.5036610e-14
523.27000,1.7215949e-11,4.5038943e-14
523.28000,1.7175776e-11,4.4995867e-14
523.29000,1.7129998e-11,4.4913801e-14
523.30000,1.7105903e-11,4.4856253e-14
523.31000,1.7134722e-11,4.4898558e-14
523.32000,1.7225115e-11,4.5061858e-14
523.33000,1.7339503e-11,4.5283025e-14
523.34000,1.7423112e-11,4.5462696e-14
523.35000,1.7450495e-11,4.5534131e-14
523.36000,1.7426792e-11,4.5486296e-14
523.37000,1.7371278e-11,4.5361796e-14
523.38000,1.7302836e-11,4.5220733e-14
523.39000,1.7241128e-11,4.5112532e-14
523.40000,1.7194960e-11,4.5054032e-14
523.41000,1.7158508e-11,4.5023776e-14
523.42000,1.7113225e-11,4.4974923e-14
523.43000,1.7039636e-11,4.4871365e-14
523.44000,1.6920079e-11,4.4694338e-14
523.45000,1.6742117e-11,4.4431283e-14
523.46000,1.6492318e-11,4.4059163e-14
523.47000,1.6207685e-11,4.3631906e-14
523.48000,1.5986578e-11,4.3302792e-14
523.49000,1.5992082e-11,4.3324743e-14
523.50000,1.6303318e-11,4.3817283e-14
523.51000,1.6777817e-11,4.4558199e-14
523.52000,1.7179566e-11,4.5185981e-14
523.53000,1.7401307e-11,4.5540312e-14
523.54000,1.7485322e-11,4.5688873e-14
523.55000,1.7499507e-11,4.5734664e-14
523.56000,1.7496896e-11,4.5750590e-14
523.57000,1.7487883e-11,4.5745006e-14
523.58000,1.7475879e-11,4.5725738e-14
523.59000,1.7466210e-11,4.5714393e-14
523.60000,1.7466625e-11,4.5726960e-14
523.61000,1.7477859e-11,4.5753085e-14
523.62000,1.7489661e-11,4.5770923e-14
523.63000,1.7483234e-11,4.5760595e-14
523.64000,1.7451842e-11,4.5719886e-14
523.65000,1.7397226e-11,4.5649365e-14
523.66000,1.7331548e-11,4.5559710e-14
523.67000,1.7270439e-11,4.5469500e-14
523.68000,1.7230586e-11,4.5408391e-14
523.69000,1.7223223e-11,4.5401188e-14
523.70000,1.7244134e-11,4.5443489e-14
523.71000,1.7270944e-11,4.5496757e-14
523.72000,1.7270145e-11,4.5505351e-14
523.73000,1.7230682e-11,4.5454639e-14
523.74000,1.7162266e-11,4.5359877e-14
523.75000,1.7103384e-11,4.5286677e-14
523.76000,1.7107287e-11,4.5319811e-14
523.77000,1.7186329e-11,4.5459153e-14
523.78000,1.7290023e-11,4.5629259e-14
523.79000,1.7353573e-11,4.5747964e-14
523.80000,1.7336900e-11,4.5723834e-14
523.81000,1.7276615e-11,4.5599304e-14
523.82000,1.7228163e-11,4.5516265e-14
523.83000,1.7244235e-11,4.5590611e-14
523.84000,1.7323940e-11,4.5741035e-14
523.85000,1.7417317e-11,4.5820599e-14
523.86000,1.7482030e-11,4.5846151e-14
523.87000,1.7511716e-11,4.5935660e-14
523.88000,1.7521045e-11,4.6116130e-14
523.89000,1.7522653e-11,4.6269739e-14
523.90000,1.7521707e-11,4.6264591e-14
523.91000,1.7515466e-11,4.6084648e-14
523.92000,1.7499488e-11,4.5833139e-14
523.93000,1.7468788e-11,4.5619536e-14
523.94000,1.7421871e-11,4.5481889e-14
523.95000,1.7367120e-11,4.5415895e-14
523.96000,1.7323779e-11,4.5415504e-14
523.97000,1.7316221e-11,4.5485971e-14
523.98000,1.7334804e-11,4.5583363e-14
523.99000,1.7354214e-11,4.5647852e-14
524.00000,1.7355043e-11,4.5641861e-14
524.01000,1.7348029e-11,4.5592512e-14
524.02000,1.7355777e-11,4.5552725e-14
524.03000,1.7382710e-11,4.5541717e-14
524.04000,1.7415208e-11,4.5550939e-14
524.05000,1.7439438e-11,4.5576057e-14
524.06000,1.7448429e-11,4.5642501e-14
524.07000,1.7449738e-11,4.5774481e-14
524.08000,1.7451900e-11,4.5971883e-14
524.09000,1.7459169e-11,4.6160992e-14
524.10000,1.7462048e-11,4.6221014e-14
524.11000,1.7444184e-11,4.6105123e-14
524.12000,1.7401997e-11,4.5915720e-14
524.13000,1.7352456e-11,4.5810110e-14
524.14000,1.7319529e-11,4.5839896e-14
524.15000,1.7326443e-11,4.5933033e-14
524.16000,1.7363503e-11,4.5995523e-14
524.17000,1.7410503e-11,4.6062310e-14
524.18000,1.7447319e-11,4.6196686e-14
524.19000,1.7468799e-11,4.6335839e-14
524.20000,1.7480096e-11,4.6360668e-14
524.21000,1.7486041e-11,4.6282948e-14
524.22000,1.7488645e-11,4.6196929e-14
524.23000,1.7486353e-11,4.6152416e-14
524.24000,1.7479024e-11,4.6133058e-14
524.25000,1.7467224e-11,4.6122671e-14
524.26000,1.7450424e-11,4.6104372e-14
524.27000,1.7425666e-11,4.6072682e-14
524.28000,1.7393243e-11,4.6029823e-14
524.29000,1.7361814e-11,4.5987090e-14
524.30000,1.7343997e-11,4.5963311e-14
524.31000,1.7345463e-11,4.5963258e-14
524.32000,1.7361989e-11,4.5971279e-14
524.33000,1.7378333e-11,4.5971345e-14
524.34000,1.7389295e-11,4.5972674e-14
524.35000,1.7401568e-11,4.5995408e-14
524.36000,1.7423081e-11,4.6037744e-14
524.37000,1.7448492e-11,4.6071121e-14
524.38000,1.7465552e-11,4.6077697e-14
524.39000,1.7469884e-11,4.6066889e-14
524.40000,1.7466750e-11,4.6054504e-14
524.41000,1.7463507e-11,4.6045634e-14
524.42000,1.7463621e-11,4.6037975e-14
524.43000,1.7465883e-11,4.6032127e-14
524.44000,1.7466925e-11,4.6028608e-14
524.45000,1.7466746e-11,4.6028052e-14
524.46000,1.7468937e-11,4.6031169e-14
524.47000,1.7473132e-11,4.6032306e-14
524.48000,1.7472809e-11,4.6020964e-14
524.49000,1.7461472e-11,4.5993448e-14
524.50000,1.7431628e-11,4.5950917e-14
524.51000,1.7386453e-11,4.5900017e-14
524.52000,1.7334384e-11,4.5843716e-14
524.53000,1.7292813e-11,4.5791224e-14
524.54000,1.7278911e-11,4.5761721e-14
524.55000,1.7291522e-11,4.5765967e-14
524.56000,1.7312663e-11,4.5792142e-14
524.57000,1.7329309e-11,4.5819700e-14
524.58000,1.7343030e-11,4.5837340e-14
524.59000,1.7358385e-11,4.5839814e-14
524.60000,1.7373129e-11,4.5833977e-14
524.61000,1.7385868e-11,4.5833343e-14
524.62000,1.7397822e-11,4.5850951e-14
524.63000,1.7406432e-11,4.5882272e-14
524.64000,1.7407059e-11,4.5905001e-14
524.65000,1.7402001e-11,4.5904406e-14
524.66000,1.7399192e-11,4.5890695e-14
524.67000,1.7401603e-11,4.5884429e-14
524.68000,1.7403497e-11,4.5894015e-14
524.69000,1.7398461e-11,4.5900056e-14
524.70000,1.7388534e-11,4.5889684e-14
524.71000,1.7381145e-11,4.5880603e-14
524.72000,1.7380012e-11,4.5913739e-14
524.73000,1.7382378e-11,4.5997030e-14
524.74000,1.7384046e-11,4.6072659e-14
524.75000,1.7381351e-11,4.6059550e-14
524.76000,1.7372384e-11,4.5952643e-14
524.77000,1.7352793e-11,4.5819247e-14
524.78000,1.7314988e-11,4.5706613e-14
524.79000,1.7244076e-11,4.5580972e-14
524.80000,1.7131181e-11,4.5400132e-14
524.81000,1.6999557e-11,4.5199335e-14
524.82000,1.6916770e-11,4.5096352e-14
524.83000,1.6940564e-11,4.5177122e-14
524.84000,1.7056558e-11,4.5396068e-14
524.85000,1.7194748e-11,4.5626727e-14
524.86000,1.7290751e-11,4.5768999e-14
524.87000,1.7338669e-11,4.5835026e-14
524.88000,1.7350704e-11,4.5850159e-14
524.89000,1.7344240e-11,4.5831399e-14
524.90000,1.7333329e-11,4.5788787e-14
524.91000,1.7326192e-11,4.5735930e-14
524.92000,1.7322677e-11,4.5685622e-14
524.93000,1.7316820e-11,4.5647924e-14
524.94000,1.7302887e-11,4.5620492e-14
524.95000,1.7279715e-11,4.5593133e-14
524.96000,1.7260521e-11,4.5569197e-14
524.97000,1.7260412e-11,4.5564308e-14
524.98000,1.7283082e-11,4.5584686e-14
524.99000,1.7316214e-11,4.5618507e-14
525.00000,1.7343631e-11,4.5645979e-14
525.01000,1.7357438e-11,4.5654592e-14
525.02000,1.7357199e-11,4.5643464e-14
525.03000,1.7347194e-11,4.5618888e-14
525.04000,1.7331942e-11,4.5584472e-14
525.05000,1.7316653e-11,4.5547679e-14
525.06000,1.7304305e-11,4.5517183e-14
525.07000,1.7296141e-11,4.5499067e-14
525.08000,1.7291039e-11,4.5494455e-14
525.09000,1.7285048e-11,4.5499912e-14
525.10000,1.7269225e-11,4.5504199e-14
525.11000,1.7225228e-11,4.5475481e-14
525.12000,1.7135998e-11,4.5369328e-14
525.13000,1.6988852e-11,4.5128893e-14
525.14000,1.6832405e-11,4.4830281e-14
525.15000,1.6747495e-11,4.4627831e-14
525.16000,1.6799993e-11,4.4660132e-14
525.17000,1.6965320e-11,4.4902981e-14
525.18000,1.7142592e-11,4.5194123e-14
525.19000,1.7260023e-11,4.5409667e-14
525.20000,1.7312081e-11,4.5512971e-14
525.21000,1.7326973e-11,4.5518416e-14
525.22000,1.7324784e-11,4.5458498e-14
525.23000,1.7316460e-11,4.5406821e-14
525.24000,1.7305593e-11,4.5394446e-14
525.25000,1.7296617e-11,4.5394422e-14
525.26000,1.7291132e-11,4.5357017e-14
525.27000,1.7285726e-11,4.5281762e-14
525.28000,1.7276278e-11,4.5219943e-14
525.29000,1.7264241e-11,4.5220906e-14
525.30000,1.7255150e-11,4.5294740e-14
525.31000,1.7253633e-11,4.5413320e-14
525.32000,1.7255037e-11,4.5499562e-14
525.33000,1.7251327e-11,4.5496340e-14
525.34000,1.7232325e-11,4.5395094e-14
525.35000,1.7189333e-11,4.5228849e-14
525.36000,1.7120750e-11,4.5041443e-14
525.37000,1.7040906e-11,4.4874743e-14
525.38000,1.6978354e-11,4.4770703e-14
525.39000,1.6957953e-11,4.4757643e-14
525.40000,1.6992005e-11,4.4850149e-14
525.41000,1.7050788e-11,4.4984769e-14
525.42000,1.7102834e-11,4.5082759e-14
525.43000,1.7123361e-11,4.5076202e-14
525.44000,1.7110215e-11,4.4964455e-14
525.45000,1.7078556e-11,4.4811673e-14
525.46000,1.7050245e-11,4.4700986e-14
525.47000,1.7035526e-11,4.4669541e-14
525.48000,1.7023649e-11,4.4685088e-14
525.49000,1.6994887e-11,4.4679316e-14
525.50000,1.6936077e-11,4.4591034e-14
525.51000,1.6879047e-11,4.4477630e-14
525.52000,1.6875046e-11,4.4451096e-14
525.53000,1.6951266e-11,4.4569913e-14
525.54000,1.7071968e-11,4.4764026e-14
525.55000,1.7173668e-11,4.4941758e-14
525.56000,1.7229679e-11,4.5088222e-14
525.57000,1.7251002e-11,4.5195483e-14
525.58000,1.7257022e-11,4.5232420e-14
525.59000,1.7256968e-11,4.5177016e-14
525.60000,1.7252381e-11,4.5079075e-14
525.61000,1.7241903e-11,4.4973328e-14
525.62000,1.7227663e-11,4.4888591e-14
525.63000,1.7214318e-11,4.4840958e-14
525.64000,1.7204396e-11,4.4831132e-14
525.65000,1.7195712e-11,4.4839016e-14
525.66000,1.7184658e-11,4.4835866e-14
525.67000,1.7170015e-11,4.4806995e-14
525.68000,1.7153229e-11,4.4763528e-14
525.69000,1.7131871e-11,4.4722000e-14
525.70000,1.7095698e-11,4.4682381e-14
525.71000,1.7034945e-11,4.4638509e-14
525.72000,1.6958363e-11,4.4583191e-14
525.73000,1.6900423e-11,4.4514774e-14
525.74000,1.6899349e-11,4.4467659e-14
525.75000,1.6961006e-11,4.4490626e-14
525.76000,1.7050288e-11,4.4577392e-14
525.77000,1.7125078e-11,4.4673976e-14
525.78000,1.7158461e-11,4.4756262e-14
525.79000,1.7164599e-11,4.4896834e-14
525.80000,1.7161076e-11,4.5207699e-14
525.81000,1.7163888e-11,4.5720326e-14
525.82000,1.7174977e-11,4.6292276e-14
525.83000,1.7187839e-11,4.6708206e-14
525.84000,1.7200439e-11,4.6900083e-14
525.85000,1.7216920e-11,4.6947809e-14
525.86000,1.7238280e-11,4.6953116e-14
525.87000,1.7258555e-11,4.6976415e-14
525.88000,1.7272494e-11,4.7025994e-14
525.89000,1.7280358e-11,4.7074353e-14
525.90000,1.7286017e-11,4.7066775e-14
525.91000,1.7290609e-11,4.6980893e-14
525.92000,1.7290553e-11,4.6858586e-14
525.93000,1.7282282e-11,4.6749187e-14
525.94000,1.7266247e-11,4.6653764e-14
525.95000,1.7245118e-11,4.6557871e-14
525.96000,1.7221585e-11,4.6465109e-14
525.97000,1.7199963e-11,4.6398874e-14
525.98000,1.7183969e-11,4.6359348e-14
525.99000,1.7169697e-11,4.6316193e-14
526.00000,1.7136532e-11,4.6211640e-14
526.01000,1.7046810e-11,4.5990206e-14
526.02000,1.6860257e-11,4.5613582e-14
526.03000,1.6579625e-11,4.5104371e-14
526.04000,1.6285416e-11,4.4593314e-14
526.05000,1.6132225e-11,4.4319781e-14
526.06000,1.6214759e-11,4.4424281e-14
526.07000,1.6518535e-11,4.4873817e-14
526.08000,1.6842450e-11,4.5344799e-14
526.09000,1.7062665e-11,4.5643198e-14
526.10000,1.7161354e-11,4.5753745e-14
526.11000,1.7190396e-11,4.5770906e-14
526.12000,1.7194940e-11,4.5765465e-14
526.13000,1.7191315e-11,4.5746396e-14
526.14000,1.7181517e-11,4.5698228e-14
526.15000,1.7166401e-11,4.5624584e-14
526.16000,1.7151478e-11,4.5554794e-14
526.17000,1.7145434e-11,4.5514125e-14
526.18000,1.7153287e-11,4.5498395e-14
526.19000,1.7171277e-11,4.5481330e-14
526.20000,1.7189604e-11,4.5453570e-14
526.21000,1.7198760e-11,4.5418443e-14
526.22000,1.7193546e-11,4.5374755e-14
526.23000,1.7171690e-11,4.5324894e-14
526.24000,1.7136869e-11,4.5264893e-14
526.25000,1.7101542e-11,4.5194257e-14
526.26000,1.7085797e-11,4.5154518e-14
526.27000,1.7090725e-11,4.5166351e-14
526.28000,1.7104064e-11,4.5199880e-14
526.29000,1.7109369e-11,4.5223834e-14
526.30000,1.7101861e-11,4.5241055e-14
526.31000,1.7086234e-11,4.5242528e-14
526.32000,1.7071513e-11,4.5231568e-14
526.33000,1.7065092e-11,4.5258972e-14
526.34000,1.7064520e-11,4.5330794e-14
526.35000,1.7059564e-11,4.5364399e-14
526.36000,1.7040046e-11,4.5272576e-14
526.37000,1.7009055e-11,4.5140024e-14
526.38000,1.6968495e-11,4.5051825e-14
526.39000,1.6912270e-11,4.4982380e-14
526.40000,1.6822038e-11,4.4815419e-14
526.41000,1.6677752e-11,4.4506831e-14
526.42000,1.6478502e-11,4.4146157e-14
526.43000,1.6254237e-11,4.3848137e-14
526.44000,1.6070679e-11,4.3664788e-14
526.45000,1.5985244e-11,4.3572094e-14
526.46000,1.6035564e-11,4.3553925e-14
526.47000,1.6152867e-11,4.3600133e-14
526.48000,1.6263687e-11,4.3694176e-14
526.49000,1.6323492e-11,4.3820730e-14
526.50000,1.6359733e-11,4.4018358e-14
526.51000,1.6438219e-11,4.4297384e-14
526.52000,1.6583399e-11,4.4558341e-14
526.53000,1.6752677e-11,4.4695604e-14
526.54000,1.6884221e-11,4.4717874e-14
526.55000,1.6956517e-11,4.4706896e-14
526.56000,1.6973370e-11,4.4710930e-14
526.57000,1.6963687e-11,4.4715274e-14
526.58000,1.6944568e-11,4.4701368e-14
526.59000,1.6927980e-11,4.4666413e-14
526.60000,1.6916249e-11,4.4644193e-14
526.61000,1.6910507e-11,4.4704843e-14
526.62000,1.6917623e-11,4.4889538e-14
526.63000,1.6945660e-11,4.5168978e-14
526.64000,1.6993217e-11,4.5473067e-14
526.65000,1.7049336e-11,4.5738408e-14
526.66000,1.7098919e-11,4.5956433e-14
526.67000,1.7133419e-11,4.6124061e-14
526.68000,1.7151235e-11,4.6211463e-14
526.69000,1.7157025e-11,4.6159241e-14
526.70000,1.7158175e-11,4.5947481e-14
526.71000,1.7160418e-11,4.5647162e-14
526.72000,1.7164488e-11,4.5353223e-14
526.73000,1.7167829e-11,4.5130535e-14
526.74000,1.7168871e-11,4.5018579e-14
526.75000,1.7167053e-11,4.5055414e-14
526.76000,1.7163026e-11,4.5157596e-14
526.77000,1.7158722e-11,4.5216102e-14
526.78000,1.7156075e-11,4.5174653e-14
526.79000,1.7154018e-11,4.5076651e-14
526.80000,1.7151955e-11,4.4967649e-14
526.81000,1.7151297e-11,4.4882069e-14
526.82000,1.7150174e-11,4.4893816e-14
526.83000,1.7141857e-11,4.5017851e-14
526.84000,1.7118318e-11,4.5107560e-14
526.85000,1.7077045e-11,4.5017063e-14
526.86000,1.7020907e-11,4.4738676e-14
526.87000,1.6964958e-11,4.4464983e-14
526.88000,1.6920840e-11,4.4309439e-14
526.89000,1.6892963e-11,4.4282289e-14
526.90000,1.6878140e-11,4.4317269e-14
526.91000,1.6869899e-11,4.4320144e-14
526.92000,1.6862859e-11,4.4251628e-14
526.93000,1.6855561e-11,4.4169844e-14
526.94000,1.6851151e-11,4.4157294e-14
526.95000,1.6853738e-11,4.4219718e-14
526.96000,1.6865943e-11,4.4286962e-14
526.97000,1.6882017e-11,4.4304585e-14
526.98000,1.6896768e-11,4.4307248e-14
526.99000,1.6905633e-11,4.4347834e-14
527.00000,1.6903273e-11,4.4397438e-14
527.01000,1.6887817e-11,4.4395112e-14
527.02000,1.6872388e-11,4.4373860e-14
527.03000,1.6881750e-11,4.4417109e-14
527.04000,1.6930854e-11,4.4535013e-14
527.05000,1.7006697e-11,4.4670232e-14
527.06000,1.7077669e-11,4.4781449e-14
527.07000,1.7123707e-11,4.4869648e-14
527.08000,1.7144105e-11,4.4930508e-14
527.09000,1.7147402e-11,4.4970923e-14
527.10000,1.7139275e-11,4.4999323e-14
527.11000,1.7124091e-11,4.5005954e-14
527.12000,1.7108695e-11,4.4998362e-14
527.13000,1.7097190e-11,4.5003044e-14
527.14000,1.7087865e-11,4.5025011e-14
527.15000,1.7077616e-11,4.5056108e-14
527.16000,1.7066814e-11,4.5110694e-14
527.17000,1.7058934e-11,4.5205451e-14
527.18000,1.7055638e-11,4.5336982e-14
527.19000,1.7055029e-11,4.5451415e-14
527.20000,1.7051711e-11,4.5489162e-14
527.21000,1.7035915e-11,4.5451542e-14
527.22000,1.6996315e-11,4.5369791e-14
527.23000,1.6925111e-11,4.5232994e-14
527.24000,1.6824358e-11,4.5031052e-14
527.25000,1.6712587e-11,4.4811709e-14
527.26000,1.6639621e-11,4.4686526e-14
527.27000,1.6648091e-11,4.4716026e-14
527.28000,1.6745602e-11,4.4900402e-14
527.29000,1.6880010e-11,4.5154937e-14
527.30000,1.6991484e-11,4.5388544e-14
527.31000,1.7056894e-11,4.5555082e-14
527.32000,1.7087116e-11,4.5667472e-14
527.33000,1.7100651e-11,4.5797030e-14
527.34000,1.7109578e-11,4.6033074e-14
527.35000,1.7117989e-11,4.6375254e-14
527.36000,1.7124868e-11,4.6688667e-14
527.37000,1.7127393e-11,4.6756007e-14
527.38000,1.7122204e-11,4.6620871e-14
527.39000,1.7101684e-11,4.6442796e-14
527.40000,1.7061353e-11,4.6321096e-14
527.41000,1.7007935e-11,4.6201872e-14
527.42000,1.6956853e-11,4.6047220e-14
527.43000,1.6918883e-11,4.5910430e-14
527.44000,1.6893960e-11,4.5837882e-14
527.45000,1.6877405e-11,4.5841846e-14
527.46000,1.6865623e-11,4.5919700e-14
527.47000,1.6850612e-11,4.6040003e-14
527.48000,1.6816895e-11,4.6109794e-14
527.49000,1.6750497e-11,4.6080786e-14
527.50000,1.6652025e-11,4.5995601e-14
527.51000,1.6542440e-11,4.5914035e-14
527.52000,1.6462597e-11,4.5824563e-14
527.53000,1.6447211e-11,4.5675182e-14
527.54000,1.6488760e-11,4.5410333e-14
527.55000,1.6548081e-11,4.4986735e-14
527.56000,1.6591669e-11,4.4461838e-14
527.57000,1.6606271e-11,4.3972470e-14
527.58000,1.6559591e-11,4.3619768e-14
527.59000,1.6416203e-11,4.3314418e-14
527.60000,1.6148299e-11,4.2943077e-14
527.61000,1.5805876e-11,4.2481388e-14
527.62000,1.5545532e-11,4.2107374e-14
527.63000,1.5567569e-11,4.2117109e-14
527.64000,1.5899189e-11,4.2574715e-14
527.65000,1.6360505e-11,4.3230482e-14
527.66000,1.6732959e-11,4.3766442e-14
527.67000,1.6943289e-11,4.4073250e-14
527.68000,1.7019626e-11,4.4202532e-14
527.69000,1.7046730e-11,4.4281774e-14
527.70000,1.7055779e-11,4.4338239e-14
527.71000,1.7062003e-11,4.4360455e-14
527.72000,1.7067526e-11,4.4342512e-14
527.73000,1.7072934e-11,4.4311379e-14
527.74000,1.7078060e-11,4.4299843e-14
527.75000,1.7079056e-11,4.4312370e-14
527.76000,1.7071122e-11,4.4329390e-14
527.77000,1.7054141e-11,4.4330477e-14
527.78000,1.7032263e-11,4.4311700e-14
527.79000,1.7009475e-11,4.4280420e-14
527.80000,1.6989633e-11,4.4250638e-14
527.81000,1.6974861e-11,4.4227264e-14
527.82000,1.6961824e-11,4.4208980e-14
527.83000,1.6945586e-11,4.4196572e-14
527.84000,1.6931125e-11,4.4206337e-14
527.85000,1.6931513e-11,4.4258714e-14
527.86000,1.6949125e-11,4.4336685e-14
527.87000,1.6968862e-11,4.4382017e-14
527.88000,1.6970557e-11,4.4353731e-14
527.89000,1.6946550e-11,4.4266873e-14
527.90000,1.6897854e-11,4.4158462e-14
527.91000,1.6843579e-11,4.4069116e-14
527.92000,1.6804491e-11,4.4026194e-14
527.93000,1.6797429e-11,4.4040845e-14
527.94000,1.6821496e-11,4.4101250e-14
527.95000,1.6860388e-11,4.4180173e-14
527.96000,1.6894418e-11,4.4244801e-14
527.97000,1.6911538e-11,4.4270041e-14
527.98000,1.6909278e-11,4.4253912e-14
527.99000,1.6894265e-11,4.4220125e-14
528.00000,1.6877268e-11,4.4201928e-14
528.01000,1.6868658e-11,4.4213052e-14
528.02000,1.6876900e-11,4.4255765e-14
528.03000,1.6906680e-11,4.4321044e-14
528.04000,1.6953416e-11,4.4393323e-14
528.05000,1.7001213e-11,4.4454977e-14
528.06000,1.7030820e-11,4.4497401e-14
528.07000,1.7034739e-11,4.4529493e-14
528.08000,1.7019826e-11,4.4564152e-14
528.09000,1.6999070e-11,4.4593626e-14
528.10000,1.6980690e-11,4.4594776e-14
528.11000,1.6967009e-11,4.4555747e-14
528.12000,1.6956781e-11,4.4508674e-14
528.13000,1.6949219e-11,4.4472794e-14
528.14000,1.6941967e-11,4.4447182e-14
528.15000,1.6935145e-11,4.4427370e-14
528.16000,1.6934945e-11,4.4423180e-14
528.17000,1.6948947e-11,4.4448235e-14
528.18000,1.6975866e-11,4.4500013e-14
528.19000,1.7005324e-11,4.4561482e-14
528.20000,1.7026750e-11,4.4615286e-14
528.21000,1.7037979e-11,4.4654486e-14
528.22000,1.7040535e-11,4.4674230e-14
528.23000,1.7036747e-11,4.4678952e-14
528.24000,1.7025021e-11,4.4675809e-14
528.25000,1.7005008e-11,4.4672728e-14
528.26000,1.6977670e-11,4.4662638e-14
528.27000,1.6944002e-11,4.4627950e-14
528.28000,1.6906668e-11,4.4565379e-14
528.29000,1.6871539e-11,4.4495772e-14
528.30000,1.6842455e-11,4.4439907e-14
528.31000,1.6816145e-11,4.4398827e-14
528.32000,1.6786580e-11,4.4360039e-14
528.33000,1.6754381e-11,4.4319102e-14
528.34000,1.6731505e-11,4.4292272e-14
528.35000,1.6727958e-11,4.4296146e-14
528.36000,1.6742651e-11,4.4334440e-14
528.37000,1.6765207e-11,4.4396982e-14
528.38000,1.6781674e-11,4.4471124e-14
528.39000,1.6774849e-11,4.4545072e-14
528.40000,1.6727989e-11,4.4565259e-14
528.41000,1.6634530e-11,4.4461790e-14
528.42000,1.6517248e-11,4.4267083e-14
528.43000,1.6427665e-11,4.4098013e-14
528.44000,1.6447218e-11,4.4072452e-14
528.45000,1.6572902e-11,4.4202009e-14
528.46000,1.6748841e-11,4.4455650e-14
528.47000,1.6890561e-11,4.4693998e-14
528.48000,1.6965517e-11,4.4784001e-14
528.49000,1.6993137e-11,4.4752319e-14
528.50000,1.7004583e-11,4.4764709e-14
528.51000,1.7015123e-11,4.4912704e-14
528.52000,1.7023632e-11,4.5115806e-14
528.53000,1.7026251e-11,4.5235984e-14
528.54000,1.7024304e-11,4.5215702e-14
528.55000,1.7021988e-11,4.5087798e-14
528.56000,1.7023263e-11,4.4896662e-14
528.57000,1.7029367e-11,4.4725302e-14
528.58000,1.7039104e-11,4.4644052e-14
528.59000,1.7047615e-11,4.4670428e-14
528.60000,1.7049818e-11,4.4761448e-14
528.61000,1.7044775e-11,4.4859529e-14
528.62000,1.7038138e-11,4.4928699e-14
528.63000,1.7035767e-11,4.4959236e-14
528.64000,1.7036196e-11,4.4949630e-14
528.65000,1.7033194e-11,4.4894989e-14
528.66000,1.7024522e-11,4.4797830e-14
528.67000,1.7012043e-11,4.4673610e-14
528.68000,1.7000347e-11,4.4565771e-14
528.69000,1.6993331e-11,4.4511542e-14
528.70000,1.6993053e-11,4.4536354e-14
528.71000,1.6997715e-11,4.4650294e-14
528.72000,1.7004475e-11,4.4832413e-14
528.73000,1.7012779e-11,4.5004800e-14
528.74000,1.7022113e-11,4.5071606e-14
528.75000,1.7028908e-11,4.5006957e-14
528.76000,1.7029117e-11,4.4895072e-14
528.77000,1.7022945e-11,4.4839848e-14
528.78000,1.7013519e-11,4.4875349e-14
528.79000,1.7004904e-11,4.4909629e-14
528.80000,1.6999256e-11,4.4893778e-14
528.81000,1.6997000e-11,4.4861096e-14
528.82000,1.6996226e-11,4.4859245e-14
528.83000,1.6994134e-11,4.4869148e-14
528.84000,1.6989332e-11,4.4858145e-14
528.85000,1.6984884e-11,4.4845229e-14
528.86000,1.6986527e-11,4.4850919e-14
528.87000,1.6994129e-11,4.4861708e-14
528.88000,1.6997935e-11,4.4860616e-14
528.89000,1.6990090e-11,4.4845649e-14
528.90000,1.6973071e-11,4.4826261e-14
528.91000,1.6962974e-11,4.4826091e-14
528.92000,1.6969798e-11,4.4856070e-14
528.93000,1.6990350e-11,4.4899146e-14
528.94000,1.7012354e-11,4.4925783e-14
528.95000,1.7026144e-11,4.4921183e-14
528.96000,1.7030736e-11,4.4897938e-14
528.97000,1.7030170e-11,4.4882347e-14
528.98000,1.7027172e-11,4.4888714e-14
528.99000,1.7019717e-11,4.4900037e-14
529.00000,1.7004045e-11,4.4887501e-14
529.01000,1.6975298e-11,4.4831545e-14
529.02000,1.6939759e-11,4.4758122e-14
529.03000,1.6910777e-11,4.4703639e-14
529.04000,1.6904350e-11,4.4705473e-14
529.05000,1.6922220e-11,4.4760859e-14
529.06000,1.6948995e-11,4.4815049e-14
529.07000,1.6966167e-11,4.4812071e-14
529.08000,1.6966710e-11,4.4757880e-14
529.09000,1.6954637e-11,4.4696878e-14
529.10000,1.6938120e-11,4.4654314e-14
529.11000,1.6922421e-11,4.4617147e-14
529.12000,1.6908028e-11,4.4567949e-14
529.13000,1.6892939e-11,4.4511537e-14
529.14000,1.6872444e-11,4.4466281e-14
529.15000,1.6835243e-11,4.4424175e-14
529.16000,1.6762952e-11,4.4341466e-14
529.17000,1.6643814e-11,4.4175614e-14
529.18000,1.6503503e-11,4.3957621e-14
529.19000,1.6418370e-11,4.3818628e-14
529.20000,1.6455017e-11,4.3875994e-14
529.21000,1.6599665e-11,4.4107816e-14
529.22000,1.6767901e-11,4.4373376e-14
529.23000,1.6891899e-11,4.4561184e-14
529.24000,1.6949124e-11,4.4632659e-14
529.25000,1.6969333e-11,4.4636658e-14
529.26000,1.6970067e-11,4.4606051e-14
529.27000,1.6966970e-11,4.4577665e-14
529.28000,1.6965652e-11,4.4568150e-14
529.29000,1.6963564e-11,4.4567187e-14
529.30000,1.6957105e-11,4.4558322e-14
529.31000,1.6948131e-11,4.4549542e-14
529.32000,1.6940103e-11,4.4561802e-14
529.33000,1.6933529e-11,4.4595909e-14
529.34000,1.6927865e-11,4.4628967e-14
529.35000,1.6923109e-11,4.4642325e-14
529.36000,1.6918509e-11,4.4627786e-14
529.37000,1.6913184e-11,4.4593774e-14
529.38000,1.6907713e-11,4.4553377e-14
529.39000,1.6904339e-11,4.4533418e-14
529.40000,1.6906524e-11,4.4544631e-14
529.41000,1.6915459e-11,4.4562663e-14
529.42000,1.6926461e-11,4.4556400e-14
529.43000,1.6932124e-11,4.4527705e-14
529.44000,1.6929481e-11,4.4499332e-14
529.45000,1.6922934e-11,4.4486824e-14
529.46000,1.6921030e-11,4.4496824e-14
529.47000,1.6927509e-11,4.4531771e-14
529.48000,1.6938087e-11,4.4585325e-14
529.49000,1.6944183e-11,4.4625691e-14
529.50000,1.6943042e-11,4.4632026e-14
529.51000,1.6937093e-11,4.4611717e-14
529.52000,1.6930913e-11,4.4585292e-14
529.53000,1.6927992e-11,4.4557898e-14
529.54000,1.6927055e-11,4.4522973e-14
529.55000,1.6923309e-11,4.4480744e-14
529.56000,1.6915720e-11,4.4438426e-14
529.57000,1.6907250e-11,4.4405741e-14
529.58000,1.6899362e-11,4.4390951e-14
529.59000,1.6891368e-11,4.4392690e-14
529.60000,1.6883216e-11,4.4400917e-14
529.61000,1.6876290e-11,4.4401846e-14
529.62000,1.6872399e-11,4.4391405e-14
529.63000,1.6872057e-11,4.4374471e-14
529.64000,1.6872716e-11,4.4353934e-14
529.65000,1.6870782e-11,4.4330060e-14
529.66000,1.6865771e-11,4.4317712e-14
529.67000,1.6860361e-11,4.4343780e-14
529.68000,1.6856142e-11,4.4412649e-14
529.69000,1.6852852e-11,4.4477452e-14
529.70000,1.6849660e-11,4.4471592e-14
529.71000,1.6845488e-11,4.4388501e-14
529.72000,1.6839844e-11,4.4287534e-14
529.73000,1.6836039e-11,4.4225122e-14
529.74000,1.6838342e-11,4.4205042e-14
529.75000,1.6847845e-11,4.4204873e-14
529.76000,1.6861331e-11,4.4207353e-14
529.77000,1.6873833e-11,4.4206279e-14
529.78000,1.6879754e-11,4.4197283e-14
529.79000,1.6876902e-11,4.4180414e-14
529.80000,1.6870765e-11,4.4167384e-14
529.81000,1.6869544e-11,4.4171995e-14
529.82000,1.6875106e-11,4.4196319e-14
529.83000,1.6882220e-11,4.4232022e-14
529.84000,1.6882386e-11,4.4265903e-14
529.85000,1.6873778e-11,4.4280745e-14
529.86000,1.6859265e-11,4.4266180e-14
529.87000,1.6843543e-11,4.4228149e-14
529.88000,1.6824629e-11,4.4166945e-14
529.89000,1.6795600e-11,4.4071197e-14
529.90000,1.6758083e-11,4.3956878e-14
529.91000,1.6729971e-11,4.3875638e-14
529.92000,1.6728342e-11,4.3856594e-14
529.93000,1.6750251e-11,4.3881037e-14
529.94000,1.6777080e-11,4.3910201e-14
529.95000,1.6794583e-11,4.3913245e-14
529.96000,1.6802389e-11,4.3884726e-14
529.97000,1.6805295e-11,4.3849583e-14
529.98000,1.6807368e-11,4.3841204e-14
529.99000,1.6807747e-11,4.3849838e-14
530.00000,1.6803069e-11,4.3832669e-14
530.01000,1.6792170e-11,4.3775688e-14
530.02000,1.6782088e-11,4.3724794e-14
530.03000,1.6785227e-11,4.3742439e-14
530.04000,1.6805261e-11,4.3839230e-14
530.05000,1.6833128e-11,4.3977419e-14
530.06000,1.6856384e-11,4.4113482e-14
530.07000,1.6868526e-11,4.4217399e-14
530.08000,1.6870501e-11,4.4265464e-14
530.09000,1.6865116e-11,4.4208925e-14
530.10000,1.6857670e-11,4.4078689e-14
530.11000,1.6849990e-11,4.3944798e-14
530.12000,1.6841033e-11,4.3881074e-14
530.13000,1.6828368e-11,4.3900888e-14
530.14000,1.6811949e-11,4.3977484e-14
530.15000,1.6793469e-11,4.4072184e-14
530.16000,1.6774111e-11,4.4126193e-14
530.17000,1.6755958e-11,4.4083229e-14
530.18000,1.6742418e-11,4.3946863e-14
530.19000,1.6734821e-11,4.3778680e-14
530.20000,1.6732050e-11,4.3640934e-14
530.21000,1.6733331e-11,4.3561143e-14
530.22000,1.6738878e-11,4.3557338e-14
530.23000,1.6743619e-11,4.3595278e-14
530.24000,1.6742025e-11,4.3628872e-14
530.25000,1.6731643e-11,4.3614983e-14
530.26000,1.6715247e-11,4.3560942e-14
530.27000,1.6702737e-11,4.3519628e-14
530.28000,1.6707742e-11,4.3529338e-14
530.29000,1.6733262e-11,4.3572367e-14
530.30000,1.6768166e-11,4.3625472e-14
530.31000,1.6796387e-11,4.3712866e-14
530.32000,1.6808283e-11,4.3915073e-14
530.33000,1.6806492e-11,4.4303092e-14
530.34000,1.6801459e-11,4.4887799e-14
530.35000,1.6802594e-11,4.5455771e-14
530.36000,1.6812809e-11,4.5830038e-14
530.37000,1.6831955e-11,4.5985098e-14
530.38000,1.6857687e-11,4.6021265e-14
530.39000,1.6884199e-11,4.6018665e-14
530.40000,1.6904138e-11,4.5996322e-14
530.41000,1.6912344e-11,4.5956833e-14
530.42000,1.6908290e-11,4.5919485e-14
530.43000,1.6895474e-11,4.5903452e-14
530.44000,1.6879746e-11,4.5896193e-14
530.45000,1.6867935e-11,4.5862124e-14
530.46000,1.6864668e-11,4.5793850e-14
530.47000,1.6871018e-11,4.5728882e-14
530.48000,1.6877132e-11,4.5695327e-14
530.49000,1.6874284e-11,4.5672261e-14
530.50000,1.6860042e-11,4.5618569e-14
530.51000,1.6838837e-11,4.5529098e-14
530.52000,1.6815397e-11,4.5430398e-14
530.53000,1.6790205e-11,4.5335034e-14
530.54000,1.6760429e-11,4.5234170e-14
530.55000,1.6727331e-11,4.5128598e-14
530.56000,1.6701036e-11,4.5044418e-14
530.57000,1.6693517e-11,4.5014943e-14
530.58000,1.6705249e-11,4.5038782e-14
530.59000,1.6722640e-11,4.5069364e-14
530.60000,1.6724819e-11,4.5037364e-14
530.61000,1.6706825e-11,4.4942327e-14
530.62000,1.6671872e-11,4.4808125e-14
530.63000,1.6628957e-11,4.4655243e-14
530.64000,1.6595328e-11,4.4507011e-14
530.65000,1.6597732e-11,4.4420909e-14
530.66000,1.6646899e-11,4.4438806e-14
530.67000,1.6716359e-11,4.4528092e-14
530.68000,1.6772025e-11,4.4629229e-14
530.69000,1.6803614e-11,4.4709407e-14
530.70000,1.6819880e-11,4.4755655e-14
530.71000,1.6830208e-11,4.4766263e-14
530.72000,1.6837968e-11,4.4755971e-14
530.73000,1.6841620e-11,4.4732543e-14
530.74000,1.6840798e-11,4.4685599e-14
530.75000,1.6837101e-11,4.4610131e-14
530.76000,1.6834164e-11,4.4524694e-14
530.77000,1.6832871e-11,4.4449367e-14
530.78000,1.6828986e-11,4.4387710e-14
530.79000,1.6817497e-11,4.4338505e-14
530.80000,1.6800289e-11,4.4314325e-14
530.81000,1.6785030e-11,4.4318578e-14
530.82000,1.6774995e-11,4.4314176e-14
530.83000,1.6763175e-11,4.4258421e-14
530.84000,1.6740744e-11,4.4160345e-14
530.85000,1.6710832e-11,4.4065961e-14
530.86000,1.6694852e-11,4.4028212e-14
530.87000,1.6708837e-11,4.4047993e-14
530.88000,1.6751559e-11,4.4109575e-14
530.89000,1.6801378e-11,4.4180685e-14
530.90000,1.6836713e-11,4.4240261e-14
530.91000,1.6850029e-11,4.4290608e-14
530.92000,1.6847420e-11,4.4342143e-14
530.93000,1.6841237e-11,4.4394581e-14
530.94000,1.6839355e-11,4.4427173e-14
530.95000,1.6838785e-11,4.4406125e-14
530.96000,1.6831029e-11,4.4332753e-14
530.97000,1.6812611e-11,4.4251841e-14
530.98000,1.6788137e-11,4.4190408e-14
530.99000,1.6764786e-11,4.4148575e-14
531.00000,1.6745993e-11,4.4118530e-14
531.01000,1.6733917e-11,4.4087525e-14
531.02000,1.6731535e-11,4.4045747e-14
531.03000,1.6741065e-11,4.4014442e-14
531.04000,1.6758253e-11,4.4006483e-14
531.05000,1.6770692e-11,4.3992271e-14
531.06000,1.6766017e-11,4.3961098e-14
531.07000,1.6744138e-11,4.3947923e-14
531.08000,1.6715702e-11,4.3947851e-14
531.09000,1.6694479e-11,4.3912775e-14
531.10000,1.6689460e-11,4.3852743e-14
531.11000,1.6700017e-11,4.3840014e-14
531.12000,1.6717994e-11,4.3893931e-14
531.13000,1.6734076e-11,4.3941399e-14
531.14000,1.6743683e-11,4.3919801e-14
531.15000,1.6746836e-11,4.3862807e-14
531.16000,1.6747511e-11,4.3857719e-14
531.17000,1.6749942e-11,4.3944598e-14
531.18000,1.6754949e-11,4.4084149e-14
531.19000,1.6760020e-11,4.4214327e-14
531.20000,1.6763631e-11,4.4290038e-14
531.21000,1.6767261e-11,4.4269145e-14
531.22000,1.6772825e-11,4.4173154e-14
531.23000,1.6780600e-11,4.4118918e-14
531.24000,1.6787556e-11,4.4143479e-14
531.25000,1.6788197e-11,4.4123552e-14
531.26000,1.6774999e-11,4.3907238e-14
531.27000,1.6751513e-11,4.3606077e-14
531.28000,1.6722850e-11,4.3365307e-14
531.29000,1.6692604e-11,4.3239059e-14
531.30000,1.6660289e-11,4.3162407e-14
531.31000,1.6627197e-11,4.3091518e-14
531.32000,1.6598504e-11,4.3078266e-14
531.33000,1.6580731e-11,4.3203857e-14
531.34000,1.6577695e-11,4.3453274e-14
531.35000,1.6586804e-11,4.3723980e-14
531.36000,1.6598451e-11,4.3941795e-14
531.37000,1.6606337e-11,4.4133879e-14
531.38000,1.6618484e-11,4.4377334e-14
531.39000,1.6647027e-11,4.4690944e-14
531.40000,1.6694378e-11,4.4967654e-14
531.41000,1.6737848e-11,4.5072179e-14
531.42000,1.6761026e-11,4.4979030e-14
531.43000,1.6764264e-11,4.4784565e-14
531.44000,1.6760304e-11,4.4573676e-14
531.45000,1.6758686e-11,4.4357367e-14
531.46000,1.6760788e-11,4.4114540e-14
531.47000,1.6762403e-11,4.3844514e-14
531.48000,1.6757690e-11,4.3578141e-14
531.49000,1.6744428e-11,4.3357684e-14
531.50000,1.6724786e-11,4.3218927e-14
531.51000,1.6700596e-11,4.3170805e-14
531.52000,1.6671968e-11,4.3185360e-14
531.53000,1.6640145e-11,4.3223898e-14
531.54000,1.6604504e-11,4.3284709e-14
531.55000,1.6556516e-11,4.3371833e-14
531.56000,1.6481112e-11,4.3432767e-14
531.57000,1.6373688e-11,4.3366768e-14
531.58000,1.6251941e-11,4.3133462e-14
531.59000,1.6143797e-11,4.2811504e-14
531.60000,1.6058243e-11,4.2525588e-14
531.61000,1.5973225e-11,4.2331438e-14
531.62000,1.5859158e-11,4.2198394e-14
531.63000,1.5707489e-11,4.2075763e-14
531.64000,1.5533783e-11,4.1911195e-14
531.65000,1.5348374e-11,4.1660756e-14
531.66000,1.5120842e-11,4.1309961e-14
531.67000,1.4818813e-11,4.0882384e-14
531.68000,1.4503064e-11,4.0490018e-14
531.69000,1.4380338e-11,4.0373140e-14
531.70000,1.4616057e-11,4.0750742e-14
531.71000,1.5163546e-11,4.1592975e-14
531.72000,1.5795662e-11,4.2624018e-14
531.73000,1.6295769e-11,4.3525664e-14
531.74000,1.6586083e-11,4.4100624e-14
531.75000,1.6707503e-11,4.4313468e-14
531.76000,1.6740302e-11,4.4286924e-14
531.77000,1.6737868e-11,4.4179488e-14
531.78000,1.6724044e-11,4.4091322e-14
531.79000,1.6703060e-11,4.4051102e-14
531.80000,1.6669544e-11,4.4037775e-14
531.81000,1.6620736e-11,4.4010117e-14
531.82000,1.6565081e-11,4.3957639e-14
531.83000,1.6528780e-11,4.3935911e-14
531.84000,1.6532883e-11,4.3980684e-14
531.85000,1.6572186e-11,4.4087831e-14
531.86000,1.6616637e-11,4.4236384e-14
531.87000,1.6640932e-11,4.4387012e-14
531.88000,1.6644222e-11,4.4479595e-14
531.89000,1.6641553e-11,4.4486085e-14
531.90000,1.6647020e-11,4.4456427e-14
531.91000,1.6665080e-11,4.4458949e-14
531.92000,1.6689925e-11,4.4511970e-14
531.93000,1.6710361e-11,4.4591260e-14
531.94000,1.6719113e-11,4.4671066e-14
531.95000,1.6717676e-11,4.4738025e-14
531.96000,1.6711020e-11,4.4784669e-14
531.97000,1.6704417e-11,4.4813039e-14
531.98000,1.6699703e-11,4.4819381e-14
531.99000,1.6697597e-11,4.4813258e-14
532.00000,1.6696111e-11,4.4813079e-14
532.01000,1.6689182e-11,4.4824328e-14
532.02000,1.6672206e-11,4.4839051e-14
532.03000,1.6649661e-11,4.4855481e-14
532.04000,1.6632962e-11,4.4883178e-14
532.05000,1.6627334e-11,4.4927010e-14
532.06000,1.6623218e-11,4.4974661e-14
532.07000,1.6603780e-11,4.5008058e-14
532.08000,1.6563880e-11,4.5029438e-14
532.09000,1.6520478e-11,4.5061666e-14
532.10000,1.6497951e-11,4.5115807e-14
532.11000,1.6521685e-11,4.5181885e-14
532.12000,1.6576029e-11,4.5232422e-14
532.13000,1.6634967e-11,4.5214810e-14
532.14000,1.6672506e-11,4.5040066e-14
532.15000,1.6682433e-11,4.4657275e-14
532.16000,1.6672107e-11,4.4147414e-14
532.17000,1.6651225e-11,4.3675194e-14
532.18000,1.6625486e-11,4.3340914e-14
532.19000,1.6596024e-11,4.3134259e-14
532.20000,1.6564325e-11,4.3017075e-14
532.21000,1.6538699e-11,4.2959243e-14
532.22000,1.6530001e-11,4.2932576e-14
532.23000,1.6537966e-11,4.2910699e-14
532.24000,1.6552411e-11,4.2884961e-14
532.25000,1.6569337e-11,4.2869400e-14
532.26000,1.6595487e-11,4.2886186e-14
532.27000,1.6626559e-11,4.2917560e-14
532.28000,1.6651013e-11,4.2939832e-14
532.29000,1.6661599e-11,4.2946942e-14
532.30000,1.6658466e-11,4.2951177e-14
532.31000,1.6641354e-11,4.2958379e-14
532.32000,1.6610799e-11,4.2958815e-14
532.33000,1.6573874e-11,4.2936271e-14
532.34000,1.6540153e-11,4.2887471e-14
532.35000,1.6513613e-11,4.2831599e-14
532.36000,1.6493926e-11,4.2795789e-14
532.37000,1.6481429e-11,4.2787198e-14
532.38000,1.6478350e-11,4.2792683e-14
532.39000,1.6485162e-11,4.2803333e-14
532.40000,1.6501568e-11,4.2826949e-14
532.41000,1.6523079e-11,4.2867206e-14
532.42000,1.6546200e-11,4.2922459e-14
532.43000,1.6565918e-11,4.2983710e-14
532.44000,1.6578447e-11,4.3036998e-14
532.45000,1.6582137e-11,4.3065122e-14
532.46000,1.6575779e-11,4.3057881e-14
532.47000,1.6558499e-11,4.3021990e-14
532.48000,1.6533334e-11,4.2977882e-14
532.49000,1.6507030e-11,4.2948202e-14
532.50000,1.6483295e-11,4.2941418e-14
532.51000,1.6461193e-11,4.2939513e-14
532.52000,1.6439343e-11,4.2912812e-14
532.53000,1.6417473e-11,4.2854455e-14
532.54000,1.6393329e-11,4.2783340e-14
532.55000,1.6356262e-11,4.2708771e-14
532.56000,1.6301977e-11,4.2621781e-14
532.57000,1.6244679e-11,4.2538514e-14
532.58000,1.6226466e-11,4.2521239e-14
532.59000,1.6283647e-11,4.2624387e-14
532.60000,1.6403282e-11,4.2824426e-14
532.61000,1.6529462e-11,4.3033897e-14
532.62000,1.6616722e-11,4.3183474e-14
532.63000,1.6660195e-11,4.3264484e-14
532.64000,1.6679561e-11,4.3304646e-14
532.65000,1.6688077e-11,4.3322410e-14
532.66000,1.6687922e-11,4.3322440e-14
532.67000,1.6678352e-11,4.3310578e-14
532.68000,1.6660162e-11,4.3294910e-14
532.69000,1.6633769e-11,4.3272037e-14
532.70000,1.6599831e-11,4.3231554e-14
532.71000,1.6559645e-11,4.3169217e-14
532.72000,1.6518951e-11,4.3107778e-14
532.73000,1.6482143e-11,4.3063422e-14
532.74000,1.6450452e-11,4.3033174e-14
532.75000,1.6421091e-11,4.3002529e-14
532.76000,1.6393358e-11,4.2970812e-14
532.77000,1.6373724e-11,4.2960093e-14
532.78000,1.6371035e-11,4.3002855e-14
532.79000,1.6386464e-11,4.3113570e-14
532.80000,1.6413894e-11,4.3259337e-14
532.81000,1.6446978e-11,4.3368219e-14
532.82000,1.6480536e-11,4.3394351e-14
532.83000,1.6510618e-11,4.3367889e-14
532.84000,1.6536688e-11,4.3352397e-14
532.85000,1.6560887e-11,4.3374230e-14
532.86000,1.6582444e-11,4.3421764e-14
532.87000,1.6595820e-11,4.3460396e-14
532.88000,1.6594290e-11,4.3469863e-14
532.89000,1.6574642e-11,4.3444189e-14
532.90000,1.6535283e-11,4.3385444e-14
532.91000,1.6477380e-11,4.3298048e-14
532.92000,1.6412030e-11,4.3198168e-14
532.93000,1.6359924e-11,4.3117150e-14
532.94000,1.6337412e-11,4.3082249e-14
532.95000,1.6339335e-11,4.3086948e-14
532.96000,1.6342275e-11,4.3094212e-14
532.97000,1.6321218e-11,4.3065259e-14
532.98000,1.6272554e-11,4.2998187e-14
532.99000,1.6225412e-11,4.2943222e-14
533.00000,1.6222098e-11,4.2965158e-14
533.01000,1.6274644e-11,4.3073833e-14
533.02000,1.6362933e-11,4.3222167e-14
533.03000,1.6441510e-11,4.3337460e-14
533.04000,1.6487797e-11,4.3393144e-14
533.05000,1.6493458e-11,4.3392352e-14
533.06000,1.6454393e-11,4.3335728e-14
533.07000,1.6365653e-11,4.3210059e-14
533.08000,1.6235990e-11,4.3019031e-14
533.09000,1.6107763e-11,4.2828913e-14
533.10000,1.6048875e-11,4.2765831e-14
533.11000,1.6098807e-11,4.2902321e-14
533.12000,1.6235084e-11,4.3179732e-14
533.13000,1.6392598e-11,4.3452560e-14
533.14000,1.6514401e-11,4.3600809e-14
533.15000,1.6582436e-11,4.3620143e-14
533.16000,1.6610216e-11,4.3603026e-14
533.17000,1.6619792e-11,4.3611770e-14
533.18000,1.6625120e-11,4.3613367e-14
533.19000,1.6630704e-11,4.3582345e-14
533.20000,1.6634102e-11,4.3573573e-14
533.21000,1.6632379e-11,4.3633885e-14
533.22000,1.6626498e-11,4.3703303e-14
533.23000,1.6621112e-11,4.3679906e-14
533.24000,1.6620045e-11,4.3552727e-14
533.25000,1.6623155e-11,4.3415648e-14
533.26000,1.6627452e-11,4.3368493e-14
533.27000,1.6630695e-11,4.3441115e-14
533.28000,1.6633803e-11,4.3609921e-14
533.29000,1.6638944e-11,4.3822474e-14
533.30000,1.6645919e-11,4.4013197e-14
533.31000,1.6651890e-11,4.4130013e-14
533.32000,1.6654400e-11,4.4159983e-14
533.33000,1.6653798e-11,4.4131291e-14
533.34000,1.6651733e-11,4.4085697e-14
533.35000,1.6648959e-11,4.4063218e-14
533.36000,1.6644268e-11,4.4080286e-14
533.37000,1.6636605e-11,4.4127637e-14
533.38000,1.6625198e-11,4.4164666e-14
533.39000,1.6608179e-11,4.4129789e-14
533.40000,1.6583688e-11,4.3980481e-14
533.41000,1.6554054e-11,4.3734501e-14
533.42000,1.6527205e-11,4.3469903e-14
533.43000,1.6511191e-11,4.3282570e-14
533.44000,1.6507880e-11,4.3232734e-14
533.45000,1.6512202e-11,4.3313803e-14
533.46000,1.6516041e-11,4.3447127e-14
533.47000,1.6512723e-11,4.3522729e-14
533.48000,1.6499135e-11,4.3483714e-14
533.49000,1.6476853e-11,4.3377070e-14
533.50000,1.6453521e-11,4.3313264e-14
533.51000,1.6444656e-11,4.3326533e-14
533.52000,1.6464145e-11,4.3386172e-14
533.53000,1.6510566e-11,4.3455372e-14
533.54000,1.6566091e-11,4.3533736e-14
533.55000,1.6610450e-11,4.3609331e-14
533.56000,1.6631814e-11,4.3646044e-14
533.57000,1.6627996e-11,4.3634927e-14
533.58000,1.6605503e-11,4.3599350e-14
533.59000,1.6577755e-11,4.3560655e-14
533.60000,1.6556532e-11,4.3539264e-14
533.61000,1.6543569e-11,4.3554761e-14
533.62000,1.6533763e-11,4.3605975e-14
533.63000,1.6525153e-11,4.3661689e-14
533.64000,1.6520906e-11,4.3672926e-14
533.65000,1.6521686e-11,4.3617505e-14
533.66000,1.6522012e-11,4.3524958e-14
533.67000,1.6512242e-11,4.3441349e-14
533.68000,1.6494591e-11,4.3381342e-14
533.69000,1.6479332e-11,4.3347138e-14
533.70000,1.6477831e-11,4.3341435e-14
533.71000,1.6488805e-11,4.3357309e-14
533.72000,1.6499335e-11,4.3371868e-14
533.73000,1.6498772e-11,4.3370151e-14
533.74000,1.6487627e-11,4.3358209e-14
533.75000,1.6471613e-11,4.3344297e-14
533.76000,1.6452809e-11,4.3323678e-14
533.77000,1.6430945e-11,4.3289831e-14
533.78000,1.6409032e-11,4.3248144e-14
533.79000,1.6394648e-11,4.3213210e-14
533.80000,1.6398465e-11,4.3200427e-14
533.81000,1.6427283e-11,4.3220145e-14
533.82000,1.6473259e-11,4.3270624e-14
533.83000,1.6518110e-11,4.3337253e-14
533.84000,1.6543313e-11,4.3397014e-14
533.85000,1.6552631e-11,4.3425616e-14
533.86000,1.6552735e-11,4.3407903e-14
533.87000,1.6547382e-11,4.3358058e-14
533.88000,1.6533818e-11,4.3308983e-14
533.89000,1.6510725e-11,4.3282611e-14
533.90000,1.6482380e-11,4.3276111e-14
533.91000,1.6456170e-11,4.3268551e-14
533.92000,1.6437261e-11,4.3234618e-14
533.93000,1.6421316e-11,4.3161096e-14
533.94000,1.6391395e-11,4.3052453e-14
533.95000,1.6325465e-11,4.2914539e-14
533.96000,1.6212065e-11,4.2743888e-14
533.97000,1.6070940e-11,4.2551555e-14
533.98000,1.5963961e-11,4.2401260e-14
533.99000,1.5963789e-11,4.2387244e-14
534.00000,1.6078757e-11,4.2528149e-14
534.01000,1.6246109e-11,4.2744844e-14
534.02000,1.6371315e-11,4.2907550e-14
534.03000,1.6423832e-11,4.2974558e-14
534.04000,1.6423996e-11,4.2974474e-14
534.05000,1.6411300e-11,4.2963588e-14
534.06000,1.6413988e-11,4.2984135e-14
534.07000,1.6436723e-11,4.3040846e-14
534.08000,1.6466076e-11,4.3103680e-14
534.09000,1.6488527e-11,4.3140313e-14
534.10000,1.6502656e-11,4.3144614e-14
534.11000,1.6514561e-11,4.3136948e-14
534.12000,1.6527740e-11,4.3144565e-14
534.13000,1.6541960e-11,4.3185368e-14
534.14000,1.6555568e-11,4.3250981e-14
534.15000,1.6567051e-11,4.3303579e-14
534.16000,1.6575419e-11,4.3306031e-14
534.17000,1.6578558e-11,4.3259912e-14
534.18000,1.6574902e-11,4.3199377e-14
534.19000,1.6565151e-11,4.3159109e-14
534.20000,1.6554655e-11,4.3141443e-14
534.21000,1.6546465e-11,4.3141513e-14
534.22000,1.6543593e-11,4.3149608e-14
534.23000,1.6548005e-11,4.3152436e-14
534.24000,1.6556810e-11,4.3141426e-14
534.25000,1.6562575e-11,4.3123415e-14
534.26000,1.6560309e-11,4.3113399e-14
534.27000,1.6551865e-11,4.3115633e-14
534.28000,1.6541801e-11,4.3118458e-14
534.29000,1.6532134e-11,4.3117000e-14
534.30000,1.6523115e-11,4.3123156e-14
534.31000,1.6513743e-11,4.3138520e-14
534.32000,1.6501823e-11,4.3143861e-14
534.33000,1.6487558e-11,4.3132167e-14
534.34000,1.6475236e-11,4.3125214e-14
534.35000,1.6470072e-11,4.3139109e-14
534.36000,1.6473787e-11,4.3158221e-14
534.37000,1.6487453e-11,4.3154013e-14
534.38000,1.6506179e-11,4.3133458e-14
534.39000,1.6523488e-11,4.3102131e-14
534.40000,1.6531780e-11,4.3051126e-14
534.41000,1.6528547e-11,4.2978356e-14
534.42000,1.6516398e-11,4.2902519e-14
534.43000,1.6500127e-11,4.2844829e-14
534.44000,1.6485506e-11,4.2812172e-14
534.45000,1.6476461e-11,4.2795010e-14
534.46000,1.6471686e-11,4.2779400e-14
534.47000,1.6467618e-11,4.2762649e-14
534.48000,1.6463029e-11,4.2751998e-14
534.49000,1.6458816e-11,4.2754937e-14
534.50000,1.6456450e-11,4.2775253e-14
534.51000,1.6456170e-11,4.2807001e-14
534.52000,1.6455568e-11,4.2828235e-14
534.53000,1.6451177e-11,4.2818246e-14
534.54000,1.6441463e-11,4.2783978e-14
534.55000,1.6424053e-11,4.2750417e-14
534.56000,1.6397478e-11,4.2724817e-14
534.57000,1.6358118e-11,4.2693359e-14
534.58000,1.6309027e-11,4.2639037e-14
534.59000,1.6265981e-11,4.2563528e-14
534.60000,1.6251350e-11,4.2495227e-14
534.61000,1.6274256e-11,4.2463211e-14
534.62000,1.6319639e-11,4.2468647e-14
534.63000,1.6363278e-11,4.2495977e-14
534.64000,1.6392578e-11,4.2532927e-14
534.65000,1.6408349e-11,4.2565245e-14
534.66000,1.6414510e-11,4.2575619e-14
534.67000,1.6415302e-11,4.2561154e-14
534.68000,1.6413673e-11,4.2536651e-14
534.69000,1.6408107e-11,4.2512583e-14
534.70000,1.6395033e-11,4.2483855e-14
534.71000,1.6375709e-11,4.2447270e-14
534.72000,1.6356459e-11,4.2412557e-14
534.73000,1.6345517e-11,4.2397336e-14
534.74000,1.6345462e-11,4.2405735e-14
534.75000,1.6359041e-11,4.2434136e-14
534.76000,1.6383888e-11,4.2466480e-14
534.77000,1.6410736e-11,4.2492988e-14
534.78000,1.6429458e-11,4.2512830e-14
534.79000,1.6437665e-11,4.2520965e-14
534.80000,1.6439526e-11,4.2517312e-14
534.81000,1.6439838e-11,4.2522572e-14
534.82000,1.6442620e-11,4.2556222e-14
534.83000,1.6450732e-11,4.2603582e-14
534.84000,1.6462339e-11,4.2631105e-14
534.85000,1.6470703e-11,4.2629313e-14
534.86000,1.6470513e-11,4.2626777e-14
534.87000,1.6463404e-11,4.2666185e-14
534.88000,1.6454819e-11,4.2756385e-14
534.89000,1.6447222e-11,4.2846085e-14
534.90000,1.6438526e-11,4.2872330e-14
534.91000,1.6426471e-11,4.2835649e-14
534.92000,1.6412364e-11,4.2811743e-14
534.93000,1.6403931e-11,4.2914563e-14
534.94000,1.6409373e-11,4.3253233e-14
534.95000,1.6430624e-11,4.3825163e-14
534.96000,1.6460170e-11,4.4460966e-14
534.97000,1.6487009e-11,4.4949353e-14
534.98000,1.6505275e-11,4.5203185e-14
534.99000,1.6515883e-11,4.5252776e-14
535.00000,1.6522120e-11,4.5152715e-14
535.01000,1.6527174e-11,4.4964207e-14
535.02000,1.6533624e-11,4.4769171e-14
535.03000,1.6541059e-11,4.4635158e-14
535.04000,1.6546206e-11,4.4582161e-14
535.05000,1.6547169e-11,4.4583947e-14
535.06000,1.6546055e-11,4.4586570e-14
535.07000,1.6545796e-11,4.4545768e-14
535.08000,1.6544686e-11,4.4464721e-14
535.09000,1.6537539e-11,4.4383721e-14
535.10000,1.6523732e-11,4.4325461e-14
535.11000,1.6510020e-11,4.4274486e-14
535.12000,1.6503631e-11,4.4214797e-14
535.13000,1.6506273e-11,4.4157247e-14
535.14000,1.6513680e-11,4.4111045e-14
535.15000,1.6519209e-11,4.4072301e-14
535.16000,1.6518706e-11,4.4047767e-14
535.17000,1.6513781e-11,4.4062080e-14
535.18000,1.6508638e-11,4.4139331e-14
535.19000,1.6504805e-11,4.4269376e-14
535.20000,1.6502043e-11,4.4368601e-14
535.21000,1.6500671e-11,4.4322206e-14
535.22000,1.6499660e-11,4.4125394e-14
535.23000,1.6496436e-11,4.3894405e-14
535.24000,1.6490318e-11,4.3728459e-14
535.25000,1.6484138e-11,4.3640379e-14
535.26000,1.6481306e-11,4.3603289e-14
535.27000,1.6481448e-11,4.3598103e-14
535.28000,1.6479570e-11,4.3615439e-14
535.29000,1.6470266e-11,4.3634523e-14
535.30000,1.6453075e-11,4.3620015e-14
535.31000,1.6430363e-11,4.3524560e-14
535.32000,1.6406791e-11,4.3383956e-14
535.33000,1.6386857e-11,4.3254064e-14
535.34000,1.6378388e-11,4.3179228e-14
535.35000,1.6388121e-11,4.3161692e-14
535.36000,1.6413359e-11,4.3187165e-14
535.37000,1.6440313e-11,4.3245962e-14
535.38000,1.6454051e-11,4.3321150e-14
535.39000,1.6450083e-11,4.3373799e-14
535.40000,1.6436825e-11,4.3374816e-14
535.41000,1.6428045e-11,4.3339459e-14
535.42000,1.6430943e-11,4.3295391e-14
535.43000,1.6442324e-11,4.3240235e-14
535.44000,1.6455974e-11,4.3165055e-14
535.45000,1.6468836e-11,4.3086782e-14
535.46000,1.6479572e-11,4.3030291e-14
535.47000,1.6485805e-11,4.2995978e-14
535.48000,1.6485512e-11,4.2970174e-14
535.49000,1.6480503e-11,4.2953371e-14
535.50000,1.6475252e-11,4.2951480e-14
535.51000,1.6471157e-11,4.2950982e-14
535.52000,1.6463409e-11,4.2931023e-14
535.53000,1.6448753e-11,4.2895282e-14
535.54000,1.6428209e-11,4.2863286e-14
535.55000,1.6404935e-11,4.2847503e-14
535.56000,1.6385520e-11,4.2856583e-14
535.57000,1.6379722e-11,4.2902640e-14
535.58000,1.6390667e-11,4.2986477e-14
535.59000,1.6410032e-11,4.3078940e-14
535.60000,1.6427745e-11,4.3129671e-14
535.61000,1.6440328e-11,4.3113735e-14
535.62000,1.6448002e-11,4.3073304e-14
535.63000,1.6450401e-11,4.3083257e-14
535.64000,1.6448405e-11,4.3172256e-14
535.65000,1.6445971e-11,4.3285451e-14
535.66000,1.6446639e-11,4.3328553e-14
535.67000,1.6450249e-11,4.3261074e-14
535.68000,1.6454251e-11,4.3122620e-14
535.69000,1.6455465e-11,4.2974026e-14
535.70000,1.6450093e-11,4.2853990e-14
535.71000,1.6436186e-11,4.2769499e-14
535.72000,1.6413587e-11,4.2720171e-14
535.73000,1.6390690e-11,4.2700486e-14
535.74000,1.6375245e-11,4.2719956e-14
535.75000,1.6369915e-11,4.2773673e-14
535.76000,1.6369655e-11,4.2820802e-14
535.77000,1.6367334e-11,4.2814980e-14
535.78000,1.6359773e-11,4.2774286e-14
535.79000,1.6349863e-11,4.2756116e-14
535.80000,1.6343723e-11,4.2765289e-14
535.81000,1.6345360e-11,4.2756691e-14
535.82000,1.6353912e-11,4.2713356e-14
535.83000,1.6365001e-11,4.2676654e-14
535.84000,1.6374249e-11,4.2696951e-14
535.85000,1.6378954e-11,4.2752212e-14
535.86000,1.6378714e-11,4.2744240e-14
535.87000,1.6376181e-11,4.2629696e-14
535.88000,1.6373807e-11,4.2484961e-14
535.89000,1.6369188e-11,4.2378405e-14
535.90000,1.6358309e-11,4.2283715e-14
535.91000,1.6343766e-11,4.2176957e-14
535.92000,1.6333077e-11,4.2099446e-14
535.93000,1.6331736e-11,4.2098599e-14
535.94000,1.6333905e-11,4.2100890e-14
535.95000,1.6337005e-11,4.2050844e-14
535.96000,1.6342984e-11,4.1984640e-14
535.97000,1.6353752e-11,4.1986757e-14
535.98000,1.6367360e-11,4.2064631e-14
535.99000,1.6380892e-11,4.2128078e-14
536.00000,1.6391506e-11,4.2096226e-14
536.01000,1.6394779e-11,4.1993371e-14
536.02000,1.6387996e-11,4.1912562e-14
536.03000,1.6375495e-11,4.1923076e-14
536.04000,1.6364896e-11,4.2030239e-14
536.05000,1.6357562e-11,4.2156290e-14
536.06000,1.6349687e-11,4.2185143e-14
536.07000,1.6341110e-11,4.2081820e-14
536.08000,1.6336754e-11,4.1940118e-14
536.09000,1.6339392e-11,4.1866209e-14
536.10000,1.6345360e-11,4.1868669e-14
536.11000,1.6349039e-11,4.1901509e-14
536.12000,1.6348623e-11,4.1963964e-14
536.13000,1.6345688e-11,4.2102999e-14
536.14000,1.6341947e-11,4.2324681e-14
536.15000,1.6337374e-11,4.2564263e-14
536.16000,1.6329057e-11,4.2736131e-14
536.17000,1.6310469e-11,4.2793979e-14
536.18000,1.6274749e-11,4.2724502e-14
536.19000,1.6221599e-11,4.2555186e-14
536.20000,1.6162045e-11,4.2353389e-14
536.21000,1.6112529e-11,4.2185728e-14
536.22000,1.6081416e-11,4.2080813e-14
536.23000,1.6064288e-11,4.2037539e-14
536.24000,1.6053587e-11,4.2054936e-14
536.25000,1.6043466e-11,4.2134496e-14
536.26000,1.6018624e-11,4.2248683e-14
536.27000,1.5948141e-11,4.2313329e-14
536.28000,1.5798658e-11,4.2207366e-14
536.29000,1.5565526e-11,4.1849617e-14
536.30000,1.5311395e-11,4.1314062e-14
536.31000,1.5167499e-11,4.0859524e-14
536.32000,1.5246716e-11,4.0761284e-14
536.33000,1.5530067e-11,4.1073057e-14
536.34000,1.5871815e-11,4.1590606e-14
536.35000,1.6126848e-11,4.2048110e-14
536.36000,1.6257959e-11,4.2333735e-14
536.37000,1.6285792e-11,4.2468095e-14
536.38000,1.6277379e-11,4.2572626e-14
536.39000,1.6258370e-11,4.2669523e-14
536.40000,1.6241480e-11,4.2708809e-14
536.41000,1.6225676e-11,4.2645676e-14
536.42000,1.6210182e-11,4.2530107e-14
536.43000,1.6198433e-11,4.2462399e-14
536.44000,1.6194048e-11,4.2496889e-14
536.45000,1.6198671e-11,4.2613577e-14
536.46000,1.6211519e-11,4.2734870e-14
536.47000,1.6228769e-11,4.2782924e-14
536.48000,1.6246599e-11,4.2768805e-14
536.49000,1.6264124e-11,4.2786290e-14
536.50000,1.6280927e-11,4.2885270e-14
536.51000,1.6294872e-11,4.3007165e-14
536.52000,1.6304384e-11,4.3062645e-14
536.53000,1.6310273e-11,4.3046386e-14
536.54000,1.6314206e-11,4.3029781e-14
536.55000,1.6317073e-11,4.3049910e-14
536.56000,1.6319514e-11,4.3079920e-14
536.57000,1.6322426e-11,4.3106436e-14
536.58000,1.6325152e-11,4.3146714e-14
536.59000,1.6324880e-11,4.3191862e-14
536.60000,1.6315930e-11,4.3200187e-14
536.61000,1.6297413e-11,4.3182394e-14
536.62000,1.6267511e-11,4.3156262e-14
536.63000,1.6226680e-11,4.3121120e-14
536.64000,1.6182852e-11,4.3085366e-14
536.65000,1.6152609e-11,4.3086350e-14
536.66000,1.6147162e-11,4.3151405e-14
536.67000,1.6159560e-11,4.3274006e-14
536.68000,1.6172115e-11,4.3408157e-14
536.69000,1.6172643e-11,4.3482169e-14
536.70000,1.6160087e-11,4.3468309e-14
536.71000,1.6141906e-11,4.3416900e-14
536.72000,1.6131224e-11,4.3394067e-14
536.73000,1.6139988e-11,4.3426272e-14
536.74000,1.6169616e-11,4.3510797e-14
536.75000,1.6208318e-11,4.3639619e-14
536.76000,1.6240937e-11,4.3809149e-14
536.77000,1.6261746e-11,4.4010136e-14
536.78000,1.6275821e-11,4.4201807e-14
536.79000,1.6289853e-11,4.4299728e-14
536.80000,1.6304538e-11,4.4208533e-14
536.81000,1.6314706e-11,4.3879754e-14
536.82000,1.6314063e-11,4.3361772e-14
536.83000,1.6301685e-11,4.2789632e-14
536.84000,1.6282646e-11,4.2339122e-14
536.85000,1.6267516e-11,4.2041635e-14
536.86000,1.6259421e-11,4.1870036e-14
536.87000,1.6253764e-11,4.1775664e-14
536.88000,1.6242344e-11,4.1745613e-14
536.89000,1.6219022e-11,4.1788567e-14
536.90000,1.6184230e-11,4.1887602e-14
536.91000,1.6145862e-11,4.1959229e-14
536.92000,1.6113905e-11,4.1906758e-14
536.93000,1.6093621e-11,4.1735476e-14
536.94000,1.6084502e-11,4.1551067e-14
536.95000,1.6084722e-11,4.1437854e-14
536.96000,1.6093474e-11,4.1401444e-14
536.97000,1.6108481e-11,4.1409713e-14
536.98000,1.6125778e-11,4.1441872e-14
536.99000,1.6141711e-11,4.1490513e-14
537.00000,1.6153093e-11,4.1541348e-14
537.01000,1.6155482e-11,4.1577058e-14
537.02000,1.6142369e-11,4.1605018e-14
537.03000,1.6108018e-11,4.1642163e-14
537.04000,1.6054558e-11,4.1665198e-14
537.05000,1.5996992e-11,4.1627809e-14
537.06000,1.5957407e-11,4.1535352e-14
537.07000,1.5950679e-11,4.1451921e-14
537.08000,1.5972206e-11,4.1419952e-14
537.09000,1.6005749e-11,4.1431979e-14
537.10000,1.6033268e-11,4.1440769e-14
537.11000,1.6052465e-11,4.1434155e-14
537.12000,1.6068166e-11,4.1422678e-14
537.13000,1.6084114e-11,4.1422620e-14
537.14000,1.6102437e-11,4.1448108e-14
537.15000,1.6126465e-11,4.1505903e-14
537.16000,1.6158545e-11,4.1583388e-14
537.17000,1.6195193e-11,4.1655476e-14
537.18000,1.6225529e-11,4.1706707e-14
537.19000,1.6237417e-11,4.1734412e-14
537.20000,1.6228934e-11,4.1740839e-14
537.21000,1.6212079e-11,4.1737114e-14
537.22000,1.6201021e-11,4.1739377e-14
537.23000,1.6199203e-11,4.1752914e-14
537.24000,1.6201220e-11,4.1774055e-14
537.25000,1.6200995e-11,4.1797013e-14
537.26000,1.6196886e-11,4.1811771e-14
537.27000,1.6192190e-11,4.1809600e-14
537.28000,1.6191270e-11,4.1794106e-14
537.29000,1.6195572e-11,4.1782768e-14
537.30000,1.6204040e-11,4.1800244e-14
537.31000,1.6214713e-11,4.1861936e-14
537.32000,1.6224208e-11,4.1946727e-14
537.33000,1.6229544e-11,4.2005938e-14
537.34000,1.6230746e-11,4.1989096e-14
537.35000,1.6232963e-11,4.1934316e-14
537.36000,1.6237235e-11,4.1883452e-14
537.37000,1.6239680e-11,4.1857414e-14
537.38000,1.6235838e-11,4.1847778e-14
537.39000,1.6226296e-11,4.1844299e-14
537.40000,1.6216876e-11,4.1846129e-14
537.41000,1.6212779e-11,4.1854934e-14
537.42000,1.6214332e-11,4.1867299e-14
537.43000,1.6219637e-11,4.1878189e-14
537.44000,1.6227795e-11,4.1888543e-14
537.45000,1.6237791e-11,4.1903416e-14
537.46000,1.6247201e-11,4.1923191e-14
537.47000,1.6253500e-11,4.1943271e-14
537.48000,1.6255584e-11,4.1960141e-14
537.49000,1.6253747e-11,4.1970855e-14
537.50000,1.6249923e-11,4.1973339e-14
537.51000,1.6247145e-11,4.1972594e-14
537.52000,1.6247097e-11,4.1977342e-14
537.53000,1.6248312e-11,4.1986535e-14
537.54000,1.6247959e-11,4.1989567e-14
537.55000,1.6244982e-11,4.1983426e-14
537.56000,1.6238837e-11,4.1976051e-14
537.57000,1.6225016e-11,4.1966431e-14
537.58000,1.6195734e-11,4.1936499e-14
537.59000,1.6149444e-11,4.1876483e-14
537.60000,1.6096719e-11,4.1805016e-14
537.61000,1.6063240e-11,4.1767609e-14
537.62000,1.6067794e-11,4.1791216e-14
537.63000,1.6106120e-11,4.1868003e-14
537.64000,1.6155851e-11,4.1970466e-14
537.65000,1.6198565e-11,4.2070244e-14
537.66000,1.6228429e-11,4.2143477e-14
537.67000,1.6245392e-11,4.2186939e-14
537.68000,1.6251245e-11,4.2223263e-14
537.69000,1.6250362e-11,4.2264383e-14
537.70000,1.6247743e-11,4.2288616e-14
537.71000,1.6246698e-11,4.2273071e-14
537.72000,1.6248404e-11,4.2227327e-14
537.73000,1.6251084e-11,4.2188130e-14
537.74000,1.6251757e-11,4.2192787e-14
537.75000,1.6250335e-11,4.2246651e-14
537.76000,1.6247608e-11,4.2320655e-14
537.77000,1.6241246e-11,4.2388695e-14
537.78000,1.6229898e-11,4.2444218e-14
537.79000,1.6218810e-11,4.2466368e-14
537.80000,1.6215658e-11,4.2428979e-14
537.81000,1.6221924e-11,4.2354087e-14
537.82000,1.6231488e-11,4.2291098e-14
537.83000,1.6237642e-11,4.2253489e-14
537.84000,1.6238805e-11,4.2222554e-14
537.85000,1.6236543e-11,4.2190184e-14
537.86000,1.6232277e-11,4.2168502e-14
537.87000,1.6227695e-11,4.2167465e-14
537.88000,1.6226188e-11,4.2179810e-14
537.89000,1.6227417e-11,4.2178327e-14
537.90000,1.6227211e-11,4.2156005e-14
537.91000,1.6220301e-11,4.2120576e-14
537.92000,1.6205761e-11,4.2082770e-14
537.93000,1.6188133e-11,4.2055321e-14
537.94000,1.6174597e-11,4.2036943e-14
537.95000,1.6169660e-11,4.2021212e-14
537.96000,1.6171384e-11,4.2026218e-14
537.97000,1.6174595e-11,4.2059596e-14
537.98000,1.6177027e-11,4.2081993e-14
537.99000,1.6179158e-11,4.2069042e-14
538.00000,1.6179513e-11,4.2065325e-14
538.01000,1.6174726e-11,4.2116548e-14
538.02000,1.6164469e-11,4.2181310e-14
538.03000,1.6153138e-11,4.2169870e-14
538.04000,1.6145573e-11,4.2063730e-14
538.05000,1.6143800e-11,4.1945690e-14
538.06000,1.6147354e-11,4.1915326e-14
538.07000,1.6154272e-11,4.2003609e-14
538.08000,1.6161850e-11,4.2166771e-14
538.09000,1.6168814e-11,4.2340230e-14
538.10000,1.6176369e-11,4.2481676e-14
538.11000,1.6185599e-11,4.2568827e-14
538.12000,1.6195165e-11,4.2593687e-14
538.13000,1.6202456e-11,4.2574196e-14
538.14000,1.6205818e-11,4.2547687e-14
538.15000,1.6206190e-11,4.2542781e-14
538.16000,1.6206587e-11,4.2562123e-14
538.17000,1.6210172e-11,4.2590945e-14
538.18000,1.6215264e-11,4.2598238e-14
538.19000,1.6218748e-11,4.2552295e-14
538.20000,1.6217268e-11,4.2431632e-14
538.21000,1.6207662e-11,4.2239280e-14
538.22000,1.6187098e-11,4.2012553e-14
538.23000,1.6154648e-11,4.1817077e-14
538.24000,1.6112166e-11,4.1712683e-14
538.25000,1.6065224e-11,4.1710632e-14
538.26000,1.6023986e-11,4.1758633e-14
538.27000,1.5998952e-11,4.1778118e-14
538.28000,1.5992875e-11,4.1738193e-14
538.29000,1.5999065e-11,4.1687006e-14
538.30000,1.6009384e-11,4.1685137e-14
538.31000,1.6021204e-11,4.1723939e-14
538.32000,1.6034860e-11,4.1750901e-14
538.33000,1.6048488e-11,4.1757972e-14
538.34000,1.6058867e-11,4.1776774e-14
538.35000,1.6066839e-11,4.1812593e-14
538.36000,1.6080042e-11,4.1850787e-14
538.37000,1.6105733e-11,4.1894821e-14
538.38000,1.6140657e-11,4.1946338e-14
538.39000,1.6173661e-11,4.1991245e-14
538.40000,1.6197880e-11,4.2024758e-14
538.41000,1.6214388e-11,4.2050831e-14
538.42000,1.6224883e-11,4.2064992e-14
538.43000,1.6227647e-11,4.2060068e-14
538.44000,1.6221304e-11,4.2037356e-14
538.45000,1.6207935e-11,4.2005477e-14
538.46000,1.6191796e-11,4.1972330e-14
538.47000,1.6178914e-11,4.1945114e-14
538.48000,1.6173934e-11,4.1928661e-14
538.49000,1.6178015e-11,4.1925670e-14
538.50000,1.6186490e-11,4.1932358e-14
538.51000,1.6194001e-11,4.1942021e-14
538.52000,1.6198933e-11,4.1950381e-14
538.53000,1.6201837e-11,4.1955350e-14
538.54000,1.6201559e-11,4.1953294e-14
538.55000,1.6195763e-11,4.1940389e-14
538.56000,1.6185489e-11,4.1918423e-14
538.57000,1.6176216e-11,4.1895942e-14
538.58000,1.6172600e-11,4.1880363e-14
538.59000,1.6173594e-11,4.1869866e-14
538.60000,1.6173725e-11,4.1856245e-14
538.61000,1.6168132e-11,4.1838049e-14
538.62000,1.6155455e-11,4.1825654e-14
538.63000,1.6137418e-11,4.1823212e-14
538.64000,1.6117843e-11,4.1814655e-14
538.65000,1.6101593e-11,4.1785365e-14
538.66000,1.6091661e-11,4.1743308e-14
538.67000,1.6085146e-11,4.1699468e-14
538.68000,1.6070837e-11,4.1645226e-14
538.69000,1.6031450e-11,4.1562556e-14
538.70000,1.5952050e-11,4.1436228e-14
538.71000,1.5833131e-11,4.1257310e-14
538.72000,1.5704619e-11,4.1051063e-14
538.73000,1.5627128e-11,4.0907216e-14
538.74000,1.5656445e-11,4.0931485e-14
538.75000,1.5787386e-11,4.1132942e-14
538.76000,1.5949470e-11,4.1393996e-14
538.77000,1.6070050e-11,4.1575412e-14
538.78000,1.6131099e-11,4.1637981e-14
538.79000,1.6141646e-11,4.1613567e-14
538.80000,1.6132052e-11,4.1579117e-14
538.81000,1.6114207e-11,4.1562955e-14
538.82000,1.6099030e-11,4.1574294e-14
538.83000,1.6092008e-11,4.1600134e-14
538.84000,1.6092380e-11,4.1610425e-14
538.85000,1.6094533e-11,4.1582332e-14
538.86000,1.6093966e-11,4.1526709e-14
538.87000,1.6091631e-11,4.1479131e-14
538.88000,1.6091030e-11,4.1465940e-14
538.89000,1.6093367e-11,4.1484995e-14
538.90000,1.6096992e-11,4.1512284e-14
538.91000,1.6099275e-11,4.1521948e-14
538.92000,1.6098625e-11,4.1504380e-14
538.93000,1.6095821e-11,4.1470014e-14
538.94000,1.6093332e-11,4.1439760e-14
538.95000,1.6093571e-11,4.1433137e-14
538.96000,1.6096522e-11,4.1455240e-14
538.97000,1.6098306e-11,4.1487122e-14
538.98000,1.6094179e-11,4.1497401e-14
538.99000,1.6084272e-11,4.1474972e-14
539.00000,1.6074585e-11,4.1441730e-14
539.01000,1.6069953e-11,4.1422778e-14
539.02000,1.6067927e-11,4.1416694e-14
539.03000,1.6062204e-11,4.1405431e-14
539.04000,1.6050204e-11,4.1383835e-14
539.05000,1.6035044e-11,4.1366830e-14
539.06000,1.6021008e-11,4.1365830e-14
539.07000,1.6010662e-11,4.1369005e-14
539.08000,1.6007352e-11,4.1355683e-14
539.09000,1.6015374e-11,4.1326682e-14
539.10000,1.6034756e-11,4.1306753e-14
539.11000,1.6059213e-11,4.1311188e-14
539.12000,1.6078802e-11,4.1333702e-14
539.13000,1.6089490e-11,4.1354893e-14
539.14000,1.6092401e-11,4.1365320e-14
539.15000,1.6092539e-11,4.1354713e-14
539.16000,1.6092816e-11,4.1321602e-14
539.17000,1.6092432e-11,4.1285009e-14
539.18000,1.6089115e-11,4.1269262e-14
539.19000,1.6081222e-11,4.1275247e-14
539.20000,1.6067308e-11,4.1276427e-14
539.21000,1.6046478e-11,4.1249852e-14
539.22000,1.6022355e-11,4.1203869e-14
539.23000,1.6003231e-11,4.1162630e-14
539.24000,1.5994044e-11,4.1135232e-14
539.25000,1.5992181e-11,4.1118272e-14
539.26000,1.5993544e-11,4.1112386e-14
539.27000,1.5996578e-11,4.1114585e-14
539.28000,1.5999375e-11,4.1111518e-14
539.29000,1.5999594e-11,4.1096621e-14
539.30000,1.5997221e-11,4.1078109e-14
539.31000,1.5994049e-11,4.1066863e-14
539.32000,1.5992558e-11,4.1070336e-14
539.33000,1.5995718e-11,4.1089152e-14
539.34000,1.6004608e-11,4.1110330e-14
539.35000,1.6015205e-11,4.1116187e-14
539.36000,1.6018870e-11,4.1101650e-14
539.37000,1.6007868e-11,4.1081538e-14
539.38000,1.5980543e-11,4.1083975e-14
539.39000,1.5942669e-11,4.1120829e-14
539.40000,1.5907760e-11,4.1157856e-14
539.41000,1.5893506e-11,4.1145257e-14
539.42000,1.5909156e-11,4.1086079e-14
539.43000,1.5945084e-11,4.1032755e-14
539.44000,1.5980981e-11,4.1018885e-14
539.45000,1.6004526e-11,4.1036654e-14
539.46000,1.6016909e-11,4.1064848e-14
539.47000,1.6022535e-11,4.1087915e-14
539.48000,1.6022435e-11,4.1102000e-14
539.49000,1.6014443e-11,4.1115542e-14
539.50000,1.6002361e-11,4.1132903e-14
539.51000,1.5989932e-11,4.1134080e-14
539.52000,1.5980187e-11,4.1093744e-14
539.53000,1.5973896e-11,4.1021478e-14
539.54000,1.5970286e-11,4.0954218e-14
539.55000,1.5966346e-11,4.0910755e-14
539.56000,1.5956199e-11,4.0878292e-14
539.57000,1.5930256e-11,4.0832212e-14
539.58000,1.5875477e-11,4.0750539e-14
539.59000,1.5784942e-11,4.0624109e-14
539.60000,1.5677028e-11,4.0481078e-14
539.61000,1.5601731e-11,4.0416662e-14
539.62000,1.5608544e-11,4.0578508e-14
539.63000,1.5698117e-11,4.1067087e-14
539.64000,1.5819553e-11,4.1813654e-14
539.65000,1.5918991e-11,4.2578336e-14
539.66000,1.5977690e-11,4.3121985e-14
539.67000,1.6007006e-11,4.3380610e-14
539.68000,1.6023160e-11,4.3438129e-14
539.69000,1.6033111e-11,4.3392985e-14
539.70000,1.6038974e-11,4.3308871e-14
539.71000,1.6045019e-11,4.3239086e-14
539.72000,1.6053480e-11,4.3204082e-14
539.73000,1.6059358e-11,4.3167026e-14
539.74000,1.6056954e-11,4.3085131e-14
539.75000,1.6049118e-11,4.2977110e-14
539.76000,1.6042730e-11,4.2907219e-14
539.77000,1.6038263e-11,4.2913225e-14
539.78000,1.6031563e-11,4.2967845e-14
539.79000,1.6021389e-11,4.2998196e-14
539.80000,1.6009430e-11,4.2941581e-14
539.81000,1.5998141e-11,4.2797965e-14
539.82000,1.5991662e-11,4.2626304e-14
539.83000,1.5994451e-11,4.2488979e-14
539.84000,1.6006896e-11,4.2411562e-14
539.85000,1.6024065e-11,4.2388086e-14
539.86000,1.6039302e-11,4.2397451e-14
539.87000,1.6049222e-11,4.2412901e-14
539.88000,1.6052328e-11,4.2408958e-14
539.89000,1.6050110e-11,4.2392864e-14
539.90000,1.6041555e-11,4.2383376e-14
539.91000,1.6028477e-11,4.2392081e-14
539.92000,1.6016740e-11,4.2402503e-14
539.93000,1.6010463e-11,4.2376148e-14
539.94000,1.6005685e-11,4.2285337e-14
539.95000,1.5994462e-11,4.2147153e-14
539.96000,1.5974049e-11,4.2020001e-14
539.97000,1.5950238e-11,4.1963514e-14
539.98000,1.5932885e-11,4.1997966e-14
539.99000,1.5927385e-11,4.2099518e-14
540.00000,1.5930117e-11,4.2241693e-14
540.01000,1.5933568e-11,4.2419016e-14
540.02000,1.5934706e-11,4.2582654e-14
540.03000,1.5936515e-11,4.2607350e-14
540.04000,1.5942222e-11,4.2426301e-14
540.05000,1.5949634e-11,4.2136724e-14
540.06000,1.5951771e-11,4.1883348e-14
540.07000,1.5943099e-11,4.1718506e-14
540.08000,1.5924425e-11,4.1618217e-14
540.09000,1.5900510e-11,4.1547443e-14
540.10000,1.5874095e-11,4.1483242e-14
540.11000,1.5843557e-11,4.1415720e-14
540.12000,1.5805020e-11,4.1342624e-14
540.13000,1.5755726e-11,4.1273652e-14
540.14000,1.5695321e-11,4.1223293e-14
540.15000,1.5624001e-11,4.1171681e-14
540.16000,1.5543767e-11,4.1061407e-14
540.17000,1.5465456e-11,4.0875425e-14
540.18000,1.5409585e-11,4.0685819e-14
540.19000,1.5389629e-11,4.0579393e-14
540.20000,1.5392894e-11,4.0562287e-14
540.21000,1.5390665e-11,4.0570046e-14
540.22000,1.5375731e-11,4.0557774e-14
540.23000,1.5381697e-11,4.0567932e-14
540.24000,1.5451331e-11,4.0696789e-14
540.25000,1.5584473e-11,4.0971847e-14
540.26000,1.5732168e-11,4.1283329e-14
540.27000,1.5844654e-11,4.1483674e-14
540.28000,1.5907210e-11,4.1540928e-14
540.29000,1.5928847e-11,4.1542348e-14
540.30000,1.5921845e-11,4.1563232e-14
540.31000,1.5888954e-11,4.1598516e-14
540.32000,1.5845848e-11,4.1587630e-14
540.33000,1.5805649e-11,4.1499825e-14
540.34000,1.5778498e-11,4.1365201e-14
540.35000,1.5764999e-11,4.1246419e-14
540.36000,1.5760827e-11,4.1184770e-14
540.37000,1.5761242e-11,4.1182566e-14
540.38000,1.5764382e-11,4.1214627e-14
540.39000,1.5772870e-11,4.1252397e-14
540.40000,1.5789486e-11,4.1290039e-14
540.41000,1.5811695e-11,4.1337913e-14
540.42000,1.5834253e-11,4.1387534e-14
540.43000,1.5855995e-11,4.1407302e-14
540.44000,1.5880217e-11,4.1382801e-14
540.45000,1.5906778e-11,4.1332899e-14
540.46000,1.5925684e-11,4.1273933e-14
540.47000,1.5923017e-11,4.1201858e-14
540.48000,1.5893411e-11,4.1120205e-14
540.49000,1.5842664e-11,4.1050926e-14
540.50000,1.5779548e-11,4.1001104e-14
540.51000,1.5711179e-11,4.0949394e-14
540.52000,1.5648125e-11,4.0902519e-14
540.53000,1.5609198e-11,4.0941610e-14
540.54000,1.5612576e-11,4.1141185e-14
540.55000,1.5656553e-11,4.1421628e-14
540.56000,1.5714805e-11,4.1564799e-14
540.57000,1.5759858e-11,4.1446909e-14
540.58000,1.5785075e-11,4.1173574e-14
540.59000,1.5802679e-11,4.0934916e-14
540.60000,1.5826437e-11,4.0817515e-14
540.61000,1.5858825e-11,4.0794983e-14
540.62000,1.5891745e-11,4.0810487e-14
540.63000,1.5916691e-11,4.0820039e-14
540.64000,1.5931747e-11,4.0803068e-14
540.65000,1.5939051e-11,4.0762953e-14
540.66000,1.5939474e-11,4.0711694e-14
540.67000,1.5932311e-11,4.0664816e-14
540.68000,1.5919460e-11,4.0646484e-14
540.69000,1.5907137e-11,4.0687357e-14
540.70000,1.5901257e-11,4.0811497e-14
540.71000,1.5902094e-11,4.0993818e-14
540.72000,1.5904874e-11,4.1158918e-14
540.73000,1.5904911e-11,4.1261649e-14
540.74000,1.5901473e-11,4.1289003e-14
540.75000,1.5896934e-11,4.1200832e-14
540.76000,1.5893151e-11,4.1006551e-14
540.77000,1.5890380e-11,4.0836081e-14
540.78000,1.5889774e-11,4.0812827e-14
540.79000,1.5892899e-11,4.0912802e-14
540.80000,1.5898246e-11,4.1000976e-14
540.81000,1.5899370e-11,4.0998494e-14
540.82000,1.5893969e-11,4.0928081e-14
540.83000,1.5886206e-11,4.0835688e-14
540.84000,1.5880921e-11,4.0734762e-14
540.85000,1.5876501e-11,4.0650790e-14
540.86000,1.5865512e-11,4.0618412e-14
540.87000,1.5841044e-11,4.0615184e-14
540.88000,1.5801860e-11,4.0570725e-14
540.89000,1.5755890e-11,4.0469218e-14
540.90000,1.5720966e-11,4.0394638e-14
540.91000,1.5715343e-11,4.0446777e-14
540.92000,1.5742203e-11,4.0636484e-14
540.93000,1.5786512e-11,4.0859370e-14
540.94000,1.5828379e-11,4.0971290e-14
540.95000,1.5856217e-11,4.0923861e-14
540.96000,1.5868143e-11,4.0803340e-14
540.97000,1.5866602e-11,4.0710643e-14
540.98000,1.5855330e-11,4.0674275e-14
540.99000,1.5839245e-11,4.0703438e-14
541.00000,1.5823490e-11,4.0829071e-14
541.01000,1.5811365e-11,4.1047167e-14
541.02000,1.5801876e-11,4.1269475e-14
541.03000,1.5790287e-11,4.1367478e-14
541.04000,1.5774767e-11,4.1276827e-14
541.05000,1.5761028e-11,4.1053922e-14
541.06000,1.5757105e-11,4.0819374e-14
541.07000,1.5766045e-11,4.0666237e-14
541.08000,1.5784843e-11,4.0626170e-14
541.09000,1.5807947e-11,4.0683357e-14
541.10000,1.5829860e-11,4.0787762e-14
541.11000,1.5845820e-11,4.0874198e-14
541.12000,1.5851467e-11,4.0903055e-14
541.13000,1.5842656e-11,4.0886304e-14
541.14000,1.5817392e-11,4.0858658e-14
541.15000,1.5781535e-11,4.0837755e-14
541.16000,1.5752908e-11,4.0826751e-14
541.17000,1.5752449e-11,4.0838219e-14
541.18000,1.5784100e-11,4.0901078e-14
541.19000,1.5827460e-11,4.1046677e-14
541.20000,1.5857356e-11,4.1289413e-14
541.21000,1.5866237e-11,4.1602375e-14
541.22000,1.5862976e-11,4.1893988e-14
541.23000,1.5857830e-11,4.2037501e-14
541.24000,1.5854255e-11,4.1968951e-14
541.25000,1.5851427e-11,4.1757945e-14
541.26000,1.5850141e-11,4.1552318e-14
541.27000,1.5852272e-11,4.1445024e-14
541.28000,1.5854790e-11,4.1424816e-14
541.29000,1.5851511e-11,4.1457608e-14
541.30000,1.5841519e-11,4.1545228e-14
541.31000,1.5829393e-11,4.1666647e-14
541.32000,1.5818381e-11,4.1737920e-14
541.33000,1.5808351e-11,4.1702228e-14
541.34000,1.5798258e-11,4.1613075e-14
541.35000,1.5787243e-11,4.1574586e-14
541.36000,1.5774803e-11,4.1624337e-14
541.37000,1.5760300e-11,4.1721700e-14
541.38000,1.5744311e-11,4.1775583e-14
541.39000,1.5726804e-11,4.1763250e-14
541.40000,1.5704831e-11,4.1727613e-14
541.41000,1.5671853e-11,4.1707889e-14
541.42000,1.5628002e-11,4.1696762e-14
541.43000,1.5588759e-11,4.1688296e-14
541.44000,1.5572941e-11,4.1714828e-14
541.45000,1.5582242e-11,4.1790371e-14
541.46000,1.5599862e-11,4.1860652e-14
541.47000,1.5607356e-11,4.1869923e-14
541.48000,1.5597409e-11,4.1840106e-14
541.49000,1.5574743e-11,4.1827367e-14
541.50000,1.5553777e-11,4.1846723e-14
541.51000,1.5554553e-11,4.1895580e-14
541.52000,1.5589662e-11,4.1991881e-14
541.53000,1.5650095e-11,4.2140153e-14
541.54000,1.5711190e-11,4.2323244e-14
541.55000,1.5755098e-11,4.2533274e-14
541.56000,1.5781811e-11,4.2737419e-14
541.57000,1.5800529e-11,4.2857926e-14
541.58000,1.5817838e-11,4.2862721e-14
541.59000,1.5833837e-11,4.2814740e-14
541.60000,1.5845176e-11,4.2791014e-14
541.61000,1.5849932e-11,4.2805140e-14
541.62000,1.5849191e-11,4.2808977e-14
541.63000,1.5845066e-11,4.2723958e-14
541.64000,1.5839277e-11,4.2464628e-14
541.65000,1.5833105e-11,4.1996966e-14
541.66000,1.5826821e-11,4.1420227e-14
541.67000,1.5820041e-11,4.0920235e-14
541.68000,1.5813265e-11,4.0601628e-14
541.69000,1.5807722e-11,4.0431850e-14
541.70000,1.5804481e-11,4.0341744e-14
541.71000,1.5804141e-11,4.0297652e-14
541.72000,1.5806215e-11,4.0284438e-14
541.73000,1.5810120e-11,4.0284132e-14
541.74000,1.5816236e-11,4.0284552e-14
541.75000,1.5822297e-11,4.0282582e-14
541.76000,1.5821235e-11,4.0273246e-14
541.77000,1.5808221e-11,4.0250697e-14
541.78000,1.5788659e-11,4.0220056e-14
541.79000,1.5774418e-11,4.0195172e-14
541.80000,1.5771759e-11,4.0184451e-14
541.81000,1.5776607e-11,4.0185742e-14
541.82000,1.5781914e-11,4.0194531e-14
541.83000,1.5785393e-11,4.0211149e-14
541.84000,1.5788172e-11,4.0235751e-14
541.85000,1.5789345e-11,4.0259647e-14
541.86000,1.5786452e-11,4.0271359e-14
541.87000,1.5780005e-11,4.0272601e-14
541.88000,1.5773577e-11,4.0275429e-14
541.89000,1.5770991e-11,4.0282249e-14
541.90000,1.5774625e-11,4.0284673e-14
541.91000,1.5783840e-11,4.0282171e-14
541.92000,1.5795239e-11,4.0289163e-14
541.93000,1.5805186e-11,4.0325078e-14
541.94000,1.5810897e-11,4.0401659e-14
541.95000,1.5810379e-11,4.0510677e-14
541.96000,1.5803530e-11,4.0615379e-14
541.97000,1.5792850e-11,4.0664142e-14
541.98000,1.5781645e-11,4.0630278e-14
541.99000,1.5771565e-11,4.0536813e-14
542.00000,1.5762118e-11,4.0430941e-14
542.01000,1.5752578e-11,4.0344455e-14
542.02000,1.5744432e-11,4.0290340e-14
542.03000,1.5740418e-11,4.0279120e-14
542.04000,1.5740447e-11,4.0315807e-14
542.05000,1.5741228e-11,4.0384055e-14
542.06000,1.5741523e-11,4.0452943e-14
542.07000,1.5744178e-11,4.0508639e-14
542.08000,1.5753744e-11,4.0558012e-14
542.09000,1.5765267e-11,4.0591381e-14
542.10000,1.5772933e-11,4.0583228e-14
542.11000,1.5775889e-11,4.0541923e-14
542.12000,1.5779524e-11,4.0505800e-14
542.13000,1.5788252e-11,4.0493686e-14
542.14000,1.5800687e-11,4.0495257e-14
542.15000,1.5811515e-11,4.0498679e-14
542.16000,1.5816615e-11,4.0502993e-14
542.17000,1.5816397e-11,4.0513291e-14
542.18000,1.5814722e-11,4.0531472e-14
542.19000,1.5814043e-11,4.0545345e-14
542.20000,1.5811780e-11,4.0536098e-14
542.21000,1.5803201e-11,4.0502473e-14
542.22000,1.5787931e-11,4.0466068e-14
542.23000,1.5772035e-11,4.0454569e-14
542.24000,1.5763942e-11,4.0486332e-14
542.25000,1.5768328e-11,4.0556053e-14
542.26000,1.5781876e-11,4.0625193e-14
542.27000,1.5795490e-11,4.0645554e-14
542.28000,1.5801115e-11,4.0605376e-14
542.29000,1.5794130e-11,4.0538810e-14
542.30000,1.5772695e-11,4.0490735e-14
542.31000,1.5739631e-11,4.0484541e-14
542.32000,1.5701054e-11,4.0508017e-14
542.33000,1.5660880e-11,4.0516783e-14
542.34000,1.5621409e-11,4.0470278e-14
542.35000,1.5588774e-11,4.0375472e-14
542.36000,1.5571685e-11,4.0283551e-14
542.37000,1.5574349e-11,4.0242349e-14
542.38000,1.5593623e-11,4.0260754e-14
542.39000,1.5621368e-11,4.0313011e-14
542.40000,1.5647391e-11,4.0363838e-14
542.41000,1.5662539e-11,4.0389420e-14
542.42000,1.5662881e-11,4.0386785e-14
542.43000,1.5653346e-11,4.0372241e-14
542.44000,1.5644457e-11,4.0366970e-14
542.45000,1.5640879e-11,4.0377024e-14
542.46000,1.5636922e-11,4.0387315e-14
542.47000,1.5626551e-11,4.0377456e-14
542.48000,1.5612152e-11,4.0345676e-14
542.49000,1.5601305e-11,4.0315412e-14
542.50000,1.5597040e-11,4.0309663e-14
542.51000,1.5591363e-11,4.0321848e-14
542.52000,1.5570540e-11,4.0326017e-14
542.53000,1.5530029e-11,4.0312275e-14
542.54000,1.5486536e-11,4.0297311e-14
542.55000,1.5474026e-11,4.0306766e-14
542.56000,1.5516907e-11,4.0359356e-14
542.57000,1.5601062e-11,4.0450178e-14
542.58000,1.5681274e-11,4.0540641e-14
542.59000,1.5723161e-11,4.0587779e-14
542.60000,1.5729470e-11,4.0587102e-14
542.61000,1.5726742e-11,4.0576192e-14
542.62000,1.5736867e-11,4.0596781e-14
542.63000,1.5761750e-11,4.0654138e-14
542.64000,1.5789182e-11,4.0715178e-14
542.65000,1.5808194e-11,4.0745856e-14
542.66000,1.5815570e-11,4.0743980e-14
542.67000,1.5812225e-11,4.0738866e-14
542.68000,1.5801306e-11,4.0767158e-14
542.69000,1.5788189e-11,4.0836392e-14
542.70000,1.5776562e-11,4.0903603e-14
542.71000,1.5765020e-11,4.0916820e-14
542.72000,1.5749864e-11,4.0879352e-14
542.73000,1.5730708e-11,4.0833173e-14
542.74000,1.5711538e-11,4.0792522e-14
542.75000,1.5695421e-11,4.0738910e-14
542.76000,1.5678800e-11,4.0659993e-14
542.77000,1.5651706e-11,4.0560479e-14
542.78000,1.5604537e-11,4.0447019e-14
542.79000,1.5538762e-11,4.0328058e-14
542.80000,1.5477214e-11,4.0246620e-14
542.81000,1.5459178e-11,4.0275496e-14
542.82000,1.5508279e-11,4.0435610e-14
542.83000,1.5602387e-11,4.0649744e-14
542.84000,1.5689149e-11,4.0799397e-14
542.85000,1.5728579e-11,4.0806379e-14
542.86000,1.5710533e-11,4.0675110e-14
542.87000,1.5646306e-11,4.0489911e-14
542.88000,1.5561891e-11,4.0350022e-14
542.89000,1.5492409e-11,4.0283056e-14
542.90000,1.5465831e-11,4.0247882e-14
542.91000,1.5484601e-11,4.0224448e-14
542.92000,1.5526314e-11,4.0255107e-14
542.93000,1.5564903e-11,4.0379726e-14
542.94000,1.5589434e-11,4.0565656e-14
542.95000,1.5604561e-11,4.0731922e-14
542.96000,1.5618498e-11,4.0819786e-14
542.97000,1.5632114e-11,4.0812953e-14
542.98000,1.5635844e-11,4.0715957e-14
542.99000,1.5613633e-11,4.0542082e-14
543.00000,1.5554297e-11,4.0315945e-14
543.01000,1.5468827e-11,4.0082723e-14
543.02000,1.5398947e-11,3.9913191e-14
543.03000,1.5394942e-11,3.9878032e-14
543.04000,1.5469954e-11,3.9993657e-14
543.05000,1.5583073e-11,4.0202378e-14
543.06000,1.5678581e-11,4.0423867e-14
543.07000,1.5732261e-11,4.0613895e-14
543.08000,1.5753893e-11,4.0758913e-14
543.09000,1.5761276e-11,4.0835799e-14
543.10000,1.5764682e-11,4.0814034e-14
543.11000,1.5768902e-11,4.0702774e-14
543.12000,1.5776097e-11,4.0566885e-14
543.13000,1.5783487e-11,4.0482664e-14
543.14000,1.5784789e-11,4.0483862e-14
543.15000,1.5776445e-11,4.0537716e-14
543.16000,1.5760709e-11,4.0569486e-14
543.17000,1.5743285e-11,4.0537124e-14
543.18000,1.5728239e-11,4.0474050e-14
543.19000,1.5715942e-11,4.0448497e-14
543.20000,1.5702125e-11,4.0447879e-14
543.21000,1.5683790e-11,4.0435669e-14
543.22000,1.5660453e-11,4.0406822e-14
543.23000,1.5633655e-11,4.0380071e-14
543.24000,1.5605821e-11,4.0350496e-14
543.25000,1.5579775e-11,4.0308851e-14
543.26000,1.5554678e-11,4.0262827e-14
543.27000,1.5519047e-11,4.0204716e-14
543.28000,1.5454591e-11,4.0104985e-14
543.29000,1.5358043e-11,3.9956920e-14
543.30000,1.5260163e-11,3.9806876e-14
543.31000,1.5214484e-11,3.9735653e-14
543.32000,1.5257276e-11,3.9798429e-14
543.33000,1.5373643e-11,3.9970478e-14
543.34000,1.5506667e-11,4.0159977e-14
543.35000,1.5603417e-11,4.0282453e-14
543.36000,1.5649373e-11,4.0319574e-14
543.37000,1.5660889e-11,4.0307757e-14
543.38000,1.5657853e-11,4.0288311e-14
543.39000,1.5649879e-11,4.0277126e-14
543.40000,1.5639017e-11,4.0267411e-14
543.41000,1.5625833e-11,4.0248490e-14
543.42000,1.5613498e-11,4.0223636e-14
543.43000,1.5609010e-11,4.0211085e-14
543.44000,1.5618357e-11,4.0223376e-14
543.45000,1.5638710e-11,4.0250442e-14
543.46000,1.5658771e-11,4.0272527e-14
543.47000,1.5668488e-11,4.0281214e-14
543.48000,1.5666247e-11,4.0279380e-14
543.49000,1.5657026e-11,4.0271567e-14
543.50000,1.5646617e-11,4.0258834e-14
543.51000,1.5637991e-11,4.0238305e-14
543.52000,1.5630422e-11,4.0208067e-14
543.53000,1.5622072e-11,4.0171297e-14
543.54000,1.5615174e-11,4.0137834e-14
543.55000,1.5614275e-11,4.0119980e-14
543.56000,1.5616568e-11,4.0117072e-14
543.57000,1.5610488e-11,4.0109131e-14
543.58000,1.5587490e-11,4.0075724e-14
543.59000,1.5552279e-11,4.0020436e-14
543.60000,1.5521174e-11,3.9971998e-14
543.61000,1.5511448e-11,3.9958823e-14
543.62000,1.5529205e-11,3.9986591e-14
543.63000,1.5564431e-11,4.0038446e-14
543.64000,1.5598488e-11,4.0085242e-14
543.65000,1.5617513e-11,4.0100909e-14
543.66000,1.5618861e-11,4.0082717e-14
543.67000,1.5606550e-11,4.0049922e-14
543.68000,1.5584147e-11,4.0015274e-14
543.69000,1.5554623e-11,3.9974279e-14
543.70000,1.5525287e-11,3.9928135e-14
543.71000,1.5508756e-11,3.9896170e-14
543.72000,1.5515420e-11,3.9896213e-14
543.73000,1.5543295e-11,3.9927425e-14
543.74000,1.5578789e-11,3.9980176e-14
543.75000,1.5609304e-11,4.0049075e-14
543.76000,1.5630612e-11,4.0121754e-14
543.77000,1.5642401e-11,4.0164094e-14
543.78000,1.5645049e-11,4.0144201e-14
543.79000,1.5642517e-11,4.0073371e-14
543.80000,1.5640773e-11,3.9999335e-14
543.81000,1.5641642e-11,3.9964153e-14
543.82000,1.5642571e-11,3.9984132e-14
543.83000,1.5640664e-11,4.0046292e-14
543.84000,1.5634702e-11,4.0106295e-14
543.85000,1.5626664e-11,4.0115881e-14
543.86000,1.5621722e-11,4.0068302e-14
543.87000,1.5623876e-11,4.0002794e-14
543.88000,1.5631825e-11,3.9962263e-14
543.89000,1.5640099e-11,3.9957784e-14
543.90000,1.5643737e-11,3.9970764e-14
543.91000,1.5642516e-11,3.9978025e-14
543.92000,1.5640837e-11,3.9971787e-14
543.93000,1.5642078e-11,3.9959740e-14
543.94000,1.5644021e-11,3.9951639e-14
543.95000,1.5641492e-11,3.9945469e-14
543.96000,1.5631464e-11,3.9924658e-14
543.97000,1.5614250e-11,3.9874887e-14
543.98000,1.5593127e-11,3.9804444e-14
543.99000,1.5575207e-11,3.9741552e-14
544.00000,1.5569073e-11,3.9713264e-14
544.01000,1.5577422e-11,3.9725149e-14
544.02000,1.5594024e-11,3.9756366e-14
544.03000,1.5610376e-11,3.9782392e-14
544.04000,1.5622249e-11,3.9805497e-14
544.05000,1.5629434e-11,3.9850369e-14
544.06000,1.5632955e-11,3.9922774e-14
544.07000,1.5632684e-11,3.9984484e-14
544.08000,1.5627600e-11,3.9986415e-14
544.09000,1.5619039e-11,3.9920121e-14
544.10000,1.5610937e-11,3.9823763e-14
544.11000,1.5605970e-11,3.9748118e-14
544.12000,1.5604219e-11,3.9721903e-14
544.13000,1.5605103e-11,3.9737734e-14
544.14000,1.5607542e-11,3.9763721e-14
544.15000,1.5608447e-11,3.9767736e-14
544.16000,1.5603701e-11,3.9736696e-14
544.17000,1.5592510e-11,3.9684589e-14
544.18000,1.5580466e-11,3.9642989e-14
544.19000,1.5575446e-11,3.9634280e-14
544.20000,1.5579204e-11,3.9651419e-14
544.21000,1.5584749e-11,3.9665887e-14
544.22000,1.5581614e-11,3.9653163e-14
544.23000,1.5562800e-11,3.9608298e-14
544.24000,1.5529411e-11,3.9541992e-14
544.25000,1.5491488e-11,3.9470997e-14
544.26000,1.5463472e-11,3.9416226e-14
544.27000,1.5455644e-11,3.9396993e-14
544.28000,1.5468297e-11,3.9413663e-14
544.29000,1.5493965e-11,3.9449474e-14
544.30000,1.5522959e-11,3.9494637e-14
544.31000,1.5545638e-11,3.9546819e-14
544.32000,1.5554375e-11,3.9594625e-14
544.33000,1.5547732e-11,3.9626591e-14
544.34000,1.5530953e-11,3.9644035e-14
544.35000,1.5511292e-11,3.9649851e-14
544.36000,1.5495670e-11,3.9641684e-14
544.37000,1.5491794e-11,3.9624995e-14
544.38000,1.5504575e-11,3.9631769e-14
544.39000,1.5529458e-11,3.9734356e-14
544.40000,1.5554510e-11,4.0028192e-14
544.41000,1.5569368e-11,4.0553086e-14
544.42000,1.5568361e-11,4.1222129e-14
544.43000,1.5548279e-11,4.1895920e-14
544.44000,1.5509748e-11,4.2502237e-14
544.45000,1.5462780e-11,4.2963524e-14
544.46000,1.5428323e-11,4.3107990e-14
544.47000,1.5426424e-11,4.2856711e-14
544.48000,1.5457943e-11,4.2399048e-14
544.49000,1.5503735e-11,4.2012796e-14
544.50000,1.5544438e-11,4.1812352e-14
544.51000,1.5574246e-11,4.1756128e-14
544.52000,1.5595130e-11,4.1776791e-14
544.53000,1.5607067e-11,4.1830063e-14
544.54000,1.5608785e-11,4.1877913e-14
544.55000,1.5602567e-11,4.1876926e-14
544.56000,1.5591398e-11,4.1795824e-14
544.57000,1.5572102e-11,4.1645469e-14
544.58000,1.5536878e-11,4.1470857e-14
544.59000,1.5484713e-11,4.1315345e-14
544.60000,1.5430609e-11,4.1219921e-14
544.61000,1.5399097e-11,4.1230976e-14
544.62000,1.5403029e-11,4.1357009e-14
544.63000,1.5431249e-11,4.1523960e-14
544.64000,1.5462463e-11,4.1614484e-14
544.65000,1.5485544e-11,4.1568221e-14
544.66000,1.5501539e-11,4.1426599e-14
544.67000,1.5514235e-11,4.1270049e-14
544.68000,1.5525852e-11,4.1142841e-14
544.69000,1.5538175e-11,4.1050643e-14
544.70000,1.5552457e-11,4.0983555e-14
544.71000,1.5568081e-11,4.0927372e-14
544.72000,1.5583098e-11,4.0885261e-14
544.73000,1.5595339e-11,4.0878829e-14
544.74000,1.5602953e-11,4.0908420e-14
544.75000,1.5606651e-11,4.0938646e-14
544.76000,1.5610502e-11,4.0936439e-14
544.77000,1.5617236e-11,4.0899057e-14
544.78000,1.5624448e-11,4.0843971e-14
544.79000,1.5627537e-11,4.0799981e-14
544.80000,1.5624775e-11,4.0802575e-14
544.81000,1.5618432e-11,4.0864694e-14
544.82000,1.5611775e-11,4.0953877e-14
544.83000,1.5605726e-11,4.1021445e-14
544.84000,1.5598656e-11,4.1045383e-14
544.85000,1.5589689e-11,4.1029493e-14
544.86000,1.5580910e-11,4.0983204e-14
544.87000,1.5574879e-11,4.0917863e-14
544.88000,1.5572084e-11,4.0841872e-14
544.89000,1.5572330e-11,4.0749668e-14
544.90000,1.5575984e-11,4.0629675e-14
544.91000,1.5582847e-11,4.0487694e-14
544.92000,1.5591624e-11,4.0352867e-14
544.93000,1.5600372e-11,4.0259639e-14
544.94000,1.5606069e-11,4.0226796e-14
544.95000,1.5605785e-11,4.0245067e-14
544.96000,1.5600268e-11,4.0278613e-14
544.97000,1.5593525e-11,4.0289620e-14
544.98000,1.5587927e-11,4.0270649e-14
544.99000,1.5582308e-11,4.0240440e-14
545.00000,1.5573659e-11,4.0205119e-14
545.01000,1.5559155e-11,4.0147917e-14
545.02000,1.5538810e-11,4.0063859e-14
545.03000,1.5518136e-11,3.9981276e-14
545.04000,1.5507160e-11,3.9937081e-14
545.05000,1.5512601e-11,3.9945692e-14
545.06000,1.5529862e-11,3.9996562e-14
545.07000,1.5546590e-11,4.0060534e-14
545.08000,1.5553625e-11,4.0103170e-14
545.09000,1.5549460e-11,4.0116511e-14
545.10000,1.5537787e-11,4.0125223e-14
545.11000,1.5524843e-11,4.0147927e-14
545.12000,1.5515619e-11,4.0170338e-14
545.13000,1.5509079e-11,4.0165560e-14
545.14000,1.5499741e-11,4.0125329e-14
545.15000,1.5485930e-11,4.0062925e-14
545.16000,1.5473709e-11,4.0003041e-14
545.17000,1.5470925e-11,3.9972585e-14
545.18000,1.5479526e-11,3.9987128e-14
545.19000,1.5494294e-11,4.0050364e-14
545.20000,1.5507138e-11,4.0171058e-14
545.21000,1.5513058e-11,4.0371440e-14
545.22000,1.5513133e-11,4.0659769e-14
545.23000,1.5511108e-11,4.0956937e-14
545.24000,1.5508733e-11,4.1081887e-14
545.25000,1.5507038e-11,4.0922108e-14
545.26000,1.5509050e-11,4.0584265e-14
545.27000,1.5516733e-11,4.0263519e-14
545.28000,1.5526676e-11,4.0044205e-14
545.29000,1.5531954e-11,3.9904010e-14
545.30000,1.5527965e-11,3.9811431e-14
545.31000,1.5515152e-11,3.9758015e-14
545.32000,1.5497572e-11,3.9739052e-14
545.33000,1.5479797e-11,3.9748120e-14
545.34000,1.5463919e-11,3.9749442e-14
545.35000,1.5447248e-11,3.9713221e-14
545.36000,1.5422638e-11,3.9628466e-14
545.37000,1.5380766e-11,3.9506569e-14
545.38000,1.5312795e-11,3.9355129e-14
545.39000,1.5218488e-11,3.9171154e-14
545.40000,1.5120206e-11,3.8979043e-14
545.41000,1.5064381e-11,3.8854870e-14
545.42000,1.5089831e-11,3.8878334e-14
545.43000,1.5184698e-11,3.9053717e-14
545.44000,1.5289230e-11,3.9288690e-14
545.45000,1.5350475e-11,3.9452146e-14
545.46000,1.5361500e-11,3.9465338e-14
545.47000,1.5346001e-11,3.9356181e-14
545.48000,1.5324710e-11,3.9214745e-14
545.49000,1.5304807e-11,3.9104453e-14
545.50000,1.5288806e-11,3.9044862e-14
545.51000,1.5280868e-11,3.9042576e-14
545.52000,1.5284065e-11,3.9088277e-14
545.53000,1.5296707e-11,3.9150123e-14
545.54000,1.5313653e-11,3.9207983e-14
545.55000,1.5330107e-11,3.9267727e-14
545.56000,1.5343137e-11,3.9323712e-14
545.57000,1.5350671e-11,3.9348910e-14
545.58000,1.5351723e-11,3.9335102e-14
545.59000,1.5348113e-11,3.9310332e-14
545.60000,1.5343613e-11,3.9303734e-14
545.61000,1.5342419e-11,3.9314944e-14
545.62000,1.5350467e-11,3.9335021e-14
545.63000,1.5372567e-11,3.9372710e-14
545.64000,1.5404529e-11,3.9436262e-14
545.65000,1.5434642e-11,3.9506074e-14
545.66000,1.5455438e-11,3.9560705e-14
545.67000,1.5468216e-11,3.9623730e-14
545.68000,1.5476382e-11,3.9727703e-14
545.69000,1.5481143e-11,3.9839978e-14
545.70000,1.5483181e-11,3.9892247e-14
545.71000,1.5483100e-11,3.9862757e-14
545.72000,1.5480823e-11,3.9778936e-14
545.73000,1.5476753e-11,3.9683734e-14
545.74000,1.5471772e-11,3.9619702e-14
545.75000,1.5465448e-11,3.9591945e-14
545.76000,1.5455090e-11,3.9564405e-14
545.77000,1.5436200e-11,3.9524652e-14
545.78000,1.5406298e-11,3.9492817e-14
545.79000,1.5372777e-11,3.9467372e-14
545.80000,1.5354291e-11,3.9448767e-14
545.81000,1.5365993e-11,3.9492452e-14
545.82000,1.5402764e-11,3.9639430e-14
545.83000,1.5443296e-11,3.9816144e-14
545.84000,1.5470374e-11,3.9899471e-14
545.85000,1.5481875e-11,3.9878422e-14
545.86000,1.5483304e-11,3.9865380e-14
545.87000,1.5477368e-11,3.9943163e-14
545.88000,1.5465084e-11,4.0070220e-14
545.89000,1.5452538e-11,4.0137404e-14
545.90000,1.5448664e-11,4.0086967e-14
545.91000,1.5455259e-11,3.9972259e-14
545.92000,1.5465066e-11,3.9901110e-14
545.93000,1.5471415e-11,3.9940630e-14
545.94000,1.5474521e-11,4.0070961e-14
545.95000,1.5477225e-11,4.0191555e-14
545.96000,1.5480195e-11,4.0199399e-14
545.97000,1.5482854e-11,4.0094893e-14
545.98000,1.5484172e-11,3.9972714e-14
545.99000,1.5481661e-11,3.9903342e-14
546.00000,1.5473943e-11,3.9874477e-14
546.01000,1.5464251e-11,3.9850763e-14
546.02000,1.5457622e-11,3.9840321e-14
546.03000,1.5455283e-11,3.9885479e-14
546.04000,1.5454522e-11,4.0017256e-14
546.05000,1.5452938e-11,4.0234268e-14
546.06000,1.5450743e-11,4.0509575e-14
546.07000,1.5450178e-11,4.0804889e-14
546.08000,1.5453169e-11,4.1082742e-14
546.09000,1.5458178e-11,4.1314812e-14
546.10000,1.5460669e-11,4.1482158e-14
546.11000,1.5457766e-11,4.1570065e-14
546.12000,1.5450090e-11,4.1572053e-14
546.13000,1.5439364e-11,4.1498101e-14
546.14000,1.5427821e-11,4.1367702e-14
546.15000,1.5418311e-11,4.1198784e-14
546.16000,1.5410580e-11,4.1010341e-14
546.17000,1.5399917e-11,4.0834554e-14
546.18000,1.5383510e-11,4.0721804e-14
546.19000,1.5365547e-11,4.0705747e-14
546.20000,1.5351880e-11,4.0745113e-14
546.21000,1.5340840e-11,4.0744072e-14
546.22000,1.5324920e-11,4.0654402e-14
546.23000,1.5302791e-11,4.0519533e-14
546.24000,1.5283821e-11,4.0429597e-14
546.25000,1.5277493e-11,4.0461799e-14
546.26000,1.5283057e-11,4.0617778e-14
546.27000,1.5293983e-11,4.0793900e-14
546.28000,1.5307856e-11,4.0864328e-14
546.29000,1.5326419e-11,4.0815460e-14
546.30000,1.5349555e-11,4.0753961e-14
546.31000,1.5373765e-11,4.0782590e-14
546.32000,1.5395015e-11,4.0915743e-14
546.33000,1.5410555e-11,4.1090317e-14
546.34000,1.5418631e-11,4.1214089e-14
546.35000,1.5419232e-11,4.1238852e-14
546.36000,1.5415203e-11,4.1210326e-14
546.37000,1.5411109e-11,4.1215449e-14
546.38000,1.5411124e-11,4.1281610e-14
546.39000,1.5416984e-11,4.1359596e-14
546.40000,1.5426339e-11,4.1409077e-14
546.41000,1.5433781e-11,4.1458439e-14
546.42000,1.5435062e-11,4.1543828e-14
546.43000,1.5430690e-11,4.1631302e-14
546.44000,1.5424596e-11,4.1668757e-14
546.45000,1.5420844e-11,4.1649013e-14
546.46000,1.5419635e-11,4.1635192e-14
546.47000,1.5419591e-11,4.1624609e-14
546.48000,1.5418116e-11,4.1544606e-14
546.49000,1.5413968e-11,4.1304052e-14
546.50000,1.5407996e-11,4.0856506e-14
546.51000,1.5400884e-11,4.0270997e-14
546.52000,1.5392091e-11,3.9728691e-14
546.53000,1.5380904e-11,3.9373875e-14
546.54000,1.5367068e-11,3.9202875e-14
546.55000,1.5351752e-11,3.9131792e-14
546.56000,1.5336794e-11,3.9094309e-14
546.57000,1.5318874e-11,3.9053942e-14
546.58000,1.5284823e-11,3.8986004e-14
546.59000,1.5217768e-11,3.8870116e-14
546.60000,1.5114056e-11,3.8703185e-14
546.61000,1.4998961e-11,3.8525733e-14
546.62000,1.4919603e-11,3.8410881e-14
546.63000,1.4905095e-11,3.8399999e-14
546.64000,1.4930949e-11,3.8448744e-14
546.65000,1.4941306e-11,3.8464380e-14
546.66000,1.4910968e-11,3.8406139e-14
546.67000,1.4865702e-11,3.8317098e-14
546.68000,1.4835117e-11,3.8249524e-14
546.69000,1.4811101e-11,3.8199225e-14
546.70000,1.4775213e-11,3.8143764e-14
546.71000,1.4751152e-11,3.8115969e-14
546.72000,1.4794761e-11,3.8189255e-14
546.73000,1.4925119e-11,3.8387244e-14
546.74000,1.5092135e-11,3.8641709e-14
546.75000,1.5225644e-11,3.8852908e-14
546.76000,1.5297913e-11,3.8971924e-14
546.77000,1.5328281e-11,3.9017318e-14
546.78000,1.5345699e-11,3.9036369e-14
546.79000,1.5362217e-11,3.9070547e-14
546.80000,1.5375133e-11,3.9155645e-14
546.81000,1.5380441e-11,3.9328429e-14
546.82000,1.5379587e-11,3.9578202e-14
546.83000,1.5377372e-11,3.9783937e-14
546.84000,1.5377010e-11,3.9801246e-14
546.85000,1.5378137e-11,3.9638319e-14
546.86000,1.5379361e-11,3.9439928e-14
546.87000,1.5380740e-11,3.9311214e-14
546.88000,1.5382635e-11,3.9250705e-14
546.89000,1.5383330e-11,3.9214410e-14
546.90000,1.5379518e-11,3.9174482e-14
546.91000,1.5370156e-11,3.9132565e-14
546.92000,1.5358777e-11,3.9107984e-14
546.93000,1.5349119e-11,3.9112212e-14
546.94000,1.5338688e-11,3.9126761e-14
546.95000,1.5320749e-11,3.9114845e-14
546.96000,1.5294508e-11,3.9064026e-14
546.97000,1.5272013e-11,3.9006355e-14
546.98000,1.5270567e-11,3.8987390e-14
546.99000,1.5295111e-11,3.9024914e-14
547.00000,1.5332841e-11,3.9101650e-14
547.01000,1.5367142e-11,3.9183611e-14
547.02000,1.5390291e-11,3.9239551e-14
547.03000,1.5402410e-11,3.9257317e-14
547.04000,1.5405696e-11,3.9249499e-14
547.05000,1.5403011e-11,3.9240178e-14
547.06000,1.5398415e-11,3.9251413e-14
547.07000,1.5395222e-11,3.9300487e-14
547.08000,1.5394316e-11,3.9384422e-14
547.09000,1.5395322e-11,3.9460673e-14
547.10000,1.5397549e-11,3.9478260e-14
547.11000,1.5399152e-11,3.9436139e-14
547.12000,1.5397457e-11,3.9378787e-14
547.13000,1.5391362e-11,3.9339792e-14
547.14000,1.5382137e-11,3.9318101e-14
547.15000,1.5371599e-11,3.9300742e-14
547.16000,1.5361851e-11,3.9286704e-14
547.17000,1.5355421e-11,3.9282880e-14
547.18000,1.5354383e-11,3.9290981e-14
547.19000,1.5357549e-11,3.9299661e-14
547.20000,1.5361683e-11,3.9297620e-14
547.21000,1.5364494e-11,3.9288116e-14
547.22000,1.5365403e-11,3.9285748e-14
547.23000,1.5364734e-11,3.9301510e-14
547.24000,1.5363462e-11,3.9335551e-14
547.25000,1.5362431e-11,3.9380572e-14
547.26000,1.5360426e-11,3.9423594e-14
547.27000,1.5353869e-11,3.9443436e-14
547.28000,1.5339816e-11,3.9419398e-14
547.29000,1.5319975e-11,3.9352958e-14
547.30000,1.5301430e-11,3.9273200e-14
547.31000,1.5292284e-11,3.9215090e-14
547.32000,1.5296178e-11,3.9198661e-14
547.33000,1.5309316e-11,3.9225881e-14
547.34000,1.5320465e-11,3.9284153e-14
547.35000,1.5315754e-11,3.9347459e-14
547.36000,1.5288314e-11,3.9385542e-14
547.37000,1.5245597e-11,3.9389152e-14
547.38000,1.5207463e-11,3.9377787e-14
547.39000,1.5196040e-11,3.9367474e-14
547.40000,1.5221159e-11,3.9355780e-14
547.41000,1.5270828e-11,3.9346997e-14
547.42000,1.5320359e-11,3.9355205e-14
547.43000,1.5353642e-11,3.9380119e-14
547.44000,1.5371167e-11,3.9404186e-14
547.45000,1.5378923e-11,3.9411172e-14
547.46000,1.5379379e-11,3.9400059e-14
547.47000,1.5375459e-11,3.9386272e-14
547.48000,1.5372876e-11,3.9389895e-14
547.49000,1.5374245e-11,3.9415876e-14
547.50000,1.5375591e-11,3.9444097e-14
547.51000,1.5370780e-11,3.9447508e-14
547.52000,1.5358194e-11,3.9419389e-14
547.53000,1.5342184e-11,3.9375164e-14
547.54000,1.5328141e-11,3.9333861e-14
547.55000,1.5317102e-11,3.9306915e-14
547.56000,1.5304212e-11,3.9297290e-14
547.57000,1.5280586e-11,3.9294664e-14
547.58000,1.5238477e-11,3.9271736e-14
547.59000,1.5178933e-11,3.9203265e-14
547.60000,1.5116860e-11,3.9098805e-14
547.61000,1.5076631e-11,3.9006209e-14
547.62000,1.5075302e-11,3.8971326e-14
547.63000,1.5106404e-11,3.8996865e-14
547.64000,1.5146139e-11,3.9047293e-14
547.65000,1.5177046e-11,3.9089140e-14
547.66000,1.5198951e-11,3.9117104e-14
547.67000,1.5219435e-11,3.9146371e-14
547.68000,1.5243457e-11,3.9196547e-14
547.69000,1.5270618e-11,3.9289146e-14
547.70000,1.5295137e-11,3.9441995e-14
547.71000,1.5310311e-11,3.9633139e-14
547.72000,1.5316497e-11,3.9785519e-14
547.73000,1.5317507e-11,3.9770046e-14
547.74000,1.5316116e-11,3.9635045e-14
547.75000,1.5308755e-11,3.9463998e-14
547.76000,1.5295540e-11,3.9342147e-14
547.77000,1.5282895e-11,3.9287040e-14
547.78000,1.5275659e-11,3.9271743e-14
547.79000,1.5273007e-11,3.9270399e-14
547.80000,1.5271954e-11,3.9275513e-14
547.81000,1.5269118e-11,3.9270182e-14
547.82000,1.5260997e-11,3.9233991e-14
547.83000,1.5246620e-11,3.9189133e-14
547.84000,1.5229599e-11,3.9177608e-14
547.85000,1.5217265e-11,3.9195580e-14
547.86000,1.5217922e-11,3.9213379e-14
547.87000,1.5236445e-11,3.9241690e-14
547.88000,1.5269830e-11,3.9315725e-14
547.89000,1.5307970e-11,3.9432142e-14
547.90000,1.5340240e-11,3.9541860e-14
547.91000,1.5361154e-11,3.9585356e-14
547.92000,1.5370752e-11,3.9528794e-14
547.93000,1.5370590e-11,3.9389915e-14
547.94000,1.5360399e-11,3.9224800e-14
547.95000,1.5339948e-11,3.9084320e-14
547.96000,1.5313655e-11,3.8992662e-14
547.97000,1.5291279e-11,3.8955372e-14
547.98000,1.5281789e-11,3.8963952e-14
547.99000,1.5286571e-11,3.8991999e-14
548.00000,1.5299877e-11,3.9007102e-14
548.01000,1.5314337e-11,3.8996612e-14
548.02000,1.5324220e-11,3.8975588e-14
548.03000,1.5327515e-11,3.8970758e-14
548.04000,1.5326194e-11,3.9003340e-14
548.05000,1.5323101e-11,3.9083935e-14
548.06000,1.5319458e-11,3.9209772e-14
548.07000,1.5315448e-11,3.9351769e-14
548.08000,1.5310858e-11,3.9446258e-14
548.09000,1.5304330e-11,3.9431571e-14
548.10000,1.5293650e-11,3.9313806e-14
548.11000,1.5278472e-11,3.9175323e-14
548.12000,1.5261063e-11,3.9099275e-14
548.13000,1.5242765e-11,3.9092120e-14
548.14000,1.5223645e-11,3.9093322e-14
548.15000,1.5207855e-11,3.9062848e-14
548.16000,1.5204068e-11,3.9030755e-14
548.17000,1.5216559e-11,3.9039277e-14
548.18000,1.5239084e-11,3.9077866e-14
548.19000,1.5259601e-11,3.9115145e-14
548.20000,1.5266962e-11,3.9153221e-14
548.21000,1.5252083e-11,3.9205860e-14
548.22000,1.5210363e-11,3.9251049e-14
548.23000,1.5129597e-11,3.9197190e-14
548.24000,1.5030664e-11,3.9028720e-14
548.25000,1.4945910e-11,3.8803380e-14
548.26000,1.4921818e-11,3.8663768e-14
548.27000,1.4977734e-11,3.8689352e-14
548.28000,1.5083287e-11,3.8831768e-14
548.29000,1.5185378e-11,3.8988874e-14
548.30000,1.5252460e-11,3.9095284e-14
548.31000,1.5285515e-11,3.9139981e-14
548.32000,1.5299426e-11,3.9140996e-14
548.33000,1.5305997e-11,3.9122113e-14
548.34000,1.5309594e-11,3.9098984e-14
548.35000,1.5310112e-11,3.9076450e-14
548.36000,1.5306423e-11,3.9055648e-14
548.37000,1.5297447e-11,3.9038643e-14
548.38000,1.5283240e-11,3.9025169e-14
548.39000,1.5267070e-11,3.9011596e-14
548.40000,1.5255292e-11,3.8998982e-14
548.41000,1.5253421e-11,3.8996265e-14
548.42000,1.5261107e-11,3.9006991e-14
548.43000,1.5271794e-11,3.9018367e-14
548.44000,1.5279212e-11,3.9015670e-14
548.45000,1.5283017e-11,3.9003185e-14
548.46000,1.5286085e-11,3.8997207e-14
548.47000,1.5288741e-11,3.9002028e-14
548.48000,1.5289112e-11,3.9005303e-14
548.49000,1.5287236e-11,3.8995820e-14
548.50000,1.5285311e-11,3.8977918e-14
548.51000,1.5284099e-11,3.8964738e-14
548.52000,1.5282431e-11,3.8962401e-14
548.53000,1.5279218e-11,3.8962903e-14
548.54000,1.5272884e-11,3.8953354e-14
548.55000,1.5261485e-11,3.8933251e-14
548.56000,1.5246397e-11,3.8914205e-14
548.57000,1.5233517e-11,3.8904882e-14
548.58000,1.5228298e-11,3.8911456e-14
548.59000,1.5230508e-11,3.8942268e-14
548.60000,1.5235320e-11,3.8988359e-14
548.61000,1.5239016e-11,3.9014094e-14
548.62000,1.5241845e-11,3.8995740e-14
548.63000,1.5244326e-11,3.8950920e-14
548.64000,1.5243221e-11,3.8906406e-14
548.65000,1.5235339e-11,3.8864851e-14
548.66000,1.5219247e-11,3.8818502e-14
548.67000,1.5201528e-11,3.8774197e-14
548.68000,1.5186372e-11,3.8741309e-14
548.69000,1.5175588e-11,3.8717682e-14
548.70000,1.5167860e-11,3.8694607e-14
548.71000,1.5160511e-11,3.8669071e-14
548.72000,1.5150800e-11,3.8643096e-14
548.73000,1.5135256e-11,3.8615786e-14
548.74000,1.5108641e-11,3.8574451e-14
548.75000,1.5065060e-11,3.8498347e-14
548.76000,1.5002349e-11,3.8382996e-14
548.77000,1.4929544e-11,3.8256747e-14
548.78000,1.4872595e-11,3.8169343e-14
548.79000,1.4865338e-11,3.8167361e-14
548.80000,1.4921257e-11,3.8264607e-14
548.81000,1.5014093e-11,3.8421682e-14
548.82000,1.5099605e-11,3.8569813e-14
548.83000,1.5155433e-11,3.8662695e-14
548.84000,1.5188679e-11,3.8697471e-14
548.85000,1.5211551e-11,3.8696018e-14
548.86000,1.5223719e-11,3.8678080e-14
548.87000,1.5218102e-11,3.8648983e-14
548.88000,1.5195010e-11,3.8613085e-14
548.89000,1.5165954e-11,3.8587947e-14
548.90000,1.5146755e-11,3.8584732e-14
548.91000,1.5147277e-11,3.8593918e-14
548.92000,1.5164646e-11,3.8610479e-14
548.93000,1.5186319e-11,3.8640534e-14
548.94000,1.5201773e-11,3.8675994e-14
548.95000,1.5210018e-11,3.8698169e-14
548.96000,1.5215084e-11,3.8698534e-14
548.97000,1.5218267e-11,3.8674485e-14
548.98000,1.5218094e-11,3.8628239e-14
548.99000,1.5215300e-11,3.8578520e-14
549.00000,1.5213621e-11,3.8546662e-14
549.01000,1.5215095e-11,3.8532443e-14
549.02000,1.5216797e-11,3.8519554e-14
549.03000,1.5214544e-11,3.8497311e-14
549.04000,1.5208761e-11,3.8469182e-14
549.05000,1.5202952e-11,3.8443391e-14
549.06000,1.5198640e-11,3.8425947e-14
549.07000,1.5193408e-11,3.8414455e-14
549.08000,1.5186118e-11,3.8409973e-14
549.09000,1.5178886e-11,3.8414035e-14
549.10000,1.5175185e-11,3.8425301e-14
549.11000,1.5175359e-11,3.8435779e-14
549.12000,1.5175772e-11,3.8433658e-14
549.13000,1.5174148e-11,3.8416157e-14
549.14000,1.5172161e-11,3.8397484e-14
549.15000,1.5170836e-11,3.8398307e-14
549.16000,1.5168171e-11,3.8426221e-14
549.17000,1.5162530e-11,3.8462679e-14
549.18000,1.5153498e-11,3.8469813e-14
549.19000,1.5138254e-11,3.8421369e-14
549.20000,1.5111178e-11,3.8327188e-14
549.21000,1.5068962e-11,3.8219837e-14
549.22000,1.5015354e-11,3.8127974e-14
549.23000,1.4961878e-11,3.8073842e-14
549.24000,1.4922523e-11,3.8087017e-14
549.25000,1.4905476e-11,3.8222286e-14
549.26000,1.4914314e-11,3.8560775e-14
549.27000,1.4954262e-11,3.9139727e-14
549.28000,1.5022743e-11,3.9852506e-14
549.29000,1.5100103e-11,4.0493683e-14
549.30000,1.5163639e-11,4.0916211e-14
549.31000,1.5205051e-11,4.1096190e-14
549.32000,1.5227833e-11,4.1093024e-14
549.33000,1.5236999e-11,4.1000141e-14
549.34000,1.5236181e-11,4.0895205e-14
549.35000,1.5227929e-11,4.0809457e-14
549.36000,1.5211860e-11,4.0737815e-14
549.37000,1.5182588e-11,4.0655784e-14
549.38000,1.5132019e-11,4.0535435e-14
549.39000,1.5060169e-11,4.0373999e-14
549.40000,1.4988541e-11,4.0210042e-14
549.41000,1.4955471e-11,4.0105425e-14
549.42000,1.4979423e-11,4.0092720e-14
549.43000,1.5058109e-11,4.0177728e-14
549.44000,1.5138060e-11,4.0268778e-14
549.45000,1.5192815e-11,4.0312361e-14
549.46000,1.5221321e-11,4.0305956e-14
549.47000,1.5235880e-11,4.0280900e-14
549.48000,1.5243387e-11,4.0255832e-14
549.49000,1.5244324e-11,4.0227791e-14
549.50000,1.5239589e-11,4.0190117e-14
549.51000,1.5232593e-11,4.0145528e-14
549.52000,1.5226687e-11,4.0101692e-14
549.53000,1.5222383e-11,4.0059366e-14
549.54000,1.5217347e-11,4.0014377e-14
549.55000,1.5208446e-11,3.9975179e-14
549.56000,1.5194167e-11,3.9969261e-14
549.57000,1.5178792e-11,4.0018471e-14
549.58000,1.5173133e-11,4.0095410e-14
549.59000,1.5183769e-11,4.0121742e-14
549.60000,1.5202155e-11,4.0049204e-14
549.61000,1.5210886e-11,3.9923749e-14
549.62000,1.5199980e-11,3.9834298e-14
549.63000,1.5173972e-11,3.9845091e-14
549.64000,1.5147784e-11,3.9953738e-14
549.65000,1.5135510e-11,4.0063606e-14
549.66000,1.5139927e-11,4.0058815e-14
549.67000,1.5152399e-11,3.9945838e-14
549.68000,1.5161868e-11,3.9842251e-14
549.69000,1.5162591e-11,3.9813135e-14
549.70000,1.5156222e-11,3.9799457e-14
549.71000,1.5148987e-11,3.9725055e-14
549.72000,1.5145540e-11,3.9600977e-14
549.73000,1.5145538e-11,3.9485102e-14
549.74000,1.5146929e-11,3.9402670e-14
549.75000,1.5150591e-11,3.9345021e-14
549.76000,1.5158659e-11,3.9303497e-14
549.77000,1.5172379e-11,3.9288650e-14
549.78000,1.5187009e-11,3.9291097e-14
549.79000,1.5199355e-11,3.9293437e-14
549.80000,1.5207080e-11,3.9284307e-14
549.81000,1.5208419e-11,3.9277667e-14
549.82000,1.5203113e-11,3.9279812e-14
549.83000,1.5193484e-11,3.9266621e-14
549.84000,1.5182918e-11,3.9214794e-14
549.85000,1.5173162e-11,3.9131932e-14
549.86000,1.5162743e-11,3.9050974e-14
549.87000,1.5149382e-11,3.9013871e-14
549.88000,1.5136226e-11,3.9053079e-14
549.89000,1.5132062e-11,3.9174859e-14
549.90000,1.5141127e-11,3.9358691e-14
549.91000,1.5157399e-11,3.9549299e-14
549.92000,1.5172586e-11,3.9648038e-14
549.93000,1.5184325e-11,3.9582492e-14
549.94000,1.5193690e-11,3.9404364e-14
549.95000,1.5199733e-11,3.9239329e-14
549.96000,1.5199821e-11,3.9165946e-14
549.97000,1.5192897e-11,3.9199753e-14
549.98000,1.5181465e-11,3.9334733e-14
549.99000,1.5170698e-11,3.9521753e-14
550.00000,1.5164779e-11,3.9633964e-14
550.01000,1.5163503e-11,3.9561452e-14
550.02000,1.5162158e-11,3.9350510e-14
550.03000,1.5155938e-11,3.9156325e-14
550.04000,1.5145815e-11,3.9069672e-14
550.05000,1.5137896e-11,3.9058827e-14
550.06000,1.5136081e-11,3.9048095e-14
550.07000,1.5138194e-11,3.9004281e-14
550.08000,1.5138845e-11,3.8951247e-14
550.09000,1.5128940e-11,3.8931200e-14
550.10000,1.5107311e-11,3.8931890e-14
550.11000,1.5075992e-11,3.8923545e-14
550.12000,1.5045288e-11,3.8897840e-14
550.13000,1.5028093e-11,3.8895234e-14
550.14000,1.5031469e-11,3.8953996e-14
550.15000,1.5049912e-11,3.9040054e-14
550.16000,1.5068511e-11,3.9070616e-14
550.17000,1.5075228e-11,3.9031388e-14
550.18000,1.5069841e-11,3.9009971e-14
550.19000,1.5059829e-11,3.9061446e-14
550.20000,1.5048916e-11,3.9104882e-14
550.21000,1.5033597e-11,3.9018273e-14
550.22000,1.5010840e-11,3.8793940e-14
550.23000,1.4984219e-11,3.8544196e-14
550.24000,1.4960757e-11,3.8373477e-14
550.25000,1.4942632e-11,3.8293036e-14
550.26000,1.4922738e-11,3.8252535e-14
550.27000,1.4892725e-11,3.8215566e-14
550.28000,1.4856746e-11,3.8184498e-14
550.29000,1.4833559e-11,3.8180170e-14
550.30000,1.4838449e-11,3.8215767e-14
550.31000,1.4862397e-11,3.8289633e-14
550.32000,1.4876262e-11,3.8378108e-14
550.33000,1.4860040e-11,3.8426123e-14
550.34000,1.4826827e-11,3.8391013e-14
550.35000,1.4815436e-11,3.8311866e-14
550.36000,1.4854666e-11,3.8282818e-14
550.37000,1.4934158e-11,3.8360179e-14
550.38000,1.5015027e-11,3.8523604e-14
550.39000,1.5069348e-11,3.8694707e-14
550.40000,1.5083779e-11,3.8751079e-14
550.41000,1.5085333e-11,3.8706018e-14
550.42000,1.5090816e-11,3.8626719e-14
550.43000,1.5105828e-11,3.8575214e-14
550.44000,1.5122746e-11,3.8543099e-14
550.45000,1.5134672e-11,3.8524031e-14
550.46000,1.5142065e-11,3.8539661e-14
550.47000,1.5146569e-11,3.8585209e-14
550.48000,1.5145981e-11,3.8627718e-14
550.49000,1.5137570e-11,3.8659696e-14
550.50000,1.5121940e-11,3.8689895e-14
550.51000,1.5101776e-11,3.8697577e-14
550.52000,1.5079267e-11,3.8657913e-14
550.53000,1.5055909e-11,3.8580484e-14
550.54000,1.5033660e-11,3.8493252e-14
550.55000,1.5015405e-11,3.8430015e-14
550.56000,1.5003382e-11,3.8420182e-14
550.57000,1.4996762e-11,3.8457580e-14
550.58000,1.4990313e-11,3.8501296e-14
550.59000,1.4974477e-11,3.8515598e-14
550.60000,1.4935635e-11,3.8473382e-14
550.61000,1.4857205e-11,3.8333416e-14
550.62000,1.4727296e-11,3.8072646e-14
550.63000,1.4560461e-11,3.7745125e-14
550.64000,1.4418482e-11,3.7481516e-14
550.65000,1.4385179e-11,3.7413912e-14
550.66000,1.4491785e-11,3.7575971e-14
550.67000,1.4678577e-11,3.7873880e-14
550.68000,1.4856961e-11,3.8182867e-14
550.69000,1.4954377e-11,3.8428150e-14
550.70000,1.4991462e-11,3.8644432e-14
550.71000,1.4986657e-11,3.8850274e-14
550.72000,1.4964080e-11,3.9000909e-14
550.73000,1.4944297e-11,3.9025986e-14
550.74000,1.4944888e-11,3.8953139e-14
550.75000,1.4970156e-11,3.8889497e-14
550.76000,1.5005213e-11,3.8874457e-14
550.77000,1.5028901e-11,3.8861147e-14
550.78000,1.5031882e-11,3.8817429e-14
550.79000,1.5019704e-11,3.8761557e-14
550.80000,1.5003500e-11,3.8731158e-14
550.81000,1.4992160e-11,3.8747093e-14
550.82000,1.4990153e-11,3.8791103e-14
550.83000,1.4997498e-11,3.8831922e-14
550.84000,1.5010402e-11,3.8865813e-14
550.85000,1.5024072e-11,3.8903193e-14
550.86000,1.5035017e-11,3.8944902e-14
550.87000,1.5041749e-11,3.8995060e-14
550.88000,1.5044548e-11,3.9059554e-14
550.89000,1.5045149e-11,3.9113119e-14
550.90000,1.5046123e-11,3.9111583e-14
550.91000,1.5048323e-11,3.9058091e-14
550.92000,1.5049098e-11,3.9017327e-14
550.93000,1.5045036e-11,3.9041464e-14
550.94000,1.5035039e-11,3.9105772e-14
550.95000,1.5018945e-11,3.9142084e-14
550.96000,1.4995825e-11,3.9131315e-14
550.97000,1.4960157e-11,3.9118094e-14
550.98000,1.4916879e-11,3.9149584e-14
550.99000,1.4877506e-11,3.9225212e-14
551.00000,1.4862516e-11,3.9302971e-14
551.01000,1.4882989e-11,3.9328786e-14
551.02000,1.4927161e-11,3.9275464e-14
551.03000,1.4970889e-11,3.9180495e-14
551.04000,1.4998303e-11,3.9112314e-14
551.05000,1.5005818e-11,3.9094097e-14
551.06000,1.4992848e-11,3.9101555e-14
551.07000,1.4958380e-11,3.9129363e-14
551.08000,1.4904689e-11,3.9209604e-14
551.09000,1.4842141e-11,3.9359470e-14
551.10000,1.4792464e-11,3.9543881e-14
551.11000,1.4780496e-11,3.9698199e-14
551.12000,1.4812643e-11,3.9781887e-14
551.13000,1.4870895e-11,3.9806295e-14
551.14000,1.4929459e-11,3.9816380e-14
551.15000,1.4973015e-11,3.9837887e-14
551.16000,1.4999422e-11,3.9842726e-14
551.17000,1.5013687e-11,3.9787977e-14
551.18000,1.5022763e-11,3.9688839e-14
551.19000,1.5031568e-11,3.9615512e-14
551.20000,1.5040172e-11,3.9618518e-14
551.21000,1.5045825e-11,3.9696255e-14
551.22000,1.5047983e-11,3.9830335e-14
551.23000,1.5048560e-11,4.0013111e-14
551.24000,1.5047881e-11,4.0264562e-14
551.25000,1.5045087e-11,4.0537116e-14
551.26000,1.5039415e-11,4.0742619e-14
551.27000,1.5031815e-11,4.0771526e-14
551.28000,1.5024222e-11,4.0608063e-14
551.29000,1.5018372e-11,4.0363369e-14
551.30000,1.5014207e-11,4.0174214e-14
551.31000,1.5010248e-11,4.0094545e-14
551.32000,1.5006825e-11,4.0095438e-14
551.33000,1.5007728e-11,4.0142561e-14
551.34000,1.5016143e-11,4.0245275e-14
551.35000,1.5029366e-11,4.0412526e-14
551.36000,1.5040275e-11,4.0586207e-14
551.37000,1.5043496e-11,4.0680839e-14
551.38000,1.5039061e-11,4.0699186e-14
551.39000,1.5031355e-11,4.0728863e-14
551.40000,1.5026654e-11,4.0833553e-14
551.41000,1.5028478e-11,4.0976230e-14
551.42000,1.5034901e-11,4.1002327e-14
551.43000,1.5042097e-11,4.0713276e-14
551.44000,1.5048386e-11,4.0073522e-14
551.45000,1.5053686e-11,3.9320975e-14
551.46000,1.5058224e-11,3.8756365e-14
551.47000,1.5062686e-11,3.8474505e-14
551.48000,1.5066883e-11,3.8378116e-14
551.49000,1.5068920e-11,3.8355712e-14
551.50000,1.5065288e-11,3.8369986e-14
551.51000,1.5057938e-11,3.8385957e-14
551.52000,1.5049500e-11,3.8371356e-14
551.53000,1.5043257e-11,3.8318848e-14
551.54000,1.5040481e-11,3.8258417e-14
551.55000,1.5039884e-11,3.8209995e-14
551.56000,1.5039376e-11,3.8171536e-14
551.57000,1.5037877e-11,3.8147158e-14
551.58000,1.5035516e-11,3.8142425e-14
551.59000,1.5033386e-11,3.8149863e-14
551.60000,1.5032542e-11,3.8159367e-14
551.61000,1.5032495e-11,3.8160416e-14
551.62000,1.5032309e-11,3.8144084e-14
551.63000,1.5033023e-11,3.8118949e-14
551.64000,1.5035858e-11,3.8100619e-14
551.65000,1.5038941e-11,3.8093670e-14
551.66000,1.5039008e-11,3.8096305e-14
551.67000,1.5035414e-11,3.8106099e-14
551.68000,1.5030204e-11,3.8120788e-14
551.69000,1.5024811e-11,3.8132715e-14
551.70000,1.5018735e-11,3.8126377e-14
551.71000,1.5012256e-11,3.8097506e-14
551.72000,1.5008564e-11,3.8064560e-14
551.73000,1.5011170e-11,3.8049789e-14
551.74000,1.5019581e-11,3.8057503e-14
551.75000,1.5030007e-11,3.8082925e-14
551.76000,1.5036871e-11,3.8107873e-14
551.77000,1.5038397e-11,3.8122496e-14
551.78000,1.5037243e-11,3.8124979e-14
551.79000,1.5036383e-11,3.8124518e-14
551.80000,1.5034896e-11,3.8138895e-14
551.81000,1.5029813e-11,3.8189991e-14
551.82000,1.5021492e-11,3.8290156e-14
551.83000,1.5013919e-11,3.8413549e-14
551.84000,1.5009500e-11,3.8495772e-14
551.85000,1.5006897e-11,3.8496475e-14
551.86000,1.5004146e-11,3.8438392e-14
551.87000,1.5001439e-11,3.8361940e-14
551.88000,1.5000278e-11,3.8288288e-14
551.89000,1.5001180e-11,3.8230905e-14
551.90000,1.5003409e-11,3.8201143e-14
551.91000,1.5005823e-11,3.8201626e-14
551.92000,1.5006860e-11,3.8223653e-14
551.93000,1.5004891e-11,3.8250554e-14
551.94000,1.5000007e-11,3.8268120e-14
551.95000,1.4994644e-11,3.8269762e-14
551.96000,1.4990856e-11,3.8252932e-14
551.97000,1.4988144e-11,3.8220226e-14
551.98000,1.4985779e-11,3.8182179e-14
551.99000,1.4985958e-11,3.8153545e-14
552.00000,1.4989659e-11,3.8136359e-14
552.01000,1.4995818e-11,3.8127967e-14
552.02000,1.5001441e-11,3.8125922e-14
552.03000,1.5005180e-11,3.8133553e-14
552.04000,1.5007559e-11,3.8154298e-14
552.05000,1.5009249e-11,3.8185863e-14
552.06000,1.5010997e-11,3.8220455e-14
552.07000,1.5013862e-11,3.8246710e-14
552.08000,1.5017497e-11,3.8254239e-14
552.09000,1.5019662e-11,3.8244211e-14
552.10000,1.5018817e-11,3.8231866e-14
552.11000,1.5015777e-11,3.8230779e-14
552.12000,1.5012516e-11,3.8239661e-14
552.13000,1.5010487e-11,3.8250961e-14
552.14000,1.5009817e-11,3.8261645e-14
552.15000,1.5009547e-11,3.8273029e-14
552.16000,1.5008980e-11,3.8285095e-14
552.17000,1.5008387e-11,3.8292294e-14
552.18000,1.5008291e-11,3.8288835e-14
552.19000,1.5008321e-11,3.8277902e-14
552.20000,1.5007213e-11,3.8269051e-14
552.21000,1.5004232e-11,3.8268731e-14
552.22000,1.4999553e-11,3.8282043e-14
552.23000,1.4995849e-11,3.8299694e-14
552.24000,1.4995658e-11,3.8310441e-14
552.25000,1.4999407e-11,3.8308952e-14
552.26000,1.5004550e-11,3.8304403e-14
552.27000,1.5007451e-11,3.8306421e-14
552.28000,1.5006268e-11,3.8317402e-14
552.29000,1.5003328e-11,3.8345999e-14
552.30000,1.5003684e-11,3.8404671e-14
552.31000,1.5009770e-11,3.8478011e-14
552.32000,1.5018449e-11,3.8515970e-14
552.33000,1.5023673e-11,3.8486371e-14
552.34000,1.5021486e-11,3.8416167e-14
552.35000,1.5013189e-11,3.8355119e-14
552.36000,1.5002995e-11,3.8323143e-14
552.37000,1.4994161e-11,3.8310769e-14
552.38000,1.4987771e-11,3.8300421e-14
552.39000,1.4984110e-11,3.8282398e-14
552.40000,1.4983400e-11,3.8259432e-14
552.41000,1.4985171e-11,3.8239262e-14
552.42000,1.4987369e-11,3.8225488e-14
552.43000,1.4986929e-11,3.8215841e-14
552.44000,1.4982716e-11,3.8206534e-14
552.45000,1.4976193e-11,3.8196312e-14
552.46000,1.4971722e-11,3.8186892e-14
552.47000,1.4971047e-11,3.8178629e-14
552.48000,1.4971856e-11,3.8170365e-14
552.49000,1.4970126e-11,3.8161984e-14
552.50000,1.4963765e-11,3.8153630e-14
552.51000,1.4953286e-11,3.8143815e-14
552.52000,1.4940951e-11,3.8131723e-14
552.53000,1.4931513e-11,3.8122635e-14
552.54000,1.4931403e-11,3.8127889e-14
552.55000,1.4942528e-11,3.8152997e-14
552.56000,1.4957964e-11,3.8187969e-14
552.57000,1.4967815e-11,3.8215889e-14
552.58000,1.4969144e-11,3.8229361e-14
552.59000,1.4966448e-11,3.8233486e-14
552.60000,1.4964051e-11,3.8236591e-14
552.61000,1.4961557e-11,3.8241124e-14
552.62000,1.4956959e-11,3.8241972e-14
552.63000,1.4950963e-11,3.8232205e-14
552.64000,1.4947573e-11,3.8213775e-14
552.65000,1.4950788e-11,3.8200059e-14
552.66000,1.4960049e-11,3.8206494e-14
552.67000,1.4971539e-11,3.8271957e-14
552.68000,1.4980582e-11,3.8403127e-14
552.69000,1.4985894e-11,3.8577250e-14
552.70000,1.4987533e-11,3.8692366e-14
552.71000,1.4984770e-11,3.8657584e-14
552.72000,1.4975421e-11,3.8501920e-14
552.73000,1.4956154e-11,3.8332008e-14
552.74000,1.4925647e-11,3.8207494e-14
552.75000,1.4888097e-11,3.8118451e-14
552.76000,1.4851493e-11,3.8045142e-14
552.77000,1.4822126e-11,3.7987406e-14
552.78000,1.4801817e-11,3.7950451e-14
552.79000,1.4789692e-11,3.7931199e-14
552.80000,1.4785054e-11,3.7920942e-14
552.81000,1.4787006e-11,3.7914836e-14
552.82000,1.4794178e-11,3.7917006e-14
552.83000,1.4806065e-11,3.7928414e-14
552.84000,1.4822140e-11,3.7945314e-14
552.85000,1.4840362e-11,3.7970009e-14
552.86000,1.4859445e-11,3.7999502e-14
552.87000,1.4880216e-11,3.8025083e-14
552.88000,1.4901348e-11,3.8052793e-14
552.89000,1.4911881e-11,3.8089829e-14
552.90000,1.4903295e-11,3.8102538e-14
552.91000,1.4870449e-11,3.8050615e-14
552.92000,1.4823975e-11,3.7959765e-14
552.93000,1.4787152e-11,3.7926003e-14
552.94000,1.4780733e-11,3.8008166e-14
552.95000,1.4804259e-11,3.8142603e-14
552.96000,1.4836543e-11,3.8204391e-14
552.97000,1.4856837e-11,3.8139689e-14
552.98000,1.4858952e-11,3.7995000e-14
552.99000,1.4845337e-11,3.7840000e-14
553.00000,1.4820005e-11,3.7715880e-14
553.01000,1.4792467e-11,3.7642344e-14
553.02000,1.4778576e-11,3.7629528e-14
553.03000,1.4789106e-11,3.7669997e-14
553.04000,1.4819143e-11,3.7736496e-14
553.05000,1.4854148e-11,3.7798475e-14
553.06000,1.4884485e-11,3.7840650e-14
553.07000,1.4908882e-11,3.7863103e-14
553.08000,1.4927020e-11,3.7869930e-14
553.09000,1.4937565e-11,3.7868404e-14
553.10000,1.4938646e-11,3.7879536e-14
553.11000,1.4937029e-11,3.7921057e-14
553.12000,1.4936440e-11,3.7996261e-14
553.13000,1.4936437e-11,3.8079869e-14
553.14000,1.4934073e-11,3.8138533e-14
553.15000,1.4929586e-11,3.8147664e-14
553.16000,1.4926610e-11,3.8102430e-14
553.17000,1.4927733e-11,3.8033079e-14
553.18000,1.4931590e-11,3.7992340e-14
553.19000,1.4932458e-11,3.8002294e-14
553.20000,1.4921657e-11,3.8021870e-14
553.21000,1.4893860e-11,3.7992227e-14
553.22000,1.4855688e-11,3.7914653e-14
553.23000,1.4825554e-11,3.7846087e-14
553.24000,1.4821378e-11,3.7829325e-14
553.25000,1.4845484e-11,3.7860930e-14
553.26000,1.4882603e-11,3.7914256e-14
553.27000,1.4912771e-11,3.7958469e-14
553.28000,1.4924932e-11,3.7970839e-14
553.29000,1.4920243e-11,3.7952670e-14
553.30000,1.4907416e-11,3.7922741e-14
553.31000,1.4897157e-11,3.7900104e-14
553.32000,1.4895422e-11,3.7891053e-14
553.33000,1.4902053e-11,3.7895765e-14
553.34000,1.4909963e-11,3.7907027e-14
553.35000,1.4911882e-11,3.7914518e-14
553.36000,1.4904800e-11,3.7908049e-14
553.37000,1.4887777e-11,3.7880893e-14
553.38000,1.4859427e-11,3.7831393e-14
553.39000,1.4820790e-11,3.7765337e-14
553.40000,1.4778068e-11,3.7696928e-14
553.41000,1.4740167e-11,3.7640591e-14
553.42000,1.4713419e-11,3.7601733e-14
553.43000,1.4698917e-11,3.7580518e-14
553.44000,1.4692275e-11,3.7572081e-14
553.45000,1.4684359e-11,3.7560161e-14
553.46000,1.4661084e-11,3.7519219e-14
553.47000,1.4604753e-11,3.7423138e-14
553.48000,1.4503375e-11,3.7256486e-14
553.49000,1.4367910e-11,3.7037185e-14
553.50000,1.4238555e-11,3.6828584e-14
553.51000,1.4203263e-11,3.6770266e-14
553.52000,1.4281098e-11,3.6889598e-14
553.53000,1.4455106e-11,3.7154260e-14
553.54000,1.4643515e-11,3.7429414e-14
553.55000,1.4776748e-11,3.7604080e-14
553.56000,1.4840616e-11,3.7662349e-14
553.57000,1.4860505e-11,3.7656702e-14
553.58000,1.4865789e-11,3.7644248e-14
553.59000,1.4870711e-11,3.7648815e-14
553.60000,1.4875209e-11,3.7664126e-14
553.61000,1.4875185e-11,3.7678970e-14
553.62000,1.4870098e-11,3.7689771e-14
553.63000,1.4862372e-11,3.7694629e-14
553.64000,1.4854988e-11,3.7691390e-14
553.65000,1.4849564e-11,3.7679189e-14
553.66000,1.4845300e-11,3.7656104e-14
553.67000,1.4841513e-11,3.7622866e-14
553.68000,1.4839961e-11,3.7589404e-14
553.69000,1.4842036e-11,3.7568692e-14
553.70000,1.4846470e-11,3.7563310e-14
553.71000,1.4852258e-11,3.7568456e-14
553.72000,1.4858974e-11,3.7572848e-14
553.73000,1.4865716e-11,3.7576353e-14
553.74000,1.4869049e-11,3.7583749e-14
553.75000,1.4866214e-11,3.7592848e-14
553.76000,1.4859210e-11,3.7593151e-14
553.77000,1.4852791e-11,3.7577058e-14
553.78000,1.4848515e-11,3.7549095e-14
553.79000,1.4843738e-11,3.7521263e-14
553.80000,1.4836692e-11,3.7499198e-14
553.81000,1.4830253e-11,3.7483581e-14
553.82000,1.4827807e-11,3.7483961e-14
553.83000,1.4827719e-11,3.7511918e-14
553.84000,1.4826312e-11,3.7558498e-14
553.85000,1.4823823e-11,3.7594206e-14
553.86000,1.4822483e-11,3.7598537e-14
553.87000,1.4821882e-11,3.7575248e-14
553.88000,1.4820610e-11,3.7536871e-14
553.89000,1.4819424e-11,3.7493718e-14
553.90000,1.4820509e-11,3.7457964e-14
553.91000,1.4821961e-11,3.7436731e-14
553.92000,1.4819349e-11,3.7438892e-14
553.93000,1.4809780e-11,3.7478588e-14
553.94000,1.4796957e-11,3.7569043e-14
553.95000,1.4789099e-11,3.7685564e-14
553.96000,1.4791590e-11,3.7747309e-14
553.97000,1.4801844e-11,3.7688155e-14
553.98000,1.4811711e-11,3.7543089e-14
553.99000,1.4814890e-11,3.7411490e-14
554.00000,1.4811780e-11,3.7350653e-14
554.01000,1.4807053e-11,3.7342782e-14
554.02000,1.4804164e-11,3.7343968e-14
554.03000,1.4802793e-11,3.7331893e-14
554.04000,1.4800405e-11,3.7316545e-14
554.05000,1.4795406e-11,3.7315202e-14
554.06000,1.4788174e-11,3.7327222e-14
554.07000,1.4780086e-11,3.7335347e-14
554.08000,1.4772260e-11,3.7325473e-14
554.09000,1.4765710e-11,3.7290302e-14
554.10000,1.4761094e-11,3.7255732e-14
554.11000,1.4759938e-11,3.7250522e-14
554.12000,1.4762696e-11,3.7285000e-14
554.13000,1.4768033e-11,3.7331125e-14
554.14000,1.4774119e-11,3.7349682e-14
554.15000,1.4779806e-11,3.7332819e-14
554.16000,1.4784497e-11,3.7308014e-14
554.17000,1.4787476e-11,3.7304005e-14
554.18000,1.4787366e-11,3.7334321e-14
554.19000,1.4783916e-11,3.7428146e-14
554.20000,1.4780732e-11,3.7657376e-14
554.21000,1.4783215e-11,3.8079993e-14
554.22000,1.4792633e-11,3.8637766e-14
554.23000,1.4804948e-11,3.9162720e-14
554.24000,1.4816006e-11,3.9516346e-14
554.25000,1.4824671e-11,3.9681398e-14
554.26000,1.4830907e-11,3.9720004e-14
554.27000,1.4834760e-11,3.9702448e-14
554.28000,1.4836132e-11,3.9668776e-14
554.29000,1.4835974e-11,3.9635659e-14
554.30000,1.4833185e-11,3.9590223e-14
554.31000,1.4827617e-11,3.9518355e-14
554.32000,1.4822477e-11,3.9435583e-14
554.33000,1.4820834e-11,3.9389902e-14
554.34000,1.4821406e-11,3.9427718e-14
554.35000,1.4820698e-11,3.9543512e-14
554.36000,1.4817011e-11,3.9650159e-14
554.37000,1.4811147e-11,3.9631837e-14
554.38000,1.4803784e-11,3.9471048e-14
554.39000,1.4792715e-11,3.9260335e-14
554.40000,1.4775205e-11,3.9097301e-14
554.41000,1.4752551e-11,3.9015554e-14
554.42000,1.4730053e-11,3.8994786e-14
554.43000,1.4713301e-11,3.8984550e-14
554.44000,1.4705307e-11,3.8939860e-14
554.45000,1.4704594e-11,3.8861420e-14
554.46000,1.4703710e-11,3.8775649e-14
554.47000,1.4689060e-11,3.8693431e-14
554.48000,1.4649178e-11,3.8593320e-14
554.49000,1.4591344e-11,3.8467179e-14
554.50000,1.4546268e-11,3.8358657e-14
554.51000,1.4547545e-11,3.8327872e-14
554.52000,1.4600159e-11,3.8382138e-14
554.53000,1.4674339e-11,3.8469752e-14
554.54000,1.4734825e-11,3.8541334e-14
554.55000,1.4768680e-11,3.8584880e-14
554.56000,1.4783276e-11,3.8602076e-14
554.57000,1.4786253e-11,3.8588573e-14
554.58000,1.4780460e-11,3.8556209e-14
554.59000,1.4770311e-11,3.8549603e-14
554.60000,1.4764069e-11,3.8614661e-14
554.61000,1.4767548e-11,3.8731712e-14
554.62000,1.4779503e-11,3.8803784e-14
554.63000,1.4794990e-11,3.8768634e-14
554.64000,1.4809385e-11,3.8631435e-14
554.65000,1.4818710e-11,3.8495982e-14
554.66000,1.4818488e-11,3.8397242e-14
554.67000,1.4809120e-11,3.8322915e-14
554.68000,1.4798296e-11,3.8255271e-14
554.69000,1.4793804e-11,3.8193073e-14
554.70000,1.4795853e-11,3.8142025e-14
554.71000,1.4799645e-11,3.8108211e-14
554.72000,1.4802281e-11,3.8098297e-14
554.73000,1.4804057e-11,3.8112772e-14
554.74000,1.4804918e-11,3.8138918e-14
554.75000,1.4802916e-11,3.8159560e-14
554.76000,1.4797351e-11,3.8165890e-14
554.77000,1.4791058e-11,3.8158191e-14
554.78000,1.4787070e-11,3.8144091e-14
554.79000,1.4785257e-11,3.8144841e-14
554.80000,1.4783307e-11,3.8175173e-14
554.81000,1.4775621e-11,3.8211209e-14
554.82000,1.4758844e-11,3.8195590e-14
554.83000,1.4732630e-11,3.8104349e-14
554.84000,1.4707214e-11,3.7982256e-14
554.85000,1.4697303e-11,3.7886680e-14
554.86000,1.4707922e-11,3.7831455e-14
554.87000,1.4727745e-11,3.7798084e-14
554.88000,1.4739216e-11,3.7767084e-14
554.89000,1.4732876e-11,3.7725002e-14
554.90000,1.4709578e-11,3.7659929e-14
554.91000,1.4677047e-11,3.7577529e-14
554.92000,1.4649839e-11,3.7517518e-14
554.93000,1.4646117e-11,3.7532931e-14
554.94000,1.4672956e-11,3.7638728e-14
554.95000,1.4717391e-11,3.7774167e-14
554.96000,1.4756564e-11,3.7843031e-14
554.97000,1.4775235e-11,3.7816859e-14
554.98000,1.4775054e-11,3.7757836e-14
554.99000,1.4764318e-11,3.7744424e-14
555.00000,1.4756148e-11,3.7765015e-14
555.01000,1.4753562e-11,3.7777934e-14
555.02000,1.4753998e-11,3.7764293e-14
555.03000,1.4754782e-11,3.7752326e-14
555.04000,1.4755513e-11,3.7770662e-14
555.05000,1.4756670e-11,3.7817180e-14
555.06000,1.4757553e-11,3.7867283e-14
555.07000,1.4755290e-11,3.7885655e-14
555.08000,1.4747673e-11,3.7843716e-14
555.09000,1.4736985e-11,3.7745356e-14
555.10000,1.4728244e-11,3.7632514e-14
555.11000,1.4725300e-11,3.7578326e-14
555.12000,1.4729892e-11,3.7684778e-14
555.13000,1.4740636e-11,3.8044328e-14
555.14000,1.4751219e-11,3.8605341e-14
555.15000,1.4755526e-11,3.9121227e-14
555.16000,1.4751750e-11,3.9179596e-14
555.17000,1.4748970e-11,3.8849444e-14
555.18000,1.4752266e-11,3.8347045e-14
555.19000,1.4758133e-11,3.7949898e-14
555.20000,1.4757314e-11,3.7732032e-14
555.21000,1.4744573e-11,3.7630239e-14
555.22000,1.4723459e-11,3.7579896e-14
555.23000,1.4701272e-11,3.7553335e-14
555.24000,1.4681763e-11,3.7540766e-14
555.25000,1.4664600e-11,3.7532100e-14
555.26000,1.4649842e-11,3.7512927e-14
555.27000,1.4639217e-11,3.7473697e-14
555.28000,1.4634134e-11,3.7418511e-14
555.29000,1.4635038e-11,3.7362835e-14
555.30000,1.4641939e-11,3.7324933e-14
555.31000,1.4653834e-11,3.7311468e-14
555.32000,1.4668220e-11,3.7311790e-14
555.33000,1.4682141e-11,3.7315292e-14
555.34000,1.4693545e-11,3.7319130e-14
555.35000,1.4701195e-11,3.7323656e-14
555.36000,1.4705148e-11,3.7323813e-14
555.37000,1.4706285e-11,3.7310784e-14
555.38000,1.4705587e-11,3.7280411e-14
555.39000,1.4704017e-11,3.7241165e-14
555.40000,1.4702840e-11,3.7206215e-14
555.41000,1.4703734e-11,3.7180219e-14
555.42000,1.4706637e-11,3.7162371e-14
555.43000,1.4707863e-11,3.7156524e-14
555.44000,1.4703368e-11,3.7168118e-14
555.45000,1.4693454e-11,3.7197821e-14
555.46000,1.4681665e-11,3.7240689e-14
555.47000,1.4669607e-11,3.7281588e-14
555.48000,1.4655415e-11,3.7298733e-14
555.49000,1.4634860e-11,3.7264581e-14
555.50000,1.4610153e-11,3.7204558e-14
555.51000,1.4586584e-11,3.7154881e-14
555.52000,1.4573718e-11,3.7153897e-14
555.53000,1.4579302e-11,3.7202206e-14
555.54000,1.4601887e-11,3.7260209e-14
555.55000,1.4631303e-11,3.7292661e-14
555.56000,1.4658315e-11,3.7304008e-14
555.57000,1.4679474e-11,3.7314608e-14
555.58000,1.4693450e-11,3.7326505e-14
555.59000,1.4698901e-11,3.7333228e-14
555.60000,1.4695741e-11,3.7339024e-14
555.61000,1.4687139e-11,3.7355882e-14
555.62000,1.4679425e-11,3.7393458e-14
555.63000,1.4677841e-11,3.7450098e-14
555.64000,1.4681657e-11,3.7515454e-14
555.65000,1.4685638e-11,3.7583463e-14
555.66000,1.4684373e-11,3.7649036e-14
555.67000,1.4680364e-11,3.7701386e-14
555.68000,1.4677854e-11,3.7732223e-14
555.69000,1.4679576e-11,3.7745171e-14
555.70000,1.4683940e-11,3.7737905e-14
555.71000,1.4687162e-11,3.7706870e-14
555.72000,1.4687101e-11,3.7680239e-14
555.73000,1.4684865e-11,3.7714895e-14
555.74000,1.4681649e-11,3.7856726e-14
555.75000,1.4676570e-11,3.8107966e-14
555.76000,1.4670219e-11,3.8423170e-14
555.77000,1.4665748e-11,3.8683433e-14
555.78000,1.4664048e-11,3.8734125e-14
555.79000,1.4662252e-11,3.8534509e-14
555.80000,1.4658297e-11,3.8223294e-14
555.81000,1.4653054e-11,3.7957884e-14
555.82000,1.4646632e-11,3.7833055e-14
555.83000,1.4637532e-11,3.7786110e-14
555.84000,1.4625191e-11,3.7780223e-14
555.85000,1.4614528e-11,3.7788382e-14
555.86000,1.4612709e-11,3.7806741e-14
555.87000,1.4621610e-11,3.7843454e-14
555.88000,1.4635035e-11,3.7899906e-14
555.89000,1.4644007e-11,3.7960898e-14
555.90000,1.4644666e-11,3.8010354e-14
555.91000,1.4641206e-11,3.8038649e-14
555.92000,1.4639784e-11,3.8037761e-14
555.93000,1.4642262e-11,3.8019065e-14
555.94000,1.4645260e-11,3.8008557e-14
555.95000,1.4644712e-11,3.8018771e-14
555.96000,1.4639957e-11,3.8048762e-14
555.97000,1.4633287e-11,3.8086973e-14
555.98000,1.4627196e-11,3.8103722e-14
555.99000,1.4622532e-11,3.8096303e-14
556.00000,1.4619919e-11,3.8089960e-14
556.01000,1.4620443e-11,3.8106792e-14
556.02000,1.4624161e-11,3.8131422e-14
556.03000,1.4628545e-11,3.8154530e-14
556.04000,1.4630889e-11,3.8196714e-14
556.05000,1.4631871e-11,3.8260470e-14
556.06000,1.4634375e-11,3.8311591e-14
556.07000,1.4638623e-11,3.8339087e-14
556.08000,1.4641921e-11,3.8376876e-14
556.09000,1.4642042e-11,3.8443455e-14
556.10000,1.4638136e-11,3.8499196e-14
556.11000,1.4629698e-11,3.8496838e-14
556.12000,1.4617244e-11,3.8455892e-14
556.13000,1.4603538e-11,3.8442884e-14
556.14000,1.4594274e-11,3.8534162e-14
556.15000,1.4591493e-11,3.8678659e-14
556.16000,1.4593787e-11,3.8781664e-14
556.17000,1.4596294e-11,3.8757840e-14
556.18000,1.4597470e-11,3.8638247e-14
556.19000,1.4599315e-11,3.8528060e-14
556.20000,1.4601672e-11,3.8491492e-14
556.21000,1.4602136e-11,3.8541128e-14
556.22000,1.4601194e-11,3.8684190e-14
556.23000,1.4601892e-11,3.8899210e-14
556.24000,1.4605219e-11,3.9098496e-14
556.25000,1.4609059e-11,3.9183082e-14
556.26000,1.4611466e-11,3.9133857e-14
556.27000,1.4613012e-11,3.9014514e-14
556.28000,1.4614955e-11,3.8894691e-14
556.29000,1.4616837e-11,3.8827132e-14
556.30000,1.4616959e-11,3.8816539e-14
556.31000,1.4614310e-11,3.8877753e-14
556.32000,1.4608961e-11,3.9016768e-14
556.33000,1.4601165e-11,3.9222164e-14
556.34000,1.4592026e-11,3.9433472e-14
556.35000,1.4583379e-11,3.9546061e-14
556.36000,1.4577034e-11,3.9505791e-14
556.37000,1.4575706e-11,3.9383024e-14
556.38000,1.4580712e-11,3.9287786e-14
556.39000,1.4588631e-11,3.9254328e-14
556.40000,1.4594097e-11,3.9255952e-14
556.41000,1.4595271e-11,3.9277646e-14
556.42000,1.4594041e-11,3.9348413e-14
556.43000,1.4593042e-11,3.9500036e-14
556.44000,1.4595048e-11,3.9753394e-14
556.45000,1.4599199e-11,4.0013976e-14
556.46000,1.4602132e-11,4.0173864e-14
556.47000,1.4598528e-11,4.0152277e-14
556.48000,1.4585435e-11,3.9961483e-14
556.49000,1.4563262e-11,3.9659494e-14
556.50000,1.4534329e-11,3.9251565e-14
556.51000,1.4503588e-11,3.8706602e-14
556.52000,1.4480751e-11,3.8102839e-14
556.53000,1.4475928e-11,3.7633184e-14
556.54000,1.4490966e-11,3.7388027e-14
556.55000,1.4516096e-11,3.7284498e-14
556.56000,1.4538440e-11,3.7214339e-14
556.57000,1.4553163e-11,3.7156320e-14
556.58000,1.4564532e-11,3.7139171e-14
556.59000,1.4577409e-11,3.7163011e-14
556.60000,1.4592120e-11,3.7186571e-14
556.61000,1.4604336e-11,3.7171917e-14
556.62000,1.4611252e-11,3.7132068e-14
556.63000,1.4613459e-11,3.7112575e-14
556.64000,1.4613170e-11,3.7120122e-14
556.65000,1.4612019e-11,3.7118503e-14
556.66000,1.4610275e-11,3.7092302e-14
556.67000,1.4606793e-11,3.7068985e-14
556.68000,1.4600718e-11,3.7067223e-14
556.69000,1.4593720e-11,3.7080422e-14
556.70000,1.4588817e-11,3.7117985e-14
556.71000,1.4586921e-11,3.7199065e-14
556.72000,1.4586641e-11,3.7296021e-14
556.73000,1.4586513e-11,3.7349138e-14
556.74000,1.4585242e-11,3.7306091e-14
556.75000,1.4581871e-11,3.7222137e-14
556.76000,1.4574043e-11,3.7145344e-14
556.77000,1.4558038e-11,3.7102382e-14
556.78000,1.4530907e-11,3.7080596e-14
556.79000,1.4495858e-11,3.7052531e-14
556.80000,1.4465061e-11,3.7014237e-14
556.81000,1.4454057e-11,3.6994756e-14
556.82000,1.4469483e-11,3.7019774e-14
556.83000,1.4500177e-11,3.7071948e-14
556.84000,1.4528808e-11,3.7109729e-14
556.85000,1.4545794e-11,3.7112513e-14
556.86000,1.4551533e-11,3.7093929e-14
556.87000,1.4549785e-11,3.7079522e-14
556.88000,1.4543905e-11,3.7086339e-14
556.89000,1.4535479e-11,3.7126377e-14
556.90000,1.4526775e-11,3.7172675e-14
556.91000,1.4519525e-11,3.7192810e-14
556.92000,1.4515884e-11,3.7169270e-14
556.93000,1.4516874e-11,3.7122688e-14
556.94000,1.4521361e-11,3.7087658e-14
556.95000,1.4527067e-11,3.7081651e-14
556.96000,1.4532844e-11,3.7101792e-14
556.97000,1.4539850e-11,3.7134660e-14
556.98000,1.4549869e-11,3.7167182e-14
556.99000,1.4562637e-11,3.7196667e-14
557.00000,1.4575178e-11,3.7230445e-14
557.01000,1.4584287e-11,3.7272364e-14
557.02000,1.4588596e-11,3.7310119e-14
557.03000,1.4587981e-11,3.7324877e-14
557.04000,1.4579916e-11,3.7295817e-14
557.05000,1.4567454e-11,3.7246719e-14
557.06000,1.4555312e-11,3.7200967e-14
557.07000,1.4550338e-11,3.7176155e-14
557.08000,1.4555663e-11,3.7172413e-14
557.09000,1.4568442e-11,3.7183067e-14
557.10000,1.4581991e-11,3.7205047e-14
557.11000,1.4591020e-11,3.7234411e-14
557.12000,1.4596777e-11,3.7259386e-14
557.13000,1.4603357e-11,3.7267384e-14
557.14000,1.4609632e-11,3.7253338e-14
557.15000,1.4608908e-11,3.7221172e-14
557.16000,1.4596637e-11,3.7179726e-14
557.17000,1.4575331e-11,3.7136832e-14
557.18000,1.4549706e-11,3.7099299e-14
557.19000,1.4526138e-11,3.7071415e-14
557.20000,1.4507828e-11,3.7060405e-14
557.21000,1.4496181e-11,3.7070402e-14
557.22000,1.4491114e-11,3.7097316e-14
557.23000,1.4490914e-11,3.7128843e-14
557.24000,1.4492548e-11,3.7153106e-14
557.25000,1.4493998e-11,3.7165686e-14
557.26000,1.4496851e-11,3.7167939e-14
557.27000,1.4504463e-11,3.7163820e-14
557.28000,1.4517537e-11,3.7161664e-14
557.29000,1.4532593e-11,3.7179521e-14
557.30000,1.4545046e-11,3.7256998e-14
557.31000,1.4553804e-11,3.7457429e-14
557.32000,1.4561287e-11,3.7793522e-14
557.33000,1.4569085e-11,3.8148936e-14
557.34000,1.4575538e-11,3.8293916e-14
557.35000,1.4578527e-11,3.8115791e-14
557.36000,1.4579376e-11,3.7771842e-14
557.37000,1.4582688e-11,3.7493255e-14
557.38000,1.4591016e-11,3.7356570e-14
557.39000,1.4601421e-11,3.7311495e-14
557.40000,1.4609114e-11,3.7303763e-14
557.41000,1.4612176e-11,3.7311093e-14
557.42000,1.4610880e-11,3.7321321e-14
557.43000,1.4606532e-11,3.7323571e-14
557.44000,1.4601379e-11,3.7315835e-14
557.45000,1.4597451e-11,3.7304934e-14
557.46000,1.4594985e-11,3.7297104e-14
557.47000,1.4592956e-11,3.7294620e-14
557.48000,1.4589802e-11,3.7291523e-14
557.49000,1.4583869e-11,3.7280713e-14
557.50000,1.4573088e-11,3.7258365e-14
557.51000,1.4557316e-11,3.7230199e-14
557.52000,1.4541697e-11,3.7208736e-14
557.53000,1.4534778e-11,3.7203729e-14
557.54000,1.4541324e-11,3.7216954e-14
557.55000,1.4556448e-11,3.7243280e-14
557.56000,1.4569198e-11,3.7274319e-14
557.57000,1.4571198e-11,3.7300477e-14
557.58000,1.4563330e-11,3.7313571e-14
557.59000,1.4552450e-11,3.7309368e-14
557.60000,1.4543160e-11,3.7290764e-14
557.61000,1.4538178e-11,3.7262670e-14
557.62000,1.4538578e-11,3.7237648e-14
557.63000,1.4546915e-11,3.7224890e-14
557.64000,1.4560510e-11,3.7226272e-14
557.65000,1.4571465e-11,3.7236518e-14
557.66000,1.4573621e-11,3.7253751e-14
557.67000,1.4567352e-11,3.7280289e-14
557.68000,1.4557362e-11,3.7308584e-14
557.69000,1.4548959e-11,3.7323768e-14
557.70000,1.4546674e-11,3.7329587e-14
557.71000,1.4551587e-11,3.7352399e-14
557.72000,1.4559282e-11,3.7408918e-14
557.73000,1.4563713e-11,3.7485558e-14
557.74000,1.4562890e-11,3.7567961e-14
557.75000,1.4556757e-11,3.7679606e-14
557.76000,1.4548273e-11,3.7814226e-14
557.77000,1.4536686e-11,3.7891288e-14
557.78000,1.4517761e-11,3.7802479e-14
557.79000,1.4484913e-11,3.7561349e-14
557.80000,1.4436934e-11,3.7290715e-14
557.81000,1.4387188e-11,3.7091259e-14
557.82000,1.4360636e-11,3.6994371e-14
557.83000,1.4373762e-11,3.6991765e-14
557.84000,1.4420923e-11,3.7052432e-14
557.85000,1.4479234e-11,3.7131281e-14
557.86000,1.4526079e-11,3.7192956e-14
557.87000,1.4553492e-11,3.7228244e-14
557.88000,1.4558228e-11,3.7234817e-14
557.89000,1.4551654e-11,3.7226701e-14
557.90000,1.4538009e-11,3.7208996e-14
557.91000,1.4524071e-11,3.7191469e-14
557.92000,1.4518474e-11,3.7184346e-14
557.93000,1.4526093e-11,3.7190625e-14
557.94000,1.4542725e-11,3.7203490e-14
557.95000,1.4558773e-11,3.7212726e-14
557.96000,1.4567551e-11,3.7214567e-14
557.97000,1.4568858e-11,3.7209531e-14
557.98000,1.4566307e-11,3.7199428e-14
557.99000,1.4561822e-11,3.7189016e-14
558.00000,1.4553610e-11,3.7174924e-14
558.01000,1.4541592e-11,3.7151431e-14
558.02000,1.4531845e-11,3.7138492e-14
558.03000,1.4530678e-11,3.7162412e-14
558.04000,1.4538889e-11,3.7218714e-14
558.05000,1.4549342e-11,3.7260823e-14
558.06000,1.4554892e-11,3.7263474e-14
558.07000,1.4553846e-11,3.7252583e-14
558.08000,1.4549237e-11,3.7256934e-14
558.09000,1.4544948e-11,3.7256743e-14
558.10000,1.4541444e-11,3.7213095e-14
558.11000,1.4536266e-11,3.7128494e-14
558.12000,1.4528671e-11,3.7048962e-14
558.13000,1.4521650e-11,3.7015928e-14
558.14000,1.4517443e-11,3.7029618e-14
558.15000,1.4514087e-11,3.7075863e-14
558.16000,1.4506920e-11,3.7127550e-14
558.17000,1.4494476e-11,3.7177114e-14
558.18000,1.4481509e-11,3.7218988e-14
558.19000,1.4476616e-11,3.7249901e-14
558.20000,1.4485239e-11,3.7270338e-14
558.21000,1.4503476e-11,3.7278279e-14
558.22000,1.4521022e-11,3.7263846e-14
558.23000,1.4531390e-11,3.7217514e-14
558.24000,1.4535424e-11,3.7139485e-14
558.25000,1.4536460e-11,3.7046099e-14
558.26000,1.4536697e-11,3.6966878e-14
558.27000,1.4537649e-11,3.6933538e-14
558.28000,1.4540372e-11,3.6960267e-14
558.29000,1.4544394e-11,3.7058246e-14
558.30000,1.4545701e-11,3.7168146e-14
558.31000,1.4540394e-11,3.7226906e-14
558.32000,1.4529672e-11,3.7197406e-14
558.33000,1.4520219e-11,3.7115581e-14
558.34000,1.4517253e-11,3.7051384e-14
558.35000,1.4519572e-11,3.7031157e-14
558.36000,1.4522236e-11,3.7022174e-14
558.37000,1.4522286e-11,3.6999453e-14
558.38000,1.4519211e-11,3.6974358e-14
558.39000,1.4512314e-11,3.6957833e-14
558.40000,1.4500775e-11,3.6942938e-14
558.41000,1.4486738e-11,3.6928809e-14
558.42000,1.4477590e-11,3.6932604e-14
558.43000,1.4478873e-11,3.6957179e-14
558.44000,1.4492826e-11,3.6995038e-14
558.45000,1.4513079e-11,3.7026109e-14
558.46000,1.4529252e-11,3.7032708e-14
558.47000,1.4534454e-11,3.7014569e-14
558.48000,1.4529294e-11,3.6988554e-14
558.49000,1.4519487e-11,3.6969489e-14
558.50000,1.4509479e-11,3.6958049e-14
558.51000,1.4501058e-11,3.6949878e-14
558.52000,1.4495858e-11,3.6943446e-14
558.53000,1.4495276e-11,3.6936727e-14
558.54000,1.4497315e-11,3.6925954e-14
558.55000,1.4494386e-11,3.6906064e-14
558.56000,1.4481563e-11,3.6879517e-14
558.57000,1.4457991e-11,3.6845655e-14
558.58000,1.4428952e-11,3.6801423e-14
558.59000,1.4399677e-11,3.6746805e-14
558.60000,1.4373410e-11,3.6692402e-14
558.61000,1.4352401e-11,3.6652232e-14
558.62000,1.4337331e-11,3.6629975e-14
558.63000,1.4327926e-11,3.6621433e-14
558.64000,1.4324974e-11,3.6623490e-14
558.65000,1.4330002e-11,3.6631995e-14
558.66000,1.4343173e-11,3.6640668e-14
558.67000,1.4361330e-11,3.6646918e-14
558.68000,1.4378130e-11,3.6651745e-14
558.69000,1.4387209e-11,3.6656145e-14
558.70000,1.4383859e-11,3.6658934e-14
558.71000,1.4367554e-11,3.6660859e-14
558.72000,1.4342530e-11,3.6663402e-14
558.73000,1.4320658e-11,3.6664557e-14
558.74000,1.4319293e-11,3.6667932e-14
558.75000,1.4344257e-11,3.6688232e-14
558.76000,1.4379713e-11,3.6723154e-14
558.77000,1.4403843e-11,3.6741488e-14
558.78000,1.4407404e-11,3.6723756e-14
558.79000,1.4393011e-11,3.6703130e-14
558.80000,1.4365168e-11,3.6743711e-14
558.81000,1.4320153e-11,3.6947851e-14
558.82000,1.4263600e-11,3.7244147e-14
558.83000,1.4202439e-11,3.7459182e-14
558.84000,1.4154278e-11,3.7381183e-14
558.85000,1.4141901e-11,3.7035043e-14
558.86000,1.4177670e-11,3.6676015e-14
558.87000,1.4248437e-11,3.6497894e-14
558.88000,1.4322022e-11,3.6475643e-14
558.89000,1.4376390e-11,3.6512119e-14
558.90000,1.4409604e-11,3.6557314e-14
558.91000,1.4429768e-11,3.6605827e-14
558.92000,1.4441527e-11,3.6663809e-14
558.93000,1.4444737e-11,3.6736661e-14
558.94000,1.4437073e-11,3.6834312e-14
558.95000,1.4426374e-11,3.6930099e-14
558.96000,1.4418938e-11,3.6967531e-14
558.97000,1.4417047e-11,3.6902832e-14
558.98000,1.4418323e-11,3.6773228e-14
558.99000,1.4420263e-11,3.6664307e-14
559.00000,1.4422076e-11,3.6630391e-14
559.01000,1.4423063e-11,3.6680688e-14
559.02000,1.4421821e-11,3.6808204e-14
559.03000,1.4417947e-11,3.6957121e-14
559.04000,1.4413195e-11,3.7021956e-14
559.05000,1.4409919e-11,3.6958872e-14
559.06000,1.4410803e-11,3.6803243e-14
559.07000,1.4414450e-11,3.6674309e-14
559.08000,1.4418168e-11,3.6611274e-14
559.09000,1.4418031e-11,3.6589191e-14
559.10000,1.4412491e-11,3.6572419e-14
559.11000,1.4403177e-11,3.6550210e-14
559.12000,1.4392947e-11,3.6530199e-14
559.13000,1.4383869e-11,3.6521048e-14
559.14000,1.4376608e-11,3.6521315e-14
559.15000,1.4371259e-11,3.6521500e-14
559.16000,1.4367813e-11,3.6515400e-14
559.17000,1.4365979e-11,3.6503387e-14
559.18000,1.4365393e-11,3.6487676e-14
559.19000,1.4367739e-11,3.6474921e-14
559.20000,1.4374301e-11,3.6476598e-14
559.21000,1.4385626e-11,3.6509531e-14
559.22000,1.4397914e-11,3.6600928e-14
559.23000,1.4405914e-11,3.6802957e-14
559.24000,1.4409037e-11,3.7174458e-14
559.25000,1.4413153e-11,3.7715706e-14
559.26000,1.4423588e-11,3.8309050e-14
559.27000,1.4439368e-11,3.8801159e-14
559.28000,1.4454791e-11,3.9100221e-14
559.29000,1.4462903e-11,3.9209367e-14
559.30000,1.4460498e-11,3.9200613e-14
559.31000,1.4445072e-11,3.9137344e-14
559.32000,1.4421434e-11,3.9067970e-14
559.33000,1.4386924e-11,3.8967968e-14
559.34000,1.4339607e-11,3.8809973e-14
559.35000,1.4288685e-11,3.8636212e-14
559.36000,1.4256792e-11,3.8536406e-14
559.37000,1.4263135e-11,3.8552468e-14
559.38000,1.4300551e-11,3.8624615e-14
559.39000,1.4343712e-11,3.8658175e-14
559.40000,1.4374600e-11,3.8613258e-14
559.41000,1.4391234e-11,3.8524051e-14
559.42000,1.4399900e-11,3.8446164e-14
559.43000,1.4407070e-11,3.8398783e-14
559.44000,1.4416629e-11,3.8370352e-14
559.45000,1.4427063e-11,3.8333696e-14
559.46000,1.4435393e-11,3.8286588e-14
559.47000,1.4439803e-11,3.8245351e-14
559.48000,1.4440954e-11,3.8225975e-14
559.49000,1.4441802e-11,3.8235599e-14
559.50000,1.4445858e-11,3.8268538e-14
559.51000,1.4452524e-11,3.8301119e-14
559.52000,1.4456797e-11,3.8304677e-14
559.53000,1.4454789e-11,3.8271459e-14
559.54000,1.4448120e-11,3.8222241e-14
559.55000,1.4441267e-11,3.8176992e-14
559.56000,1.4437466e-11,3.8127781e-14
559.57000,1.4434765e-11,3.8054250e-14
559.58000,1.4431132e-11,3.7957403e-14
559.59000,1.4426726e-11,3.7871758e-14
559.60000,1.4423462e-11,3.7824374e-14
559.61000,1.4422146e-11,3.7806895e-14
559.62000,1.4422226e-11,3.7796133e-14
559.63000,1.4422949e-11,3.7792068e-14
559.64000,1.4423235e-11,3.7818222e-14
559.65000,1.4421383e-11,3.7876039e-14
559.66000,1.4416343e-11,3.7913471e-14
559.67000,1.4409348e-11,3.7880222e-14
559.68000,1.4403350e-11,3.7756910e-14
559.69000,1.4399531e-11,3.7623189e-14
559.70000,1.4396680e-11,3.7529148e-14
559.71000,1.4392689e-11,3.7485611e-14
559.72000,1.4387097e-11,3.7471821e-14
559.73000,1.4379970e-11,3.7464463e-14
559.74000,1.4370144e-11,3.7456572e-14
559.75000,1.4356614e-11,3.7456397e-14
559.76000,1.4340886e-11,3.7469340e-14
559.77000,1.4327610e-11,3.7489664e-14
559.78000,1.4321748e-11,3.7510292e-14
559.79000,1.4324061e-11,3.7536664e-14
559.80000,1.4333400e-11,3.7576515e-14
559.81000,1.4343213e-11,3.7596814e-14
559.82000,1.4350202e-11,3.7550459e-14
559.83000,1.4354004e-11,3.7438514e-14
559.84000,1.4356587e-11,3.7311778e-14
559.85000,1.4359729e-11,3.7203567e-14
559.86000,1.4363988e-11,3.7122654e-14
559.87000,1.4369561e-11,3.7079263e-14
559.88000,1.4376746e-11,3.7077180e-14
559.89000,1.4384571e-11,3.7101016e-14
559.90000,1.4390601e-11,3.7125227e-14
559.91000,1.4393371e-11,3.7133109e-14
559.92000,1.4392145e-11,3.7117107e-14
559.93000,1.4389823e-11,3.7091883e-14
559.94000,1.4388700e-11,3.7060554e-14
559.95000,1.4389766e-11,3.7017430e-14
559.96000,1.4390657e-11,3.6960010e-14
559.97000,1.4388023e-11,3.6902549e-14
559.98000,1.4381898e-11,3.6866455e-14
559.99000,1.4375120e-11,3.6854981e-14
560.00000,1.4369631e-11,3.6859781e-14
560.01000,1.4366745e-11,3.6884799e-14
560.02000,1.4367580e-11,3.6936170e-14
560.03000,1.4371396e-11,3.6990863e-14
560.04000,1.4375411e-11,3.6991552e-14
560.05000,1.4376362e-11,3.6938194e-14
560.06000,1.4373173e-11,3.6863680e-14
560.07000,1.4367349e-11,3.6809865e-14
560.08000,1.4359768e-11,3.6782149e-14
560.09000,1.4349656e-11,3.6768294e-14
560.10000,1.4337684e-11,3.6755755e-14
560.11000,1.4327272e-11,3.6730215e-14
560.12000,1.4321574e-11,3.6690910e-14
560.13000,1.4320864e-11,3.6658176e-14
560.14000,1.4322937e-11,3.6650294e-14
560.15000,1.4325569e-11,3.6665631e-14
560.16000,1.4327891e-11,3.6700993e-14
560.17000,1.4329885e-11,3.6747694e-14
560.18000,1.4330358e-11,3.6806096e-14
560.19000,1.4327076e-11,3.6866600e-14
560.20000,1.4319330e-11,3.6909241e-14
560.21000,1.4308419e-11,3.6945963e-14
560.22000,1.4295447e-11,3.7033172e-14
560.23000,1.4281818e-11,3.7163175e-14
560.24000,1.4271513e-11,3.7222504e-14
560.25000,1.4269397e-11,3.7130776e-14
560.26000,1.4276416e-11,3.6946527e-14
560.27000,1.4292153e-11,3.6774837e-14
560.28000,1.4309386e-11,3.6652372e-14
560.29000,1.4321882e-11,3.6566693e-14
560.30000,1.4324234e-11,3.6515215e-14
560.31000,1.4316854e-11,3.6520198e-14
560.32000,1.4305343e-11,3.6586738e-14
560.33000,1.4294884e-11,3.6684335e-14
560.34000,1.4286793e-11,3.6765884e-14
560.35000,1.4279681e-11,3.6799555e-14
560.36000,1.4271601e-11,3.6778937e-14
560.37000,1.4262297e-11,3.6722400e-14
560.38000,1.4254131e-11,3.6663459e-14
560.39000,1.4253256e-11,3.6666225e-14
560.40000,1.4260777e-11,3.6781560e-14
560.41000,1.4276114e-11,3.7086544e-14
560.42000,1.4294581e-11,3.7576955e-14
560.43000,1.4310621e-11,3.8052106e-14
560.44000,1.4320027e-11,3.8187878e-14
560.45000,1.4323211e-11,3.7877339e-14
560.46000,1.4324908e-11,3.7363401e-14
560.47000,1.4328497e-11,3.6919129e-14
560.48000,1.4333688e-11,3.6653455e-14
560.49000,1.4338357e-11,3.6533899e-14
560.50000,1.4339781e-11,3.6513358e-14
560.51000,1.4338120e-11,3.6503414e-14
560.52000,1.4333492e-11,3.6475664e-14
560.53000,1.4326152e-11,3.6443858e-14
560.54000,1.4316642e-11,3.6442953e-14
560.55000,1.4307474e-11,3.6482626e-14
560.56000,1.4302838e-11,3.6538080e-14
560.57000,1.4304280e-11,3.6580827e-14
560.58000,1.4307632e-11,3.6605983e-14
560.59000,1.4304844e-11,3.6629293e-14
560.60000,1.4288340e-11,3.6657230e-14
560.61000,1.4255822e-11,3.6665735e-14
560.62000,1.4204519e-11,3.6609690e-14
560.63000,1.4149045e-11,3.6525405e-14
560.64000,1.4107831e-11,3.6472724e-14
560.65000,1.4101009e-11,3.6490270e-14
560.66000,1.4132361e-11,3.6555482e-14
560.67000,1.4185039e-11,3.6620196e-14
560.68000,1.4236392e-11,3.6651562e-14
560.69000,1.4275537e-11,3.6650734e-14
560.70000,1.4302476e-11,3.6642570e-14
560.71000,1.4319638e-11,3.6650880e-14
560.72000,1.4328970e-11,3.6679461e-14
560.73000,1.4330663e-11,3.6723391e-14
560.74000,1.4329592e-11,3.6767483e-14
560.75000,1.4327403e-11,3.6802766e-14
560.76000,1.4324027e-11,3.6824760e-14
560.77000,1.4319507e-11,3.6834574e-14
560.78000,1.4315075e-11,3.6829065e-14
560.79000,1.4311045e-11,3.6801776e-14
560.80000,1.4306103e-11,3.6764881e-14
560.81000,1.4298955e-11,3.6741094e-14
560.82000,1.4290052e-11,3.6740723e-14
560.83000,1.4282658e-11,3.6759411e-14
560.84000,1.4279879e-11,3.6789441e-14
560.85000,1.4283292e-11,3.6826873e-14
560.86000,1.4287541e-11,3.6861093e-14
560.87000,1.4288345e-11,3.6881482e-14
560.88000,1.4285205e-11,3.6890182e-14
560.89000,1.4281998e-11,3.6907770e-14
560.90000,1.4281908e-11,3.6951257e-14
560.91000,1.4283930e-11,3.7010873e-14
560.92000,1.4285696e-11,3.7064316e-14
560.93000,1.4285968e-11,3.7102814e-14
560.94000,1.4284762e-11,3.7135244e-14
560.95000,1.4283029e-11,3.7167683e-14
560.96000,1.4281815e-11,3.7187517e-14
560.97000,1.4281335e-11,3.7185677e-14
560.98000,1.4282367e-11,3.7164393e-14
560.99000,1.4286376e-11,3.7143335e-14
561.00000,1.4293116e-11,3.7146742e-14
561.01000,1.4298796e-11,3.7195076e-14
561.02000,1.4299449e-11,3.7283535e-14
561.03000,1.4295957e-11,3.7373185e-14
561.04000,1.4292094e-11,3.7427942e-14
561.05000,1.4290001e-11,3.7452757e-14
561.06000,1.4289802e-11,3.7473204e-14
561.07000,1.4292021e-11,3.7499843e-14
561.08000,1.4294899e-11,3.7524256e-14
561.09000,1.4295788e-11,3.7543904e-14
561.10000,1.4292468e-11,3.7560864e-14
561.11000,1.4285835e-11,3.7571219e-14
561.12000,1.4279260e-11,3.7572776e-14
561.13000,1.4275632e-11,3.7576719e-14
561.14000,1.4275024e-11,3.7597254e-14
561.15000,1.4275879e-11,3.7634324e-14
561.16000,1.4277080e-11,3.7673378e-14
561.17000,1.4278289e-11,3.7702504e-14
561.18000,1.4278917e-11,3.7720244e-14
561.19000,1.4278631e-11,3.7744857e-14
561.20000,1.4277373e-11,3.7786924e-14
561.21000,1.4275166e-11,3.7826288e-14
561.22000,1.4271838e-11,3.7830507e-14
561.23000,1.4268552e-11,3.7807486e-14
561.24000,1.4267515e-11,3.7795707e-14
561.25000,1.4268537e-11,3.7808658e-14
561.26000,1.4269476e-11,3.7842937e-14
561.27000,1.4270010e-11,3.7893654e-14
561.28000,1.4271556e-11,3.7940955e-14
561.29000,1.4274371e-11,3.7957502e-14
561.30000,1.4275723e-11,3.7969038e-14
561.31000,1.4273666e-11,3.8016246e-14
561.32000,1.4269223e-11,3.8099048e-14
561.33000,1.4264615e-11,3.8159534e-14
561.34000,1.4259877e-11,3.8166574e-14
561.35000,1.4252960e-11,3.8175029e-14
561.36000,1.4243613e-11,3.8242913e-14
561.37000,1.4235452e-11,3.8337946e-14
561.38000,1.4233113e-11,3.8376476e-14
561.39000,1.4236715e-11,3.8339420e-14
561.40000,1.4242747e-11,3.8285081e-14
561.41000,1.4246226e-11,3.8296971e-14
561.42000,1.4246110e-11,3.8396487e-14
561.43000,1.4243708e-11,3.8518749e-14
561.44000,1.4237817e-11,3.8572125e-14
561.45000,1.4223129e-11,3.8533762e-14
561.46000,1.4196940e-11,3.8465607e-14
561.47000,1.4164951e-11,3.8413053e-14
561.48000,1.4135662e-11,3.8374492e-14
561.49000,1.4112985e-11,3.8366494e-14
561.50000,1.4095863e-11,3.8427837e-14
561.51000,1.4085466e-11,3.8613186e-14
561.52000,1.4081539e-11,3.8860416e-14
561.53000,1.4086173e-11,3.9103827e-14
561.54000,1.4099177e-11,3.9277723e-14
561.55000,1.4118029e-11,3.9360023e-14
561.56000,1.4138334e-11,3.9349324e-14
561.57000,1.4155784e-11,3.9252213e-14
561.58000,1.4169277e-11,3.9117528e-14
561.59000,1.4180950e-11,3.9031051e-14
561.60000,1.4193174e-11,3.9032627e-14
561.61000,1.4205601e-11,3.9078711e-14
561.62000,1.4214205e-11,3.9105895e-14
561.63000,1.4217243e-11,3.9109009e-14
561.64000,1.4214951e-11,3.9110633e-14
561.65000,1.4209959e-11,3.9093182e-14
561.66000,1.4202959e-11,3.8963872e-14
561.67000,1.4192684e-11,3.8621162e-14
561.68000,1.4181315e-11,3.8092040e-14
561.69000,1.4175940e-11,3.7518160e-14
561.70000,1.4182869e-11,3.7033150e-14
561.71000,1.4200944e-11,3.6684684e-14
561.72000,1.4222523e-11,3.6453530e-14
561.73000,1.4238638e-11,3.6345964e-14
561.74000,1.4247083e-11,3.6306563e-14
561.75000,1.4247655e-11,3.6311909e-14
561.76000,1.4242333e-11,3.6349695e-14
561.77000,1.4235042e-11,3.6423515e-14
561.78000,1.4231069e-11,3.6504123e-14
561.79000,1.4231844e-11,3.6527611e-14
561.80000,1.4233590e-11,3.6478070e-14
561.81000,1.4232030e-11,3.6420534e-14
561.82000,1.4226809e-11,3.6421321e-14
561.83000,1.4219977e-11,3.6496915e-14
561.84000,1.4215023e-11,3.6555888e-14
561.85000,1.4214156e-11,3.6530716e-14
561.86000,1.4217772e-11,3.6436300e-14
561.87000,1.4224523e-11,3.6357649e-14
561.88000,1.4232656e-11,3.6350447e-14
561.89000,1.4240940e-11,3.6385301e-14
561.90000,1.4248299e-11,3.6408800e-14
561.91000,1.4253621e-11,3.6423113e-14
561.92000,1.4256211e-11,3.6474352e-14
561.93000,1.4255924e-11,3.6577330e-14
561.94000,1.4251638e-11,3.6691736e-14
561.95000,1.4245032e-11,3.6743411e-14
561.96000,1.4237533e-11,3.6694229e-14
561.97000,1.4230939e-11,3.6580621e-14
561.98000,1.4226773e-11,3.6477365e-14
561.99000,1.4226124e-11,3.6434146e-14
562.00000,1.4228336e-11,3.6440030e-14
562.01000,1.4231242e-11,3.6458041e-14
562.02000,1.4232180e-11,3.6464796e-14
562.03000,1.4229902e-11,3.6458101e-14
562.04000,1.4224492e-11,3.6442943e-14
562.05000,1.4219070e-11,3.6430946e-14
562.06000,1.4215796e-11,3.6427804e-14
562.07000,1.4215668e-11,3.6432692e-14
562.08000,1.4218396e-11,3.6441572e-14
562.09000,1.4222986e-11,3.6448482e-14
562.10000,1.4227562e-11,3.6448989e-14
562.11000,1.4229263e-11,3.6443248e-14
562.12000,1.4226096e-11,3.6432584e-14
562.13000,1.4219843e-11,3.6421977e-14
562.14000,1.4215310e-11,3.6419899e-14
562.15000,1.4219083e-11,3.6439715e-14
562.16000,1.4229017e-11,3.6474686e-14
562.17000,1.4240530e-11,3.6513959e-14
562.18000,1.4247680e-11,3.6542662e-14
562.19000,1.4248033e-11,3.6554225e-14
562.20000,1.4242542e-11,3.6552307e-14
562.21000,1.4234711e-11,3.6545527e-14
562.22000,1.4228398e-11,3.6539348e-14
562.23000,1.4225800e-11,3.6538593e-14
562.24000,1.4226731e-11,3.6550960e-14
562.25000,1.4231717e-11,3.6591620e-14
562.26000,1.4239064e-11,3.6646318e-14
562.27000,1.4246531e-11,3.6686050e-14
562.28000,1.4250619e-11,3.6681438e-14
562.29000,1.4250540e-11,3.6640758e-14
562.30000,1.4248565e-11,3.6598819e-14
562.31000,1.4246144e-11,3.6575544e-14
562.32000,1.4241508e-11,3.6563291e-14
562.33000,1.4232308e-11,3.6550771e-14
562.34000,1.4219260e-11,3.6536615e-14
562.35000,1.4205686e-11,3.6520858e-14
562.36000,1.4195495e-11,3.6495396e-14
562.37000,1.4188594e-11,3.6460340e-14
562.38000,1.4183681e-11,3.6425042e-14
562.39000,1.4178991e-11,3.6405276e-14
562.40000,1.4174541e-11,3.6413309e-14
562.41000,1.4171806e-11,3.6471415e-14
562.42000,1.4171685e-11,3.6619791e-14
562.43000,1.4173909e-11,3.6873752e-14
562.44000,1.4177442e-11,3.7135657e-14
562.45000,1.4181115e-11,3.7254410e-14
562.46000,1.4185217e-11,3.7096325e-14
562.47000,1.4191737e-11,3.6839804e-14
562.48000,1.4202173e-11,3.6638650e-14
562.49000,1.4213972e-11,3.6554615e-14
562.50000,1.4222597e-11,3.6537659e-14
562.51000,1.4226617e-11,3.6534922e-14
562.52000,1.4229134e-11,3.6534734e-14
562.53000,1.4233380e-11,3.6542040e-14
562.54000,1.4239871e-11,3.6557065e-14
562.55000,1.4246967e-11,3.6576003e-14
562.56000,1.4251654e-11,3.6593866e-14
562.57000,1.4252448e-11,3.6606146e-14
562.58000,1.4249041e-11,3.6610400e-14
562.59000,1.4244333e-11,3.6609819e-14
562.60000,1.4241417e-11,3.6610425e-14
562.61000,1.4240056e-11,3.6612672e-14
562.62000,1.4237857e-11,3.6608145e-14
562.63000,1.4233440e-11,3.6592599e-14
562.64000,1.4226152e-11,3.6574420e-14
562.65000,1.4215873e-11,3.6563258e-14
562.66000,1.4204221e-11,3.6556757e-14
562.67000,1.4195136e-11,3.6544779e-14
562.68000,1.4190964e-11,3.6526841e-14
562.69000,1.4192168e-11,3.6511608e-14
562.70000,1.4196495e-11,3.6507659e-14
562.71000,1.4201941e-11,3.6513479e-14
562.72000,1.4207535e-11,3.6522170e-14
562.73000,1.4211245e-11,3.6529333e-14
562.74000,1.4209937e-11,3.6534112e-14
562.75000,1.4203345e-11,3.6538829e-14
562.76000,1.4195351e-11,3.6546214e-14
562.77000,1.4191540e-11,3.6556135e-14
562.78000,1.4192846e-11,3.6564614e-14
562.79000,1.4198770e-11,3.6571906e-14
562.80000,1.4207478e-11,3.6583368e-14
562.81000,1.4217519e-11,3.6600022e-14
562.82000,1.4227798e-11,3.6611781e-14
562.83000,1.4236558e-11,3.6609357e-14
562.84000,1.4241069e-11,3.6595600e-14
562.85000,1.4239522e-11,3.6579994e-14
562.86000,1.4233899e-11,3.6569500e-14
562.87000,1.4229793e-11,3.6573860e-14
562.88000,1.4231354e-11,3.6595427e-14
562.89000,1.4238596e-11,3.6644827e-14
562.90000,1.4246759e-11,3.6750231e-14
562.91000,1.4250523e-11,3.6959864e-14
562.92000,1.4247375e-11,3.7267080e-14
562.93000,1.4239860e-11,3.7516219e-14
562.94000,1.4232604e-11,3.7526455e-14
562.95000,1.4228670e-11,3.7298949e-14
562.96000,1.4227753e-11,3.6997127e-14
562.97000,1.4227560e-11,3.6778767e-14
562.98000,1.4224721e-11,3.6648881e-14
562.99000,1.4217367e-11,3.6576625e-14
563.00000,1.4207489e-11,3.6532336e-14
563.01000,1.4200801e-11,3.6511290e-14
563.02000,1.4202647e-11,3.6514305e-14
563.03000,1.4211849e-11,3.6532447e-14
563.04000,1.4222555e-11,3.6551964e-14
563.05000,1.4230349e-11,3.6563644e-14
563.06000,1.4235346e-11,3.6568180e-14
563.07000,1.4237842e-11,3.6567974e-14
563.08000,1.4237568e-11,3.6563864e-14
563.09000,1.4233360e-11,3.6553152e-14
563.10000,1.4227235e-11,3.6539651e-14
563.11000,1.4222917e-11,3.6532112e-14
563.12000,1.4221642e-11,3.6532296e-14
563.13000,1.4220754e-11,3.6532733e-14
563.14000,1.4217392e-11,3.6528823e-14
563.15000,1.4211691e-11,3.6523103e-14
563.16000,1.4206122e-11,3.6519593e-14
563.17000,1.4203051e-11,3.6519511e-14
563.18000,1.4201416e-11,3.6519793e-14
563.19000,1.4200286e-11,3.6521307e-14
563.20000,1.4199507e-11,3.6526520e-14
563.21000,1.4199138e-11,3.6532891e-14
563.22000,1.4199000e-11,3.6532325e-14
563.23000,1.4198987e-11,3.6516891e-14
563.24000,1.4198794e-11,3.6491728e-14
563.25000,1.4197707e-11,3.6472012e-14
563.26000,1.4194792e-11,3.6456650e-14
563.27000,1.4187905e-11,3.6429380e-14
563.28000,1.4178013e-11,3.6401108e-14
563.29000,1.4166507e-11,3.6406562e-14
563.30000,1.4154589e-11,3.6463804e-14
563.31000,1.4142033e-11,3.6540635e-14
563.32000,1.4130994e-11,3.6579749e-14
563.33000,1.4126866e-11,3.6558407e-14
563.34000,1.4131970e-11,3.6512479e-14
563.35000,1.4141646e-11,3.6494798e-14
563.36000,1.4149485e-11,3.6508813e-14
563.37000,1.4151378e-11,3.6511787e-14
563.38000,1.4150897e-11,3.6472649e-14
563.39000,1.4151355e-11,3.6396129e-14
563.40000,1.4153833e-11,3.6312937e-14
563.41000,1.4156706e-11,3.6243784e-14
563.42000,1.4157973e-11,3.6191105e-14
563.43000,1.4156575e-11,3.6150523e-14
563.44000,1.4152773e-11,3.6122009e-14
563.45000,1.4148156e-11,3.6109542e-14
563.46000,1.4144510e-11,3.6125022e-14
563.47000,1.4141948e-11,3.6162138e-14
563.48000,1.4139931e-11,3.6218202e-14
563.49000,1.4138098e-11,3.6287342e-14
563.50000,1.4137000e-11,3.6357261e-14
563.51000,1.4137342e-11,3.6399737e-14
563.52000,1.4138769e-11,3.6390159e-14
563.53000,1.4140398e-11,3.6336408e-14
563.54000,1.4142138e-11,3.6275975e-14
563.55000,1.4144195e-11,3.6243082e-14
563.56000,1.4146311e-11,3.6259940e-14
563.57000,1.4148383e-11,3.6292786e-14
563.58000,1.4150810e-11,3.6311778e-14
563.59000,1.4152958e-11,3.6310101e-14
563.60000,1.4152121e-11,3.6311286e-14
563.61000,1.4145055e-11,3.6325671e-14
563.62000,1.4131935e-11,3.6330436e-14
563.63000,1.4116513e-11,3.6308151e-14
563.64000,1.4103615e-11,3.6267845e-14
563.65000,1.4095091e-11,3.6229493e-14
563.66000,1.4089935e-11,3.6211795e-14
563.67000,1.4083504e-11,3.6205671e-14
563.68000,1.4074247e-11,3.6193064e-14
563.69000,1.4065315e-11,3.6162812e-14
563.70000,1.4061587e-11,3.6132014e-14
563.71000,1.4065193e-11,3.6127060e-14
563.72000,1.4074603e-11,3.6150983e-14
563.73000,1.4085857e-11,3.6185501e-14
563.74000,1.4093016e-11,3.6208822e-14
563.75000,1.4092955e-11,3.6212945e-14
563.76000,1.4086817e-11,3.6199137e-14
563.77000,1.4083086e-11,3.6184694e-14
563.78000,1.4085987e-11,3.6178186e-14
563.79000,1.4092298e-11,3.6177309e-14
563.80000,1.4096565e-11,3.6172929e-14
563.81000,1.4098389e-11,3.6159000e-14
563.82000,1.4101284e-11,3.6137481e-14
563.83000,1.4107544e-11,3.6115507e-14
563.84000,1.4115716e-11,3.6098110e-14
563.85000,1.4120960e-11,3.6087672e-14
563.86000,1.4120257e-11,3.6081995e-14
563.87000,1.4113019e-11,3.6083905e-14
563.88000,1.4103223e-11,3.6095041e-14
563.89000,1.4095704e-11,3.6106119e-14
563.90000,1.4092805e-11,3.6100732e-14
563.91000,1.4093226e-11,3.6078359e-14
563.92000,1.4093463e-11,3.6051300e-14
563.93000,1.4088898e-11,3.6024844e-14
563.94000,1.4076500e-11,3.5993683e-14
563.95000,1.4051070e-11,3.5945351e-14
563.96000,1.4016490e-11,3.5880659e-14
563.97000,1.3977430e-11,3.5805492e-14
563.98000,1.3942412e-11,3.5737142e-14
563.99000,1.3915396e-11,3.5688029e-14
564.00000,1.3890112e-11,3.5649596e-14
564.01000,1.3858579e-11,3.5607804e-14
564.02000,1.3824132e-11,3.5569493e-14
564.03000,1.3799091e-11,3.5555023e-14
564.04000,1.3799734e-11,3.5588901e-14
564.05000,1.3818368e-11,3.5649013e-14
564.06000,1.3848629e-11,3.5714205e-14
564.07000,1.3886558e-11,3.5769341e-14
564.08000,1.3930834e-11,3.5814557e-14
564.09000,1.3973457e-11,3.5850230e-14
564.10000,1.4004997e-11,3.5875451e-14
564.11000,1.4023663e-11,3.5892518e-14
564.12000,1.4033703e-11,3.5900018e-14
564.13000,1.4040174e-11,3.5892486e-14
564.14000,1.4045437e-11,3.5864438e-14
564.15000,1.4050044e-11,3.5834170e-14
564.16000,1.4053114e-11,3.5820508e-14
564.17000,1.4054292e-11,3.5830954e-14
564.18000,1.4054886e-11,3.5857980e-14
564.19000,1.4056994e-11,3.5897493e-14
564.20000,1.4060147e-11,3.5948962e-14
564.21000,1.4061022e-11,3.5987585e-14
564.22000,1.4057425e-11,3.5980009e-14
564.23000,1.4048160e-11,3.5910198e-14
564.24000,1.4036694e-11,3.5841212e-14
564.25000,1.4026057e-11,3.5825568e-14
564.26000,1.4020174e-11,3.5871536e-14
564.27000,1.4020497e-11,3.5932524e-14
564.28000,1.4023929e-11,3.5947845e-14
564.29000,1.4026001e-11,3.5902281e-14
564.30000,1.4024965e-11,3.5828076e-14
564.31000,1.4021373e-11,3.5766402e-14
564.32000,1.4016561e-11,3.5733450e-14
564.33000,1.4012046e-11,3.5738507e-14
564.34000,1.4009282e-11,3.5771572e-14
564.35000,1.4009252e-11,3.5851942e-14
564.36000,1.4011217e-11,3.6043049e-14
564.37000,1.4012090e-11,3.6450939e-14
564.38000,1.4006581e-11,3.7090453e-14
564.39000,1.3991132e-11,3.7799777e-14
564.40000,1.3970997e-11,3.8339063e-14
564.41000,1.3958565e-11,3.8610776e-14
564.42000,1.3970760e-11,3.8599151e-14
564.43000,1.3999780e-11,3.8503741e-14
564.44000,1.4033922e-11,3.8409575e-14
564.45000,1.4060405e-11,3.8349006e-14
564.46000,1.4075104e-11,3.8313321e-14
564.47000,1.4079197e-11,3.8274985e-14
564.48000,1.4076242e-11,3.8212068e-14
564.49000,1.4071721e-11,3.8129970e-14
564.50000,1.4069216e-11,3.8049202e-14
564.51000,1.4065948e-11,3.7984310e-14
564.52000,1.4053954e-11,3.7922714e-14
564.53000,1.4024366e-11,3.7847533e-14
564.54000,1.3974558e-11,3.7750547e-14
564.55000,1.3912627e-11,3.7645849e-14
564.56000,1.3861313e-11,3.7573704e-14
564.57000,1.3847434e-11,3.7567256e-14
564.58000,1.3879703e-11,3.7612502e-14
564.59000,1.3938472e-11,3.7664700e-14
564.60000,1.3994347e-11,3.7688502e-14
564.61000,1.4029523e-11,3.7685926e-14
564.62000,1.4039499e-11,3.7656291e-14
564.63000,1.4029987e-11,3.7604173e-14
564.64000,1.4011328e-11,3.7543945e-14
564.65000,1.3997761e-11,3.7490888e-14
564.66000,1.3998850e-11,3.7456514e-14
564.67000,1.4011155e-11,3.7452250e-14
564.68000,1.4021320e-11,3.7470924e-14
564.69000,1.4018234e-11,3.7479734e-14
564.70000,1.3991614e-11,3.7429206e-14
564.71000,1.3952725e-11,3.7334751e-14
564.72000,1.3916228e-11,3.7237794e-14
564.73000,1.3901423e-11,3.7190857e-14
564.74000,1.3916855e-11,3.7213183e-14
564.75000,1.3950134e-11,3.7272318e-14
564.76000,1.3982514e-11,3.7309124e-14
564.77000,1.4005411e-11,3.7291086e-14
564.78000,1.4021116e-11,3.7239569e-14
564.79000,1.4032214e-11,3.7191272e-14
564.80000,1.4041488e-11,3.7158400e-14
564.81000,1.4049523e-11,3.7135367e-14
564.82000,1.4056733e-11,3.7120066e-14
564.83000,1.4061083e-11,3.7113493e-14
564.84000,1.4059543e-11,3.7114130e-14
564.85000,1.4052168e-11,3.7129762e-14
564.86000,1.4039977e-11,3.7169329e-14
564.87000,1.4021599e-11,3.7227556e-14
564.88000,1.3990299e-11,3.7301084e-14
564.89000,1.3949857e-11,3.7382791e-14
564.90000,1.3908215e-11,3.7451371e-14
564.91000,1.3881002e-11,3.7440863e-14
564.92000,1.3882528e-11,3.7294155e-14
564.93000,1.3912831e-11,3.7060832e-14
564.94000,1.3955038e-11,3.6857159e-14
564.95000,1.3991709e-11,3.6742505e-14
564.96000,1.4016090e-11,3.6690927e-14
564.97000,1.4024516e-11,3.6648559e-14
564.98000,1.4024560e-11,3.6584575e-14
564.99000,1.4020421e-11,3.6528312e-14
565.00000,1.4016261e-11,3.6543869e-14
565.01000,1.4013107e-11,3.6665170e-14
565.02000,1.4010702e-11,3.6842022e-14
565.03000,1.4009519e-11,3.6948153e-14
565.04000,1.4009886e-11,3.6895727e-14
565.05000,1.4011104e-11,3.6729230e-14
565.06000,1.4012069e-11,3.6555371e-14
565.07000,1.4012346e-11,3.6444237e-14
565.08000,1.4012248e-11,3.6390837e-14
565.09000,1.4012034e-11,3.6353377e-14
565.10000,1.4011062e-11,3.6305713e-14
565.11000,1.4009308e-11,3.6247500e-14
565.12000,1.4007364e-11,3.6194132e-14
565.13000,1.4004035e-11,3.6160023e-14
565.14000,1.3997484e-11,3.6143886e-14
565.15000,1.3985890e-11,3.6126652e-14
565.16000,1.3972067e-11,3.6087529e-14
565.17000,1.3959154e-11,3.6024129e-14
565.18000,1.3951373e-11,3.5959342e-14
565.19000,1.3951962e-11,3.5923698e-14
565.20000,1.3961012e-11,3.5934573e-14
565.21000,1.3974090e-11,3.5971518e-14
565.22000,1.3985153e-11,3.5996401e-14
565.23000,1.3990418e-11,3.5997965e-14
565.24000,1.3987614e-11,3.5990979e-14
565.25000,1.3981625e-11,3.5989949e-14
565.26000,1.3975867e-11,3.5986862e-14
565.27000,1.3971591e-11,3.5971711e-14
565.28000,1.3966617e-11,3.5952858e-14
565.29000,1.3959514e-11,3.5950888e-14
565.30000,1.3951661e-11,3.5972192e-14
565.31000,1.3944010e-11,3.6004428e-14
565.32000,1.3936856e-11,3.6033140e-14
565.33000,1.3932177e-11,3.6041196e-14
565.34000,1.3930469e-11,3.6024601e-14
565.35000,1.3930764e-11,3.5983886e-14
565.36000,1.3931016e-11,3.5938501e-14
565.37000,1.3931081e-11,3.5912948e-14
565.38000,1.3931920e-11,3.5925517e-14
565.39000,1.3933556e-11,3.6006219e-14
565.40000,1.3935139e-11,3.6215764e-14
565.41000,1.3936382e-11,3.6562610e-14
565.42000,1.3937305e-11,3.6919341e-14
565.43000,1.3936921e-11,3.7058393e-14
565.44000,1.3933920e-11,3.6866947e-14
565.45000,1.3930297e-11,3.6512731e-14
565.46000,1.3929554e-11,3.6239410e-14
565.47000,1.3930210e-11,3.6101142e-14
565.48000,1.3926521e-11,3.6012011e-14
565.49000,1.3914635e-11,3.5927123e-14
565.50000,1.3895712e-11,3.5855048e-14
565.51000,1.3872895e-11,3.5817422e-14
565.52000,1.3852252e-11,3.5804285e-14
565.53000,1.3837514e-11,3.5815351e-14
565.54000,1.3829125e-11,3.5850491e-14
565.55000,1.3825167e-11,3.5892872e-14
565.56000,1.3825422e-11,3.5916553e-14
565.57000,1.3831919e-11,3.5929582e-14
565.58000,1.3844900e-11,3.5965740e-14
565.59000,1.3861379e-11,3.6028987e-14
565.60000,1.3878149e-11,3.6079984e-14
565.61000,1.3893133e-11,3.6087905e-14
565.62000,1.3905146e-11,3.6058095e-14
565.63000,1.3913451e-11,3.6020677e-14
565.64000,1.3917767e-11,3.5975991e-14
565.65000,1.3917930e-11,3.5902484e-14
565.66000,1.3913850e-11,3.5815766e-14
565.67000,1.3907056e-11,3.5769287e-14
565.68000,1.3900213e-11,3.5789175e-14
565.69000,1.3895630e-11,3.5864836e-14
565.70000,1.3892875e-11,3.5924551e-14
565.71000,1.3891607e-11,3.5925793e-14
565.72000,1.3891409e-11,3.5878461e-14
565.73000,1.3891004e-11,3.5831773e-14
565.74000,1.3889011e-11,3.5825382e-14
565.75000,1.3885837e-11,3.5866627e-14
565.76000,1.3882536e-11,3.5936286e-14
565.77000,1.3878614e-11,3.6005540e-14
565.78000,1.3870347e-11,3.6050077e-14
565.79000,1.3856115e-11,3.6076375e-14
565.80000,1.3836970e-11,3.6092718e-14
565.81000,1.3820043e-11,3.6100014e-14
565.82000,1.3813788e-11,3.6083863e-14
565.83000,1.3819207e-11,3.6033239e-14
565.84000,1.3830865e-11,3.5966634e-14
565.85000,1.3842989e-11,3.5920063e-14
565.86000,1.3851552e-11,3.5915187e-14
565.87000,1.3855636e-11,3.5914402e-14
565.88000,1.3853354e-11,3.5890159e-14
565.89000,1.3844348e-11,3.5853937e-14
565.90000,1.3831766e-11,3.5840871e-14
565.91000,1.3824056e-11,3.5859363e-14
565.92000,1.3829063e-11,3.5893005e-14
565.93000,1.3845792e-11,3.5939753e-14
565.94000,1.3865744e-11,3.6008180e-14
565.95000,1.3879215e-11,3.6106797e-14
565.96000,1.3884492e-11,3.6210136e-14
565.97000,1.3881822e-11,3.6286599e-14
565.98000,1.3873202e-11,3.6306442e-14
565.99000,1.3857656e-11,3.6272592e-14
566.00000,1.3831486e-11,3.6219004e-14
566.01000,1.3795029e-11,3.6158205e-14
566.02000,1.3758149e-11,3.6079790e-14
566.03000,1.3733809e-11,3.5988856e-14
566.04000,1.3737328e-11,3.5918263e-14
566.05000,1.3758660e-11,3.5890302e-14
566.06000,1.3785650e-11,3.5910448e-14
566.07000,1.3806724e-11,3.5963878e-14
566.08000,1.3821951e-11,3.6041960e-14
566.09000,1.3838155e-11,3.6134843e-14
566.10000,1.3857855e-11,3.6214664e-14
566.11000,1.3878134e-11,3.6256561e-14
566.12000,1.3892971e-11,3.6250755e-14
566.13000,1.3900520e-11,3.6233383e-14
566.14000,1.3899825e-11,3.6225287e-14
566.15000,1.3891777e-11,3.6235962e-14
566.16000,1.3876892e-11,3.6273416e-14
566.17000,1.3856909e-11,3.6343423e-14
566.18000,1.3835453e-11,3.6420715e-14
566.19000,1.3815427e-11,3.6455251e-14
566.20000,1.3797621e-11,3.6428090e-14
566.21000,1.3783556e-11,3.6351691e-14
566.22000,1.3773787e-11,3.6282459e-14
566.23000,1.3769660e-11,3.6247681e-14
566.24000,1.3769758e-11,3.6248020e-14
566.25000,1.3771785e-11,3.6269695e-14
566.26000,1.3775662e-11,3.6302269e-14
566.27000,1.3783128e-11,3.6342750e-14
566.28000,1.3795030e-11,3.6388268e-14
566.29000,1.3812177e-11,3.6437827e-14
566.30000,1.3831230e-11,3.6488831e-14
566.31000,1.3848976e-11,3.6537801e-14
566.32000,1.3862620e-11,3.6581256e-14
566.33000,1.3871870e-11,3.6619590e-14
566.34000,1.3877843e-11,3.6655043e-14
566.35000,1.3881021e-11,3.6689372e-14
566.36000,1.3881104e-11,3.6722942e-14
566.37000,1.3878786e-11,3.6755072e-14
566.38000,1.3874855e-11,3.6786543e-14
566.39000,1.3870664e-11,3.6821154e-14
566.40000,1.3867087e-11,3.6860825e-14
566.41000,1.3865574e-11,3.6900780e-14
566.42000,1.3867392e-11,3.6936649e-14
566.43000,1.3872064e-11,3.6975153e-14
566.44000,1.3876572e-11,3.7024126e-14
566.45000,1.3876018e-11,3.7074964e-14
566.46000,1.3867584e-11,3.7106864e-14
566.47000,1.3848343e-11,3.7092798e-14
566.48000,1.3823210e-11,3.7052104e-14
566.49000,1.3797445e-11,3.7016254e-14
566.50000,1.3781186e-11,3.7022295e-14
566.51000,1.3785330e-11,3.7084311e-14
566.52000,1.3809170e-11,3.7183201e-14
566.53000,1.3839578e-11,3.7283471e-14
566.54000,1.3862889e-11,3.7353856e-14
566.55000,1.3870090e-11,3.7377941e-14
566.56000,1.3869910e-11,3.7395501e-14
566.57000,1.3869020e-11,3.7435779e-14
566.58000,1.3870705e-11,3.7505722e-14
566.59000,1.3873916e-11,3.7588400e-14
566.60000,1.3877762e-11,3.7642392e-14
566.61000,1.3881388e-11,3.7641651e-14
566.62000,1.3881631e-11,3.7615693e-14
566.63000,1.3876094e-11,3.7604280e-14
566.64000,1.3864408e-11,3.7615872e-14
566.65000,1.3852773e-11,3.7629367e-14
566.66000,1.3845535e-11,3.7653137e-14
566.67000,1.3842539e-11,3.7703758e-14
566.68000,1.3840160e-11,3.7754196e-14
566.69000,1.3837010e-11,3.7770107e-14
566.70000,1.3835427e-11,3.7776082e-14
566.71000,1.3837667e-11,3.7819988e-14
566.72000,1.3844900e-11,3.7926855e-14
566.73000,1.3853167e-11,3.8032071e-14
566.74000,1.3859445e-11,3.8079124e-14
566.75000,1.3861911e-11,3.8070792e-14
566.76000,1.3859543e-11,3.8085445e-14
566.77000,1.3852102e-11,3.8199601e-14
566.78000,1.3840837e-11,3.8393535e-14
566.79000,1.3828178e-11,3.8557691e-14
566.80000,1.3816237e-11,3.8559398e-14
566.81000,1.3806214e-11,3.8464112e-14
566.82000,1.3799845e-11,3.8376375e-14
566.83000,1.3798690e-11,3.8353245e-14
566.84000,1.3802299e-11,3.8352773e-14
566.85000,1.3806814e-11,3.8365374e-14
566.86000,1.3807301e-11,3.8449902e-14
566.87000,1.3801092e-11,3.8624485e-14
566.88000,1.3789994e-11,3.8814850e-14
566.89000,1.3779996e-11,3.8835814e-14
566.90000,1.3777643e-11,3.8582756e-14
566.91000,1.3785534e-11,3.7992723e-14
566.92000,1.3798267e-11,3.7192744e-14
566.93000,1.3806613e-11,3.6439267e-14
566.94000,1.3803518e-11,3.5912630e-14
566.95000,1.3785080e-11,3.5612299e-14
566.96000,1.3753280e-11,3.5438296e-14
566.97000,1.3715473e-11,3.5346795e-14
566.98000,1.3689594e-11,3.5311395e-14
566.99000,1.3693273e-11,3.5355523e-14
567.00000,1.3730260e-11,3.5486752e-14
567.01000,1.3782761e-11,3.5679864e-14
567.02000,1.3825367e-11,3.5874614e-14
567.03000,1.3847434e-11,3.6013265e-14
567.04000,1.3853817e-11,3.6059612e-14
567.05000,1.3850770e-11,3.5969000e-14
567.06000,1.3845819e-11,3.5805391e-14
567.07000,1.3839812e-11,3.5625451e-14
567.08000,1.3832760e-11,3.5491344e-14
567.09000,1.3825047e-11,3.5426370e-14
567.10000,1.3817331e-11,3.5412313e-14
567.11000,1.3811307e-11,3.5437032e-14
567.12000,1.3809186e-11,3.5501634e-14
567.13000,1.3810880e-11,3.5581844e-14
567.14000,1.3815420e-11,3.5616545e-14
567.15000,1.3821288e-11,3.5586265e-14
567.16000,1.3829568e-11,3.5522021e-14
567.17000,1.3840793e-11,3.5499589e-14
567.18000,1.3852745e-11,3.5555875e-14
567.19000,1.3861931e-11,3.5647932e-14
567.20000,1.3866082e-11,3.5700923e-14
567.21000,1.3865142e-11,3.5687691e-14
567.22000,1.3858670e-11,3.5633809e-14
567.23000,1.3850105e-11,3.5603416e-14
567.24000,1.3842276e-11,3.5610216e-14
567.25000,1.3837798e-11,3.5623529e-14
567.26000,1.3837270e-11,3.5626272e-14
567.27000,1.3839560e-11,3.5634918e-14
567.28000,1.3843300e-11,3.5651657e-14
567.29000,1.3846825e-11,3.5663168e-14
567.30000,1.3848141e-11,3.5668431e-14
567.31000,1.3846666e-11,3.5679764e-14
567.32000,1.3840714e-11,3.5690115e-14
567.33000,1.3829396e-11,3.5678891e-14
567.34000,1.3815714e-11,3.5649753e-14
567.35000,1.3806503e-11,3.5627030e-14
567.36000,1.3805877e-11,3.5626019e-14
567.37000,1.3811839e-11,3.5649152e-14
567.38000,1.3820507e-11,3.5689040e-14
567.39000,1.3827733e-11,3.5716573e-14
567.40000,1.3832764e-11,3.5713953e-14
567.41000,1.3836800e-11,3.5690268e-14
567.42000,1.3839784e-11,3.5666809e-14
567.43000,1.3839130e-11,3.5650899e-14
567.44000,1.3833597e-11,3.5635904e-14
567.45000,1.3825454e-11,3.5618490e-14
567.46000,1.3818838e-11,3.5605150e-14
567.47000,1.3816187e-11,3.5603002e-14
567.48000,1.3817735e-11,3.5615159e-14
567.49000,1.3820908e-11,3.5637435e-14
567.50000,1.3823147e-11,3.5666002e-14
567.51000,1.3822356e-11,3.5694695e-14
567.52000,1.3816127e-11,3.5707562e-14
567.53000,1.3803803e-11,3.5691849e-14
567.54000,1.3788716e-11,3.5656118e-14
567.55000,1.3778204e-11,3.5623431e-14
567.56000,1.3777083e-11,3.5612280e-14
567.57000,1.3786854e-11,3.5626848e-14
567.58000,1.3801725e-11,3.5655445e-14
567.59000,1.3813112e-11,3.5681697e-14
567.60000,1.3816795e-11,3.5698953e-14
567.61000,1.3813551e-11,3.5722470e-14
567.62000,1.3807036e-11,3.5788829e-14
567.63000,1.3803206e-11,3.5978952e-14
567.64000,1.3806118e-11,3.6257710e-14
567.65000,1.3815539e-11,3.6495840e-14
567.66000,1.3824951e-11,3.6502377e-14
567.67000,1.3828655e-11,3.6270876e-14
567.68000,1.3826092e-11,3.5992945e-14
567.69000,1.3819655e-11,3.5803294e-14
567.70000,1.3813485e-11,3.5710804e-14
567.71000,1.3813160e-11,3.5707150e-14
567.72000,1.3818533e-11,3.5744756e-14
567.73000,1.3827308e-11,3.5806585e-14
567.74000,1.3834798e-11,3.5863676e-14
567.75000,1.3838128e-11,3.5879827e-14
567.76000,1.3838591e-11,3.5845145e-14
567.77000,1.3838483e-11,3.5788145e-14
567.78000,1.3837964e-11,3.5743151e-14
567.79000,1.3834975e-11,3.5731895e-14
567.80000,1.3830017e-11,3.5737913e-14
567.81000,1.3824883e-11,3.5746826e-14
567.82000,1.3820527e-11,3.5745982e-14
567.83000,1.3815635e-11,3.5733453e-14
567.84000,1.3809838e-11,3.5718728e-14
567.85000,1.3804838e-11,3.5710144e-14
567.86000,1.3802585e-11,3.5708248e-14
567.87000,1.3805018e-11,3.5712445e-14
567.88000,1.3808997e-11,3.5719883e-14
567.89000,1.3810835e-11,3.5728816e-14
567.90000,1.3808495e-11,3.5734784e-14
567.91000,1.3804363e-11,3.5734422e-14
567.92000,1.3802276e-11,3.5729545e-14
567.93000,1.3803341e-11,3.5723860e-14
567.94000,1.3806105e-11,3.5719688e-14
567.95000,1.3808085e-11,3.5717372e-14
567.96000,1.3807337e-11,3.5714222e-14
567.97000,1.3803227e-11,3.5709413e-14
567.98000,1.3798469e-11,3.5707239e-14
567.99000,1.3797105e-11,3.5711608e-14
568.00000,1.3799474e-11,3.5717041e-14
568.01000,1.3802512e-11,3.5716070e-14
568.02000,1.3803819e-11,3.5708877e-14
568.03000,1.3803674e-11,3.5702247e-14
568.04000,1.3805674e-11,3.5704378e-14
568.05000,1.3812609e-11,3.5720121e-14
568.06000,1.3823429e-11,3.5744977e-14
568.07000,1.3833638e-11,3.5766444e-14
568.08000,1.3839300e-11,3.5775028e-14
568.09000,1.3839129e-11,3.5770068e-14
568.10000,1.3834287e-11,3.5757259e-14
568.11000,1.3825079e-11,3.5742270e-14
568.12000,1.3813895e-11,3.5729466e-14
568.13000,1.3802242e-11,3.5719737e-14
568.14000,1.3791211e-11,3.5715874e-14
568.15000,1.3779664e-11,3.5741519e-14
568.16000,1.3766914e-11,3.5860504e-14
568.17000,1.3756188e-11,3.6151910e-14
568.18000,1.3751894e-11,3.6586741e-14
568.19000,1.3758176e-11,3.6941699e-14
568.20000,1.3768005e-11,3.6978534e-14
568.21000,1.3773812e-11,3.6645656e-14
568.22000,1.3771550e-11,3.6207900e-14
568.23000,1.3765915e-11,3.5922878e-14
568.24000,1.3764099e-11,3.5801502e-14
568.25000,1.3767590e-11,3.5752714e-14
568.26000,1.3772642e-11,3.5717223e-14
568.27000,1.3774521e-11,3.5683615e-14
568.28000,1.3773480e-11,3.5659316e-14
568.29000,1.3772096e-11,3.5650137e-14
568.30000,1.3771432e-11,3.5651240e-14
568.31000,1.3767287e-11,3.5650480e-14
568.32000,1.3756502e-11,3.5642042e-14
568.33000,1.3743821e-11,3.5634013e-14
568.34000,1.3737642e-11,3.5637665e-14
568.35000,1.3745867e-11,3.5660978e-14
568.36000,1.3761177e-11,3.5690345e-14
568.37000,1.3775523e-11,3.5710819e-14
568.38000,1.3784099e-11,3.5710764e-14
568.39000,1.3788336e-11,3.5692458e-14
568.40000,1.3791182e-11,3.5670711e-14
568.41000,1.3794452e-11,3.5658392e-14
568.42000,1.3797902e-11,3.5659324e-14
568.43000,1.3798699e-11,3.5659452e-14
568.44000,1.3793747e-11,3.5648696e-14
568.45000,1.3783828e-11,3.5629229e-14
568.46000,1.3772727e-11,3.5610672e-14
568.47000,1.3762930e-11,3.5596839e-14
568.48000,1.3756933e-11,3.5590126e-14
568.49000,1.3758238e-11,3.5595967e-14
568.50000,1.3771371e-11,3.5622574e-14
568.51000,1.3789160e-11,3.5658656e-14
568.52000,1.3803229e-11,3.5691552e-14
568.53000,1.3806690e-11,3.5708285e-14
568.54000,1.3800214e-11,3.5705692e-14
568.55000,1.3789926e-11,3.5692210e-14
568.56000,1.3779978e-11,3.5673671e-14
568.57000,1.3772009e-11,3.5653605e-14
568.58000,1.3768242e-11,3.5635574e-14
568.59000,1.3767711e-11,3.5615737e-14
568.60000,1.3768546e-11,3.5589755e-14
568.61000,1.3768032e-11,3.5569755e-14
568.62000,1.3766314e-11,3.5569356e-14
568.63000,1.3765619e-11,3.5569463e-14
568.64000,1.3766756e-11,3.5550967e-14
568.65000,1.3768233e-11,3.5528766e-14
568.66000,1.3765309e-11,3.5538433e-14
568.67000,1.3754055e-11,3.5569873e-14
568.68000,1.3730300e-11,3.5579772e-14
568.69000,1.3698076e-11,3.5525326e-14
568.70000,1.3674326e-11,3.5427317e-14
568.71000,1.3673564e-11,3.5344157e-14
568.72000,1.3691870e-11,3.5303033e-14
568.73000,1.3713870e-11,3.5292423e-14
568.74000,1.3725714e-11,3.5298345e-14
568.75000,1.3727824e-11,3.5306429e-14
568.76000,1.3723746e-11,3.5311042e-14
568.77000,1.3718109e-11,3.5306642e-14
568.78000,1.3714214e-11,3.5294644e-14
568.79000,1.3712732e-11,3.5282125e-14
568.80000,1.3712116e-11,3.5273160e-14
568.81000,1.3711660e-11,3.5270167e-14
568.82000,1.3712115e-11,3.5273088e-14
568.83000,1.3713576e-11,3.5287058e-14
568.84000,1.3714537e-11,3.5320541e-14
568.85000,1.3715222e-11,3.5377730e-14
568.86000,1.3716595e-11,3.5437444e-14
568.87000,1.3714498e-11,3.5459956e-14
568.88000,1.3702586e-11,3.5427089e-14
568.89000,1.3673709e-11,3.5345578e-14
568.90000,1.3639749e-11,3.5275875e-14
568.91000,1.3617472e-11,3.5257657e-14
568.92000,1.3620678e-11,3.5285639e-14
568.93000,1.3642887e-11,3.5316541e-14
568.94000,1.3664903e-11,3.5328361e-14
568.95000,1.3676616e-11,3.5332595e-14
568.96000,1.3678813e-11,3.5338374e-14
568.97000,1.3672324e-11,3.5342198e-14
568.98000,1.3661913e-11,3.5341507e-14
568.99000,1.3652441e-11,3.5336139e-14
569.00000,1.3652631e-11,3.5323274e-14
569.01000,1.3666112e-11,3.5307814e-14
569.02000,1.3686255e-11,3.5302987e-14
569.03000,1.3704274e-11,3.5310929e-14
569.04000,1.3712633e-11,3.5323711e-14
569.05000,1.3713590e-11,3.5330395e-14
569.06000,1.3710347e-11,3.5327254e-14
569.07000,1.3706638e-11,3.5316155e-14
569.08000,1.3701470e-11,3.5300361e-14
569.09000,1.3690835e-11,3.5283539e-14
569.10000,1.3673674e-11,3.5268381e-14
569.11000,1.3653645e-11,3.5254993e-14
569.12000,1.3638797e-11,3.5243936e-14
569.13000,1.3635059e-11,3.5237944e-14
569.14000,1.3646071e-11,3.5240468e-14
569.15000,1.3665157e-11,3.5244003e-14
569.16000,1.3677187e-11,3.5231236e-14
569.17000,1.3671667e-11,3.5195106e-14
569.18000,1.3651579e-11,3.5145473e-14
569.19000,1.3629953e-11,3.5100869e-14
569.20000,1.3622059e-11,3.5083592e-14
569.21000,1.3626581e-11,3.5089000e-14
569.22000,1.3637745e-11,3.5107461e-14
569.23000,1.3651222e-11,3.5130221e-14
569.24000,1.3665745e-11,3.5155402e-14
569.25000,1.3677330e-11,3.5178503e-14
569.26000,1.3683388e-11,3.5192531e-14
569.27000,1.3682878e-11,3.5185547e-14
569.28000,1.3679257e-11,3.5161347e-14
569.29000,1.3674157e-11,3.5125929e-14
569.30000,1.3670140e-11,3.5092479e-14
569.31000,1.3669585e-11,3.5073105e-14
569.32000,1.3672724e-11,3.5070710e-14
569.33000,1.3678221e-11,3.5078700e-14
569.34000,1.3683896e-11,3.5087252e-14
569.35000,1.3687094e-11,3.5090789e-14
569.36000,1.3687534e-11,3.5092769e-14
569.37000,1.3685434e-11,3.5094474e-14
569.38000,1.3681665e-11,3.5091375e-14
569.39000,1.3677127e-11,3.5082378e-14
569.40000,1.3672508e-11,3.5076295e-14
569.41000,1.3668012e-11,3.5080909e-14
569.42000,1.3663674e-11,3.5101331e-14
569.43000,1.3659812e-11,3.5128084e-14
569.44000,1.3657316e-11,3.5156070e-14
569.45000,1.3656359e-11,3.5200824e-14
569.46000,1.3655219e-11,3.5317529e-14
569.47000,1.3652592e-11,3.5528236e-14
569.48000,1.3649477e-11,3.5742858e-14
569.49000,1.3647057e-11,3.5838213e-14
569.50000,1.3645765e-11,3.5718224e-14
569.51000,1.3644167e-11,3.5511166e-14
569.52000,1.3639496e-11,3.5312433e-14
569.53000,1.3629607e-11,3.5167780e-14
569.54000,1.3618797e-11,3.5077989e-14
569.55000,1.3614770e-11,3.5039233e-14
569.56000,1.3619155e-11,3.5045873e-14
569.57000,1.3630394e-11,3.5128072e-14
569.58000,1.3644716e-11,3.5315897e-14
569.59000,1.3664283e-11,3.5684442e-14
569.60000,1.3690809e-11,3.6246629e-14
569.61000,1.3718417e-11,3.6878838e-14
569.62000,1.3736313e-11,3.7382492e-14
569.63000,1.3741131e-11,3.7664149e-14
569.64000,1.3738497e-11,3.7772704e-14
569.65000,1.3733108e-11,3.7770877e-14
569.66000,1.3726306e-11,3.7758641e-14
569.67000,1.3716549e-11,3.7760476e-14
569.68000,1.3705304e-11,3.7755071e-14
569.69000,1.3696823e-11,3.7704164e-14
569.70000,1.3693909e-11,3.7608605e-14
569.71000,1.3696216e-11,3.7499561e-14
569.72000,1.3702007e-11,3.7406798e-14
569.73000,1.3705637e-11,3.7334715e-14
569.74000,1.3700795e-11,3.7285780e-14
569.75000,1.3684182e-11,3.7272233e-14
569.76000,1.3663188e-11,3.7319685e-14
569.77000,1.3653628e-11,3.7415134e-14
569.78000,1.3662339e-11,3.7496012e-14
569.79000,1.3680629e-11,3.7514713e-14
569.80000,1.3693929e-11,3.7450286e-14
569.81000,1.3697414e-11,3.7350787e-14
569.82000,1.3695831e-11,3.7234265e-14
569.83000,1.3697762e-11,3.7117401e-14
569.84000,1.3702319e-11,3.7020249e-14
569.85000,1.3699918e-11,3.6941952e-14
569.86000,1.3685600e-11,3.6867226e-14
569.87000,1.3663305e-11,3.6799630e-14
569.88000,1.3649693e-11,3.6759078e-14
569.89000,1.3656889e-11,3.6760625e-14
569.90000,1.3680544e-11,3.6787478e-14
569.91000,1.3702445e-11,3.6814348e-14
569.92000,1.3711518e-11,3.6845996e-14
569.93000,1.3710488e-11,3.6912189e-14
569.94000,1.3706531e-11,3.7017698e-14
569.95000,1.3705140e-11,3.7107485e-14
569.96000,1.3706704e-11,3.7104219e-14
569.97000,1.3708423e-11,3.6973566e-14
569.98000,1.3704703e-11,3.6778715e-14
569.99000,1.3690891e-11,3.6610576e-14
570.00000,1.3665712e-11,3.6501132e-14
570.01000,1.3634371e-11,3.6431462e-14
570.02000,1.3611556e-11,3.6383216e-14
570.03000,1.3607288e-11,3.6341628e-14
570.04000,1.3622215e-11,3.6307930e-14
570.05000,1.3642096e-11,3.6284239e-14
570.06000,1.3655253e-11,3.6269793e-14
570.07000,1.3661402e-11,3.6250812e-14
570.08000,1.3663292e-11,3.6218022e-14
570.09000,1.3661080e-11,3.6183867e-14
570.10000,1.3656312e-11,3.6168357e-14
570.11000,1.3650070e-11,3.6170999e-14
570.12000,1.3643737e-11,3.6165541e-14
570.13000,1.3635758e-11,3.6121148e-14
570.14000,1.3622417e-11,3.6026452e-14
570.15000,1.3604369e-11,3.5897687e-14
570.16000,1.3588559e-11,3.5773345e-14
570.17000,1.3587235e-11,3.5707608e-14
570.18000,1.3600230e-11,3.5701440e-14
570.19000,1.3623012e-11,3.5733983e-14
570.20000,1.3645056e-11,3.5757952e-14
570.21000,1.3657915e-11,3.5753181e-14
570.22000,1.3659405e-11,3.5739782e-14
570.23000,1.3653604e-11,3.5739010e-14
570.24000,1.3646696e-11,3.5764596e-14
570.25000,1.3643392e-11,3.5808412e-14
570.26000,1.3643562e-11,3.5866529e-14
570.27000,1.3644603e-11,3.5923185e-14
570.28000,1.3646636e-11,3.5951508e-14
570.29000,1.3651247e-11,3.5926655e-14
570.30000,1.3656912e-11,3.5840876e-14
570.31000,1.3658286e-11,3.5697746e-14
570.32000,1.3653111e-11,3.5556740e-14
570.33000,1.3641941e-11,3.5468425e-14
570.34000,1.3629598e-11,3.5450713e-14
570.35000,1.3620406e-11,3.5468338e-14
570.36000,1.3615009e-11,3.5464849e-14
570.37000,1.3612873e-11,3.5421627e-14
570.38000,1.3613067e-11,3.5362462e-14
570.39000,1.3613991e-11,3.5327545e-14
570.40000,1.3613752e-11,3.5325531e-14
570.41000,1.3612440e-11,3.5339004e-14
570.42000,1.3610992e-11,3.5332315e-14
570.43000,1.3608661e-11,3.5297940e-14
570.44000,1.3604596e-11,3.5262579e-14
570.45000,1.3599745e-11,3.5252026e-14
570.46000,1.3596062e-11,3.5289185e-14
570.47000,1.3594052e-11,3.5349654e-14
570.48000,1.3593132e-11,3.5399037e-14
570.49000,1.3591597e-11,3.5397171e-14
570.50000,1.3588359e-11,3.5335891e-14
570.51000,1.3584487e-11,3.5241432e-14
570.52000,1.3581965e-11,3.5151263e-14
570.53000,1.3583023e-11,3.5111309e-14
570.54000,1.3586012e-11,3.5120168e-14
570.55000,1.3587710e-11,3.5163707e-14
570.56000,1.3583911e-11,3.5212368e-14
570.57000,1.3574272e-11,3.5249718e-14
570.58000,1.3563628e-11,3.5267623e-14
570.59000,1.3556354e-11,3.5260451e-14
570.60000,1.3554766e-11,3.5229442e-14
570.61000,1.3554267e-11,3.5201450e-14
570.62000,1.3549558e-11,3.5199424e-14
570.63000,1.3537681e-11,3.5234828e-14
570.64000,1.3521960e-11,3.5297183e-14
570.65000,1.3509713e-11,3.5357584e-14
570.66000,1.3506713e-11,3.5406453e-14
570.67000,1.3514017e-11,3.5473840e-14
570.68000,1.3531370e-11,3.5658009e-14
570.69000,1.3550941e-11,3.5984515e-14
570.70000,1.3567724e-11,3.6387043e-14
570.71000,1.3579280e-11,3.6618374e-14
570.72000,1.3585212e-11,3.6524173e-14
570.73000,1.3585069e-11,3.6220549e-14
570.74000,1.3580741e-11,3.5900233e-14
570.75000,1.3575619e-11,3.5679271e-14
570.76000,1.3571578e-11,3.5527132e-14
570.77000,1.3565947e-11,3.5425541e-14
570.78000,1.3554770e-11,3.5386469e-14
570.79000,1.3538998e-11,3.5438674e-14
570.80000,1.3523677e-11,3.5584707e-14
570.81000,1.3512568e-11,3.5764148e-14
570.82000,1.3507717e-11,3.5830845e-14
570.83000,1.3504869e-11,3.5731980e-14
570.84000,1.3501074e-11,3.5512538e-14
570.85000,1.3495739e-11,3.5323326e-14
570.86000,1.3491859e-11,3.5236129e-14
570.87000,1.3493016e-11,3.5212962e-14
570.88000,1.3499514e-11,3.5210936e-14
570.89000,1.3509373e-11,3.5214323e-14
570.90000,1.3518431e-11,3.5211474e-14
570.91000,1.3526017e-11,3.5190357e-14
570.92000,1.3534020e-11,3.5153986e-14
570.93000,1.3544111e-11,3.5127188e-14
570.94000,1.3556332e-11,3.5130207e-14
570.95000,1.3569341e-11,3.5161117e-14
570.96000,1.3579303e-11,3.5201133e-14
570.97000,1.3583696e-11,3.5217866e-14
570.98000,1.3581965e-11,3.5191668e-14
570.99000,1.3577929e-11,3.5131696e-14
571.00000,1.3574934e-11,3.5067738e-14
571.01000,1.3572736e-11,3.5025091e-14
571.02000,1.3570831e-11,3.5008349e-14
571.03000,1.3570156e-11,3.5016535e-14
571.04000,1.3569825e-11,3.5034880e-14
571.05000,1.3566470e-11,3.5059178e-14
571.06000,1.3556672e-11,3.5093740e-14
571.07000,1.3541719e-11,3.5160076e-14
571.08000,1.3527024e-11,3.5270001e-14
571.09000,1.3516497e-11,3.5395523e-14
571.10000,1.3514079e-11,3.5468560e-14
571.11000,1.3518057e-11,3.5468694e-14
571.12000,1.3526499e-11,3.5414240e-14
571.13000,1.3534209e-11,3.5348652e-14
571.14000,1.3536564e-11,3.5272894e-14
571.15000,1.3534916e-11,3.5174963e-14
571.16000,1.3533738e-11,3.5077629e-14
571.17000,1.3535329e-11,3.5014762e-14
571.18000,1.3540238e-11,3.5022533e-14
571.19000,1.3546778e-11,3.5073916e-14
571.20000,1.3554382e-11,3.5133456e-14
571.21000,1.3561458e-11,3.5166126e-14
571.22000,1.3565182e-11,3.5173032e-14
571.23000,1.3563031e-11,3.5166989e-14
571.24000,1.3555656e-11,3.5157110e-14
571.25000,1.3547044e-11,3.5162000e-14
571.26000,1.3543221e-11,3.5202688e-14
571.27000,1.3546734e-11,3.5298066e-14
571.28000,1.3554243e-11,3.5435345e-14
571.29000,1.3560130e-11,3.5570521e-14
571.30000,1.3560916e-11,3.5657557e-14
571.31000,1.3555904e-11,3.5672671e-14
571.32000,1.3544795e-11,3.5602955e-14
571.33000,1.3532143e-11,3.5519429e-14
571.34000,1.3521421e-11,3.5489677e-14
571.35000,1.3515171e-11,3.5543304e-14
571.36000,1.3514791e-11,3.5634424e-14
571.37000,1.3520219e-11,3.5712742e-14
571.38000,1.3528028e-11,3.5769518e-14
571.39000,1.3532968e-11,3.5812626e-14
571.40000,1.3533085e-11,3.5842614e-14
571.41000,1.3528554e-11,3.5836870e-14
571.42000,1.3522337e-11,3.5791671e-14
571.43000,1.3518330e-11,3.5750329e-14
571.44000,1.3517936e-11,3.5751480e-14
571.45000,1.3519472e-11,3.5784296e-14
571.46000,1.3520152e-11,3.5806438e-14
571.47000,1.3518734e-11,3.5795026e-14
571.48000,1.3516360e-11,3.5760185e-14
571.49000,1.3516877e-11,3.5730629e-14
571.50000,1.3521957e-11,3.5724868e-14
571.51000,1.3528493e-11,3.5751946e-14
571.52000,1.3532626e-11,3.5812071e-14
571.53000,1.3531357e-11,3.5905401e-14
571.54000,1.3527024e-11,3.5999497e-14
571.55000,1.3522263e-11,3.6057137e-14
571.56000,1.3520060e-11,3.6059137e-14
571.57000,1.3521007e-11,3.6040698e-14
571.58000,1.3523622e-11,3.6045935e-14
571.59000,1.3526273e-11,3.6083232e-14
571.60000,1.3527877e-11,3.6137436e-14
571.61000,1.3528289e-11,3.6178646e-14
571.62000,1.3526731e-11,3.6191513e-14
571.63000,1.3522494e-11,3.6178579e-14
571.64000,1.3516659e-11,3.6157265e-14
571.65000,1.3510790e-11,3.6137283e-14
571.66000,1.3504818e-11,3.6116765e-14
571.67000,1.3495837e-11,3.6092234e-14
571.68000,1.3482554e-11,3.6069550e-14
571.69000,1.3467554e-11,3.6058693e-14
571.70000,1.3460938e-11,3.6065602e-14
571.71000,1.3468607e-11,3.6088111e-14
571.72000,1.3484494e-11,3.6127251e-14
571.73000,1.3499223e-11,3.6184969e-14
571.74000,1.3507142e-11,3.6259050e-14
571.75000,1.3510816e-11,3.6322654e-14
571.76000,1.3511046e-11,3.6347999e-14
571.77000,1.3507579e-11,3.6336120e-14
571.78000,1.3503356e-11,3.6327141e-14
571.79000,1.3502847e-11,3.6357256e-14
571.80000,1.3507198e-11,3.6434183e-14
571.81000,1.3514980e-11,3.6548404e-14
571.82000,1.3521029e-11,3.6649627e-14
571.83000,1.3520873e-11,3.6699542e-14
571.84000,1.3514030e-11,3.6713496e-14
571.85000,1.3506426e-11,3.6747398e-14
571.86000,1.3501536e-11,3.6805516e-14
571.87000,1.3496730e-11,3.6835880e-14
571.88000,1.3487046e-11,3.6812227e-14
571.89000,1.3471042e-11,3.6752667e-14
571.90000,1.3454933e-11,3.6709967e-14
571.91000,1.3449950e-11,3.6714889e-14
571.92000,1.3460005e-11,3.6762825e-14
571.93000,1.3477966e-11,3.6842108e-14
571.94000,1.3492838e-11,3.6951083e-14
571.95000,1.3499419e-11,3.7068954e-14
571.96000,1.3497075e-11,3.7168132e-14
571.97000,1.3487525e-11,3.7209371e-14
571.98000,1.3471902e-11,3.7181600e-14
571.99000,1.3454145e-11,3.7123650e-14
572.00000,1.3440110e-11,3.7077871e-14
572.01000,1.3437197e-11,3.7081853e-14
572.02000,1.3442913e-11,3.7122641e-14
572.03000,1.3454294e-11,3.7181412e-14
572.04000,1.3467458e-11,3.7242735e-14
572.05000,1.3480217e-11,3.7307825e-14
572.06000,1.3490436e-11,3.7366178e-14
572.07000,1.3496185e-11,3.7409664e-14
572.08000,1.3493621e-11,3.7447727e-14
572.09000,1.3484299e-11,3.7494402e-14
572.10000,1.3469404e-11,3.7547995e-14
572.11000,1.3453110e-11,3.7607585e-14
572.12000,1.3439520e-11,3.7675029e-14
572.13000,1.3430788e-11,3.7723062e-14
572.14000,1.3427833e-11,3.7720178e-14
572.15000,1.3432867e-11,3.7628616e-14
572.16000,1.3441943e-11,3.7454365e-14
572.17000,1.3452424e-11,3.7141224e-14
572.18000,1.3463350e-11,3.6640879e-14
572.19000,1.3474299e-11,3.6053372e-14
572.20000,1.3482208e-11,3.5571026e-14
572.21000,1.3485363e-11,3.5275789e-14
572.22000,1.3484804e-11,3.5185310e-14
572.23000,1.3485223e-11,3.5182601e-14
572.24000,1.3488052e-11,3.5225802e-14
572.25000,1.3490780e-11,3.5247335e-14
572.26000,1.3490938e-11,3.5188306e-14
572.27000,1.3488741e-11,3.5084027e-14
572.28000,1.3485583e-11,3.5003305e-14
572.29000,1.3483210e-11,3.4974443e-14
572.30000,1.3482303e-11,3.4965096e-14
572.31000,1.3481482e-11,3.4995396e-14
572.32000,1.3477742e-11,3.5111168e-14
572.33000,1.3472134e-11,3.5272545e-14
572.34000,1.3469059e-11,3.5417146e-14
572.35000,1.3473281e-11,3.5506446e-14
572.36000,1.3481567e-11,3.5538079e-14
572.37000,1.3489283e-11,3.5480608e-14
572.38000,1.3492267e-11,3.5338672e-14
572.39000,1.3491253e-11,3.5168945e-14
572.40000,1.3489931e-11,3.5016076e-14
572.41000,1.3489453e-11,3.4898414e-14
572.42000,1.3487864e-11,3.4846109e-14
572.43000,1.3484020e-11,3.4836322e-14
572.44000,1.3479197e-11,3.4855646e-14
572.45000,1.3476384e-11,3.4912618e-14
572.46000,1.3475697e-11,3.5012696e-14
572.47000,1.3474386e-11,3.5124572e-14
572.48000,1.3471288e-11,3.5215565e-14
572.49000,1.3467917e-11,3.5227813e-14
572.50000,1.3466841e-11,3.5151047e-14
572.51000,1.3469197e-11,3.5001994e-14
572.52000,1.3474345e-11,3.4854633e-14
572.53000,1.3480558e-11,3.4759533e-14
572.54000,1.3485123e-11,3.4724558e-14
572.55000,1.3486093e-11,3.4732605e-14
572.56000,1.3482746e-11,3.4778437e-14
572.57000,1.3478902e-11,3.4855522e-14
572.58000,1.3477420e-11,3.4954327e-14
572.59000,1.3476931e-11,3.5008283e-14
572.60000,1.3471333e-11,3.4976100e-14
572.61000,1.3458067e-11,3.4891515e-14
572.62000,1.3439390e-11,3.4817920e-14
572.63000,1.3423229e-11,3.4795172e-14
572.64000,1.3414140e-11,3.4818993e-14
572.65000,1.3409990e-11,3.4837222e-14
572.66000,1.3402529e-11,3.4815374e-14
572.67000,1.3388812e-11,3.4780004e-14
572.68000,1.3376163e-11,3.4772103e-14
572.69000,1.3379566e-11,3.4814999e-14
572.70000,1.3399079e-11,3.4867031e-14
572.71000,1.3428511e-11,3.4901299e-14
572.72000,1.3455370e-11,3.4926645e-14
572.73000,1.3472995e-11,3.4963132e-14
572.74000,1.3481821e-11,3.5007728e-14
572.75000,1.3484914e-11,3.5047369e-14
572.76000,1.3482759e-11,3.5062342e-14
572.77000,1.3476253e-11,3.5046509e-14
572.78000,1.3464584e-11,3.4998109e-14
572.79000,1.3450761e-11,3.4942413e-14
572.80000,1.3440365e-11,3.4901959e-14
572.81000,1.3435718e-11,3.4876522e-14
572.82000,1.3438541e-11,3.4869758e-14
572.83000,1.3447024e-11,3.4880443e-14
572.84000,1.3461118e-11,3.4908208e-14
572.85000,1.3477514e-11,3.4942597e-14
572.86000,1.3490785e-11,3.4972817e-14
572.87000,1.3498261e-11,3.4993470e-14
572.88000,1.3500296e-11,3.5002458e-14
572.89000,1.3495030e-11,3.4995229e-14
572.90000,1.3484471e-11,3.4980866e-14
572.91000,1.3471654e-11,3.4976476e-14
572.92000,1.3463519e-11,3.5019478e-14
572.93000,1.3463087e-11,3.5152171e-14
572.94000,1.3466109e-11,3.5362635e-14
572.95000,1.3467902e-11,3.5561315e-14
572.96000,1.3466642e-11,3.5589746e-14
572.97000,1.3465452e-11,3.5457469e-14
572.98000,1.3466893e-11,3.5253156e-14
572.99000,1.3469790e-11,3.5106473e-14
573.00000,1.3469552e-11,3.5039208e-14
573.01000,1.3464176e-11,3.5012820e-14
573.02000,1.3454156e-11,3.5002957e-14
573.03000,1.3444406e-11,3.4996594e-14
573.04000,1.3439410e-11,3.4996647e-14
573.05000,1.3441938e-11,3.5008279e-14
573.06000,1.3448557e-11,3.5028320e-14
573.07000,1.3451230e-11,3.5042909e-14
573.08000,1.3447400e-11,3.5044929e-14
573.09000,1.3440286e-11,3.5036548e-14
573.10000,1.3436093e-11,3.5030479e-14
573.11000,1.3436415e-11,3.5032514e-14
573.12000,1.3439940e-11,3.5041298e-14
573.13000,1.3446145e-11,3.5052935e-14
573.14000,1.3454151e-11,3.5067657e-14
573.15000,1.3461721e-11,3.5087138e-14
573.16000,1.3466023e-11,3.5109544e-14
573.17000,1.3467556e-11,3.5125870e-14
573.18000,1.3467646e-11,3.5127781e-14
573.19000,1.3468133e-11,3.5116284e-14
573.20000,1.3469669e-11,3.5102896e-14
573.21000,1.3471730e-11,3.5095301e-14
573.22000,1.3472665e-11,3.5096387e-14
573.23000,1.3471220e-11,3.5101118e-14
573.24000,1.3466677e-11,3.5107093e-14
573.25000,1.3460187e-11,3.5112121e-14
573.26000,1.3454844e-11,3.5112950e-14
573.27000,1.3453404e-11,3.5108082e-14
573.28000,1.3455294e-11,3.5100325e-14
573.29000,1.3457757e-11,3.5094784e-14
573.30000,1.3458220e-11,3.5092303e-14
573.31000,1.3456807e-11,3.5089374e-14
573.32000,1.3455944e-11,3.5082951e-14
573.33000,1.3457851e-11,3.5077184e-14
573.34000,1.3463076e-11,3.5077178e-14
573.35000,1.3470396e-11,3.5083468e-14
573.36000,1.3477075e-11,3.5095269e-14
573.37000,1.3479863e-11,3.5106872e-14
573.38000,1.3476368e-11,3.5111549e-14
573.39000,1.3468714e-11,3.5106764e-14
573.40000,1.3462724e-11,3.5100456e-14
573.41000,1.3461375e-11,3.5098702e-14
573.42000,1.3464217e-11,3.5101639e-14
573.43000,1.3466093e-11,3.5104682e-14
573.44000,1.3464447e-11,3.5107542e-14
573.45000,1.3460651e-11,3.5110530e-14
573.46000,1.3457804e-11,3.5110611e-14
573.47000,1.3456912e-11,3.5105610e-14
573.48000,1.3457168e-11,3.5097284e-14
573.49000,1.3457373e-11,3.5089996e-14
573.50000,1.3457096e-11,3.5092080e-14
573.51000,1.3457722e-11,3.5127888e-14
573.52000,1.3461410e-11,3.5261364e-14
573.53000,1.3466405e-11,3.5554246e-14
573.54000,1.3468527e-11,3.5965136e-14
573.55000,1.3463409e-11,3.6280713e-14
573.56000,1.3454675e-11,3.6306388e-14
573.57000,1.3446888e-11,3.5999234e-14
573.58000,1.3443033e-11,3.5588987e-14
573.59000,1.3441405e-11,3.5294932e-14
573.60000,1.3440501e-11,3.5139675e-14
573.61000,1.3440844e-11,3.5066273e-14
573.62000,1.3443263e-11,3.5043082e-14
573.63000,1.3445848e-11,3.5033326e-14
573.64000,1.3446772e-11,3.5025782e-14
573.65000,1.3446879e-11,3.5022336e-14
573.66000,1.3448162e-11,3.5030843e-14
573.67000,1.3449214e-11,3.5048040e-14
573.68000,1.3444015e-11,3.5062636e-14
573.69000,1.3429804e-11,3.5069348e-14
573.70000,1.3405725e-11,3.5073683e-14
573.71000,1.3380352e-11,3.5085609e-14
573.72000,1.3369147e-11,3.5096490e-14
573.73000,1.3377891e-11,3.5085726e-14
573.74000,1.3397550e-11,3.5052186e-14
573.75000,1.3415151e-11,3.5010572e-14
573.76000,1.3423782e-11,3.4978365e-14
573.77000,1.3422110e-11,3.4956752e-14
573.78000,1.3411619e-11,3.4938690e-14
573.79000,1.3395755e-11,3.4922312e-14
573.80000,1.3379167e-11,3.4910600e-14
573.81000,1.3369077e-11,3.4910331e-14
573.82000,1.3368287e-11,3.4921210e-14
573.83000,1.3377635e-11,3.4941221e-14
573.84000,1.3391459e-11,3.4956437e-14
573.85000,1.3402999e-11,3.4952979e-14
573.86000,1.3411931e-11,3.4937568e-14
573.87000,1.3421258e-11,3.4926709e-14
573.88000,1.3431401e-11,3.4931511e-14
573.89000,1.3438165e-11,3.4940663e-14
573.90000,1.3437200e-11,3.4941467e-14
573.91000,1.3430047e-11,3.4931858e-14
573.92000,1.3422362e-11,3.4920793e-14
573.93000,1.3416051e-11,3.4911870e-14
573.94000,1.3409768e-11,3.4902095e-14
573.95000,1.3402377e-11,3.4888179e-14
573.96000,1.3394821e-11,3.4870402e-14
573.97000,1.3388611e-11,3.4853627e-14
573.98000,1.3383800e-11,3.4843388e-14
573.99000,1.3380342e-11,3.4840421e-14
574.00000,1.3378471e-11,3.4838506e-14
574.01000,1.3378878e-11,3.4832388e-14
574.02000,1.3380948e-11,3.4828839e-14
574.03000,1.3384695e-11,3.4834966e-14
574.04000,1.3390111e-11,3.4844863e-14
574.05000,1.3396733e-11,3.4858203e-14
574.06000,1.3403501e-11,3.4881451e-14
574.07000,1.3407459e-11,3.4900509e-14
574.08000,1.3406467e-11,3.4884233e-14
574.09000,1.3399299e-11,3.4816641e-14
574.10000,1.3389405e-11,3.4738389e-14
574.11000,1.3381597e-11,3.4710145e-14
574.12000,1.3376615e-11,3.4741951e-14
574.13000,1.3373246e-11,3.4810278e-14
574.14000,1.3369200e-11,3.4859009e-14
574.15000,1.3362887e-11,3.4852407e-14
574.16000,1.3354503e-11,3.4786541e-14
574.17000,1.3348487e-11,3.4694583e-14
574.18000,1.3348377e-11,3.4614802e-14
574.19000,1.3352027e-11,3.4560850e-14
574.20000,1.3355374e-11,3.4538269e-14
574.21000,1.3356703e-11,3.4532021e-14
574.22000,1.3356607e-11,3.4536140e-14
574.23000,1.3355543e-11,3.4546255e-14
574.24000,1.3353331e-11,3.4564096e-14
574.25000,1.3350252e-11,3.4593412e-14
574.26000,1.3346332e-11,3.4636008e-14
574.27000,1.3341093e-11,3.4675135e-14
574.28000,1.3333020e-11,3.4686371e-14
574.29000,1.3322158e-11,3.4650773e-14
574.30000,1.3312299e-11,3.4589570e-14
574.31000,1.3307926e-11,3.4549009e-14
574.32000,1.3310406e-11,3.4552169e-14
574.33000,1.3320560e-11,3.4596498e-14
574.34000,1.3333467e-11,3.4635634e-14
574.35000,1.3344144e-11,3.4638793e-14
574.36000,1.3348317e-11,3.4614765e-14
574.37000,1.3347328e-11,3.4597092e-14
574.38000,1.3345232e-11,3.4597725e-14
574.39000,1.3344228e-11,3.4608604e-14
574.40000,1.3341513e-11,3.4609833e-14
574.41000,1.3332003e-11,3.4589957e-14
574.42000,1.3314236e-11,3.4546057e-14
574.43000,1.3295255e-11,3.4491766e-14
574.44000,1.3282769e-11,3.4446221e-14
574.45000,1.3284338e-11,3.4428874e-14
574.46000,1.3294437e-11,3.4431483e-14
574.47000,1.3306544e-11,3.4443367e-14
574.48000,1.3313918e-11,3.4452426e-14
574.49000,1.3314773e-11,3.4454639e-14
574.50000,1.3307479e-11,3.4446681e-14
574.51000,1.3291290e-11,3.4426110e-14
574.52000,1.3269646e-11,3.4395955e-14
574.53000,1.3255166e-11,3.4374243e-14
574.54000,1.3258055e-11,3.4376993e-14
574.55000,1.3274476e-11,3.4400155e-14
574.56000,1.3291255e-11,3.4422638e-14
574.57000,1.3301618e-11,3.4432651e-14
574.58000,1.3302630e-11,3.4427130e-14
574.59000,1.3299115e-11,3.4416431e-14
574.60000,1.3293862e-11,3.4403978e-14
574.61000,1.3289311e-11,3.4392411e-14
574.62000,1.3285549e-11,3.4385804e-14
574.63000,1.3281517e-11,3.4383534e-14
574.64000,1.3274989e-11,3.4380462e-14
574.65000,1.3263909e-11,3.4373721e-14
574.66000,1.3245532e-11,3.4363859e-14
574.67000,1.3222342e-11,3.4346402e-14
574.68000,1.3203670e-11,3.4311213e-14
574.69000,1.3195406e-11,3.4263306e-14
574.70000,1.3199089e-11,3.4224408e-14
574.71000,1.3206062e-11,3.4208561e-14
574.72000,1.3210832e-11,3.4216405e-14
574.73000,1.3212504e-11,3.4235895e-14
574.74000,1.3215265e-11,3.4257755e-14
574.75000,1.3220336e-11,3.4272723e-14
574.76000,1.3224183e-11,3.4271722e-14
574.77000,1.3221037e-11,3.4248027e-14
574.78000,1.3212026e-11,3.4220452e-14
574.79000,1.3200795e-11,3.4211079e-14
574.80000,1.3193453e-11,3.4234048e-14
574.81000,1.3192467e-11,3.4274044e-14
574.82000,1.3196141e-11,3.4312770e-14
574.83000,1.3201967e-11,3.4358022e-14
574.84000,1.3206196e-11,3.4430667e-14
574.85000,1.3206210e-11,3.4526374e-14
574.86000,1.3201860e-11,3.4579866e-14
574.87000,1.3197154e-11,3.4550108e-14
574.88000,1.3195764e-11,3.4480461e-14
574.89000,1.3201511e-11,3.4476123e-14
574.90000,1.3213841e-11,3.4656868e-14
574.91000,1.3233311e-11,3.5337454e-14
574.92000,1.3255415e-11,3.7476602e-14
574.93000,1.3267943e-11,4.2280941e-14
574.94000,NaN,NaN
574.95000,NaN,NaN
574.96000,NaN,NaN
574.97000,NaN,NaN
574.98000,NaN,NaN
574.99000,NaN,NaN
575.00000,NaN,NaN
575.01000,NaN,NaN
575.02000,NaN,NaN
575.03000,NaN,NaN
575.04000,NaN,NaN
575.05000,NaN,NaN
575.06000,NaN,NaN
575.07000,NaN,NaN
575.08000,NaN,NaN
575.09000,NaN,NaN
575.10000,NaN,NaN
575.11000,NaN,NaN
575.12000,NaN,NaN
575.13000,NaN,NaN
575.14000,NaN,NaN
575.15000,NaN,NaN
575.16000,NaN,NaN
575.17000,NaN,NaN
575.18000,NaN,NaN
575.19000,NaN,NaN
575.20000,NaN,NaN
575.21000,NaN,NaN
575.22000,NaN,NaN
575.23000,NaN,NaN
575.24000,NaN,NaN
575.25000,NaN,NaN
575.26000,NaN,NaN
575.27000,NaN,NaN
575.28000,NaN,NaN
575.29000,NaN,NaN
575.30000,NaN,NaN
575.31000,NaN,NaN
575.32000,NaN,NaN
575.33000,NaN,NaN
575.34000,NaN,NaN
575.35000,NaN,NaN
575.36000,NaN,NaN
575.37000,NaN,NaN
575.38000,NaN,NaN
575.39000,NaN,NaN
575.40000,NaN,NaN
575.41000,NaN,NaN
575.42000,NaN,NaN
575.43000,NaN,NaN
575.44000,NaN,NaN
575.45000,NaN,NaN
575.46000,NaN,NaN
575.47000,NaN,NaN
575.48000,NaN,NaN
575.49000,NaN,NaN
575.50000,NaN,NaN
575.51000,NaN,NaN
575.52000,NaN,NaN
575.53000,NaN,NaN
575.54000,NaN,NaN
575.55000,NaN,NaN
575.56000,NaN,NaN
575.57000,NaN,NaN
575.58000,NaN,NaN
575.59000,NaN,NaN
575.60000,NaN,NaN
575.61000,NaN,NaN
575.62000,NaN,NaN
575.63000,NaN,NaN
575.64000,NaN,NaN
575.65000,NaN,NaN
575.66000,NaN,NaN
575.67000,NaN,NaN
575.68000,NaN,NaN
575.69000,NaN,NaN
575.70000,NaN,NaN
575.71000,NaN,NaN
575.72000,NaN,NaN
575.73000,NaN,NaN
575.74000,NaN,NaN
575.75000,NaN,NaN
575.76000,NaN,NaN
575.77000,NaN,NaN
575.78000,NaN,NaN
575.79000,NaN,NaN
575.80000,NaN,NaN
575.81000,NaN,NaN
575.82000,NaN,NaN
575.83000,NaN,NaN
575.84000,NaN,NaN
575.85000,NaN,NaN
575.86000,NaN,NaN
575.87000,NaN,NaN
575.88000,NaN,NaN
575.89000,NaN,NaN
575.90000,NaN,NaN
575.91000,NaN,NaN
575.92000,NaN,NaN
575.93000,NaN,NaN
575.94000,NaN,NaN
575.95000,NaN,NaN
575.96000,NaN,NaN
575.97000,NaN,NaN
575.98000,NaN,NaN
575.99000,NaN,NaN
576.00000,NaN,NaN
576.01000,NaN,NaN
576.02000,NaN,NaN
576.03000,NaN,NaN
576.04000,NaN,NaN
576.05000,NaN,NaN
576.06000,NaN,NaN
576.07000,NaN,NaN
576.08000,NaN,NaN
576.09000,NaN,NaN
576.10000,NaN,NaN
576.11000,NaN,NaN
576.12000,NaN,NaN
576.13000,NaN,NaN
576.14000,NaN,NaN
576.15000,NaN,NaN
576.16000,NaN,NaN
576.17000,NaN,NaN
576.18000,NaN,NaN
576.19000,NaN,NaN
576.20000,NaN,NaN
576.21000,NaN,NaN
576.22000,NaN,NaN
576.23000,NaN,NaN
576.24000,NaN,NaN
576.25000,NaN,NaN
576.26000,NaN,NaN
576.27000,NaN,NaN
576.28000,NaN,NaN
576.29000,NaN,NaN
576.30000,NaN,NaN
576.31000,NaN,NaN
576.32000,NaN,NaN
576.33000,NaN,NaN
576.34000,NaN,NaN
576.35000,NaN,NaN
576.36000,NaN,NaN
576.37000,NaN,NaN
576.38000,NaN,NaN
576.39000,NaN,NaN
576.40000,NaN,NaN
576.41000,NaN,NaN
576.42000,NaN,NaN
576.43000,NaN,NaN
576.44000,NaN,NaN
576.45000,NaN,NaN
576.46000,NaN,NaN
576.47000,NaN,NaN
576.48000,NaN,NaN
576.49000,NaN,NaN
576.50000,NaN,NaN
576.51000,NaN,NaN
576.52000,NaN,NaN
576.53000,NaN,NaN
576.54000,NaN,NaN
576.55000,NaN,NaN
576.56000,NaN,NaN
576.57000,NaN,NaN
576.58000,NaN,NaN
576.59000,NaN,NaN
576.60000,NaN,NaN
576.61000,NaN,NaN
576.62000,NaN,NaN
576.63000,NaN,NaN
576.64000,NaN,NaN
576.65000,NaN,NaN
576.66000,NaN,NaN
576.67000,NaN,NaN
576.68000,NaN,NaN
576.69000,NaN,NaN
576.70000,NaN,NaN
576.71000,NaN,NaN
576.72000,NaN,NaN
576.73000,NaN,NaN
576.74000,NaN,NaN
576.75000,NaN,NaN
576.76000,NaN,NaN
576.77000,NaN,NaN
576.78000,NaN,NaN
576.79000,NaN,NaN
576.80000,NaN,NaN
576.81000,NaN,NaN
576.82000,NaN,NaN
576.83000,NaN,NaN
576.84000,NaN,NaN
576.85000,NaN,NaN
576.86000,NaN,NaN
576.87000,NaN,NaN
576.88000,NaN,NaN
576.89000,NaN,NaN
576.90000,NaN,NaN
576.91000,NaN,NaN
576.92000,NaN,NaN
576.93000,NaN,NaN
576.94000,NaN,NaN
576.95000,NaN,NaN
576.96000,NaN,NaN
576.97000,NaN,NaN
576.98000,NaN,NaN
576.99000,NaN,NaN
577.00000,NaN,NaN
577.01000,NaN,NaN
577.02000,NaN,NaN
577.03000,NaN,NaN
577.04000,NaN,NaN
577.05000,NaN,NaN
577.06000,NaN,NaN
577.07000,NaN,NaN
577.08000,NaN,NaN
577.09000,NaN,NaN
577.10000,NaN,NaN
577.11000,NaN,NaN
577.12000,NaN,NaN
577.13000,NaN,NaN
577.14000,NaN,NaN
577.15000,NaN,NaN
577.16000,NaN,NaN
577.17000,NaN,NaN
577.18000,NaN,NaN
577.19000,NaN,NaN
577.20000,NaN,NaN
577.21000,NaN,NaN
577.22000,NaN,NaN
577.23000,NaN,NaN
577.24000,NaN,NaN
577.25000,NaN,NaN
577.26000,NaN,NaN
577.27000,NaN,NaN
577.28000,NaN,NaN
577.29000,NaN,NaN
577.30000,NaN,NaN
577.31000,NaN,NaN
577.32000,NaN,NaN
577.33000,NaN,NaN
577.34000,NaN,NaN
577.35000,NaN,NaN
577.36000,NaN,NaN
577.37000,NaN,NaN
577.38000,NaN,NaN
577.39000,NaN,NaN
577.40000,NaN,NaN
577.41000,NaN,NaN
577.42000,NaN,NaN
577.43000,NaN,NaN
577.44000,NaN,NaN
577.45000,NaN,NaN
577.46000,NaN,NaN
577.47000,NaN,NaN
577.48000,NaN,NaN
577.49000,NaN,NaN
577.50000,NaN,NaN
577.51000,NaN,NaN
577.52000,NaN,NaN
577.53000,NaN,NaN
577.54000,NaN,NaN
577.55000,NaN,NaN
577.56000,NaN,NaN
577.57000,NaN,NaN
577.58000,NaN,NaN
577.59000,NaN,NaN
577.60000,NaN,NaN
577.61000,NaN,NaN
577.62000,NaN,NaN
577.63000,NaN,NaN
577.64000,NaN,NaN
577.65000,NaN,NaN
577.66000,NaN,NaN
577.67000,NaN,NaN
577.68000,NaN,NaN
577.69000,NaN,NaN
577.70000,NaN,NaN
577.71000,NaN,NaN
577.72000,NaN,NaN
577.73000,NaN,NaN
577.74000,NaN,NaN
577.75000,NaN,NaN
577.76000,NaN,NaN
577.77000,NaN,NaN
577.78000,NaN,NaN
577.79000,NaN,NaN
577.80000,NaN,NaN
577.81000,NaN,NaN
577.82000,NaN,NaN
577.83000,NaN,NaN
577.84000,NaN,NaN
577.85000,NaN,NaN
577.86000,NaN,NaN
577.87000,NaN,NaN
577.88000,NaN,NaN
577.89000,NaN,NaN
577.90000,NaN,NaN
577.91000,NaN,NaN
577.92000,NaN,NaN
577.93000,NaN,NaN
577.94000,NaN,NaN
577.95000,NaN,NaN
577.96000,NaN,NaN
577.97000,NaN,NaN
577.98000,NaN,NaN
577.99000,NaN,NaN
578.00000,NaN,NaN
578.01000,NaN,NaN
578.02000,NaN,NaN
578.03000,NaN,NaN
578.04000,NaN,NaN
578.05000,NaN,NaN
578.06000,NaN,NaN
578.07000,NaN,NaN
578.08000,NaN,NaN
578.09000,NaN,NaN
578.10000,NaN,NaN
578.11000,NaN,NaN
578.12000,NaN,NaN
578.13000,NaN,NaN
578.14000,NaN,NaN
578.15000,NaN,NaN
578.16000,NaN,NaN
578.17000,NaN,NaN
578.18000,NaN,NaN
578.19000,NaN,NaN
578.20000,NaN,NaN
578.21000,NaN,NaN
578.22000,NaN,NaN
578.23000,NaN,NaN
578.24000,NaN,NaN
578.25000,NaN,NaN
578.26000,NaN,NaN
578.27000,NaN,NaN
578.28000,NaN,NaN
578.29000,NaN,NaN
578.30000,NaN,NaN
578.31000,NaN,NaN
578.32000,NaN,NaN
578.33000,NaN,NaN
578.34000,NaN,NaN
578.35000,NaN,NaN
578.36000,NaN,NaN
578.37000,NaN,NaN
578.38000,NaN,NaN
578.39000,NaN,NaN
578.40000,NaN,NaN
578.41000,NaN,NaN
578.42000,NaN,NaN
578.43000,NaN,NaN
578.44000,NaN,NaN
578.45000,NaN,NaN
578.46000,NaN,NaN
578.47000,NaN,NaN
578.48000,NaN,NaN
578.49000,NaN,NaN
578.50000,NaN,NaN
578.51000,NaN,NaN
578.52000,NaN,NaN
578.53000,NaN,NaN
578.54000,NaN,NaN
578.55000,NaN,NaN
578.56000,NaN,NaN
578.57000,NaN,NaN
578.58000,NaN,NaN
578.59000,NaN,NaN
578.60000,NaN,NaN
578.61000,NaN,NaN
578.62000,NaN,NaN
578.63000,NaN,NaN
578.64000,NaN,NaN
578.65000,NaN,NaN
578.66000,NaN,NaN
578.67000,NaN,NaN
578.68000,NaN,NaN
578.69000,NaN,NaN
578.70000,NaN,NaN
578.71000,NaN,NaN
578.72000,NaN,NaN
578.73000,NaN,NaN
578.74000,NaN,NaN
578.75000,NaN,NaN
578.76000,NaN,NaN
578.77000,NaN,NaN
578.78000,NaN,NaN
578.79000,NaN,NaN
578.80000,NaN,NaN
578.81000,NaN,NaN
578.82000,NaN,NaN
578.83000,NaN,NaN
578.84000,NaN,NaN
578.85000,NaN,NaN
578.86000,NaN,NaN
578.87000,NaN,NaN
578.88000,NaN,NaN
578.89000,NaN,NaN
578.90000,NaN,NaN
578.91000,NaN,NaN
578.92000,NaN,NaN
578.93000,NaN,NaN
578.94000,NaN,NaN
578.95000,NaN,NaN
578.96000,NaN,NaN
578.97000,NaN,NaN
578.98000,NaN,NaN
578.99000,NaN,NaN
579.00000,NaN,NaN
579.01000,NaN,NaN
579.02000,NaN,NaN
579.03000,NaN,NaN
579.04000,NaN,NaN
579.05000,NaN,NaN
579.06000,NaN,NaN
579.07000,NaN,NaN
579.08000,NaN,NaN
579.09000,NaN,NaN
579.10000,NaN,NaN
579.11000,NaN,NaN
579.12000,NaN,NaN
579.13000,NaN,NaN
579.14000,NaN,NaN
579.15000,NaN,NaN
579.16000,NaN,NaN
579.17000,NaN,NaN
579.18000,NaN,NaN
579.19000,NaN,NaN
579.20000,NaN,NaN
579.21000,NaN,NaN
579.22000,NaN,NaN
579.23000,NaN,NaN
579.24000,NaN,NaN
579.25000,NaN,NaN
579.26000,NaN,NaN
579.27000,NaN,NaN
579.28000,NaN,NaN
579.29000,NaN,NaN
579.30000,NaN,NaN
579.31000,NaN,NaN
579.32000,NaN,NaN
579.33000,NaN,NaN
579.34000,NaN,NaN
579.35000,NaN,NaN
579.36000,NaN,NaN
579.37000,NaN,NaN
579.38000,NaN,NaN
579.39000,NaN,NaN
579.40000,NaN,NaN
579.41000,NaN,NaN
579.42000,NaN,NaN
579.43000,NaN,NaN
579.44000,NaN,NaN
579.45000,NaN,NaN
579.46000,NaN,NaN
579.47000,NaN,NaN
579.48000,NaN,NaN
579.49000,NaN,NaN
579.50000,NaN,NaN
579.51000,NaN,NaN
579.52000,NaN,NaN
579.53000,NaN,NaN
579.54000,NaN,NaN
579.55000,NaN,NaN
579.56000,NaN,NaN
579.57000,NaN,NaN
579.58000,NaN,NaN
579.59000,NaN,NaN
579.60000,NaN,NaN
579.61000,NaN,NaN
579.62000,NaN,NaN
579.63000,NaN,NaN
579.64000,NaN,NaN
579.65000,NaN,NaN
579.66000,NaN,NaN
579.67000,NaN,NaN
579.68000,NaN,NaN
579.69000,NaN,NaN
579.70000,NaN,NaN
579.71000,NaN,NaN
579.72000,NaN,NaN
579.73000,NaN,NaN
579.74000,NaN,NaN
579.75000,NaN,NaN
579.76000,NaN,NaN
579.77000,NaN,NaN
579.78000,NaN,NaN
579.79000,NaN,NaN
579.80000,NaN,NaN
579.81000,NaN,NaN
579.82000,NaN,NaN
579.83000,NaN,NaN
579.84000,NaN,NaN
579.85000,NaN,NaN
579.86000,NaN,NaN
579.87000,NaN,NaN
579.88000,NaN,NaN
579.89000,NaN,NaN
579.90000,NaN,NaN
579.91000,NaN,NaN
579.92000,NaN,NaN
579.93000,NaN,NaN
579.94000,NaN,NaN
579.95000,NaN,NaN
579.96000,NaN,NaN
579.97000,NaN,NaN
579.98000,NaN,NaN
579.99000,NaN,NaN
580.00000,NaN,NaN
580.01000,NaN,NaN
580.02000,NaN,NaN
580.03000,NaN,NaN
580.04000,NaN,NaN
580.05000,NaN,NaN
580.06000,NaN,NaN
580.07000,NaN,NaN
580.08000,NaN,NaN
580.09000,NaN,NaN
580.10000,NaN,NaN
580.11000,NaN,NaN
580.12000,NaN,NaN
580.13000,NaN,NaN
580.14000,NaN,NaN
580.15000,NaN,NaN
580.16000,NaN,NaN
580.17000,NaN,NaN
580.18000,NaN,NaN
580.19000,NaN,NaN
580.20000,NaN,NaN
580.21000,NaN,NaN
580.22000,NaN,NaN
580.23000,NaN,NaN
580.24000,NaN,NaN
580.25000,NaN,NaN
580.26000,NaN,NaN
580.27000,NaN,NaN
580.28000,NaN,NaN
580.29000,NaN,NaN
580.30000,NaN,NaN
580.31000,NaN,NaN
580.32000,NaN,NaN
580.33000,NaN,NaN
580.34000,NaN,NaN
580.35000,NaN,NaN
580.36000,NaN,NaN
580.37000,NaN,NaN
580.38000,NaN,NaN
580.39000,NaN,NaN
580.40000,NaN,NaN
580.41000,NaN,NaN
580.42000,NaN,NaN
580.43000,NaN,NaN
580.44000,NaN,NaN
580.45000,NaN,NaN
580.46000,NaN,NaN
580.47000,NaN,NaN
580.48000,NaN,NaN
580.49000,NaN,NaN
580.50000,NaN,NaN
580.51000,NaN,NaN
580.52000,NaN,NaN
580.53000,NaN,NaN
580.54000,NaN,NaN
580.55000,NaN,NaN
580.56000,NaN,NaN
580.57000,NaN,NaN
580.58000,NaN,NaN
580.59000,NaN,NaN
580.60000,NaN,NaN
580.61000,NaN,NaN
580.62000,NaN,NaN
580.63000,NaN,NaN
580.64000,NaN,NaN
580.65000,NaN,NaN
580.66000,NaN,NaN
580.67000,NaN,NaN
580.68000,NaN,NaN
580.69000,NaN,NaN
580.70000,NaN,NaN
580.71000,NaN,NaN
580.72000,NaN,NaN
580.73000,NaN,NaN
580.74000,NaN,NaN
580.75000,NaN,NaN
580.76000,NaN,NaN
580.77000,NaN,NaN
580.78000,NaN,NaN
580.79000,NaN,NaN
580.80000,NaN,NaN
580.81000,NaN,NaN
580.82000,NaN,NaN
580.83000,NaN,NaN
580.84000,NaN,NaN
580.85000,NaN,NaN
580.86000,NaN,NaN
580.87000,NaN,NaN
580.88000,NaN,NaN
580.89000,NaN,NaN
580.90000,NaN,NaN
580.91000,NaN,NaN
580.92000,NaN,NaN
580.93000,NaN,NaN
580.94000,NaN,NaN
580.95000,NaN,NaN
580.96000,NaN,NaN
580.97000,NaN,NaN
580.98000,NaN,NaN
580.99000,NaN,NaN
581.00000,NaN,NaN
581.01000,NaN,NaN
581.02000,NaN,NaN
581.03000,NaN,NaN
581.04000,NaN,NaN
581.05000,NaN,NaN
581.06000,NaN,NaN
581.07000,NaN,NaN
581.08000,NaN,NaN
581.09000,NaN,NaN
581.10000,NaN,NaN
581.11000,NaN,NaN
581.12000,NaN,NaN
581.13000,NaN,NaN
581.14000,NaN,NaN
581.15000,NaN,NaN
581.16000,NaN,NaN
581.17000,NaN,NaN
581.18000,NaN,NaN
581.19000,NaN,NaN
581.20000,NaN,NaN
581.21000,NaN,NaN
581.22000,NaN,NaN
581.23000,NaN,NaN
581.24000,NaN,NaN
581.25000,NaN,NaN
581.26000,NaN,NaN
581.27000,NaN,NaN
581.28000,NaN,NaN
581.29000,NaN,NaN
581.30000,NaN,NaN
581.31000,NaN,NaN
581.32000,NaN,NaN
581.33000,NaN,NaN
581.34000,NaN,NaN
581.35000,NaN,NaN
581.36000,NaN,NaN
581.37000,NaN,NaN
581.38000,NaN,NaN
581.39000,NaN,NaN
581.40000,NaN,NaN
581.41000,NaN,NaN
581.42000,NaN,NaN
581.43000,NaN,NaN
581.44000,NaN,NaN
581.45000,NaN,NaN
581.46000,NaN,NaN
581.47000,NaN,NaN
581.48000,NaN,NaN
581.49000,NaN,NaN
581.50000,NaN,NaN
581.51000,NaN,NaN
581.52000,NaN,NaN
581.53000,NaN,NaN
581.54000,NaN,NaN
581.55000,NaN,NaN
581.56000,NaN,NaN
581.57000,NaN,NaN
581.58000,NaN,NaN
581.59000,NaN,NaN
581.60000,NaN,NaN
581.61000,NaN,NaN
581.62000,NaN,NaN
581.63000,NaN,NaN
581.64000,NaN,NaN
581.65000,NaN,NaN
581.66000,NaN,NaN
581.67000,NaN,NaN
581.68000,NaN,NaN
581.69000,NaN,NaN
581.70000,NaN,NaN
581.71000,NaN,NaN
581.72000,NaN,NaN
581.73000,NaN,NaN
581.74000,NaN,NaN
581.75000,NaN,NaN
581.76000,NaN,NaN
581.77000,NaN,NaN
581.78000,NaN,NaN
581.79000,NaN,NaN
581.80000,NaN,NaN
581.81000,NaN,NaN
581.82000,NaN,NaN
581.83000,NaN,NaN
581.84000,NaN,NaN
581.85000,NaN,NaN
581.86000,NaN,NaN
581.87000,NaN,NaN
581.88000,NaN,NaN
581.89000,NaN,NaN
581.90000,NaN,NaN
581.91000,NaN,NaN
581.92000,NaN,NaN
581.93000,NaN,NaN
581.94000,NaN,NaN
581.95000,NaN,NaN
581.96000,NaN,NaN
581.97000,NaN,NaN
581.98000,NaN,NaN
581.99000,NaN,NaN
582.00000,NaN,NaN
582.01000,NaN,NaN
582.02000,NaN,NaN
582.03000,NaN,NaN
582.04000,NaN,NaN
582.05000,NaN,NaN
582.06000,NaN,NaN
582.07000,NaN,NaN
582.08000,NaN,NaN
582.09000,NaN,NaN
582.10000,NaN,NaN
582.11000,NaN,NaN
582.12000,NaN,NaN
582.13000,NaN,NaN
582.14000,NaN,NaN
582.15000,NaN,NaN
582.16000,NaN,NaN
582.17000,NaN,NaN
582.18000,NaN,NaN
582.19000,NaN,NaN
582.20000,NaN,NaN
582.21000,NaN,NaN
582.22000,NaN,NaN
582.23000,NaN,NaN
582.24000,NaN,NaN
582.25000,NaN,NaN
582.26000,NaN,NaN
582.27000,NaN,NaN
582.28000,NaN,NaN
582.29000,NaN,NaN
582.30000,NaN,NaN
582.31000,NaN,NaN
582.32000,NaN,NaN
582.33000,NaN,NaN
582.34000,NaN,NaN
582.35000,NaN,NaN
582.36000,NaN,NaN
582.37000,NaN,NaN
582.38000,NaN,NaN
582.39000,NaN,NaN
582.40000,NaN,NaN
582.41000,NaN,NaN
582.42000,NaN,NaN
582.43000,NaN,NaN
582.44000,NaN,NaN
582.45000,NaN,NaN
582.46000,NaN,NaN
582.47000,NaN,NaN
582.48000,NaN,NaN
582.49000,NaN,NaN
582.50000,NaN,NaN
582.51000,NaN,NaN
582.52000,NaN,NaN
582.53000,NaN,NaN
582.54000,NaN,NaN
582.55000,NaN,NaN
582.56000,NaN,NaN
582.57000,NaN,NaN
582.58000,NaN,NaN
582.59000,NaN,NaN
582.60000,NaN,NaN
582.61000,NaN,NaN
582.62000,NaN,NaN
582.63000,NaN,NaN
582.64000,NaN,NaN
582.65000,NaN,NaN
582.66000,NaN,NaN
582.67000,NaN,NaN
582.68000,NaN,NaN
582.69000,NaN,NaN
582.70000,NaN,NaN
582.71000,NaN,NaN
582.72000,NaN,NaN
582.73000,NaN,NaN
582.74000,NaN,NaN
582.75000,NaN,NaN
582.76000,NaN,NaN
582.77000,NaN,NaN
582.78000,NaN,NaN
582.79000,NaN,NaN
582.80000,NaN,NaN
582.81000,NaN,NaN
582.82000,NaN,NaN
582.83000,NaN,NaN
582.84000,NaN,NaN
582.85000,NaN,NaN
582.86000,NaN,NaN
582.87000,NaN,NaN
582.88000,NaN,NaN
582.89000,NaN,NaN
582.90000,NaN,NaN
582.91000,NaN,NaN
582.92000,NaN,NaN
582.93000,NaN,NaN
582.94000,NaN,NaN
582.95000,NaN,NaN
582.96000,NaN,NaN
582.97000,NaN,NaN
582.98000,NaN,NaN
582.99000,NaN,NaN
583.00000,NaN,NaN
583.01000,NaN,NaN
583.02000,NaN,NaN
583.03000,NaN,NaN
583.04000,NaN,NaN
583.05000,NaN,NaN
583.06000,NaN,NaN
583.07000,NaN,NaN
583.08000,NaN,NaN
583.09000,NaN,NaN
583.10000,NaN,NaN
583.11000,NaN,NaN
583.12000,NaN,NaN
583.13000,NaN,NaN
583.14000,NaN,NaN
583.15000,NaN,NaN
583.16000,NaN,NaN
583.17000,NaN,NaN
583.18000,NaN,NaN
583.19000,NaN,NaN
583.20000,NaN,NaN
583.21000,NaN,NaN
583.22000,NaN,NaN
583.23000,NaN,NaN
583.24000,NaN,NaN
583.25000,NaN,NaN
583.26000,NaN,NaN
583.27000,NaN,NaN
583.28000,NaN,NaN
583.29000,NaN,NaN
583.30000,NaN,NaN
583.31000,NaN,NaN
583.32000,NaN,NaN
583.33000,NaN,NaN
583.34000,NaN,NaN
583.35000,NaN,NaN
583.36000,NaN,NaN
583.37000,NaN,NaN
583.38000,NaN,NaN
583.39000,NaN,NaN
583.40000,NaN,NaN
583.41000,NaN,NaN
583.42000,NaN,NaN
583.43000,NaN,NaN
583.44000,NaN,NaN
583.45000,NaN,NaN
583.46000,NaN,NaN
583.47000,NaN,NaN
583.48000,NaN,NaN
583.49000,NaN,NaN
583.50000,NaN,NaN
583.51000,NaN,NaN
583.52000,NaN,NaN
583.53000,NaN,NaN
583.54000,NaN,NaN
583.55000,NaN,NaN
583.56000,NaN,NaN
583.57000,NaN,NaN
583.58000,NaN,NaN
583.59000,NaN,NaN
583.60000,NaN,NaN
583.61000,NaN,NaN
583.62000,NaN,NaN
583.63000,NaN,NaN
583.64000,NaN,NaN
583.65000,NaN,NaN
583.66000,NaN,NaN
583.67000,NaN,NaN
583.68000,NaN,NaN
583.69000,NaN,NaN
583.70000,NaN,NaN
583.71000,NaN,NaN
583.72000,NaN,NaN
583.73000,NaN,NaN
583.74000,NaN,NaN
583.75000,NaN,NaN
583.76000,NaN,NaN
583.77000,NaN,NaN
583.78000,NaN,NaN
583.79000,NaN,NaN
583.80000,NaN,NaN
583.81000,NaN,NaN
583.82000,NaN,NaN
583.83000,NaN,NaN
583.84000,NaN,NaN
583.85000,NaN,NaN
583.86000,NaN,NaN
583.87000,NaN,NaN
583.88000,NaN,NaN
583.89000,NaN,NaN
583.90000,NaN,NaN
583.91000,NaN,NaN
583.92000,NaN,NaN
583.93000,NaN,NaN
583.94000,NaN,NaN
583.95000,NaN,NaN
583.96000,NaN,NaN
583.97000,NaN,NaN
583.98000,NaN,NaN
583.99000,NaN,NaN
584.00000,NaN,NaN
584.01000,NaN,NaN
584.02000,NaN,NaN
584.03000,NaN,NaN
584.04000,NaN,NaN
584.05000,NaN,NaN
584.06000,NaN,NaN
584.07000,NaN,NaN
584.08000,NaN,NaN
584.09000,NaN,NaN
584.10000,NaN,NaN
584.11000,NaN,NaN
584.12000,NaN,NaN
584.13000,NaN,NaN
584.14000,NaN,NaN
584.15000,NaN,NaN
584.16000,NaN,NaN
584.17000,NaN,NaN
584.18000,NaN,NaN
584.19000,NaN,NaN
584.20000,NaN,NaN
584.21000,NaN,NaN
584.22000,NaN,NaN
584.23000,1.2615598e-11,5.1880095e-14
584.24000,1.2592943e-11,5.2780146e-14
584.25000,1.2576979e-11,5.2558604e-14
584.26000,1.2573615e-11,5.2254873e-14
584.27000,1.2586688e-11,5.2040910e-14
584.28000,1.2607213e-11,5.1892586e-14
584.29000,1.2624093e-11,5.1760953e-14
584.30000,1.2629484e-11,5.1637484e-14
584.31000,1.2627770e-11,5.1536750e-14
584.32000,1.2624802e-11,5.1496714e-14
584.33000,1.2627087e-11,5.1548448e-14
584.34000,1.2634477e-11,5.1680191e-14
584.35000,1.2642947e-11,5.1860964e-14
584.36000,1.2646554e-11,5.2011413e-14
584.37000,1.2641506e-11,5.2057931e-14
584.38000,1.2631141e-11,5.1978874e-14
584.39000,1.2620556e-11,5.1805527e-14
584.40000,1.2613107e-11,5.1554664e-14
584.41000,1.2608526e-11,5.1277489e-14
584.42000,1.2607081e-11,5.1000560e-14
584.43000,1.2607781e-11,5.0734526e-14
584.44000,1.2608590e-11,5.0470003e-14
584.45000,1.2608223e-11,5.0192344e-14
584.46000,1.2608389e-11,4.9900921e-14
584.47000,1.2612407e-11,4.9604062e-14
584.48000,1.2619898e-11,4.9314175e-14
584.49000,1.2627953e-11,4.9045179e-14
584.50000,1.2633188e-11,4.8800746e-14
584.51000,1.2633611e-11,4.8586908e-14
584.52000,1.2629433e-11,4.8398574e-14
584.53000,1.2623046e-11,4.8224313e-14
584.54000,1.2617645e-11,4.8066238e-14
584.55000,1.2616003e-11,4.7923085e-14
584.56000,1.2619336e-11,4.7793594e-14
584.57000,1.2624163e-11,4.7666454e-14
584.58000,1.2626153e-11,4.7534894e-14
584.59000,1.2621963e-11,4.7394311e-14
584.60000,1.2614590e-11,4.7246889e-14
584.61000,1.2607685e-11,4.7099008e-14
584.62000,1.2603397e-11,4.6964458e-14
584.63000,1.2600306e-11,4.6844814e-14
584.64000,1.2597632e-11,4.6730106e-14
584.65000,1.2595880e-11,4.6601629e-14
584.66000,1.2596631e-11,4.6444704e-14
584.67000,1.2600791e-11,4.6264246e-14
584.68000,1.2607443e-11,4.6075285e-14
584.69000,1.2613655e-11,4.5890937e-14
584.70000,1.2615989e-11,4.5717695e-14
584.71000,1.2613578e-11,4.5563341e-14
584.72000,1.2611003e-11,4.5432517e-14
584.73000,1.2610997e-11,4.5322743e-14
584.74000,1.2613770e-11,4.5233762e-14
584.75000,1.2616792e-11,4.5158803e-14
584.76000,1.2619152e-11,4.5105139e-14
584.77000,1.2621839e-11,4.5072552e-14
584.78000,1.2625298e-11,4.5051228e-14
584.79000,1.2627901e-11,4.5016031e-14
584.80000,1.2627025e-11,4.4946608e-14
584.81000,1.2621500e-11,4.4846987e-14
584.82000,1.2613778e-11,4.4740188e-14
584.83000,1.2606420e-11,4.4637796e-14
584.84000,1.2600273e-11,4.4533885e-14
584.85000,1.2594645e-11,4.4416994e-14
584.86000,1.2589464e-11,4.4289676e-14
584.87000,1.2586322e-11,4.4164328e-14
584.88000,1.2587867e-11,4.4054617e-14
584.89000,1.2592904e-11,4.3961579e-14
584.90000,1.2600239e-11,4.3884308e-14
584.91000,1.2606686e-11,4.3813395e-14
584.92000,1.2609233e-11,4.3739295e-14
584.93000,1.2604763e-11,4.3652376e-14
584.94000,1.2596601e-11,4.3560331e-14
584.95000,1.2588970e-11,4.3479797e-14
584.96000,1.2585358e-11,4.3414500e-14
584.97000,1.2586061e-11,4.3351925e-14
584.98000,1.2591545e-11,4.3270142e-14
584.99000,1.2598899e-11,4.3157389e-14
585.00000,1.2603549e-11,4.3017251e-14
585.01000,1.2602329e-11,4.2881278e-14
585.02000,1.2594862e-11,4.2772857e-14
585.03000,1.2586288e-11,4.2687872e-14
585.04000,1.2579943e-11,4.2625052e-14
585.05000,1.2576695e-11,4.2569876e-14
585.06000,1.2575472e-11,4.2499533e-14
585.07000,1.2576178e-11,4.2403841e-14
585.08000,1.2577853e-11,4.2304039e-14
585.09000,1.2580488e-11,4.2206522e-14
585.10000,1.2585461e-11,4.2097559e-14
585.11000,1.2593514e-11,4.1985223e-14
585.12000,1.2603472e-11,4.1898747e-14
585.13000,1.2611072e-11,4.1831922e-14
585.14000,1.2612273e-11,4.1752557e-14
585.15000,1.2607127e-11,4.1653552e-14
585.16000,1.2598520e-11,4.1564756e-14
585.17000,1.2588955e-11,4.1500679e-14
585.18000,1.2580589e-11,4.1428325e-14
585.19000,1.2574189e-11,4.1320128e-14
585.20000,1.2569106e-11,4.1208424e-14
585.21000,1.2565059e-11,4.1134938e-14
585.22000,1.2560838e-11,4.1081964e-14
585.23000,1.2553522e-11,4.1000158e-14
585.24000,1.2536956e-11,4.0856740e-14
585.25000,1.2509018e-11,4.0693975e-14
585.26000,1.2470976e-11,4.0568737e-14
585.27000,1.2436004e-11,4.0488818e-14
585.28000,1.2419790e-11,4.0430989e-14
585.29000,1.2429671e-11,4.0359653e-14
585.30000,1.2454893e-11,4.0285083e-14
585.31000,1.2483350e-11,4.0252176e-14
585.32000,1.2504676e-11,4.0273827e-14
585.33000,1.2513651e-11,4.0330517e-14
585.34000,1.2510023e-11,4.0341378e-14
585.35000,1.2497327e-11,4.0268284e-14
585.36000,1.2480122e-11,4.0114455e-14
585.37000,1.2466475e-11,3.9958405e-14
585.38000,1.2462289e-11,3.9860647e-14
585.39000,1.2465584e-11,3.9831830e-14
585.40000,1.2472588e-11,3.9860517e-14
585.41000,1.2478320e-11,3.9874925e-14
585.42000,1.2480585e-11,3.9788209e-14
585.43000,1.2481427e-11,3.9559703e-14
585.44000,1.2486356e-11,3.9276525e-14
585.45000,1.2503699e-11,3.9043326e-14
585.46000,1.2532372e-11,3.8889454e-14
585.47000,1.2568323e-11,3.8793674e-14
585.48000,1.2599998e-11,3.8711981e-14
585.49000,1.2621036e-11,3.8649012e-14
585.50000,1.2625784e-11,3.8649621e-14
585.51000,1.2620154e-11,3.8709339e-14
585.52000,1.2607564e-11,3.8792972e-14
585.53000,1.2593888e-11,3.8813280e-14
585.54000,1.2582770e-11,3.8729386e-14
585.55000,1.2578648e-11,3.8520313e-14
585.56000,1.2581686e-11,3.8262574e-14
585.57000,1.2590879e-11,3.8018526e-14
585.58000,1.2599962e-11,3.7816846e-14
585.59000,1.2602089e-11,3.7671742e-14
585.60000,1.2596234e-11,3.7573470e-14
585.61000,1.2582656e-11,3.7539949e-14
585.62000,1.2563933e-11,3.7587176e-14
585.63000,1.2542083e-11,3.7698997e-14
585.64000,1.2518683e-11,3.7862549e-14
585.65000,1.2498041e-11,3.8030342e-14
585.66000,1.2485702e-11,3.8161309e-14
585.67000,1.2482575e-11,3.8219659e-14
585.68000,1.2483304e-11,3.8204066e-14
585.69000,1.2483060e-11,3.8107405e-14
585.70000,1.2481495e-11,3.7976675e-14
585.71000,1.2482297e-11,3.7849483e-14
585.72000,1.2487027e-11,3.7752783e-14
585.73000,1.2493504e-11,3.7681457e-14
585.74000,1.2500599e-11,3.7631260e-14
585.75000,1.2509080e-11,3.7601362e-14
585.76000,1.2520085e-11,3.7611544e-14
585.77000,1.2531298e-11,3.7646827e-14
585.78000,1.2539409e-11,3.7638370e-14
585.79000,1.2545038e-11,3.7524431e-14
585.80000,1.2550566e-11,3.7269318e-14
585.81000,1.2556126e-11,3.6946030e-14
585.82000,1.2557779e-11,3.6645682e-14
585.83000,1.2550738e-11,3.6443282e-14
585.84000,1.2539832e-11,3.6329112e-14
585.85000,1.2532679e-11,3.6295532e-14
585.86000,1.2533620e-11,3.6313781e-14
585.87000,1.2538816e-11,3.6374457e-14
585.88000,1.2542508e-11,3.6479870e-14
585.89000,1.2541887e-11,3.6581784e-14
585.90000,1.2539121e-11,3.6603222e-14
585.91000,1.2539419e-11,3.6535587e-14
585.92000,1.2545121e-11,3.6419826e-14
585.93000,1.2551840e-11,3.6328660e-14
585.94000,1.2555201e-11,3.6294769e-14
585.95000,1.2554962e-11,3.6308132e-14
585.96000,1.2554538e-11,3.6329949e-14
585.97000,1.2555511e-11,3.6289065e-14
585.98000,1.2556356e-11,3.6156759e-14
585.99000,1.2556367e-11,3.5947911e-14
586.00000,1.2558296e-11,3.5763772e-14
586.01000,1.2563533e-11,3.5658309e-14
586.02000,1.2570599e-11,3.5653817e-14
586.03000,1.2575907e-11,3.5685098e-14
586.04000,1.2578514e-11,3.5689317e-14
586.05000,1.2580491e-11,3.5654937e-14
586.06000,1.2580918e-11,3.5627939e-14
586.07000,1.2576889e-11,3.5653060e-14
586.08000,1.2565317e-11,3.5734214e-14
586.09000,1.2549722e-11,3.5803137e-14
586.10000,1.2536475e-11,3.5809397e-14
586.11000,1.2529485e-11,3.5735386e-14
586.12000,1.2525467e-11,3.5639824e-14
586.13000,1.2521245e-11,3.5555634e-14
586.14000,1.2514612e-11,3.5478172e-14
586.15000,1.2505640e-11,3.5398451e-14
586.16000,1.2495698e-11,3.5330854e-14
586.17000,1.2487831e-11,3.5284006e-14
586.18000,1.2484047e-11,3.5248571e-14
586.19000,1.2482638e-11,3.5213360e-14
586.20000,1.2483968e-11,3.5190527e-14
586.21000,1.2488991e-11,3.5183831e-14
586.22000,1.2498156e-11,3.5186661e-14
586.23000,1.2506506e-11,3.5192872e-14
586.24000,1.2510132e-11,3.5200838e-14
586.25000,1.2507734e-11,3.5189480e-14
586.26000,1.2504031e-11,3.5146136e-14
586.27000,1.2503016e-11,3.5076356e-14
586.28000,1.2506476e-11,3.5010242e-14
586.29000,1.2513174e-11,3.4959184e-14
586.30000,1.2521722e-11,3.4931576e-14
586.31000,1.2529541e-11,3.4919267e-14
586.32000,1.2534169e-11,3.4907302e-14
586.33000,1.2535147e-11,3.4886103e-14
586.34000,1.2531748e-11,3.4860869e-14
586.35000,1.2525495e-11,3.4838569e-14
586.36000,1.2516905e-11,3.4820046e-14
586.37000,1.2507972e-11,3.4808982e-14
586.38000,1.2500748e-11,3.4811031e-14
586.39000,1.2496444e-11,3.4837501e-14
586.40000,1.2493124e-11,3.4880999e-14
586.41000,1.2490382e-11,3.4929330e-14
586.42000,1.2491182e-11,3.4962753e-14
586.43000,1.2497171e-11,3.4970212e-14
586.44000,1.2507243e-11,3.4927522e-14
586.45000,1.2515814e-11,3.4836989e-14
586.46000,1.2518953e-11,3.4711416e-14
586.47000,1.2518446e-11,3.4592467e-14
586.48000,1.2516896e-11,3.4522271e-14
586.49000,1.2515903e-11,3.4500251e-14
586.50000,1.2514122e-11,3.4514414e-14
586.51000,1.2509071e-11,3.4527111e-14
586.52000,1.2501112e-11,3.4521539e-14
586.53000,1.2491969e-11,3.4497370e-14
586.54000,1.2483773e-11,3.4469470e-14
586.55000,1.2477192e-11,3.4447905e-14
586.56000,1.2473461e-11,3.4445442e-14
586.57000,1.2476981e-11,3.4479970e-14
586.58000,1.2486818e-11,3.4539884e-14
586.59000,1.2498437e-11,3.4604435e-14
586.60000,1.2503268e-11,3.4641995e-14
586.61000,1.2500477e-11,3.4649384e-14
586.62000,1.2492549e-11,3.4637901e-14
586.63000,1.2485301e-11,3.4636072e-14
586.64000,1.2481467e-11,3.4658318e-14
586.65000,1.2480273e-11,3.4677555e-14
586.66000,1.2479541e-11,3.4656832e-14
586.67000,1.2477221e-11,3.4565060e-14
586.68000,1.2472953e-11,3.4433816e-14
586.69000,1.2468692e-11,3.4294541e-14
586.70000,1.2468238e-11,3.4171291e-14
586.71000,1.2474405e-11,3.4080364e-14
586.72000,1.2483163e-11,3.4013409e-14
586.73000,1.2488955e-11,3.3953822e-14
586.74000,1.2486368e-11,3.3868364e-14
586.75000,1.2475681e-11,3.3751165e-14
586.76000,1.2457599e-11,3.3614428e-14
586.77000,1.2438827e-11,3.3489599e-14
586.78000,1.2426542e-11,3.3405374e-14
586.79000,1.2425044e-11,3.3372333e-14
586.80000,1.2432179e-11,3.3373676e-14
586.81000,1.2444674e-11,3.3378522e-14
586.82000,1.2455698e-11,3.3352843e-14
586.83000,1.2458392e-11,3.3288883e-14
586.84000,1.2450170e-11,3.3219791e-14
586.85000,1.2428646e-11,3.3192722e-14
586.86000,1.2403077e-11,3.3230171e-14
586.87000,1.2385563e-11,3.3365854e-14
586.88000,1.2388218e-11,3.3599130e-14
586.89000,1.2409746e-11,3.3893055e-14
586.90000,1.2445858e-11,3.4205718e-14
586.91000,1.2483053e-11,3.4479740e-14
586.92000,1.2512826e-11,3.4653893e-14
586.93000,1.2533660e-11,3.4714726e-14
586.94000,1.2542719e-11,3.4621888e-14
586.95000,1.2543074e-11,3.4428962e-14
586.96000,1.2535737e-11,3.4190091e-14
586.97000,1.2524025e-11,3.3992910e-14
586.98000,1.2510946e-11,3.3859356e-14
586.99000,1.2499689e-11,3.3800467e-14
587.00000,1.2491520e-11,3.3787056e-14
587.01000,1.2484500e-11,3.3804696e-14
587.02000,1.2474342e-11,3.3814053e-14
587.03000,1.2458938e-11,3.3778940e-14
587.04000,1.2441275e-11,3.3703837e-14
587.05000,1.2424494e-11,3.3598039e-14
587.06000,1.2412421e-11,3.3483908e-14
587.07000,1.2406257e-11,3.3381854e-14
587.08000,1.2407145e-11,3.3316154e-14
587.09000,1.2410659e-11,3.3284671e-14
587.10000,1.2413854e-11,3.3285066e-14
587.11000,1.2416020e-11,3.3294544e-14
587.12000,1.2418265e-11,3.3298377e-14
587.13000,1.2420590e-11,3.3296337e-14
587.14000,1.2421472e-11,3.3297913e-14
587.15000,1.2419281e-11,3.3304256e-14
587.16000,1.2414765e-11,3.3310431e-14
587.17000,1.2407071e-11,3.3315131e-14
587.18000,1.2395775e-11,3.3314918e-14
587.19000,1.2380997e-11,3.3299118e-14
587.20000,1.2369485e-11,3.3272355e-14
587.21000,1.2367223e-11,3.3255139e-14
587.22000,1.2377767e-11,3.3266228e-14
587.23000,1.2392413e-11,3.3294777e-14
587.24000,1.2402344e-11,3.3325808e-14
587.25000,1.2405168e-11,3.3351238e-14
587.26000,1.2400370e-11,3.3379075e-14
587.27000,1.2390983e-11,3.3419611e-14
587.28000,1.2377793e-11,3.3470006e-14
587.29000,1.2363096e-11,3.3503021e-14
587.30000,1.2347989e-11,3.3504417e-14
587.31000,1.2332808e-11,3.3467780e-14
587.32000,1.2320010e-11,3.3417091e-14
587.33000,1.2316140e-11,3.3370573e-14
587.34000,1.2322641e-11,3.3335279e-14
587.35000,1.2337888e-11,3.3313539e-14
587.36000,1.2355000e-11,3.3303411e-14
587.37000,1.2370184e-11,3.3308863e-14
587.38000,1.2380507e-11,3.3328411e-14
587.39000,1.2385860e-11,3.3356547e-14
587.40000,1.2386907e-11,3.3392114e-14
587.41000,1.2387534e-11,3.3428288e-14
587.42000,1.2389350e-11,3.3453015e-14
587.43000,1.2391053e-11,3.3457259e-14
587.44000,1.2390060e-11,3.3434444e-14
587.45000,1.2385810e-11,3.3396376e-14
587.46000,1.2378223e-11,3.3355205e-14
587.47000,1.2368271e-11,3.3329992e-14
587.48000,1.2356628e-11,3.3328054e-14
587.49000,1.2342056e-11,3.3357953e-14
587.50000,1.2322819e-11,3.3401656e-14
587.51000,1.2289446e-11,3.3429090e-14
587.52000,1.2228273e-11,3.3402491e-14
587.53000,1.2107106e-11,3.3267258e-14
587.54000,1.1913552e-11,3.3010142e-14
587.55000,1.1616749e-11,3.2579017e-14
587.56000,1.1217876e-11,3.1965124e-14
587.57000,1.0779103e-11,3.1269064e-14
587.58000,1.0403926e-11,3.0667048e-14
587.59000,1.0170279e-11,3.0303723e-14
587.60000,1.0159567e-11,3.0322980e-14
587.61000,1.0341035e-11,3.0667739e-14
587.62000,1.0632944e-11,3.1191027e-14
587.63000,1.0984000e-11,3.1792732e-14
587.64000,1.1334912e-11,3.2370754e-14
587.65000,1.1650932e-11,3.2872121e-14
587.66000,1.1917288e-11,3.3295882e-14
587.67000,1.2104100e-11,3.3617508e-14
587.68000,1.2230278e-11,3.3857130e-14
587.69000,1.2300827e-11,3.3991632e-14
587.70000,1.2339408e-11,3.4034790e-14
587.71000,1.2362626e-11,3.4033305e-14
587.72000,1.2375465e-11,3.4033305e-14
587.73000,1.2382457e-11,3.4061580e-14
587.74000,1.2384573e-11,3.4118936e-14
587.75000,1.2386339e-11,3.4196853e-14
587.76000,1.2393235e-11,3.4303018e-14
587.77000,1.2405081e-11,3.4420988e-14
587.78000,1.2418345e-11,3.4522442e-14
587.79000,1.2427250e-11,3.4586780e-14
587.80000,1.2431097e-11,3.4626760e-14
587.81000,1.2430674e-11,3.4658091e-14
587.82000,1.2428621e-11,3.4692508e-14
587.83000,1.2425049e-11,3.4730387e-14
587.84000,1.2420157e-11,3.4764087e-14
587.85000,1.2413814e-11,3.4772598e-14
587.86000,1.2406133e-11,3.4753890e-14
587.87000,1.2396691e-11,3.4714475e-14
587.88000,1.2387967e-11,3.4669627e-14
587.89000,1.2383547e-11,3.4625676e-14
587.90000,1.2387925e-11,3.4581503e-14
587.91000,1.2398866e-11,3.4527773e-14
587.92000,1.2410914e-11,3.4457449e-14
587.93000,1.2417399e-11,3.4377280e-14
587.94000,1.2413254e-11,3.4286500e-14
587.95000,1.2403642e-11,3.4194564e-14
587.96000,1.2394196e-11,3.4124961e-14
587.97000,1.2389332e-11,3.4075825e-14
587.98000,1.2388570e-11,3.4014916e-14
587.99000,1.2391652e-11,3.3944722e-14
588.00000,1.2397022e-11,3.3934970e-14
588.01000,1.2403014e-11,3.4050033e-14
588.02000,1.2407137e-11,3.4209347e-14
588.03000,1.2408172e-11,3.4289111e-14
588.04000,1.2408827e-11,3.4291670e-14
588.05000,1.2410807e-11,3.4342263e-14
588.06000,1.2411714e-11,3.4555490e-14
588.07000,1.2407333e-11,3.4897372e-14
588.08000,1.2398427e-11,3.5187287e-14
588.09000,1.2387172e-11,3.5283290e-14
588.10000,1.2375971e-11,3.5202198e-14
588.11000,1.2365005e-11,3.5086585e-14
588.12000,1.2355808e-11,3.5049692e-14
588.13000,1.2350760e-11,3.5103889e-14
588.14000,1.2352959e-11,3.5223827e-14
588.15000,1.2359731e-11,3.5326194e-14
588.16000,1.2366670e-11,3.5318205e-14
588.17000,1.2370173e-11,3.5183460e-14
588.18000,1.2367690e-11,3.4917679e-14
588.19000,1.2358011e-11,3.4588035e-14
588.20000,1.2342742e-11,3.4266919e-14
588.21000,1.2325540e-11,3.4022410e-14
588.22000,1.2314500e-11,3.3870734e-14
588.23000,1.2319028e-11,3.3835245e-14
588.24000,1.2336386e-11,3.3873410e-14
588.25000,1.2359340e-11,3.3949509e-14
588.26000,1.2378867e-11,3.4021612e-14
588.27000,1.2390731e-11,3.4075193e-14
588.28000,1.2395125e-11,3.4125826e-14
588.29000,1.2394556e-11,3.4203204e-14
588.30000,1.2389963e-11,3.4354497e-14
588.31000,1.2384393e-11,3.4579458e-14
588.32000,1.2380888e-11,3.4863155e-14
588.33000,1.2381814e-11,3.5120369e-14
588.34000,1.2387910e-11,3.5218791e-14
588.35000,1.2394046e-11,3.5137084e-14
588.36000,1.2395556e-11,3.4899272e-14
588.37000,1.2393738e-11,3.4653024e-14
588.38000,1.2392388e-11,3.4490076e-14
588.39000,1.2392792e-11,3.4477437e-14
588.40000,1.2393693e-11,3.4577599e-14
588.41000,1.2394405e-11,3.4739551e-14
588.42000,1.2394931e-11,3.4864143e-14
588.43000,1.2395664e-11,3.4882583e-14
588.44000,1.2397161e-11,3.4854876e-14
588.45000,1.2399495e-11,3.4875427e-14
588.46000,1.2400694e-11,3.4985257e-14
588.47000,1.2398999e-11,3.5114850e-14
588.48000,1.2391562e-11,3.5173089e-14
588.49000,1.2377017e-11,3.5159378e-14
588.50000,1.2350733e-11,3.5139041e-14
588.51000,1.2314512e-11,3.5151507e-14
588.52000,1.2276358e-11,3.5190492e-14
588.53000,1.2252453e-11,3.5251473e-14
588.54000,1.2262851e-11,3.5377213e-14
588.55000,1.2302540e-11,3.5543460e-14
588.56000,1.2351667e-11,3.5667862e-14
588.57000,1.2388553e-11,3.5728085e-14
588.58000,1.2406344e-11,3.5755339e-14
588.59000,1.2413017e-11,3.5787799e-14
588.60000,1.2416696e-11,3.5825803e-14
588.61000,1.2421196e-11,3.5880253e-14
588.62000,1.2427910e-11,3.5952718e-14
588.63000,1.2434295e-11,3.6026615e-14
588.64000,1.2435927e-11,3.6086210e-14
588.65000,1.2432279e-11,3.6149466e-14
588.66000,1.2429643e-11,3.6243497e-14
588.67000,1.2432755e-11,3.6367903e-14
588.68000,1.2437996e-11,3.6467894e-14
588.69000,1.2439235e-11,3.6529975e-14
588.70000,1.2433930e-11,3.6590444e-14
588.71000,1.2427014e-11,3.6686893e-14
588.72000,1.2421330e-11,3.6801263e-14
588.73000,1.2416010e-11,3.6882667e-14
588.74000,1.2411230e-11,3.6896262e-14
588.75000,1.2408168e-11,3.6867807e-14
588.76000,1.2407205e-11,3.6816898e-14
588.77000,1.2405962e-11,3.6767265e-14
588.78000,1.2402479e-11,3.6728636e-14
588.79000,1.2395216e-11,3.6713234e-14
588.80000,1.2386628e-11,3.6726213e-14
588.81000,1.2382299e-11,3.6778566e-14
588.82000,1.2384848e-11,3.6859532e-14
588.83000,1.2393126e-11,3.6957243e-14
588.84000,1.2399834e-11,3.7051594e-14
588.85000,1.2398018e-11,3.7125342e-14
588.86000,1.2384180e-11,3.7165504e-14
588.87000,1.2350535e-11,3.7165626e-14
588.88000,1.2299374e-11,3.7160487e-14
588.89000,1.2232285e-11,3.7191276e-14
588.90000,1.2162176e-11,3.7274018e-14
588.91000,1.2098651e-11,3.7376465e-14
588.92000,1.2043407e-11,3.7449566e-14
588.93000,1.1987961e-11,3.7471122e-14
588.94000,1.1928299e-11,3.7447183e-14
588.95000,1.1866328e-11,3.7408362e-14
588.96000,1.1790475e-11,3.7328922e-14
588.97000,1.1684917e-11,3.7171161e-14
588.98000,1.1535364e-11,3.6901313e-14
588.99000,1.1385591e-11,3.6618444e-14
589.00000,1.1294866e-11,3.6450157e-14
589.01000,1.1329175e-11,3.6527948e-14
589.02000,1.1468391e-11,3.6804498e-14
589.03000,1.1684914e-11,3.7211773e-14
589.04000,1.1926834e-11,3.7652807e-14
589.05000,1.2146884e-11,3.8055350e-14
589.06000,1.2315887e-11,3.8382214e-14
589.07000,1.2412676e-11,3.8606935e-14
589.08000,1.2460186e-11,3.8773122e-14
589.09000,1.2471751e-11,3.8919017e-14
589.10000,1.2471802e-11,3.9063916e-14
589.11000,1.2469405e-11,3.9167167e-14
589.12000,1.2465320e-11,3.9161071e-14
589.13000,1.2453869e-11,3.9059820e-14
589.14000,1.2428574e-11,3.8944719e-14
589.15000,1.2395773e-11,3.8948305e-14
589.16000,1.2365380e-11,3.9203892e-14
589.17000,1.2344001e-11,3.9675558e-14
589.18000,1.2334603e-11,4.0289886e-14
589.19000,1.2329126e-11,4.0844060e-14
589.20000,1.2320037e-11,4.1137574e-14
589.21000,1.2305419e-11,4.1132476e-14
589.22000,1.2290938e-11,4.0842069e-14
589.23000,1.2283836e-11,4.0401540e-14
589.24000,1.2289439e-11,3.9782303e-14
589.25000,1.2305487e-11,3.8858214e-14
589.26000,1.2324708e-11,3.7648052e-14
589.27000,1.2339846e-11,3.6321959e-14
589.28000,1.2348587e-11,3.5213566e-14
589.29000,1.2353596e-11,3.4574743e-14
589.30000,1.2359678e-11,3.4261137e-14
589.31000,1.2364961e-11,3.4124060e-14
589.32000,1.2365014e-11,3.3978498e-14
589.33000,1.2358082e-11,3.3785865e-14
589.34000,1.2350822e-11,3.3602912e-14
589.35000,1.2348021e-11,3.3473606e-14
589.36000,1.2350821e-11,3.3425331e-14
589.37000,1.2355144e-11,3.3429615e-14
589.38000,1.2358828e-11,3.3461742e-14
589.39000,1.2361724e-11,3.3495386e-14
589.40000,1.2362171e-11,3.3517300e-14
589.41000,1.2359151e-11,3.3537562e-14
589.42000,1.2352953e-11,3.3587661e-14
589.43000,1.2347751e-11,3.3686923e-14
589.44000,1.2347002e-11,3.3840864e-14
589.45000,1.2347159e-11,3.3999182e-14
589.46000,1.2337906e-11,3.4094063e-14
589.47000,1.2308033e-11,3.4077294e-14
589.48000,1.2259299e-11,3.3973726e-14
589.49000,1.2196610e-11,3.3820941e-14
589.50000,1.2133431e-11,3.3681133e-14
589.51000,1.2076703e-11,3.3582400e-14
589.52000,1.2025043e-11,3.3512712e-14
589.53000,1.1977872e-11,3.3469987e-14
589.54000,1.1934244e-11,3.3450119e-14
589.55000,1.1893556e-11,3.3451030e-14
589.56000,1.1848771e-11,3.3426817e-14
589.57000,1.1789617e-11,3.3304984e-14
589.58000,1.1722009e-11,3.3106978e-14
589.59000,1.1668702e-11,3.2910399e-14
589.60000,1.1662842e-11,3.2821923e-14
589.61000,1.1708477e-11,3.2851397e-14
589.62000,1.1811976e-11,3.3007067e-14
589.63000,1.1950080e-11,3.3229668e-14
589.64000,1.2099171e-11,3.3460854e-14
589.65000,1.2227836e-11,3.3649035e-14
589.66000,1.2304244e-11,3.3761761e-14
589.67000,1.2339306e-11,3.3830592e-14
589.68000,1.2343270e-11,3.3877099e-14
589.69000,1.2337851e-11,3.3920521e-14
589.70000,1.2332678e-11,3.3960336e-14
589.71000,1.2330651e-11,3.3992796e-14
589.72000,1.2329757e-11,3.4018098e-14
589.73000,1.2325884e-11,3.4050232e-14
589.74000,1.2318786e-11,3.4103871e-14
589.75000,1.2312271e-11,3.4197415e-14
589.76000,1.2312149e-11,3.4311361e-14
589.77000,1.2319967e-11,3.4394149e-14
589.78000,1.2328565e-11,3.4415499e-14
589.79000,1.2329887e-11,3.4373030e-14
589.80000,1.2323604e-11,3.4321163e-14
589.81000,1.2312416e-11,3.4294966e-14
589.82000,1.2302749e-11,3.4294607e-14
589.83000,1.2300209e-11,3.4312494e-14
589.84000,1.2304044e-11,3.4328832e-14
589.85000,1.2312125e-11,3.4321387e-14
589.86000,1.2319747e-11,3.4277538e-14
589.87000,1.2325720e-11,3.4212972e-14
589.88000,1.2330759e-11,3.4151859e-14
589.89000,1.2334759e-11,3.4111143e-14
589.90000,1.2333620e-11,3.4095790e-14
589.91000,1.2326146e-11,3.4107026e-14
589.92000,1.2314212e-11,3.4178955e-14
589.93000,1.2304841e-11,3.4322423e-14
589.94000,1.2305690e-11,3.4531663e-14
589.95000,1.2315132e-11,3.4717764e-14
589.96000,1.2324453e-11,3.4765619e-14
589.97000,1.2324435e-11,3.4690930e-14
589.98000,1.2313432e-11,3.4560584e-14
589.99000,1.2300430e-11,3.4470819e-14
590.00000,1.2291288e-11,3.4454516e-14
590.01000,1.2286661e-11,3.4479419e-14
590.02000,1.2288126e-11,3.4529662e-14
590.03000,1.2295963e-11,3.4589523e-14
590.04000,1.2306426e-11,3.4642383e-14
590.05000,1.2312980e-11,3.4665426e-14
590.06000,1.2311310e-11,3.4665738e-14
590.07000,1.2301273e-11,3.4680615e-14
590.08000,1.2291609e-11,3.4738004e-14
590.09000,1.2293277e-11,3.4817374e-14
590.10000,1.2304510e-11,3.4842673e-14
590.11000,1.2314250e-11,3.4741923e-14
590.12000,1.2312011e-11,3.4566067e-14
590.13000,1.2298438e-11,3.4406829e-14
590.14000,1.2284660e-11,3.4319686e-14
590.15000,1.2277416e-11,3.4315217e-14
590.16000,1.2276554e-11,3.4338727e-14
590.17000,1.2277507e-11,3.4343628e-14
590.18000,1.2276345e-11,3.4312846e-14
590.19000,1.2272809e-11,3.4276892e-14
590.20000,1.2269371e-11,3.4262742e-14
590.21000,1.2267880e-11,3.4260949e-14
590.22000,1.2269756e-11,3.4250236e-14
590.23000,1.2273992e-11,3.4220137e-14
590.24000,1.2278468e-11,3.4161911e-14
590.25000,1.2279394e-11,3.4078795e-14
590.26000,1.2270380e-11,3.3970362e-14
590.27000,1.2249523e-11,3.3854483e-14
590.28000,1.2211608e-11,3.3747327e-14
590.29000,1.2161742e-11,3.3659879e-14
590.30000,1.2114317e-11,3.3605447e-14
590.31000,1.2087398e-11,3.3588792e-14
590.32000,1.2100053e-11,3.3636422e-14
590.33000,1.2148898e-11,3.3764132e-14
590.34000,1.2209672e-11,3.3948596e-14
590.35000,1.2259356e-11,3.4163237e-14
590.36000,1.2289799e-11,3.4364634e-14
590.37000,1.2304061e-11,3.4519453e-14
590.38000,1.2313098e-11,3.4622380e-14
590.39000,1.2319483e-11,3.4652618e-14
590.40000,1.2322985e-11,3.4629744e-14
590.41000,1.2321817e-11,3.4559640e-14
590.42000,1.2317973e-11,3.4474620e-14
590.43000,1.2312978e-11,3.4401204e-14
590.44000,1.2307706e-11,3.4350074e-14
590.45000,1.2302106e-11,3.4325531e-14
590.46000,1.2296981e-11,3.4316763e-14
590.47000,1.2294003e-11,3.4306567e-14
590.48000,1.2293195e-11,3.4273959e-14
590.49000,1.2293333e-11,3.4196165e-14
590.50000,1.2291440e-11,3.4078659e-14
590.51000,1.2286892e-11,3.3954926e-14
590.52000,1.2280606e-11,3.3858264e-14
590.53000,1.2275434e-11,3.3795229e-14
590.54000,1.2273468e-11,3.3763475e-14
590.55000,1.2273066e-11,3.3745371e-14
590.56000,1.2271484e-11,3.3729878e-14
590.57000,1.2268070e-11,3.3707691e-14
590.58000,1.2264117e-11,3.3673532e-14
590.59000,1.2261479e-11,3.3632773e-14
590.60000,1.2262057e-11,3.3596074e-14
590.61000,1.2265902e-11,3.3571210e-14
590.62000,1.2272592e-11,3.3561933e-14
590.63000,1.2278685e-11,3.3562481e-14
590.64000,1.2280297e-11,3.3571389e-14
590.65000,1.2277282e-11,3.3589327e-14
590.66000,1.2271092e-11,3.3624875e-14
590.67000,1.2266687e-11,3.3680526e-14
590.68000,1.2266032e-11,3.3739951e-14
590.69000,1.2268130e-11,3.3776382e-14
590.70000,1.2269328e-11,3.3783659e-14
590.71000,1.2268580e-11,3.3775734e-14
590.72000,1.2267789e-11,3.3778021e-14
590.73000,1.2267541e-11,3.3803039e-14
590.74000,1.2266021e-11,3.3839282e-14
590.75000,1.2262049e-11,3.3893192e-14
590.76000,1.2259484e-11,3.4000528e-14
590.77000,1.2263440e-11,3.4287738e-14
590.78000,1.2271286e-11,3.4844686e-14
590.79000,1.2276336e-11,3.5859806e-14
590.80000,1.2273422e-11,3.7242626e-14
590.81000,1.2262364e-11,3.8685658e-14
590.82000,1.2249794e-11,3.9833933e-14
590.83000,1.2243113e-11,4.0470284e-14
590.84000,1.2248319e-11,4.0702382e-14
590.85000,1.2261193e-11,4.0729927e-14
590.86000,1.2271594e-11,4.0600246e-14
590.87000,1.2270779e-11,4.0397348e-14
590.88000,1.2258662e-11,4.0183515e-14
590.89000,1.2244508e-11,4.0006802e-14
590.90000,1.2234306e-11,3.9887259e-14
590.91000,1.2227980e-11,3.9794665e-14
590.92000,1.2223390e-11,3.9723157e-14
590.93000,1.2217460e-11,3.9684678e-14
590.94000,1.2209835e-11,3.9702209e-14
590.95000,1.2204328e-11,3.9745610e-14
590.96000,1.2206867e-11,3.9771130e-14
590.97000,1.2217237e-11,3.9743073e-14
590.98000,1.2230871e-11,3.9645873e-14
590.99000,1.2241471e-11,3.9525109e-14
591.00000,1.2246434e-11,3.9435717e-14
591.01000,1.2248328e-11,3.9403077e-14
591.02000,1.2248870e-11,3.9388771e-14
591.03000,1.2245582e-11,3.9347293e-14
591.04000,1.2236886e-11,3.9266752e-14
591.05000,1.2224483e-11,3.9152807e-14
591.06000,1.2213148e-11,3.9021543e-14
591.07000,1.2206042e-11,3.8900726e-14
591.08000,1.2201603e-11,3.8823873e-14
591.09000,1.2197311e-11,3.8799185e-14
591.10000,1.2191375e-11,3.8774819e-14
591.11000,1.2183765e-11,3.8711725e-14
591.12000,1.2177177e-11,3.8636270e-14
591.13000,1.2175343e-11,3.8594852e-14
591.14000,1.2178455e-11,3.8584710e-14
591.15000,1.2185182e-11,3.8569741e-14
591.16000,1.2191289e-11,3.8529531e-14
591.17000,1.2192319e-11,3.8475728e-14
591.18000,1.2185502e-11,3.8432247e-14
591.19000,1.2167801e-11,3.8397345e-14
591.20000,1.2143240e-11,3.8350813e-14
591.21000,1.2116720e-11,3.8278792e-14
591.22000,1.2096407e-11,3.8206128e-14
591.23000,1.2085296e-11,3.8168942e-14
591.24000,1.2085962e-11,3.8196961e-14
591.25000,1.2092626e-11,3.8244856e-14
591.26000,1.2098100e-11,3.8217377e-14
591.27000,1.2099274e-11,3.8081829e-14
591.28000,1.2097945e-11,3.7861962e-14
591.29000,1.2097544e-11,3.7655327e-14
591.30000,1.2096860e-11,3.7524003e-14
591.31000,1.2094440e-11,3.7466018e-14
591.32000,1.2092321e-11,3.7485220e-14
591.33000,1.2093140e-11,3.7519626e-14
591.34000,1.2097231e-11,3.7485364e-14
591.35000,1.2102480e-11,3.7358678e-14
591.36000,1.2109777e-11,3.7173847e-14
591.37000,1.2119530e-11,3.7013609e-14
591.38000,1.2129917e-11,3.6915805e-14
591.39000,1.2136768e-11,3.6844191e-14
591.40000,1.2137907e-11,3.6757000e-14
591.41000,1.2137075e-11,3.6656453e-14
591.42000,1.2138453e-11,3.6598309e-14
591.43000,1.2143529e-11,3.6647302e-14
591.44000,1.2149937e-11,3.6775450e-14
591.45000,1.2155759e-11,3.6902596e-14
591.46000,1.2161186e-11,3.6932661e-14
591.47000,1.2168060e-11,3.6826515e-14
591.48000,1.2177147e-11,3.6642890e-14
591.49000,1.2188646e-11,3.6430352e-14
591.50000,1.2200058e-11,3.6228083e-14
591.51000,1.2205717e-11,3.6030739e-14
591.52000,1.2201243e-11,3.5817223e-14
591.53000,1.2181792e-11,3.5576182e-14
591.54000,1.2155538e-11,3.5335038e-14
591.55000,1.2134485e-11,3.5140112e-14
591.56000,1.2126133e-11,3.5002071e-14
591.57000,1.2133006e-11,3.4921575e-14
591.58000,1.2144447e-11,3.4865654e-14
591.59000,1.2153078e-11,3.4834255e-14
591.60000,1.2157602e-11,3.4831477e-14
591.61000,1.2159008e-11,3.4863897e-14
591.62000,1.2158328e-11,3.4912693e-14
591.63000,1.2153282e-11,3.4980345e-14
591.64000,1.2143063e-11,3.5100396e-14
591.65000,1.2127381e-11,3.5342993e-14
591.66000,1.2109884e-11,3.5693459e-14
591.67000,1.2095811e-11,3.6101338e-14
591.68000,1.2091027e-11,3.6426547e-14
591.69000,1.2094678e-11,3.6589289e-14
591.70000,1.2104507e-11,3.6510702e-14
591.71000,1.2115699e-11,3.6267892e-14
591.72000,1.2126876e-11,3.5963189e-14
591.73000,1.2137102e-11,3.5690850e-14
591.74000,1.2143596e-11,3.5500981e-14
591.75000,1.2145294e-11,3.5363210e-14
591.76000,1.2141262e-11,3.5240757e-14
591.77000,1.2133912e-11,3.5119531e-14
591.78000,1.2128441e-11,3.5026455e-14
591.79000,1.2129661e-11,3.4970253e-14
591.80000,1.2135555e-11,3.4910885e-14
591.81000,1.2136311e-11,3.4790478e-14
591.82000,1.2125880e-11,3.4592167e-14
591.83000,1.2112827e-11,3.4401492e-14
591.84000,1.2110260e-11,3.4313514e-14
591.85000,1.2122298e-11,3.4314612e-14
591.86000,1.2143474e-11,3.4344072e-14
591.87000,1.2157091e-11,3.4340461e-14
591.88000,1.2150924e-11,3.4304747e-14
591.89000,1.2134772e-11,3.4286558e-14
591.90000,1.2127010e-11,3.4323410e-14
591.91000,1.2135605e-11,3.4384827e-14
591.92000,1.2155132e-11,3.4404493e-14
591.93000,1.2165657e-11,3.4344852e-14
591.94000,1.2156408e-11,3.4220392e-14
591.95000,1.2138446e-11,3.4080729e-14
591.96000,1.2122956e-11,3.3947634e-14
591.97000,1.2113092e-11,3.3850209e-14
591.98000,1.2104262e-11,3.3805836e-14
591.99000,1.2094927e-11,3.3819980e-14
592.00000,1.2087988e-11,3.3844036e-14
592.01000,1.2086320e-11,3.3840953e-14
592.02000,1.2086894e-11,3.3824131e-14
592.03000,1.2085615e-11,3.3826640e-14
592.04000,1.2081939e-11,3.3857793e-14
592.05000,1.2079426e-11,3.3905677e-14
592.06000,1.2081152e-11,3.3955190e-14
592.07000,1.2088751e-11,3.3985676e-14
592.08000,1.2098319e-11,3.3966698e-14
592.09000,1.2105281e-11,3.3857764e-14
592.10000,1.2108077e-11,3.3697840e-14
592.11000,1.2106400e-11,3.3540016e-14
592.12000,1.2102442e-11,3.3407251e-14
592.13000,1.2095944e-11,3.3285654e-14
592.14000,1.2087650e-11,3.3176680e-14
592.15000,1.2079092e-11,3.3126595e-14
592.16000,1.2072079e-11,3.3141271e-14
592.17000,1.2067948e-11,3.3216722e-14
592.18000,1.2067678e-11,3.3311016e-14
592.19000,1.2075728e-11,3.3377787e-14
592.20000,1.2090554e-11,3.3386937e-14
592.21000,1.2105609e-11,3.3317388e-14
592.22000,1.2111382e-11,3.3203118e-14
592.23000,1.2103684e-11,3.3082192e-14
592.24000,1.2090479e-11,3.2995864e-14
592.25000,1.2079175e-11,3.2982035e-14
592.26000,1.2074371e-11,3.3025218e-14
592.27000,1.2076903e-11,3.3097150e-14
592.28000,1.2082167e-11,3.3173527e-14
592.29000,1.2086677e-11,3.3258187e-14
592.30000,1.2090706e-11,3.3357788e-14
592.31000,1.2098511e-11,3.3463942e-14
592.32000,1.2115202e-11,3.3559533e-14
592.33000,1.2136905e-11,3.3630359e-14
592.34000,1.2153471e-11,3.3671232e-14
592.35000,1.2160361e-11,3.3701400e-14
592.36000,1.2160701e-11,3.3745538e-14
592.37000,1.2165027e-11,3.3802027e-14
592.38000,1.2175093e-11,3.3827923e-14
592.39000,1.2181344e-11,3.3797290e-14
592.40000,1.2172632e-11,3.3707605e-14
592.41000,1.2151959e-11,3.3606878e-14
592.42000,1.2128925e-11,3.3532043e-14
592.43000,1.2114066e-11,3.3491150e-14
592.44000,1.2116251e-11,3.3485659e-14
592.45000,1.2129686e-11,3.3485233e-14
592.46000,1.2143103e-11,3.3452417e-14
592.47000,1.2146647e-11,3.3379657e-14
592.48000,1.2137928e-11,3.3278549e-14
592.49000,1.2127123e-11,3.3186102e-14
592.50000,1.2122718e-11,3.3134239e-14
592.51000,1.2125808e-11,3.3127030e-14
592.52000,1.2135459e-11,3.3174705e-14
592.53000,1.2145607e-11,3.3249613e-14
592.54000,1.2151540e-11,3.3329233e-14
592.55000,1.2153633e-11,3.3398951e-14
592.56000,1.2154201e-11,3.3458582e-14
592.57000,1.2155133e-11,3.3513263e-14
592.58000,1.2155047e-11,3.3559125e-14
592.59000,1.2152811e-11,3.3592172e-14
592.60000,1.2148592e-11,3.3596280e-14
592.61000,1.2143098e-11,3.3566200e-14
592.62000,1.2134082e-11,3.3494750e-14
592.63000,1.2120734e-11,3.3408116e-14
592.64000,1.2105497e-11,3.3342891e-14
592.65000,1.2093186e-11,3.3316768e-14
592.66000,1.2086736e-11,3.3330961e-14
592.67000,1.2083051e-11,3.3349322e-14
592.68000,1.2078103e-11,3.3347832e-14
592.69000,1.2070846e-11,3.3343138e-14
592.70000,1.2062371e-11,3.3370438e-14
592.71000,1.2053620e-11,3.3421594e-14
592.72000,1.2041994e-11,3.3432491e-14
592.73000,1.2025495e-11,3.3372564e-14
592.74000,1.2003209e-11,3.3258823e-14
592.75000,1.1980015e-11,3.3167490e-14
592.76000,1.1961821e-11,3.3118951e-14
592.77000,1.1956216e-11,3.3089841e-14
592.78000,1.1962676e-11,3.3026654e-14
592.79000,1.1975204e-11,3.2905766e-14
592.80000,1.1985779e-11,3.2762955e-14
592.81000,1.1989881e-11,3.2646568e-14
592.82000,1.1989597e-11,3.2579163e-14
592.83000,1.1988412e-11,3.2559215e-14
592.84000,1.1988717e-11,3.2575301e-14
592.85000,1.1990973e-11,3.2669153e-14
592.86000,1.1992868e-11,3.2881169e-14
592.87000,1.1990948e-11,3.3274453e-14
592.88000,1.1983929e-11,3.3813530e-14
592.89000,1.1970346e-11,3.4458419e-14
592.90000,1.1953319e-11,3.5089574e-14
592.91000,1.1937363e-11,3.5587417e-14
592.92000,1.1926649e-11,3.5914129e-14
592.93000,1.1925094e-11,3.6009123e-14
592.94000,1.1930173e-11,3.5948579e-14
592.95000,1.1940609e-11,3.5780149e-14
592.96000,1.1953857e-11,3.5566468e-14
592.97000,1.1966897e-11,3.5303517e-14
592.98000,1.1975338e-11,3.4989063e-14
592.99000,1.1975911e-11,3.4603042e-14
593.00000,1.1972826e-11,3.4166912e-14
593.01000,1.1970518e-11,3.3704492e-14
593.02000,1.1970134e-11,3.3261708e-14
593.03000,1.1969652e-11,3.2891115e-14
593.04000,1.1968002e-11,3.2608663e-14
593.05000,1.1966272e-11,3.2447866e-14
593.06000,1.1966102e-11,3.2362543e-14
593.07000,1.1969045e-11,3.2323753e-14
593.08000,1.1974544e-11,3.2294254e-14
593.09000,1.1981918e-11,3.2264356e-14
593.10000,1.1989257e-11,3.2232640e-14
593.11000,1.1995352e-11,3.2205556e-14
593.12000,1.1999745e-11,3.2197599e-14
593.13000,1.2001425e-11,3.2238992e-14
593.14000,1.2002375e-11,3.2327188e-14
593.15000,1.2007573e-11,3.2448856e-14
593.16000,1.2018413e-11,3.2555233e-14
593.17000,1.2029826e-11,3.2604099e-14
593.18000,1.2035088e-11,3.2617227e-14
593.19000,1.2032460e-11,3.2639472e-14
593.20000,1.2027791e-11,3.2704714e-14
593.21000,1.2025661e-11,3.2827935e-14
593.22000,1.2028063e-11,3.2978357e-14
593.23000,1.2035710e-11,3.3114382e-14
593.24000,1.2043029e-11,3.3190185e-14
593.25000,1.2043607e-11,3.3170961e-14
593.26000,1.2038576e-11,3.3100202e-14
593.27000,1.2031029e-11,3.3016355e-14
593.28000,1.2023531e-11,3.2950223e-14
593.29000,1.2015733e-11,3.2917108e-14
593.30000,1.2007920e-11,3.2908060e-14
593.31000,1.2002465e-11,3.2913889e-14
593.32000,1.2000989e-11,3.2919451e-14
593.33000,1.2003379e-11,3.2918554e-14
593.34000,1.2006276e-11,3.2909654e-14
593.35000,1.2007121e-11,3.2884632e-14
593.36000,1.2005473e-11,3.2842991e-14
593.37000,1.2001230e-11,3.2788536e-14
593.38000,1.1995680e-11,3.2732444e-14
593.39000,1.1990743e-11,3.2683205e-14
593.40000,1.1989190e-11,3.2645554e-14
593.41000,1.1993141e-11,3.2620682e-14
593.42000,1.1999759e-11,3.2602136e-14
593.43000,1.2004508e-11,3.2593220e-14
593.44000,1.2003551e-11,3.2602377e-14
593.45000,1.1996605e-11,3.2648000e-14
593.46000,1.1989241e-11,3.2731771e-14
593.47000,1.1986837e-11,3.2856559e-14
593.48000,1.1989448e-11,3.2991495e-14
593.49000,1.1993214e-11,3.3106039e-14
593.50000,1.1994398e-11,3.3202131e-14
593.51000,1.1992723e-11,3.3301180e-14
593.52000,1.1991543e-11,3.3414400e-14
593.53000,1.1992563e-11,3.3521471e-14
593.54000,1.1994051e-11,3.3604127e-14
593.55000,1.1994093e-11,3.3659248e-14
593.56000,1.1993236e-11,3.3702206e-14
593.57000,1.1993666e-11,3.3733024e-14
593.58000,1.1996437e-11,3.3748830e-14
593.59000,1.2001766e-11,3.3736129e-14
593.60000,1.2007330e-11,3.3681158e-14
593.61000,1.2009979e-11,3.3565852e-14
593.62000,1.2008929e-11,3.3417040e-14
593.63000,1.2003858e-11,3.3271746e-14
593.64000,1.1996456e-11,3.3164246e-14
593.65000,1.1988592e-11,3.3103355e-14
593.66000,1.1982503e-11,3.3064569e-14
593.67000,1.1980068e-11,3.3039042e-14
593.68000,1.1979946e-11,3.3029302e-14
593.69000,1.1979514e-11,3.3047722e-14
593.70000,1.1977402e-11,3.3089028e-14
593.71000,1.1974105e-11,3.3150812e-14
593.72000,1.1971528e-11,3.3229914e-14
593.73000,1.1971456e-11,3.3341941e-14
593.74000,1.1974774e-11,3.3488358e-14
593.75000,1.1983427e-11,3.3653823e-14
593.76000,1.1995048e-11,3.3778018e-14
593.77000,1.2004248e-11,3.3807986e-14
593.78000,1.2008079e-11,3.3779267e-14
593.79000,1.2005961e-11,3.3733118e-14
593.80000,1.2001465e-11,3.3698125e-14
593.81000,1.1997420e-11,3.3681761e-14
593.82000,1.1995275e-11,3.3678254e-14
593.83000,1.1996044e-11,3.3680428e-14
593.84000,1.1999367e-11,3.3695064e-14
593.85000,1.2004968e-11,3.3750159e-14
593.86000,1.2011142e-11,3.3828983e-14
593.87000,1.2015312e-11,3.3882985e-14
593.88000,1.2015448e-11,3.3896638e-14
593.89000,1.2011602e-11,3.3908354e-14
593.90000,1.2007202e-11,3.3934433e-14
593.91000,1.2005544e-11,3.3927561e-14
593.92000,1.2008090e-11,3.3860052e-14
593.93000,1.2015042e-11,3.3792961e-14
593.94000,1.2023644e-11,3.3799631e-14
593.95000,1.2030983e-11,3.3886638e-14
593.96000,1.2034530e-11,3.3940168e-14
593.97000,1.2033720e-11,3.3849617e-14
593.98000,1.2032238e-11,3.3651713e-14
593.99000,1.2033463e-11,3.3431764e-14
594.00000,1.2036141e-11,3.3297340e-14
594.01000,1.2035496e-11,3.3338213e-14
594.02000,1.2029915e-11,3.3545166e-14
594.03000,1.2020745e-11,3.3946009e-14
594.04000,1.2014861e-11,3.4466099e-14
594.05000,1.2021787e-11,3.5001532e-14
594.06000,1.2039800e-11,3.5431962e-14
594.07000,1.2057555e-11,3.5640204e-14
594.08000,1.2058856e-11,3.5661808e-14
594.09000,1.2038307e-11,3.5564067e-14
594.10000,1.2011942e-11,3.5444736e-14
594.11000,1.1995486e-11,3.5313817e-14
594.12000,1.1992342e-11,3.5153747e-14
594.13000,1.1996729e-11,3.4969850e-14
594.14000,1.2000229e-11,3.4800420e-14
594.15000,1.2003035e-11,3.4675835e-14
594.16000,1.2008913e-11,3.4596249e-14
594.17000,1.2018423e-11,3.4592946e-14
594.18000,1.2028134e-11,3.4670471e-14
594.19000,1.2036317e-11,3.4833917e-14
594.20000,1.2043372e-11,3.5013139e-14
594.21000,1.2046633e-11,3.5112170e-14
594.22000,1.2043013e-11,3.5085423e-14
594.23000,1.2029918e-11,3.4887695e-14
594.24000,1.2014193e-11,3.4590827e-14
594.25000,1.2002927e-11,3.4281280e-14
594.26000,1.1996863e-11,3.4044528e-14
594.27000,1.1994383e-11,3.3950467e-14
594.28000,1.1993073e-11,3.3979144e-14
594.29000,1.1993880e-11,3.4118114e-14
594.30000,1.1997309e-11,3.4280946e-14
594.31000,1.2003318e-11,3.4390992e-14
594.32000,1.2009772e-11,3.4448601e-14
594.33000,1.2015749e-11,3.4545514e-14
594.34000,1.2021362e-11,3.4763863e-14
594.35000,1.2025955e-11,3.5124713e-14
594.36000,1.2029348e-11,3.5498471e-14
594.37000,1.2033521e-11,3.5766606e-14
594.38000,1.2040690e-11,3.5936130e-14
594.39000,1.2050639e-11,3.6040469e-14
594.40000,1.2059844e-11,3.6120898e-14
594.41000,1.2066870e-11,3.6171177e-14
594.42000,1.2072179e-11,3.6198635e-14
594.43000,1.2070891e-11,3.6181845e-14
594.44000,1.2058934e-11,3.6089383e-14
594.45000,1.2032971e-11,3.5878836e-14
594.46000,1.2001137e-11,3.5617631e-14
594.47000,1.1970172e-11,3.5384650e-14
594.48000,1.1942513e-11,3.5211692e-14
594.49000,1.1917728e-11,3.5114940e-14
594.50000,1.1896065e-11,3.5073196e-14
594.51000,1.1885958e-11,3.5097379e-14
594.52000,1.1890633e-11,3.5179618e-14
594.53000,1.1911357e-11,3.5328322e-14
594.54000,1.1939447e-11,3.5501688e-14
594.55000,1.1970682e-11,3.5634790e-14
594.56000,1.1998745e-11,3.5685336e-14
594.57000,1.2013251e-11,3.5638285e-14
594.58000,1.2013406e-11,3.5571646e-14
594.59000,1.2003752e-11,3.5562307e-14
594.60000,1.1992317e-11,3.5623004e-14
594.61000,1.1981966e-11,3.5749801e-14
594.62000,1.1973196e-11,3.5901028e-14
594.63000,1.1967627e-11,3.6054998e-14
594.64000,1.1967255e-11,3.6199870e-14
594.65000,1.1975842e-11,3.6313704e-14
594.66000,1.1989801e-11,3.6378893e-14
594.67000,1.2000125e-11,3.6389267e-14
594.68000,1.2001484e-11,3.6386614e-14
594.69000,1.1993657e-11,3.6423363e-14
594.70000,1.1983960e-11,3.6517193e-14
594.71000,1.1976024e-11,3.6650736e-14
594.72000,1.1969571e-11,3.6793798e-14
594.73000,1.1962575e-11,3.6919146e-14
594.74000,1.1953169e-11,3.6996946e-14
594.75000,1.1942068e-11,3.7019059e-14
594.76000,1.1933882e-11,3.6995741e-14
594.77000,1.1932567e-11,3.6962492e-14
594.78000,1.1940530e-11,3.6941519e-14
594.79000,1.1951732e-11,3.6942891e-14
594.80000,1.1958665e-11,3.6977436e-14
594.81000,1.1958736e-11,3.7038730e-14
594.82000,1.1951132e-11,3.7123557e-14
594.83000,1.1939691e-11,3.7224407e-14
594.84000,1.1929117e-11,3.7361212e-14
594.85000,1.1924853e-11,3.7546045e-14
594.86000,1.1934377e-11,3.7788277e-14
594.87000,1.1954813e-11,3.8042324e-14
594.88000,1.1977397e-11,3.8257372e-14
594.89000,1.1993097e-11,3.8429598e-14
594.90000,1.2000014e-11,3.8575121e-14
594.91000,1.2005891e-11,3.8716934e-14
594.92000,1.2015520e-11,3.8842007e-14
594.93000,1.2025783e-11,3.8930952e-14
594.94000,1.2029390e-11,3.8961562e-14
594.95000,1.2026312e-11,3.8963648e-14
594.96000,1.2022885e-11,3.8974292e-14
594.97000,1.2026101e-11,3.9010421e-14
594.98000,1.2038171e-11,3.9058286e-14
594.99000,1.2052824e-11,3.9083097e-14
595.00000,1.2064725e-11,3.9022375e-14
595.01000,1.2072047e-11,3.8820446e-14
595.02000,1.2073227e-11,3.8297434e-14
595.03000,1.2068885e-11,3.7414607e-14
595.04000,1.2058633e-11,3.6182417e-14
595.05000,1.2046658e-11,3.4944796e-14
595.06000,1.2036480e-11,3.4046374e-14
595.07000,1.2028939e-11,3.3514550e-14
595.08000,1.2025442e-11,3.3325778e-14
595.09000,1.2026739e-11,3.3283581e-14
595.10000,1.2033828e-11,3.3307713e-14
595.11000,1.2042433e-11,3.3346319e-14
595.12000,1.2045909e-11,3.3377977e-14
595.13000,1.2041028e-11,3.3409913e-14
595.14000,1.2028248e-11,3.3486128e-14
595.15000,1.2011273e-11,3.3631831e-14
595.16000,1.1990490e-11,3.3858252e-14
595.17000,1.1966898e-11,3.4105296e-14
595.18000,1.1942369e-11,3.4304513e-14
595.19000,1.1920393e-11,3.4395296e-14
595.20000,1.1902701e-11,3.4390097e-14
595.21000,1.1891113e-11,3.4294011e-14
595.22000,1.1884448e-11,3.4153454e-14
595.23000,1.1880817e-11,3.3994807e-14
595.24000,1.1876317e-11,3.3831013e-14
595.25000,1.1867444e-11,3.3651747e-14
595.26000,1.1855298e-11,3.3452002e-14
595.27000,1.1846428e-11,3.3239841e-14
595.28000,1.1848070e-11,3.3038678e-14
595.29000,1.1868492e-11,3.2874429e-14
595.30000,1.1901374e-11,3.2747283e-14
595.31000,1.1937386e-11,3.2658696e-14
595.32000,1.1967082e-11,3.2592215e-14
595.33000,1.1984455e-11,3.2545897e-14
595.34000,1.1992179e-11,3.2512050e-14
595.35000,1.1991418e-11,3.2494110e-14
595.36000,1.1988046e-11,3.2491268e-14
595.37000,1.1985112e-11,3.2507716e-14
595.38000,1.1983251e-11,3.2533408e-14
595.39000,1.1981483e-11,3.2558758e-14
595.40000,1.1978747e-11,3.2583557e-14
595.41000,1.1975177e-11,3.2633036e-14
595.42000,1.1972457e-11,3.2728844e-14
595.43000,1.1973733e-11,3.2885641e-14
595.44000,1.1980045e-11,3.3058271e-14
595.45000,1.1990311e-11,3.3184347e-14
595.46000,1.2000402e-11,3.3245423e-14
595.47000,1.2006677e-11,3.3246338e-14
595.48000,1.2008005e-11,3.3233193e-14
595.49000,1.2004164e-11,3.3229809e-14
595.50000,1.1996013e-11,3.3239272e-14
595.51000,1.1985769e-11,3.3247541e-14
595.52000,1.1973351e-11,3.3230543e-14
595.53000,1.1958038e-11,3.3169747e-14
595.54000,1.1938678e-11,3.3058064e-14
595.55000,1.1916235e-11,3.2925377e-14
595.56000,1.1889996e-11,3.2803028e-14
595.57000,1.1860087e-11,3.2710353e-14
595.58000,1.1829425e-11,3.2650589e-14
595.59000,1.1805951e-11,3.2609074e-14
595.60000,1.1804748e-11,3.2596169e-14
595.61000,1.1828333e-11,3.2621434e-14
595.62000,1.1872373e-11,3.2684377e-14
595.63000,1.1915614e-11,3.2744348e-14
595.64000,1.1940023e-11,3.2760160e-14
595.65000,1.1946849e-11,3.2736557e-14
595.66000,1.1941363e-11,3.2692381e-14
595.67000,1.1934055e-11,3.2656666e-14
595.68000,1.1927008e-11,3.2642157e-14
595.69000,1.1919507e-11,3.2641570e-14
595.70000,1.1911231e-11,3.2654299e-14
595.71000,1.1902648e-11,3.2682997e-14
595.72000,1.1891501e-11,3.2738294e-14
595.73000,1.1869248e-11,3.2795284e-14
595.74000,1.1806051e-11,3.2775881e-14
595.75000,1.1681586e-11,3.2622706e-14
595.76000,1.1488418e-11,3.2329740e-14
595.77000,1.1278032e-11,3.2006824e-14
595.78000,1.1136281e-11,3.1808411e-14
595.79000,1.1129842e-11,3.1851118e-14
595.80000,1.1264877e-11,3.2149645e-14
595.81000,1.1482615e-11,3.2581885e-14
595.82000,1.1685225e-11,3.2945224e-14
595.83000,1.1809206e-11,3.3102626e-14
595.84000,1.1860359e-11,3.3106033e-14
595.85000,1.1856897e-11,3.3045454e-14
595.86000,1.1835960e-11,3.3005459e-14
595.87000,1.1814819e-11,3.3012105e-14
595.88000,1.1803938e-11,3.3043902e-14
595.89000,1.1809400e-11,3.3087703e-14
595.90000,1.1825613e-11,3.3138259e-14
595.91000,1.1848645e-11,3.3205113e-14
595.92000,1.1871707e-11,3.3288470e-14
595.93000,1.1890366e-11,3.3390616e-14
595.94000,1.1903957e-11,3.3502025e-14
595.95000,1.1911638e-11,3.3608753e-14
595.96000,1.1915875e-11,3.3694420e-14
595.97000,1.1918602e-11,3.3737776e-14
595.98000,1.1922105e-11,3.3743538e-14
595.99000,1.1927040e-11,3.3718423e-14
596.00000,1.1932831e-11,3.3686571e-14
596.01000,1.1939509e-11,3.3675648e-14
596.02000,1.1947068e-11,3.3701857e-14
596.03000,1.1954999e-11,3.3761882e-14
596.04000,1.1960430e-11,3.3832868e-14
596.05000,1.1960628e-11,3.3892578e-14
596.06000,1.1952304e-11,3.3929417e-14
596.07000,1.1937468e-11,3.3945806e-14
596.08000,1.1918871e-11,3.3943549e-14
596.09000,1.1900521e-11,3.3935547e-14
596.10000,1.1885904e-11,3.3932578e-14
596.11000,1.1875973e-11,3.3934004e-14
596.12000,1.1869560e-11,3.3927514e-14
596.13000,1.1861823e-11,3.3907331e-14
596.14000,1.1846739e-11,3.3875073e-14
596.15000,1.1822049e-11,3.3838635e-14
596.16000,1.1779436e-11,3.3790338e-14
596.17000,1.1717541e-11,3.3725491e-14
596.18000,1.1636066e-11,3.3651245e-14
596.19000,1.1559648e-11,3.3592672e-14
596.20000,1.1532444e-11,3.3581408e-14
596.21000,1.1569387e-11,3.3614939e-14
596.22000,1.1662319e-11,3.3670068e-14
596.23000,1.1766206e-11,3.3704353e-14
596.24000,1.1847718e-11,3.3680301e-14
596.25000,1.1897417e-11,3.3604766e-14
596.26000,1.1919745e-11,3.3497537e-14
596.27000,1.1921660e-11,3.3379079e-14
596.28000,1.1914747e-11,3.3264771e-14
596.29000,1.1904383e-11,3.3162853e-14
596.30000,1.1895000e-11,3.3071353e-14
596.31000,1.1888163e-11,3.2985414e-14
596.32000,1.1883450e-11,3.2900018e-14
596.33000,1.1881707e-11,3.2817510e-14
596.34000,1.1883005e-11,3.2741759e-14
596.35000,1.1887472e-11,3.2675701e-14
596.36000,1.1892613e-11,3.2615148e-14
596.37000,1.1896076e-11,3.2559729e-14
596.38000,1.1897399e-11,3.2510043e-14
596.39000,1.1896267e-11,3.2471459e-14
596.40000,1.1893612e-11,3.2444340e-14
596.41000,1.1889907e-11,3.2435082e-14
596.42000,1.1886046e-11,3.2448826e-14
596.43000,1.1882890e-11,3.2511950e-14
596.44000,1.1880730e-11,3.2637175e-14
596.45000,1.1877908e-11,3.2838529e-14
596.46000,1.1871041e-11,3.3085878e-14
596.47000,1.1855229e-11,3.3343417e-14
596.48000,1.1832109e-11,3.3562170e-14
596.49000,1.1808747e-11,3.3715606e-14
596.50000,1.1795810e-11,3.3791114e-14
596.51000,1.1795795e-11,3.3819061e-14
596.52000,1.1808276e-11,3.3806843e-14
596.53000,1.1823348e-11,3.3761037e-14
596.54000,1.1831732e-11,3.3662646e-14
596.55000,1.1830035e-11,3.3523930e-14
596.56000,1.1814096e-11,3.3362131e-14
596.57000,1.1788936e-11,3.3210669e-14
596.58000,1.1762649e-11,3.3096234e-14
596.59000,1.1748027e-11,3.3019031e-14
596.60000,1.1759140e-11,3.2979867e-14
596.61000,1.1791002e-11,3.2951811e-14
596.62000,1.1833840e-11,3.2900206e-14
596.63000,1.1868899e-11,3.2810639e-14
596.64000,1.1885788e-11,3.2702173e-14
596.65000,1.1890253e-11,3.2611854e-14
596.66000,1.1887095e-11,3.2571473e-14
596.67000,1.1882044e-11,3.2594856e-14
596.68000,1.1876329e-11,3.2735430e-14
596.69000,1.1869677e-11,3.3168083e-14
596.70000,1.1862602e-11,3.3957203e-14
596.71000,1.1857905e-11,3.5159378e-14
596.72000,1.1859034e-11,3.6456277e-14
596.73000,1.1867647e-11,3.7443880e-14
596.74000,1.1877433e-11,3.8013907e-14
596.75000,1.1880970e-11,3.8174208e-14
596.76000,1.1878615e-11,3.8192365e-14
596.77000,1.1875249e-11,3.8174683e-14
596.78000,1.1875329e-11,3.8150380e-14
596.79000,1.1876159e-11,3.8076052e-14
596.80000,1.1872224e-11,3.7946944e-14
596.81000,1.1860598e-11,3.7779173e-14
596.82000,1.1845642e-11,3.7619632e-14
596.83000,1.1831893e-11,3.7496550e-14
596.84000,1.1822518e-11,3.7415342e-14
596.85000,1.1816759e-11,3.7351262e-14
596.86000,1.1812661e-11,3.7281211e-14
596.87000,1.1806540e-11,3.7195884e-14
596.88000,1.1797230e-11,3.7107169e-14
596.89000,1.1788244e-11,3.7031433e-14
596.90000,1.1785053e-11,3.6984554e-14
596.91000,1.1788858e-11,3.6965284e-14
596.92000,1.1799353e-11,3.6966409e-14
596.93000,1.1811578e-11,3.6962883e-14
596.94000,1.1821966e-11,3.6932919e-14
596.95000,1.1829352e-11,3.6870417e-14
596.96000,1.1832450e-11,3.6759048e-14
596.97000,1.1832111e-11,3.6616014e-14
596.98000,1.1830293e-11,3.6468978e-14
596.99000,1.1830600e-11,3.6345134e-14
597.00000,1.1835190e-11,3.6270563e-14
597.01000,1.1841303e-11,3.6236340e-14
597.02000,1.1845238e-11,3.6204146e-14
597.03000,1.1844249e-11,3.6123315e-14
597.04000,1.1839013e-11,3.5999197e-14
597.05000,1.1829862e-11,3.5864541e-14
597.06000,1.1820468e-11,3.5754858e-14
597.07000,1.1816426e-11,3.5689480e-14
597.08000,1.1819106e-11,3.5658927e-14
597.09000,1.1826194e-11,3.5649810e-14
597.10000,1.1830369e-11,3.5626617e-14
597.11000,1.1826721e-11,3.5577593e-14
597.12000,1.1818243e-11,3.5540179e-14
597.13000,1.1808349e-11,3.5560048e-14
597.14000,1.1799426e-11,3.5618410e-14
597.15000,1.1793422e-11,3.5674291e-14
597.16000,1.1791380e-11,3.5702202e-14
597.17000,1.1793585e-11,3.5720848e-14
597.18000,1.1798262e-11,3.5752625e-14
597.19000,1.1802033e-11,3.5784606e-14
597.20000,1.1801782e-11,3.5787215e-14
597.21000,1.1797880e-11,3.5770077e-14
597.22000,1.1792396e-11,3.5782837e-14
597.23000,1.1787874e-11,3.5847936e-14
597.24000,1.1786046e-11,3.5934253e-14
597.25000,1.1787155e-11,3.5951571e-14
597.26000,1.1791413e-11,3.5806818e-14
597.27000,1.1795809e-11,3.5555895e-14
597.28000,1.1796747e-11,3.5295506e-14
597.29000,1.1794198e-11,3.5103523e-14
597.30000,1.1789804e-11,3.5002394e-14
597.31000,1.1786238e-11,3.4921268e-14
597.32000,1.1784180e-11,3.4791054e-14
597.33000,1.1783507e-11,3.4597561e-14
597.34000,1.1783751e-11,3.4400741e-14
597.35000,1.1785021e-11,3.4264450e-14
597.36000,1.1787259e-11,3.4201039e-14
597.37000,1.1790047e-11,3.4219635e-14
597.38000,1.1791737e-11,3.4296731e-14
597.39000,1.1789753e-11,3.4415409e-14
597.40000,1.1784335e-11,3.4512333e-14
597.41000,1.1776131e-11,3.4515933e-14
597.42000,1.1767310e-11,3.4436098e-14
597.43000,1.1759340e-11,3.4316010e-14
597.44000,1.1753677e-11,3.4225957e-14
597.45000,1.1753439e-11,3.4212010e-14
597.46000,1.1758257e-11,3.4241587e-14
597.47000,1.1764301e-11,3.4257390e-14
597.48000,1.1766149e-11,3.4222338e-14
597.49000,1.1764117e-11,3.4155042e-14
597.50000,1.1761782e-11,3.4073377e-14
597.51000,1.1762173e-11,3.3997510e-14
597.52000,1.1764207e-11,3.3954705e-14
597.53000,1.1764795e-11,3.3952824e-14
597.54000,1.1761972e-11,3.3991740e-14
597.55000,1.1757169e-11,3.4039125e-14
597.56000,1.1751869e-11,3.4071101e-14
597.57000,1.1747203e-11,3.4081277e-14
597.58000,1.1743529e-11,3.4066689e-14
597.59000,1.1741242e-11,3.4033681e-14
597.60000,1.1741772e-11,3.3977663e-14
597.61000,1.1744513e-11,3.3902900e-14
597.62000,1.1747859e-11,3.3817192e-14
597.63000,1.1751415e-11,3.3731927e-14
597.64000,1.1756567e-11,3.3647823e-14
597.65000,1.1764425e-11,3.3543937e-14
597.66000,1.1770159e-11,3.3399466e-14
597.67000,1.1764237e-11,3.3201845e-14
597.68000,1.1747237e-11,3.2980665e-14
597.69000,1.1727257e-11,3.2768004e-14
597.70000,1.1716852e-11,3.2595039e-14
597.71000,1.1725062e-11,3.2509470e-14
597.72000,1.1745290e-11,3.2509493e-14
597.73000,1.1768467e-11,3.2584617e-14
597.74000,1.1785889e-11,3.2687463e-14
597.75000,1.1791646e-11,3.2797515e-14
597.76000,1.1788980e-11,3.2911497e-14
597.77000,1.1783639e-11,3.3033311e-14
597.78000,1.1779215e-11,3.3146316e-14
597.79000,1.1774895e-11,3.3223570e-14
597.80000,1.1767010e-11,3.3220066e-14
597.81000,1.1754388e-11,3.3140475e-14
597.82000,1.1738227e-11,3.3001651e-14
597.83000,1.1723308e-11,3.2862144e-14
597.84000,1.1712552e-11,3.2753181e-14
597.85000,1.1701304e-11,3.2662189e-14
597.86000,1.1673611e-11,3.2568256e-14
597.87000,1.1611100e-11,3.2447003e-14
597.88000,1.1489693e-11,3.2250698e-14
597.89000,1.1289535e-11,3.1895750e-14
597.90000,1.1040076e-11,3.1397350e-14
597.91000,1.0798828e-11,3.0846472e-14
597.92000,1.0660171e-11,3.0467513e-14
597.93000,1.0726171e-11,3.0505984e-14
597.94000,1.0942619e-11,3.0871932e-14
597.95000,1.1232419e-11,3.1388737e-14
597.96000,1.1483617e-11,3.1787840e-14
597.97000,1.1634774e-11,3.1931049e-14
597.98000,1.1711076e-11,3.1926546e-14
597.99000,1.1736818e-11,3.1881586e-14
598.00000,1.1746167e-11,3.1850400e-14
598.01000,1.1753046e-11,3.1824907e-14
598.02000,1.1763104e-11,3.1791083e-14
598.03000,1.1771625e-11,3.1764162e-14
598.04000,1.1771122e-11,3.1766730e-14
598.05000,1.1762766e-11,3.1786061e-14
598.06000,1.1751505e-11,3.1797112e-14
598.07000,1.1744121e-11,3.1797251e-14
598.08000,1.1744034e-11,3.1808160e-14
598.09000,1.1748136e-11,3.1832132e-14
598.10000,1.1754611e-11,3.1840253e-14
598.11000,1.1762401e-11,3.1818800e-14
598.12000,1.1772431e-11,3.1779662e-14
598.13000,1.1784437e-11,3.1750608e-14
598.14000,1.1797238e-11,3.1738997e-14
598.15000,1.1808422e-11,3.1741606e-14
598.16000,1.1816062e-11,3.1747938e-14
598.17000,1.1816418e-11,3.1739674e-14
598.18000,1.1808841e-11,3.1706567e-14
598.19000,1.1793356e-11,3.1657431e-14
598.20000,1.1775805e-11,3.1612577e-14
598.21000,1.1761105e-11,3.1570776e-14
598.22000,1.1750023e-11,3.1522683e-14
598.23000,1.1741478e-11,3.1473290e-14
598.24000,1.1733220e-11,3.1434203e-14
598.25000,1.1725413e-11,3.1406671e-14
598.26000,1.1719821e-11,3.1381372e-14
598.27000,1.1716958e-11,3.1351839e-14
598.28000,1.1717166e-11,3.1319010e-14
598.29000,1.1719191e-11,3.1287380e-14
598.30000,1.1722414e-11,3.1255100e-14
598.31000,1.1725813e-11,3.1218626e-14
598.32000,1.1728087e-11,3.1175170e-14
598.33000,1.1728502e-11,3.1127768e-14
598.34000,1.1726068e-11,3.1087206e-14
598.35000,1.1721063e-11,3.1067573e-14
598.36000,1.1712940e-11,3.1080156e-14
598.37000,1.1702944e-11,3.1110199e-14
598.38000,1.1692363e-11,3.1143144e-14
598.39000,1.1682176e-11,3.1173324e-14
598.40000,1.1671997e-11,3.1216712e-14
598.41000,1.1662622e-11,3.1300171e-14
598.42000,1.1656469e-11,3.1421662e-14
598.43000,1.1657939e-11,3.1577310e-14
598.44000,1.1665350e-11,3.1741103e-14
598.45000,1.1675479e-11,3.1884625e-14
598.46000,1.1684383e-11,3.1989033e-14
598.47000,1.1691908e-11,3.2034725e-14
598.48000,1.1699305e-11,3.2032414e-14
598.49000,1.1705449e-11,3.1973875e-14
598.50000,1.1708219e-11,3.1868326e-14
598.51000,1.1707123e-11,3.1724699e-14
598.52000,1.1704227e-11,3.1564343e-14
598.53000,1.1702405e-11,3.1417962e-14
598.54000,1.1702157e-11,3.1311402e-14
598.55000,1.1701487e-11,3.1241911e-14
598.56000,1.1699549e-11,3.1208598e-14
598.57000,1.1697772e-11,3.1188171e-14
598.58000,1.1697593e-11,3.1176765e-14
598.59000,1.1698388e-11,3.1185598e-14
598.60000,1.1698820e-11,3.1220840e-14
598.61000,1.1697646e-11,3.1245580e-14
598.62000,1.1694466e-11,3.1226656e-14
598.63000,1.1689518e-11,3.1177691e-14
598.64000,1.1684232e-11,3.1148697e-14
598.65000,1.1680006e-11,3.1175751e-14
598.66000,1.1676904e-11,3.1234622e-14
598.67000,1.1674701e-11,3.1294235e-14
598.68000,1.1673511e-11,3.1334487e-14
598.69000,1.1674721e-11,3.1347301e-14
598.70000,1.1678244e-11,3.1336769e-14
598.71000,1.1684391e-11,3.1303352e-14
598.72000,1.1692415e-11,3.1275181e-14
598.73000,1.1701018e-11,3.1288953e-14
598.74000,1.1707446e-11,3.1370846e-14
598.75000,1.1710393e-11,3.1493381e-14
598.76000,1.1708579e-11,3.1627148e-14
598.77000,1.1702731e-11,3.1741380e-14
598.78000,1.1690801e-11,3.1802108e-14
598.79000,1.1673652e-11,3.1801909e-14
598.80000,1.1652244e-11,3.1732651e-14
598.81000,1.1630681e-11,3.1632047e-14
598.82000,1.1614108e-11,3.1530395e-14
598.83000,1.1606357e-11,3.1456962e-14
598.84000,1.1608521e-11,3.1426442e-14
598.85000,1.1618128e-11,3.1435075e-14
598.86000,1.1628889e-11,3.1445961e-14
598.87000,1.1638250e-11,3.1423276e-14
598.88000,1.1647021e-11,3.1367863e-14
598.89000,1.1655279e-11,3.1292813e-14
598.90000,1.1662228e-11,3.1223321e-14
598.91000,1.1667820e-11,3.1180155e-14
598.92000,1.1673724e-11,3.1164626e-14
598.93000,1.1680585e-11,3.1173087e-14
598.94000,1.1687087e-11,3.1188575e-14
598.95000,1.1692018e-11,3.1207463e-14
598.96000,1.1695410e-11,3.1233663e-14
598.97000,1.1698691e-11,3.1266661e-14
598.98000,1.1702858e-11,3.1314943e-14
598.99000,1.1706912e-11,3.1385590e-14
599.00000,1.1707351e-11,3.1481618e-14
599.01000,1.1702041e-11,3.1579590e-14
599.02000,1.1690352e-11,3.1654098e-14
599.03000,1.1677053e-11,3.1700473e-14
599.04000,1.1666926e-11,3.1713518e-14
599.05000,1.1661118e-11,3.1701452e-14
599.06000,1.1657278e-11,3.1672688e-14
599.07000,1.1653841e-11,3.1632764e-14
599.08000,1.1650357e-11,3.1585825e-14
599.09000,1.1645542e-11,3.1522870e-14
599.10000,1.1637775e-11,3.1444229e-14
599.11000,1.1624906e-11,3.1365303e-14
599.12000,1.1608178e-11,3.1316965e-14
599.13000,1.1589314e-11,3.1316056e-14
599.14000,1.1571172e-11,3.1335591e-14
599.15000,1.1556191e-11,3.1333629e-14
599.16000,1.1549461e-11,3.1289497e-14
599.17000,1.1554565e-11,3.1228989e-14
599.18000,1.1575357e-11,3.1176896e-14
599.19000,1.1603136e-11,3.1140126e-14
599.20000,1.1627070e-11,3.1122511e-14
599.21000,1.1641272e-11,3.1123384e-14
599.22000,1.1644453e-11,3.1155466e-14
599.23000,1.1643664e-11,3.1216484e-14
599.24000,1.1643620e-11,3.1294403e-14
599.25000,1.1645935e-11,3.1362755e-14
599.26000,1.1648950e-11,3.1406639e-14
599.27000,1.1650562e-11,3.1427724e-14
599.28000,1.1650405e-11,3.1458712e-14
599.29000,1.1648612e-11,3.1536713e-14
599.30000,1.1645647e-11,3.1657572e-14
599.31000,1.1641286e-11,3.1806686e-14
599.32000,1.1636644e-11,3.1947397e-14
599.33000,1.1632770e-11,3.2030215e-14
599.34000,1.1629343e-11,3.2032109e-14
599.35000,1.1625256e-11,3.1970869e-14
599.36000,1.1620130e-11,3.1895195e-14
599.37000,1.1615127e-11,3.1844996e-14
599.38000,1.1612223e-11,3.1833129e-14
599.39000,1.1612221e-11,3.1838168e-14
599.40000,1.1616558e-11,3.1837240e-14
599.41000,1.1624204e-11,3.1805555e-14
599.42000,1.1633456e-11,3.1720627e-14
599.43000,1.1641680e-11,3.1603126e-14
599.44000,1.1647752e-11,3.1488812e-14
599.45000,1.1652842e-11,3.1420552e-14
599.46000,1.1657169e-11,3.1406357e-14
599.47000,1.1658340e-11,3.1433210e-14
599.48000,1.1655777e-11,3.1464188e-14
599.49000,1.1650815e-11,3.1479614e-14
599.50000,1.1647326e-11,3.1481564e-14
599.51000,1.1647568e-11,3.1473382e-14
599.52000,1.1649565e-11,3.1460982e-14
599.53000,1.1650629e-11,3.1445344e-14
599.54000,1.1649330e-11,3.1431139e-14
599.55000,1.1646405e-11,3.1428995e-14
599.56000,1.1641666e-11,3.1463106e-14
599.57000,1.1635203e-11,3.1544006e-14
599.58000,1.1627418e-11,3.1692029e-14
599.59000,1.1620353e-11,3.1886350e-14
599.60000,1.1616069e-11,3.2108573e-14
599.61000,1.1614018e-11,3.2320892e-14
599.62000,1.1612628e-11,3.2475942e-14
599.63000,1.1609279e-11,3.2554978e-14
599.64000,1.1602923e-11,3.2577697e-14
599.65000,1.1594810e-11,3.2590195e-14
599.66000,1.1588407e-11,3.2636779e-14
599.67000,1.1588186e-11,3.2736532e-14
599.68000,1.1594194e-11,3.2842301e-14
599.69000,1.1605921e-11,3.2883369e-14
599.70000,1.1618426e-11,3.2826312e-14
599.71000,1.1627394e-11,3.2669989e-14
599.72000,1.1629177e-11,3.2449882e-14
599.73000,1.1624600e-11,3.2224701e-14
599.74000,1.1615044e-11,3.2042443e-14
599.75000,1.1606677e-11,3.1916949e-14
599.76000,1.1606173e-11,3.1860073e-14
599.77000,1.1612687e-11,3.1846382e-14
599.78000,1.1621830e-11,3.1863019e-14
599.79000,1.1628076e-11,3.1885836e-14
599.80000,1.1629082e-11,3.1908566e-14
599.81000,1.1626860e-11,3.1935844e-14
599.82000,1.1622789e-11,3.1976890e-14
599.83000,1.1616759e-11,3.2044646e-14
599.84000,1.1609779e-11,3.2124987e-14
599.85000,1.1604043e-11,3.2179331e-14
599.86000,1.1601420e-11,3.2203833e-14
599.87000,1.1603543e-11,3.2243240e-14
599.88000,1.1608465e-11,3.2330933e-14
599.89000,1.1613692e-11,3.2437774e-14
599.90000,1.1616542e-11,3.2518821e-14
599.91000,1.1616637e-11,3.2595618e-14
599.92000,1.1614293e-11,3.2728503e-14
599.93000,1.1611870e-11,3.2899765e-14
599.94000,1.1612016e-11,3.3009555e-14
599.95000,1.1615126e-11,3.3005799e-14
599.96000,1.1619745e-11,3.2921673e-14
599.97000,1.1622623e-11,3.2875883e-14
599.98000,1.1620927e-11,3.2962637e-14
599.99000,1.1615316e-11,3.3153399e-14
600.00000,1.1608556e-11,3.3340328e-14
600.01000,1.1604773e-11,3.3388208e-14
600.02000,1.1605546e-11,3.3289651e-14
600.03000,1.1610715e-11,3.3080907e-14
600.04000,1.1616355e-11,3.2868420e-14
600.05000,1.1620045e-11,3.2715709e-14
600.06000,1.1621686e-11,3.2633322e-14
600.07000,1.1621102e-11,3.2613949e-14
600.08000,1.1616458e-11,3.2643341e-14
600.09000,1.1607914e-11,3.2693160e-14
600.10000,1.1597086e-11,3.2751149e-14
600.11000,1.1588090e-11,3.2809949e-14
600.12000,1.1583868e-11,3.2872779e-14
600.13000,1.1583059e-11,3.2946714e-14
600.14000,1.1584029e-11,3.3045820e-14
600.15000,1.1584915e-11,3.3167472e-14
600.16000,1.1584573e-11,3.3296419e-14
600.17000,1.1582779e-11,3.3397207e-14
600.18000,1.1579938e-11,3.3452792e-14
600.19000,1.1575820e-11,3.3469114e-14
600.20000,1.1570241e-11,3.3486629e-14
600.21000,1.1563120e-11,3.3544462e-14
600.22000,1.1556282e-11,3.3652564e-14
600.23000,1.1551853e-11,3.3825038e-14
600.24000,1.1550344e-11,3.4032681e-14
600.25000,1.1551618e-11,3.4222174e-14
600.26000,1.1555913e-11,3.4303545e-14
600.27000,1.1561992e-11,3.4254619e-14
600.28000,1.1568807e-11,3.4073367e-14
600.29000,1.1575416e-11,3.3875863e-14
600.30000,1.1581696e-11,3.3777916e-14
600.31000,1.1587617e-11,3.3809276e-14
600.32000,1.1593177e-11,3.3917968e-14
600.33000,1.1599026e-11,3.3986614e-14
600.34000,1.1605265e-11,3.3961623e-14
600.35000,1.1610631e-11,3.3862476e-14
600.36000,1.1614508e-11,3.3791046e-14
600.37000,1.1618332e-11,3.3802441e-14
600.38000,1.1624211e-11,3.3847933e-14
600.39000,1.1632254e-11,3.3884385e-14
600.40000,1.1639316e-11,3.3920834e-14
600.41000,1.1641408e-11,3.3976905e-14
600.42000,1.1638235e-11,3.4038910e-14
600.43000,1.1633410e-11,3.4095674e-14
600.44000,1.1630477e-11,3.4170257e-14
600.45000,1.1628650e-11,3.4271119e-14
600.46000,1.1623648e-11,3.4373860e-14
600.47000,1.1613899e-11,3.4450542e-14
600.48000,1.1600841e-11,3.4487342e-14
600.49000,1.1590156e-11,3.4498475e-14
600.50000,1.1585550e-11,3.4505912e-14
600.51000,1.1587669e-11,3.4533370e-14
600.52000,1.1591826e-11,3.4580506e-14
600.53000,1.1594185e-11,3.4640977e-14
600.54000,1.1594957e-11,3.4704237e-14
600.55000,1.1597780e-11,3.4760753e-14
600.56000,1.1605323e-11,3.4798653e-14
600.57000,1.1616066e-11,3.4809180e-14
600.58000,1.1624796e-11,3.4795291e-14
600.59000,1.1628549e-11,3.4776339e-14
600.60000,1.1626509e-11,3.4768432e-14
600.61000,1.1622691e-11,3.4775649e-14
600.62000,1.1618858e-11,3.4797534e-14
600.63000,1.1614235e-11,3.4822089e-14
600.64000,1.1607502e-11,3.4842171e-14
600.65000,1.1600795e-11,3.4861153e-14
600.66000,1.1597806e-11,3.4887598e-14
600.67000,1.1602446e-11,3.4930630e-14
600.68000,1.1611977e-11,3.4987430e-14
600.69000,1.1620428e-11,3.5057895e-14
600.70000,1.1621578e-11,3.5139950e-14
600.71000,1.1612356e-11,3.5249126e-14
600.72000,1.1599200e-11,3.5397945e-14
600.73000,1.1589057e-11,3.5608036e-14
600.74000,1.1585139e-11,3.5862545e-14
600.75000,1.1584224e-11,3.6121220e-14
600.76000,1.1582896e-11,3.6331621e-14
600.77000,1.1581163e-11,3.6483673e-14
600.78000,1.1581622e-11,3.6590546e-14
600.79000,1.1584070e-11,3.6694168e-14
600.80000,1.1585959e-11,3.6795648e-14
600.81000,1.1585058e-11,3.6844546e-14
600.82000,1.1582897e-11,3.6785981e-14
600.83000,1.1582878e-11,3.6596748e-14
600.84000,1.1585106e-11,3.6353689e-14
600.85000,1.1585914e-11,3.6088689e-14
600.86000,1.1582716e-11,3.5760194e-14
600.87000,1.1576848e-11,3.5207311e-14
600.88000,1.1573758e-11,3.4356871e-14
600.89000,1.1575797e-11,3.3291340e-14
600.90000,1.1581307e-11,3.2269558e-14
600.91000,1.1586481e-11,3.1497703e-14
600.92000,1.1589519e-11,3.1100873e-14
600.93000,1.1591250e-11,3.0916138e-14
600.94000,1.1592036e-11,3.0866276e-14
600.95000,1.1592090e-11,3.0857112e-14
600.96000,1.1591712e-11,3.0866100e-14
600.97000,1.1592231e-11,3.0893558e-14
600.98000,1.1594182e-11,3.0935422e-14
600.99000,1.1596492e-11,3.0986116e-14
601.00000,1.1597252e-11,3.1031620e-14
601.01000,1.1596223e-11,3.1061982e-14
601.02000,1.1595412e-11,3.1082324e-14
601.03000,1.1595456e-11,3.1102910e-14
601.04000,1.1594884e-11,3.1134376e-14
601.05000,1.1592764e-11,3.1176258e-14
601.06000,1.1589019e-11,3.1224289e-14
601.07000,1.1584556e-11,3.1270818e-14
601.08000,1.1579727e-11,3.1310578e-14
601.09000,1.1575479e-11,3.1340736e-14
601.10000,1.1572988e-11,3.1357860e-14
601.11000,1.1572415e-11,3.1364647e-14
601.12000,1.1572406e-11,3.1370333e-14
601.13000,1.1572297e-11,3.1379326e-14
601.14000,1.1572378e-11,3.1386771e-14
601.15000,1.1573237e-11,3.1383528e-14
601.16000,1.1574864e-11,3.1368461e-14
601.17000,1.1577114e-11,3.1345235e-14
601.18000,1.1579543e-11,3.1330402e-14
601.19000,1.1581972e-11,3.1344314e-14
601.20000,1.1585197e-11,3.1427921e-14
601.21000,1.1589676e-11,3.1583546e-14
601.22000,1.1593817e-11,3.1777527e-14
601.23000,1.1594703e-11,3.1907739e-14
601.24000,1.1590350e-11,3.1880991e-14
601.25000,1.1582293e-11,3.1709986e-14
601.26000,1.1574124e-11,3.1512456e-14
601.27000,1.1568550e-11,3.1379722e-14
601.28000,1.1565753e-11,3.1319193e-14
601.29000,1.1565480e-11,3.1321675e-14
601.30000,1.1566181e-11,3.1352405e-14
601.31000,1.1567704e-11,3.1399373e-14
601.32000,1.1570477e-11,3.1448279e-14
601.33000,1.1574673e-11,3.1486002e-14
601.34000,1.1578189e-11,3.1500485e-14
601.35000,1.1579337e-11,3.1489576e-14
601.36000,1.1578494e-11,3.1456735e-14
601.37000,1.1578447e-11,3.1420844e-14
601.38000,1.1581090e-11,3.1393297e-14
601.39000,1.1585634e-11,3.1372170e-14
601.40000,1.1591523e-11,3.1351630e-14
601.41000,1.1597545e-11,3.1327705e-14
601.42000,1.1602039e-11,3.1304172e-14
601.43000,1.1602408e-11,3.1286830e-14
601.44000,1.1599307e-11,3.1274020e-14
601.45000,1.1594037e-11,3.1262242e-14
601.46000,1.1588111e-11,3.1251146e-14
601.47000,1.1581785e-11,3.1243963e-14
601.48000,1.1576708e-11,3.1241843e-14
601.49000,1.1575394e-11,3.1244991e-14
601.50000,1.1579712e-11,3.1256997e-14
601.51000,1.1586054e-11,3.1275048e-14
601.52000,1.1590142e-11,3.1290927e-14
601.53000,1.1590787e-11,3.1296478e-14
601.54000,1.1588375e-11,3.1285784e-14
601.55000,1.1585039e-11,3.1263830e-14
601.56000,1.1581622e-11,3.1238139e-14
601.57000,1.1577939e-11,3.1216881e-14
601.58000,1.1573947e-11,3.1206369e-14
601.59000,1.1570422e-11,3.1213442e-14
601.60000,1.1568804e-11,3.1229782e-14
601.61000,1.1571826e-11,3.1242450e-14
601.62000,1.1580005e-11,3.1241804e-14
601.63000,1.1590693e-11,3.1232974e-14
601.64000,1.1598982e-11,3.1223894e-14
601.65000,1.1601936e-11,3.1216604e-14
601.66000,1.1598403e-11,3.1208397e-14
601.67000,1.1592072e-11,3.1200038e-14
601.68000,1.1586137e-11,3.1197443e-14
601.69000,1.1582753e-11,3.1206414e-14
601.70000,1.1580959e-11,3.1227115e-14
601.71000,1.1578662e-11,3.1258435e-14
601.72000,1.1574994e-11,3.1295039e-14
601.73000,1.1571076e-11,3.1338371e-14
601.74000,1.1568460e-11,3.1388322e-14
601.75000,1.1567916e-11,3.1443533e-14
601.76000,1.1569006e-11,3.1497825e-14
601.77000,1.1571027e-11,3.1547002e-14
601.78000,1.1571515e-11,3.1581321e-14
601.79000,1.1567412e-11,3.1593725e-14
601.80000,1.1556902e-11,3.1580311e-14
601.81000,1.1544371e-11,3.1561589e-14
601.82000,1.1536379e-11,3.1559369e-14
601.83000,1.1538718e-11,3.1577914e-14
601.84000,1.1548042e-11,3.1591864e-14
601.85000,1.1559725e-11,3.1577100e-14
601.86000,1.1569339e-11,3.1535287e-14
601.87000,1.1575617e-11,3.1466001e-14
601.88000,1.1578234e-11,3.1368952e-14
601.89000,1.1577492e-11,3.1257944e-14
601.90000,1.1572384e-11,3.1155104e-14
601.91000,1.1564978e-11,3.1079817e-14
601.92000,1.1557576e-11,3.1042901e-14
601.93000,1.1551935e-11,3.1025267e-14
601.94000,1.1548975e-11,3.1013115e-14
601.95000,1.1549280e-11,3.1000922e-14
601.96000,1.1551776e-11,3.0990069e-14
601.97000,1.1555270e-11,3.0980129e-14
601.98000,1.1558256e-11,3.0966927e-14
601.99000,1.1560106e-11,3.0951107e-14
602.00000,1.1560793e-11,3.0942201e-14
602.01000,1.1559564e-11,3.0950114e-14
602.02000,1.1556131e-11,3.0976288e-14
602.03000,1.1552324e-11,3.1010220e-14
602.04000,1.1550685e-11,3.1045799e-14
602.05000,1.1551294e-11,3.1080701e-14
602.06000,1.1552682e-11,3.1113259e-14
602.07000,1.1552791e-11,3.1140335e-14
602.08000,1.1550890e-11,3.1158083e-14
602.09000,1.1547134e-11,3.1162701e-14
602.10000,1.1542711e-11,3.1155672e-14
602.11000,1.1539052e-11,3.1135520e-14
602.12000,1.1537237e-11,3.1109902e-14
602.13000,1.1538637e-11,3.1086006e-14
602.14000,1.1543050e-11,3.1070531e-14
602.15000,1.1549603e-11,3.1067525e-14
602.16000,1.1555550e-11,3.1079941e-14
602.17000,1.1558560e-11,3.1104247e-14
602.18000,1.1558238e-11,3.1143233e-14
602.19000,1.1558185e-11,3.1189272e-14
602.20000,1.1560581e-11,3.1226738e-14
602.21000,1.1563701e-11,3.1239763e-14
602.22000,1.1564684e-11,3.1229356e-14
602.23000,1.1562143e-11,3.1213893e-14
602.24000,1.1558298e-11,3.1211556e-14
602.25000,1.1555868e-11,3.1226275e-14
602.26000,1.1555744e-11,3.1243117e-14
602.27000,1.1557228e-11,3.1251238e-14
602.28000,1.1557222e-11,3.1250778e-14
602.29000,1.1553399e-11,3.1247428e-14
602.30000,1.1544660e-11,3.1243997e-14
602.31000,1.1533318e-11,3.1241451e-14
602.32000,1.1520961e-11,3.1246970e-14
602.33000,1.1509751e-11,3.1267014e-14
602.34000,1.1502525e-11,3.1303471e-14
602.35000,1.1500006e-11,3.1340388e-14
602.36000,1.1499991e-11,3.1363931e-14
602.37000,1.1499135e-11,3.1364652e-14
602.38000,1.1495867e-11,3.1349521e-14
602.39000,1.1490982e-11,3.1325666e-14
602.40000,1.1486096e-11,3.1305191e-14
602.41000,1.1481072e-11,3.1293754e-14
602.42000,1.1474512e-11,3.1294546e-14
602.43000,1.1467290e-11,3.1305188e-14
602.44000,1.1463516e-11,3.1330038e-14
602.45000,1.1466189e-11,3.1366205e-14
602.46000,1.1475974e-11,3.1405745e-14
602.47000,1.1489448e-11,3.1431006e-14
602.48000,1.1501919e-11,3.1433690e-14
602.49000,1.1510350e-11,3.1406838e-14
602.50000,1.1515444e-11,3.1364866e-14
602.51000,1.1517427e-11,3.1319778e-14
602.52000,1.1517861e-11,3.1282870e-14
602.53000,1.1517861e-11,3.1256198e-14
602.54000,1.1518089e-11,3.1234487e-14
602.55000,1.1518135e-11,3.1209832e-14
602.56000,1.1516752e-11,3.1176825e-14
602.57000,1.1513901e-11,3.1140190e-14
602.58000,1.1509814e-11,3.1109884e-14
602.59000,1.1505045e-11,3.1093036e-14
602.60000,1.1499702e-11,3.1085360e-14
602.61000,1.1494915e-11,3.1074417e-14
602.62000,1.1491948e-11,3.1054458e-14
602.63000,1.1490784e-11,3.1026887e-14
602.64000,1.1489338e-11,3.0997194e-14
602.65000,1.1487054e-11,3.0968203e-14
602.66000,1.1485410e-11,3.0944066e-14
602.67000,1.1485211e-11,3.0926869e-14
602.68000,1.1485559e-11,3.0918057e-14
602.69000,1.1484844e-11,3.0916091e-14
602.70000,1.1482948e-11,3.0921501e-14
602.71000,1.1482427e-11,3.0928697e-14
602.72000,1.1485234e-11,3.0930310e-14
602.73000,1.1492004e-11,3.0919105e-14
602.74000,1.1499164e-11,3.0895470e-14
602.75000,1.1503072e-11,3.0855567e-14
602.76000,1.1503147e-11,3.0804060e-14
602.77000,1.1500199e-11,3.0748335e-14
602.78000,1.1495734e-11,3.0703564e-14
602.79000,1.1491127e-11,3.0678479e-14
602.80000,1.1487256e-11,3.0683034e-14
602.81000,1.1484672e-11,3.0706301e-14
602.82000,1.1484355e-11,3.0739349e-14
602.83000,1.1485848e-11,3.0768155e-14
602.84000,1.1487828e-11,3.0785178e-14
602.85000,1.1487930e-11,3.0785075e-14
602.86000,1.1485153e-11,3.0770770e-14
602.87000,1.1479846e-11,3.0740684e-14
602.88000,1.1475415e-11,3.0703073e-14
602.89000,1.1475064e-11,3.0664910e-14
602.90000,1.1478786e-11,3.0632408e-14
602.91000,1.1485098e-11,3.0606684e-14
602.92000,1.1493094e-11,3.0588576e-14
602.93000,1.1500787e-11,3.0575294e-14
602.94000,1.1504954e-11,3.0564204e-14
602.95000,1.1502516e-11,3.0550148e-14
602.96000,1.1495049e-11,3.0531933e-14
602.97000,1.1485067e-11,3.0513696e-14
602.98000,1.1476262e-11,3.0503616e-14
602.99000,1.1470295e-11,3.0507817e-14
603.00000,1.1466167e-11,3.0516462e-14
603.01000,1.1463104e-11,3.0517430e-14
603.02000,1.1460725e-11,3.0515088e-14
603.03000,1.1458782e-11,3.0536530e-14
603.04000,1.1458168e-11,3.0662551e-14
603.05000,1.1459914e-11,3.0952597e-14
603.06000,1.1464545e-11,3.1511777e-14
603.07000,1.1468556e-11,3.2269455e-14
603.08000,1.1467126e-11,3.3071840e-14
603.09000,1.1455919e-11,3.3709712e-14
603.10000,1.1438100e-11,3.4127618e-14
603.11000,1.1418356e-11,3.4317197e-14
603.12000,1.1402699e-11,3.4393080e-14
603.13000,1.1396653e-11,3.4376189e-14
603.14000,1.1400824e-11,3.4294282e-14
603.15000,1.1412534e-11,3.4164297e-14
603.16000,1.1428384e-11,3.3986959e-14
603.17000,1.1442775e-11,3.3781959e-14
603.18000,1.1452608e-11,3.3565761e-14
603.19000,1.1457406e-11,3.3356647e-14
603.20000,1.1459101e-11,3.3157057e-14
603.21000,1.1457530e-11,3.2976891e-14
603.22000,1.1453252e-11,3.2829970e-14
603.23000,1.1446101e-11,3.2731337e-14
603.24000,1.1438141e-11,3.2658957e-14
603.25000,1.1432019e-11,3.2604360e-14
603.26000,1.1430870e-11,3.2586718e-14
603.27000,1.1434389e-11,3.2603463e-14
603.28000,1.1441388e-11,3.2619076e-14
603.29000,1.1447650e-11,3.2591313e-14
603.30000,1.1449348e-11,3.2513393e-14
603.31000,1.1445854e-11,3.2433581e-14
603.32000,1.1439484e-11,3.2375927e-14
603.33000,1.1434291e-11,3.2324854e-14
603.34000,1.1433270e-11,3.2260068e-14
603.35000,1.1437162e-11,3.2196475e-14
603.36000,1.1443084e-11,3.2170442e-14
603.37000,1.1447921e-11,3.2177588e-14
603.38000,1.1450259e-11,3.2179346e-14
603.39000,1.1450761e-11,3.2137108e-14
603.40000,1.1448084e-11,3.2046254e-14
603.41000,1.1441422e-11,3.1951292e-14
603.42000,1.1431363e-11,3.1886502e-14
603.43000,1.1422057e-11,3.1870795e-14
603.44000,1.1417608e-11,3.1882599e-14
603.45000,1.1421307e-11,3.1885463e-14
603.46000,1.1429453e-11,3.1855117e-14
603.47000,1.1438755e-11,3.1792103e-14
603.48000,1.1446146e-11,3.1731850e-14
603.49000,1.1451504e-11,3.1705555e-14
603.50000,1.1455677e-11,3.1740570e-14
603.51000,1.1459675e-11,3.1809180e-14
603.52000,1.1462999e-11,3.1858163e-14
603.53000,1.1463367e-11,3.1829918e-14
603.54000,1.1459143e-11,3.1737962e-14
603.55000,1.1447754e-11,3.1611422e-14
603.56000,1.1432102e-11,3.1487693e-14
603.57000,1.1415575e-11,3.1373277e-14
603.58000,1.1401241e-11,3.1261962e-14
603.59000,1.1389110e-11,3.1156502e-14
603.60000,1.1378037e-11,3.1081081e-14
603.61000,1.1367704e-11,3.1056972e-14
603.62000,1.1360301e-11,3.1125940e-14
603.63000,1.1356602e-11,3.1268219e-14
603.64000,1.1357055e-11,3.1458760e-14
603.65000,1.1359650e-11,3.1627378e-14
603.66000,1.1362650e-11,3.1723026e-14
603.67000,1.1364195e-11,3.1706522e-14
603.68000,1.1363093e-11,3.1625824e-14
603.69000,1.1358221e-11,3.1524045e-14
603.70000,1.1349698e-11,3.1428757e-14
603.71000,1.1339963e-11,3.1339826e-14
603.72000,1.1332806e-11,3.1268331e-14
603.73000,1.1330773e-11,3.1241038e-14
603.74000,1.1335827e-11,3.1308279e-14
603.75000,1.1345496e-11,3.1458890e-14
603.76000,1.1357754e-11,3.1632130e-14
603.77000,1.1371264e-11,3.1721339e-14
603.78000,1.1384758e-11,3.1700020e-14
603.79000,1.1397943e-11,3.1611074e-14
603.80000,1.1411335e-11,3.1552152e-14
603.81000,1.1424584e-11,3.1567159e-14
603.82000,1.1435129e-11,3.1615723e-14
603.83000,1.1440729e-11,3.1639075e-14
603.84000,1.1440537e-11,3.1589604e-14
603.85000,1.1438537e-11,3.1474530e-14
603.86000,1.1437275e-11,3.1304781e-14
603.87000,1.1436424e-11,3.1102379e-14
603.88000,1.1434211e-11,3.0906831e-14
603.89000,1.1429494e-11,3.0769353e-14
603.90000,1.1423650e-11,3.0690987e-14
603.91000,1.1417183e-11,3.0649098e-14
603.92000,1.1410442e-11,3.0592404e-14
603.93000,1.1404285e-11,3.0518047e-14
603.94000,1.1400002e-11,3.0477556e-14
603.95000,1.1397038e-11,3.0503803e-14
603.96000,1.1395064e-11,3.0585091e-14
603.97000,1.1395319e-11,3.0652626e-14
603.98000,1.1398472e-11,3.0665475e-14
603.99000,1.1404570e-11,3.0618313e-14
604.00000,1.1410939e-11,3.0565611e-14
604.01000,1.1415069e-11,3.0544466e-14
604.02000,1.1415995e-11,3.0549505e-14
604.03000,1.1413949e-11,3.0549522e-14
604.04000,1.1409422e-11,3.0500178e-14
604.05000,1.1403497e-11,3.0394865e-14
604.06000,1.1396182e-11,3.0255358e-14
604.07000,1.1388527e-11,3.0149725e-14
604.08000,1.1382641e-11,3.0146640e-14
604.09000,1.1380517e-11,3.0237201e-14
604.10000,1.1381219e-11,3.0340429e-14
604.11000,1.1381676e-11,3.0361282e-14
604.12000,1.1378990e-11,3.0301972e-14
604.13000,1.1373455e-11,3.0244386e-14
604.14000,1.1369030e-11,3.0267351e-14
604.15000,1.1368920e-11,3.0321557e-14
604.16000,1.1374690e-11,3.0292374e-14
604.17000,1.1382840e-11,3.0166693e-14
604.18000,1.1391114e-11,3.0004315e-14
604.19000,1.1397878e-11,2.9900655e-14
604.20000,1.1402392e-11,2.9866761e-14
604.21000,1.1403258e-11,2.9879925e-14
604.22000,1.1401363e-11,2.9911601e-14
604.23000,1.1397848e-11,2.9976642e-14
604.24000,1.1394128e-11,3.0080157e-14
604.25000,1.1391001e-11,3.0180388e-14
604.26000,1.1388939e-11,3.0210337e-14
604.27000,1.1386998e-11,3.0163801e-14
604.28000,1.1382865e-11,3.0047096e-14
604.29000,1.1374177e-11,2.9912115e-14
604.30000,1.1360002e-11,2.9803512e-14
604.31000,1.1341479e-11,2.9771886e-14
604.32000,1.1325023e-11,2.9819144e-14
604.33000,1.1319676e-11,2.9947613e-14
604.34000,1.1333773e-11,3.0137676e-14
604.35000,1.1362988e-11,3.0343950e-14
604.36000,1.1400509e-11,3.0519593e-14
604.37000,1.1433390e-11,3.0647822e-14
604.38000,1.1451590e-11,3.0718346e-14
604.39000,1.1454902e-11,3.0745029e-14
604.40000,1.1447051e-11,3.0732377e-14
604.41000,1.1431647e-11,3.0673870e-14
604.42000,1.1413859e-11,3.0581462e-14
604.43000,1.1395637e-11,3.0464428e-14
604.44000,1.1378315e-11,3.0346769e-14
604.45000,1.1362198e-11,3.0246893e-14
604.46000,1.1347754e-11,3.0189325e-14
604.47000,1.1335036e-11,3.0172439e-14
604.48000,1.1325473e-11,3.0174560e-14
604.49000,1.1319290e-11,3.0145616e-14
604.50000,1.1315961e-11,3.0073759e-14
604.51000,1.1314052e-11,3.0001203e-14
604.52000,1.1311467e-11,2.9971677e-14
604.53000,1.1306535e-11,2.9991885e-14
604.54000,1.1297973e-11,3.0018697e-14
604.55000,1.1286135e-11,3.0012932e-14
604.56000,1.1272057e-11,2.9947626e-14
604.57000,1.1260724e-11,2.9852683e-14
604.58000,1.1259641e-11,2.9769129e-14
604.59000,1.1269490e-11,2.9727592e-14
604.60000,1.1285294e-11,2.9725399e-14
604.61000,1.1298001e-11,2.9734618e-14
604.62000,1.1302867e-11,2.9728629e-14
604.63000,1.1298259e-11,2.9703261e-14
604.64000,1.1288956e-11,2.9674288e-14
604.65000,1.1277863e-11,2.9648738e-14
604.66000,1.1269017e-11,2.9628934e-14
604.67000,1.1264962e-11,2.9618962e-14
604.68000,1.1268080e-11,2.9625175e-14
604.69000,1.1274977e-11,2.9640101e-14
604.70000,1.1280983e-11,2.9658131e-14
604.71000,1.1282465e-11,2.9685005e-14
604.72000,1.1280934e-11,2.9727751e-14
604.73000,1.1278774e-11,2.9799979e-14
604.74000,1.1277365e-11,2.9901860e-14
604.75000,1.1276176e-11,3.0033050e-14
604.76000,1.1273701e-11,3.0157511e-14
604.77000,1.1270010e-11,3.0236177e-14
604.78000,1.1267358e-11,3.0238110e-14
604.79000,1.1268210e-11,3.0191036e-14
604.80000,1.1273132e-11,3.0125132e-14
604.81000,1.1281078e-11,3.0063201e-14
604.82000,1.1289638e-11,3.0011558e-14
604.83000,1.1297417e-11,2.9965522e-14
604.84000,1.1304269e-11,2.9917474e-14
604.85000,1.1311153e-11,2.9871096e-14
604.86000,1.1318582e-11,2.9845277e-14
604.87000,1.1325838e-11,2.9850635e-14
604.88000,1.1332424e-11,2.9893817e-14
604.89000,1.1339034e-11,2.9955039e-14
604.90000,1.1346327e-11,3.0019272e-14
604.91000,1.1353495e-11,3.0081110e-14
604.92000,1.1358558e-11,3.0141188e-14
604.93000,1.1359170e-11,3.0197503e-14
604.94000,1.1355649e-11,3.0251933e-14
604.95000,1.1351068e-11,3.0311550e-14
604.96000,1.1348161e-11,3.0380648e-14
604.97000,1.1347810e-11,3.0446305e-14
604.98000,1.1351667e-11,3.0490037e-14
604.99000,1.1359799e-11,3.0513858e-14
605.00000,1.1370276e-11,3.0533779e-14
605.01000,1.1377389e-11,3.0560554e-14
605.02000,1.1377066e-11,3.0582726e-14
605.03000,1.1367872e-11,3.0575827e-14
605.04000,1.1354464e-11,3.0528709e-14
605.05000,1.1342543e-11,3.0462378e-14
605.06000,1.1335530e-11,3.0402198e-14
605.07000,1.1331871e-11,3.0361554e-14
605.08000,1.1330825e-11,3.0339877e-14
605.09000,1.1331871e-11,3.0321223e-14
605.10000,1.1335692e-11,3.0302389e-14
605.11000,1.1342523e-11,3.0298427e-14
605.12000,1.1349822e-11,3.0312793e-14
605.13000,1.1355089e-11,3.0326912e-14
605.14000,1.1356913e-11,3.0310374e-14
605.15000,1.1356176e-11,3.0266104e-14
605.16000,1.1353017e-11,3.0210743e-14
605.17000,1.1348477e-11,3.0164887e-14
605.18000,1.1342938e-11,3.0141917e-14
605.19000,1.1338028e-11,3.0144500e-14
605.20000,1.1335989e-11,3.0169016e-14
605.21000,1.1339103e-11,3.0214272e-14
605.22000,1.1344592e-11,3.0272647e-14
605.23000,1.1348219e-11,3.0335883e-14
605.24000,1.1346857e-11,3.0379475e-14
605.25000,1.1342520e-11,3.0391075e-14
605.26000,1.1337982e-11,3.0367131e-14
605.27000,1.1335015e-11,3.0330302e-14
605.28000,1.1334172e-11,3.0288742e-14
605.29000,1.1334125e-11,3.0246742e-14
605.30000,1.1332763e-11,3.0204806e-14
605.31000,1.1327768e-11,3.0161399e-14
605.32000,1.1320045e-11,3.0117452e-14
605.33000,1.1311572e-11,3.0082454e-14
605.34000,1.1304432e-11,3.0077363e-14
605.35000,1.1299160e-11,3.0108283e-14
605.36000,1.1296997e-11,3.0181478e-14
605.37000,1.1298103e-11,3.0269604e-14
605.38000,1.1303002e-11,3.0339221e-14
605.39000,1.1309799e-11,3.0359775e-14
605.40000,1.1316587e-11,3.0336406e-14
605.41000,1.1321859e-11,3.0285097e-14
605.42000,1.1325022e-11,3.0235139e-14
605.43000,1.1326372e-11,3.0201800e-14
605.44000,1.1327187e-11,3.0195400e-14
605.45000,1.1328569e-11,3.0205394e-14
605.46000,1.1329880e-11,3.0216083e-14
605.47000,1.1328586e-11,3.0209463e-14
605.48000,1.1323506e-11,3.0184773e-14
605.49000,1.1313973e-11,3.0152338e-14
605.50000,1.1303259e-11,3.0141367e-14
605.51000,1.1294308e-11,3.0194045e-14
605.52000,1.1288219e-11,3.0323357e-14
605.53000,1.1283904e-11,3.0521165e-14
605.54000,1.1279954e-11,3.0782191e-14
605.55000,1.1275709e-11,3.1075676e-14
605.56000,1.1271408e-11,3.1383270e-14
605.57000,1.1268385e-11,3.1679443e-14
605.58000,1.1269577e-11,3.1950167e-14
605.59000,1.1284703e-11,3.2173218e-14
605.60000,1.1315325e-11,3.2342304e-14
605.61000,1.1357848e-11,3.2425190e-14
605.62000,1.1393881e-11,3.2418824e-14
605.63000,1.1410671e-11,3.2322008e-14
605.64000,1.1401839e-11,3.2084412e-14
605.65000,1.1379904e-11,3.1728759e-14
605.66000,1.1355198e-11,3.1323750e-14
605.67000,1.1335375e-11,3.0989007e-14
605.68000,1.1321495e-11,3.0771145e-14
605.69000,1.1312780e-11,3.0676781e-14
605.70000,1.1306930e-11,3.0662934e-14
605.71000,1.1302868e-11,3.0681872e-14
605.72000,1.1302281e-11,3.0714725e-14
605.73000,1.1304776e-11,3.0746390e-14
605.74000,1.1308966e-11,3.0775912e-14
605.75000,1.1312480e-11,3.0811849e-14
605.76000,1.1315128e-11,3.0857841e-14
605.77000,1.1317760e-11,3.0903953e-14
605.78000,1.1320368e-11,3.0938558e-14
605.79000,1.1321676e-11,3.0965397e-14
605.80000,1.1320457e-11,3.1001363e-14
605.81000,1.1317274e-11,3.1047365e-14
605.82000,1.1312354e-11,3.1083733e-14
605.83000,1.1306663e-11,3.1099250e-14
605.84000,1.1301176e-11,3.1107818e-14
605.85000,1.1297732e-11,3.1147627e-14
605.86000,1.1297338e-11,3.1231153e-14
605.87000,1.1299635e-11,3.1338184e-14
605.88000,1.1301541e-11,3.1417808e-14
605.89000,1.1301253e-11,3.1450134e-14
605.90000,1.1299104e-11,3.1460476e-14
605.91000,1.1296743e-11,3.1489010e-14
605.92000,1.1294510e-11,3.1550204e-14
605.93000,1.1292132e-11,3.1623454e-14
605.94000,1.1289874e-11,3.1676087e-14
605.95000,1.1288738e-11,3.1678044e-14
605.96000,1.1289008e-11,3.1654015e-14
605.97000,1.1290663e-11,3.1624217e-14
605.98000,1.1292336e-11,3.1590202e-14
605.99000,1.1292579e-11,3.1553891e-14
606.00000,1.1290251e-11,3.1553471e-14
606.01000,1.1286568e-11,3.1602865e-14
606.02000,1.1283318e-11,3.1670884e-14
606.03000,1.1282236e-11,3.1710306e-14
606.04000,1.1282594e-11,3.1733797e-14
606.05000,1.1281887e-11,3.1793525e-14
606.06000,1.1278353e-11,3.1891303e-14
606.07000,1.1271381e-11,3.1975661e-14
606.08000,1.1262223e-11,3.1976745e-14
606.09000,1.1251099e-11,3.1907653e-14
606.10000,1.1236298e-11,3.1840248e-14
606.11000,1.1218994e-11,3.1866241e-14
606.12000,1.1204132e-11,3.2017219e-14
606.13000,1.1201370e-11,3.2272599e-14
606.14000,1.1212488e-11,3.2529924e-14
606.15000,1.1234618e-11,3.2701759e-14
606.16000,1.1258601e-11,3.2739319e-14
606.17000,1.1278282e-11,3.2691018e-14
606.18000,1.1291531e-11,3.2600714e-14
606.19000,1.1300835e-11,3.2517278e-14
606.20000,1.1305253e-11,3.2463277e-14
606.21000,1.1304502e-11,3.2444605e-14
606.22000,1.1300089e-11,3.2456054e-14
606.23000,1.1294596e-11,3.2495850e-14
606.24000,1.1291069e-11,3.2546619e-14
606.25000,1.1290251e-11,3.2592617e-14
606.26000,1.1291719e-11,3.2618873e-14
606.27000,1.1294182e-11,3.2628078e-14
606.28000,1.1297160e-11,3.2629137e-14
606.29000,1.1299646e-11,3.2638619e-14
606.30000,1.1300472e-11,3.2667202e-14
606.31000,1.1297601e-11,3.2738105e-14
606.32000,1.1291806e-11,3.2858110e-14
606.33000,1.1284208e-11,3.3052190e-14
606.34000,1.1277419e-11,3.3314395e-14
606.35000,1.1273244e-11,3.3617333e-14
606.36000,1.1274084e-11,3.3906659e-14
606.37000,1.1279461e-11,3.4103090e-14
606.38000,1.1286736e-11,3.4146194e-14
606.39000,1.1289858e-11,3.4045199e-14
606.40000,1.1285718e-11,3.3938073e-14
606.41000,1.1274503e-11,3.3942725e-14
606.42000,1.1260593e-11,3.4072603e-14
606.43000,1.1247268e-11,3.4221475e-14
606.44000,1.1236249e-11,3.4279164e-14
606.45000,1.1229022e-11,3.4265342e-14
606.46000,1.1229243e-11,3.4262214e-14
606.47000,1.1236439e-11,3.4345160e-14
606.48000,1.1246805e-11,3.4483755e-14
606.49000,1.1255623e-11,3.4618744e-14
606.50000,1.1259756e-11,3.4738875e-14
606.51000,1.1259313e-11,3.4879260e-14
606.52000,1.1257604e-11,3.5041322e-14
606.53000,1.1258836e-11,3.5181958e-14
606.54000,1.1265467e-11,3.5288128e-14
606.55000,1.1276528e-11,3.5399473e-14
606.56000,1.1288213e-11,3.5536427e-14
606.57000,1.1296408e-11,3.5693666e-14
606.58000,1.1301084e-11,3.5860449e-14
606.59000,1.1304277e-11,3.6045411e-14
606.60000,1.1308594e-11,3.6247681e-14
606.61000,1.1313142e-11,3.6460869e-14
606.62000,1.1315525e-11,3.6680685e-14
606.63000,1.1314884e-11,3.6899938e-14
606.64000,1.1310842e-11,3.7125513e-14
606.65000,1.1303042e-11,3.7400968e-14
606.66000,1.1293342e-11,3.7765530e-14
606.67000,1.1282277e-11,3.8262315e-14
606.68000,1.1268248e-11,3.8871627e-14
606.69000,1.1250770e-11,3.9497474e-14
606.70000,1.1231746e-11,4.0024293e-14
606.71000,1.1216393e-11,4.0419917e-14
606.72000,1.1209821e-11,4.0659327e-14
606.73000,1.1211833e-11,4.0785167e-14
606.74000,1.1218894e-11,4.0826649e-14
606.75000,1.1227871e-11,4.0745155e-14
606.76000,1.1234911e-11,4.0526930e-14
606.77000,1.1239012e-11,4.0178858e-14
606.78000,1.1242028e-11,3.9752418e-14
606.79000,1.1246495e-11,3.9348479e-14
606.80000,1.1252650e-11,3.9028669e-14
606.81000,1.1258772e-11,3.8809431e-14
606.82000,1.1263470e-11,3.8646962e-14
606.83000,1.1266429e-11,3.8518765e-14
606.84000,1.1269424e-11,3.8403911e-14
606.85000,1.1273406e-11,3.8300846e-14
606.86000,1.1277048e-11,3.8203877e-14
606.87000,1.1278882e-11,3.8108847e-14
606.88000,1.1278741e-11,3.8015714e-14
606.89000,1.1277848e-11,3.7920651e-14
606.90000,1.1276179e-11,3.7814450e-14
606.91000,1.1272937e-11,3.7687212e-14
606.92000,1.1268744e-11,3.7548693e-14
606.93000,1.1264673e-11,3.7410637e-14
606.94000,1.1261901e-11,3.7270160e-14
606.95000,1.1260268e-11,3.7096178e-14
606.96000,1.1258118e-11,3.6782537e-14
606.97000,1.1252355e-11,3.6144578e-14
606.98000,1.1242989e-11,3.5144629e-14
606.99000,1.1232969e-11,3.3784796e-14
607.00000,1.1226756e-11,3.2417224e-14
607.01000,1.1226580e-11,3.1381635e-14
607.02000,1.1229636e-11,3.0789252e-14
607.03000,1.1233174e-11,3.0518727e-14
607.04000,1.1236388e-11,3.0462170e-14
607.05000,1.1239477e-11,3.0467405e-14
607.06000,1.1242084e-11,3.0481304e-14
607.07000,1.1242872e-11,3.0481597e-14
607.08000,1.1241755e-11,3.0465455e-14
607.09000,1.1239569e-11,3.0432644e-14
607.10000,1.1237826e-11,3.0387796e-14
607.11000,1.1236867e-11,3.0339318e-14
607.12000,1.1236420e-11,3.0294698e-14
607.13000,1.1235940e-11,3.0259247e-14
607.14000,1.1234266e-11,3.0239652e-14
607.15000,1.1229379e-11,3.0236443e-14
607.16000,1.1221344e-11,3.0246146e-14
607.17000,1.1213562e-11,3.0266457e-14
607.18000,1.1211527e-11,3.0288574e-14
607.19000,1.1216928e-11,3.0309062e-14
607.20000,1.1227779e-11,3.0331999e-14
607.21000,1.1238257e-11,3.0360168e-14
607.22000,1.1245307e-11,3.0390291e-14
607.23000,1.1248018e-11,3.0417450e-14
607.24000,1.1248311e-11,3.0443652e-14
607.25000,1.1247919e-11,3.0474745e-14
607.26000,1.1248659e-11,3.0509791e-14
607.27000,1.1250313e-11,3.0538102e-14
607.28000,1.1251394e-11,3.0541724e-14
607.29000,1.1251388e-11,3.0525804e-14
607.30000,1.1250931e-11,3.0501999e-14
607.31000,1.1250959e-11,3.0486248e-14
607.32000,1.1251546e-11,3.0479867e-14
607.33000,1.1252811e-11,3.0478263e-14
607.34000,1.1254817e-11,3.0475285e-14
607.35000,1.1257545e-11,3.0470243e-14
607.36000,1.1260121e-11,3.0464623e-14
607.37000,1.1260910e-11,3.0458140e-14
607.38000,1.1258272e-11,3.0448212e-14
607.39000,1.1251977e-11,3.0437013e-14
607.40000,1.1243956e-11,3.0431515e-14
607.41000,1.1235166e-11,3.0433293e-14
607.42000,1.1225838e-11,3.0422112e-14
607.43000,1.1215520e-11,3.0379739e-14
607.44000,1.1202395e-11,3.0294062e-14
607.45000,1.1187613e-11,3.0199263e-14
607.46000,1.1177231e-11,3.0133563e-14
607.47000,1.1179539e-11,3.0114678e-14
607.48000,1.1196077e-11,3.0127378e-14
607.49000,1.1222944e-11,3.0147866e-14
607.50000,1.1248488e-11,3.0155038e-14
607.51000,1.1266476e-11,3.0147359e-14
607.52000,1.1275121e-11,3.0131776e-14
607.53000,1.1278758e-11,3.0116930e-14
607.54000,1.1279492e-11,3.0105411e-14
607.55000,1.1278900e-11,3.0096109e-14
607.56000,1.1278190e-11,3.0085093e-14
607.57000,1.1277199e-11,3.0067822e-14
607.58000,1.1274873e-11,3.0046328e-14
607.59000,1.1271359e-11,3.0028318e-14
607.60000,1.1267866e-11,3.0024144e-14
607.61000,1.1265826e-11,3.0033387e-14
607.62000,1.1266494e-11,3.0055124e-14
607.63000,1.1269582e-11,3.0081975e-14
607.64000,1.1273656e-11,3.0113201e-14
607.65000,1.1276545e-11,3.0161558e-14
607.66000,1.1276722e-11,3.0232811e-14
607.67000,1.1273892e-11,3.0316878e-14
607.68000,1.1268601e-11,3.0391180e-14
607.69000,1.1263092e-11,3.0443856e-14
607.70000,1.1259398e-11,3.0466895e-14
607.71000,1.1258345e-11,3.0458542e-14
607.72000,1.1257850e-11,3.0444537e-14
607.73000,1.1254986e-11,3.0465979e-14
607.74000,1.1248449e-11,3.0552971e-14
607.75000,1.1240435e-11,3.0689480e-14
607.76000,1.1234138e-11,3.0857779e-14
607.77000,1.1230418e-11,3.1019567e-14
607.78000,1.1228671e-11,3.1140852e-14
607.79000,1.1227661e-11,3.1203988e-14
607.80000,1.1227811e-11,3.1211630e-14
607.81000,1.1229995e-11,3.1154256e-14
607.82000,1.1232886e-11,3.1042280e-14
607.83000,1.1234984e-11,3.0882153e-14
607.84000,1.1236615e-11,3.0684925e-14
607.85000,1.1239663e-11,3.0486727e-14
607.86000,1.1244804e-11,3.0317505e-14
607.87000,1.1250290e-11,3.0199295e-14
607.88000,1.1254091e-11,3.0119222e-14
607.89000,1.1255316e-11,3.0068842e-14
607.90000,1.1254400e-11,3.0042841e-14
607.91000,1.1252481e-11,3.0036244e-14
607.92000,1.1250526e-11,3.0046745e-14
607.93000,1.1249422e-11,3.0056105e-14
607.94000,1.1249716e-11,3.0049972e-14
607.95000,1.1251104e-11,3.0028399e-14
607.96000,1.1252834e-11,3.0002680e-14
607.97000,1.1253945e-11,2.9981488e-14
607.98000,1.1253706e-11,2.9967185e-14
607.99000,1.1251998e-11,2.9957244e-14
608.00000,1.1248988e-11,2.9947793e-14
608.01000,1.1245956e-11,2.9935045e-14
608.02000,1.1243994e-11,2.9918252e-14
608.03000,1.1243453e-11,2.9900280e-14
608.04000,1.1243459e-11,2.9885754e-14
608.05000,1.1243743e-11,2.9879510e-14
608.06000,1.1244755e-11,2.9886562e-14
608.07000,1.1246459e-11,2.9903869e-14
608.08000,1.1247830e-11,2.9923678e-14
608.09000,1.1246966e-11,2.9934780e-14
608.10000,1.1243652e-11,2.9938018e-14
608.11000,1.1238575e-11,2.9939241e-14
608.12000,1.1234056e-11,2.9941737e-14
608.13000,1.1231684e-11,2.9943317e-14
608.14000,1.1231598e-11,2.9944978e-14
608.15000,1.1233357e-11,2.9951789e-14
608.16000,1.1237357e-11,2.9966921e-14
608.17000,1.1243010e-11,2.9985956e-14
608.18000,1.1248875e-11,3.0007571e-14
608.19000,1.1252227e-11,3.0036121e-14
608.20000,1.1252389e-11,3.0070426e-14
608.21000,1.1250734e-11,3.0102682e-14
608.22000,1.1249281e-11,3.0118621e-14
608.23000,1.1248034e-11,3.0114840e-14
608.24000,1.1245760e-11,3.0094303e-14
608.25000,1.1242375e-11,3.0071281e-14
608.26000,1.1238939e-11,3.0057300e-14
608.27000,1.1234771e-11,3.0057886e-14
608.28000,1.1226484e-11,3.0068771e-14
608.29000,1.1212997e-11,3.0083740e-14
608.30000,1.1195548e-11,3.0103597e-14
608.31000,1.1179939e-11,3.0129976e-14
608.32000,1.1170886e-11,3.0164650e-14
608.33000,1.1168653e-11,3.0202922e-14
608.34000,1.1170595e-11,3.0238771e-14
608.35000,1.1174634e-11,3.0265825e-14
608.36000,1.1178769e-11,3.0283366e-14
608.37000,1.1182549e-11,3.0292891e-14
608.38000,1.1184839e-11,3.0291133e-14
608.39000,1.1183934e-11,3.0275283e-14
608.40000,1.1177633e-11,3.0241846e-14
608.41000,1.1164505e-11,3.0194441e-14
608.42000,1.1147747e-11,3.0147499e-14
608.43000,1.1131831e-11,3.0115902e-14
608.44000,1.1123262e-11,3.0114370e-14
608.45000,1.1123680e-11,3.0142066e-14
608.46000,1.1133357e-11,3.0199985e-14
608.47000,1.1147213e-11,3.0273030e-14
608.48000,1.1160308e-11,3.0340885e-14
608.49000,1.1168955e-11,3.0378555e-14
608.50000,1.1172733e-11,3.0384729e-14
608.51000,1.1170743e-11,3.0365153e-14
608.52000,1.1166144e-11,3.0346222e-14
608.53000,1.1162839e-11,3.0340408e-14
608.54000,1.1163352e-11,3.0341913e-14
608.55000,1.1166318e-11,3.0334366e-14
608.56000,1.1169371e-11,3.0316713e-14
608.57000,1.1170358e-11,3.0300242e-14
608.58000,1.1168626e-11,3.0290338e-14
608.59000,1.1164176e-11,3.0280224e-14
608.60000,1.1157792e-11,3.0265181e-14
608.61000,1.1151503e-11,3.0249318e-14
608.62000,1.1147459e-11,3.0230561e-14
608.63000,1.1148583e-11,3.0200430e-14
608.64000,1.1154995e-11,3.0164265e-14
608.65000,1.1165647e-11,3.0137000e-14
608.66000,1.1176031e-11,3.0127798e-14
608.67000,1.1183034e-11,3.0128957e-14
608.68000,1.1185264e-11,3.0134404e-14
608.69000,1.1185883e-11,3.0140643e-14
608.70000,1.1186858e-11,3.0145841e-14
608.71000,1.1188119e-11,3.0144126e-14
608.72000,1.1187929e-11,3.0134089e-14
608.73000,1.1185032e-11,3.0126183e-14
608.74000,1.1180412e-11,3.0139870e-14
608.75000,1.1175011e-11,3.0177611e-14
608.76000,1.1168980e-11,3.0225529e-14
608.77000,1.1163115e-11,3.0259792e-14
608.78000,1.1158584e-11,3.0271557e-14
608.79000,1.1156430e-11,3.0260757e-14
608.80000,1.1155766e-11,3.0238496e-14
608.81000,1.1155840e-11,3.0202048e-14
608.82000,1.1156688e-11,3.0133955e-14
608.83000,1.1158263e-11,3.0033100e-14
608.84000,1.1159687e-11,2.9908857e-14
608.85000,1.1159545e-11,2.9787497e-14
608.86000,1.1158322e-11,2.9687476e-14
608.87000,1.1157534e-11,2.9619582e-14
608.88000,1.1158173e-11,2.9579750e-14
608.89000,1.1159376e-11,2.9554369e-14
608.90000,1.1159712e-11,2.9539096e-14
608.91000,1.1159009e-11,2.9528730e-14
608.92000,1.1158137e-11,2.9520656e-14
608.93000,1.1158334e-11,2.9510478e-14
608.94000,1.1159309e-11,2.9497922e-14
608.95000,1.1160242e-11,2.9483188e-14
608.96000,1.1160499e-11,2.9464307e-14
608.97000,1.1159932e-11,2.9439339e-14
608.98000,1.1158471e-11,2.9409710e-14
608.99000,1.1157189e-11,2.9385286e-14
609.00000,1.1157395e-11,2.9385177e-14
609.01000,1.1159942e-11,2.9471921e-14
609.02000,1.1163915e-11,2.9704778e-14
609.03000,1.1168753e-11,3.0140260e-14
609.04000,1.1173777e-11,3.0767727e-14
609.05000,1.1177732e-11,3.1420648e-14
609.06000,1.1179162e-11,3.1954948e-14
609.07000,1.1177258e-11,3.2305488e-14
609.08000,1.1173487e-11,3.2551126e-14
609.09000,1.1170114e-11,3.2745860e-14
609.10000,1.1170034e-11,3.2913146e-14
609.11000,1.1173165e-11,3.3049624e-14
609.12000,1.1178059e-11,3.3126628e-14
609.13000,1.1181677e-11,3.3124466e-14
609.14000,1.1182613e-11,3.3058452e-14
609.15000,1.1179424e-11,3.2936458e-14
609.16000,1.1173710e-11,3.2794096e-14
609.17000,1.1166437e-11,3.2641834e-14
609.18000,1.1158851e-11,3.2487125e-14
609.19000,1.1151731e-11,3.2333944e-14
609.20000,1.1146718e-11,3.2183826e-14
609.21000,1.1145002e-11,3.2032690e-14
609.22000,1.1146173e-11,3.1880105e-14
609.23000,1.1148520e-11,3.1738609e-14
609.24000,1.1149335e-11,3.1621511e-14
609.25000,1.1147574e-11,3.1533232e-14
609.26000,1.1143628e-11,3.1474687e-14
609.27000,1.1139360e-11,3.1433201e-14
609.28000,1.1135478e-11,3.1403620e-14
609.29000,1.1131855e-11,3.1382688e-14
609.30000,1.1128245e-11,3.1364673e-14
609.31000,1.1125067e-11,3.1349606e-14
609.32000,1.1123518e-11,3.1343463e-14
609.33000,1.1123922e-11,3.1344795e-14
609.34000,1.1125646e-11,3.1345277e-14
609.35000,1.1126430e-11,3.1332238e-14
609.36000,1.1125408e-11,3.1298862e-14
609.37000,1.1123400e-11,3.1236991e-14
609.38000,1.1122478e-11,3.1164985e-14
609.39000,1.1122823e-11,3.1105261e-14
609.40000,1.1123126e-11,3.1062915e-14
609.41000,1.1122156e-11,3.1015018e-14
609.42000,1.1120067e-11,3.0939060e-14
609.43000,1.1118621e-11,3.0830519e-14
609.44000,1.1119215e-11,3.0712938e-14
609.45000,1.1123269e-11,3.0627995e-14
609.46000,1.1129670e-11,3.0593792e-14
609.47000,1.1135236e-11,3.0581695e-14
609.48000,1.1135493e-11,3.0554375e-14
609.49000,1.1130054e-11,3.0505685e-14
609.50000,1.1122001e-11,3.0453194e-14
609.51000,1.1115433e-11,3.0411573e-14
609.52000,1.1111760e-11,3.0386877e-14
609.53000,1.1109940e-11,3.0385889e-14
609.54000,1.1108928e-11,3.0398107e-14
609.55000,1.1108636e-11,3.0387619e-14
609.56000,1.1109565e-11,3.0333585e-14
609.57000,1.1111190e-11,3.0262378e-14
609.58000,1.1111789e-11,3.0218903e-14
609.59000,1.1108658e-11,3.0214548e-14
609.60000,1.1097832e-11,3.0210864e-14
609.61000,1.1078283e-11,3.0173833e-14
609.62000,1.1048364e-11,3.0100017e-14
609.63000,1.1013496e-11,3.0026130e-14
609.64000,1.0984161e-11,2.9979143e-14
609.65000,1.0975695e-11,2.9972717e-14
609.66000,1.0993985e-11,3.0000430e-14
609.67000,1.1027153e-11,3.0049942e-14
609.68000,1.1060352e-11,3.0112136e-14
609.69000,1.1083703e-11,3.0163200e-14
609.70000,1.1095785e-11,3.0178051e-14
609.71000,1.1103139e-11,3.0147476e-14
609.72000,1.1109665e-11,3.0084026e-14
609.73000,1.1114308e-11,3.0013178e-14
609.74000,1.1114287e-11,2.9981333e-14
609.75000,1.1108714e-11,3.0013039e-14
609.76000,1.1098802e-11,3.0123921e-14
609.77000,1.1089426e-11,3.0278084e-14
609.78000,1.1083612e-11,3.0424605e-14
609.79000,1.1082714e-11,3.0491936e-14
609.80000,1.1084356e-11,3.0458670e-14
609.81000,1.1086372e-11,3.0343198e-14
609.82000,1.1087953e-11,3.0194856e-14
609.83000,1.1090144e-11,3.0076043e-14
609.84000,1.1093635e-11,3.0010822e-14
609.85000,1.1096671e-11,2.9984355e-14
609.86000,1.1096618e-11,2.9955212e-14
609.87000,1.1091668e-11,2.9909535e-14
609.88000,1.1082436e-11,2.9871237e-14
609.89000,1.1071983e-11,2.9870289e-14
609.90000,1.1062191e-11,2.9932999e-14
609.91000,1.1053896e-11,3.0061782e-14
609.92000,1.1046879e-11,3.0217495e-14
609.93000,1.1040965e-11,3.0341066e-14
609.94000,1.1035299e-11,3.0366042e-14
609.95000,1.1029651e-11,3.0299066e-14
609.96000,1.1025590e-11,3.0160422e-14
609.97000,1.1024170e-11,3.0007396e-14
609.98000,1.1026067e-11,2.9860805e-14
609.99000,1.1030499e-11,2.9736122e-14
610.00000,1.1036769e-11,2.9644208e-14
610.01000,1.1044739e-11,2.9610359e-14
610.02000,1.1052389e-11,2.9642805e-14
610.03000,1.1057863e-11,2.9727003e-14
610.04000,1.1060568e-11,2.9844713e-14
610.05000,1.1062501e-11,2.9955856e-14
610.06000,1.1064485e-11,3.0045357e-14
610.07000,1.1064481e-11,3.0113499e-14
610.08000,1.1060419e-11,3.0159880e-14
610.09000,1.1053202e-11,3.0159915e-14
610.10000,1.1046729e-11,3.0071122e-14
610.11000,1.1045206e-11,2.9912177e-14
610.12000,1.1049558e-11,2.9727217e-14
610.13000,1.1058914e-11,2.9566099e-14
610.14000,1.1070271e-11,2.9450346e-14
610.15000,1.1082151e-11,2.9381371e-14
610.16000,1.1091959e-11,2.9349370e-14
610.17000,1.1097578e-11,2.9317590e-14
610.18000,1.1098537e-11,2.9255384e-14
610.19000,1.1096664e-11,2.9165194e-14
610.20000,1.1093925e-11,2.9096194e-14
610.21000,1.1089207e-11,2.9088414e-14
610.22000,1.1080703e-11,2.9118419e-14
610.23000,1.1069808e-11,2.9116793e-14
610.24000,1.1058909e-11,2.9041187e-14
610.25000,1.1050393e-11,2.8921646e-14
610.26000,1.1044509e-11,2.8821008e-14
610.27000,1.1041644e-11,2.8790383e-14
610.28000,1.1041442e-11,2.8858187e-14
610.29000,1.1042463e-11,2.8997651e-14
610.30000,1.1042752e-11,2.9143932e-14
610.31000,1.1039543e-11,2.9175949e-14
610.32000,1.1032238e-11,2.9076115e-14
610.33000,1.1019683e-11,2.8901669e-14
610.34000,1.1003317e-11,2.8791104e-14
610.35000,1.0982525e-11,2.8839137e-14
610.36000,1.0959824e-11,2.9039563e-14
610.37000,1.0940730e-11,2.9311352e-14
610.38000,1.0933526e-11,2.9590874e-14
610.39000,1.0941060e-11,2.9816114e-14
610.40000,1.0957759e-11,2.9969239e-14
610.41000,1.0977144e-11,3.0014171e-14
610.42000,1.0992565e-11,2.9940793e-14
610.43000,1.1003322e-11,2.9772924e-14
610.44000,1.1010424e-11,2.9562032e-14
610.45000,1.1016413e-11,2.9391351e-14
610.46000,1.1022671e-11,2.9279962e-14
610.47000,1.1030258e-11,2.9208985e-14
610.48000,1.1038723e-11,2.9146140e-14
610.49000,1.1045969e-11,2.9088636e-14
610.50000,1.1048511e-11,2.9027578e-14
610.51000,1.1046033e-11,2.8942991e-14
610.52000,1.1040606e-11,2.8841503e-14
610.53000,1.1036213e-11,2.8775662e-14
610.54000,1.1035505e-11,2.8776863e-14
610.55000,1.1038098e-11,2.8831133e-14
610.56000,1.1040767e-11,2.8889810e-14
610.57000,1.1040315e-11,2.8915557e-14
610.58000,1.1035934e-11,2.8906596e-14
610.59000,1.1029214e-11,2.8885758e-14
610.60000,1.1022738e-11,2.8872302e-14
610.61000,1.1017693e-11,2.8862151e-14
610.62000,1.1014671e-11,2.8846011e-14
610.63000,1.1013580e-11,2.8829365e-14
610.64000,1.1015195e-11,2.8819402e-14
610.65000,1.1020574e-11,2.8814396e-14
610.66000,1.1029335e-11,2.8815831e-14
610.67000,1.1041451e-11,2.8839962e-14
610.68000,1.1055555e-11,2.8891543e-14
610.69000,1.1069239e-11,2.8945906e-14
610.70000,1.1079257e-11,2.8971089e-14
610.71000,1.1082713e-11,2.8953083e-14
610.72000,1.1080117e-11,2.8911318e-14
610.73000,1.1070762e-11,2.8868552e-14
610.74000,1.1055789e-11,2.8846631e-14
610.75000,1.1038165e-11,2.8847464e-14
610.76000,1.1021424e-11,2.8874272e-14
610.77000,1.1008150e-11,2.8913641e-14
610.78000,1.0999375e-11,2.8954509e-14
610.79000,1.0992483e-11,2.8982050e-14
610.80000,1.0984731e-11,2.8994488e-14
610.81000,1.0975406e-11,2.8989573e-14
610.82000,1.0966493e-11,2.8964657e-14
610.83000,1.0960411e-11,2.8918970e-14
610.84000,1.0960057e-11,2.8857152e-14
610.85000,1.0965560e-11,2.8804113e-14
610.86000,1.0974143e-11,2.8777825e-14
610.87000,1.0982864e-11,2.8790643e-14
610.88000,1.0989756e-11,2.8830438e-14
610.89000,1.0995590e-11,2.8876587e-14
610.90000,1.1001480e-11,2.8908059e-14
610.91000,1.1007923e-11,2.8916765e-14
610.92000,1.1014653e-11,2.8915033e-14
610.93000,1.1020765e-11,2.8923682e-14
610.94000,1.1024600e-11,2.8953993e-14
610.95000,1.1025086e-11,2.9003754e-14
610.96000,1.1023008e-11,2.9073897e-14
610.97000,1.1022631e-11,2.9155564e-14
610.98000,1.1027409e-11,2.9231544e-14
610.99000,1.1039016e-11,2.9275011e-14
611.00000,1.1053081e-11,2.9279597e-14
611.01000,1.1064432e-11,2.9250367e-14
611.02000,1.1068027e-11,2.9197776e-14
611.03000,1.1064825e-11,2.9149204e-14
611.04000,1.1057210e-11,2.9130513e-14
611.05000,1.1047710e-11,2.9167742e-14
611.06000,1.1038954e-11,2.9245443e-14
611.07000,1.1032797e-11,2.9340735e-14
611.08000,1.1031778e-11,2.9438248e-14
611.09000,1.1035665e-11,2.9543255e-14
611.10000,1.1042594e-11,2.9662669e-14
611.11000,1.1047244e-11,2.9770078e-14
611.12000,1.1046125e-11,2.9826766e-14
611.13000,1.1039961e-11,2.9811698e-14
611.14000,1.1033833e-11,2.9740738e-14
611.15000,1.1030901e-11,2.9651486e-14
611.16000,1.1030054e-11,2.9550051e-14
611.17000,1.1027878e-11,2.9435931e-14
611.18000,1.1023684e-11,2.9328019e-14
611.19000,1.1019266e-11,2.9258493e-14
611.20000,1.1016859e-11,2.9247977e-14
611.21000,1.1016003e-11,2.9272476e-14
611.22000,1.1015147e-11,2.9301028e-14
611.23000,1.1012697e-11,2.9306433e-14
611.24000,1.1008720e-11,2.9297633e-14
611.25000,1.1004186e-11,2.9300668e-14
611.26000,1.1001473e-11,2.9334109e-14
611.27000,1.1001587e-11,2.9385967e-14
611.28000,1.1003879e-11,2.9443858e-14
611.29000,1.1004810e-11,2.9503217e-14
611.30000,1.1002382e-11,2.9565598e-14
611.31000,1.0996490e-11,2.9627776e-14
611.32000,1.0990001e-11,2.9674948e-14
611.33000,1.0984632e-11,2.9699139e-14
611.34000,1.0979705e-11,2.9698612e-14
611.35000,1.0973480e-11,2.9693179e-14
611.36000,1.0966888e-11,2.9701217e-14
611.37000,1.0963676e-11,2.9743140e-14
611.38000,1.0966594e-11,2.9822482e-14
611.39000,1.0973575e-11,2.9910352e-14
611.40000,1.0981470e-11,2.9933042e-14
611.41000,1.0987297e-11,2.9858301e-14
611.42000,1.0989646e-11,2.9685156e-14
611.43000,1.0989095e-11,2.9488186e-14
611.44000,1.0987165e-11,2.9316728e-14
611.45000,1.0984617e-11,2.9189000e-14
611.46000,1.0982381e-11,2.9107516e-14
611.47000,1.0980928e-11,2.9069308e-14
611.48000,1.0980716e-11,2.9071696e-14
611.49000,1.0981809e-11,2.9075365e-14
611.50000,1.0984001e-11,2.9054930e-14
611.51000,1.0986798e-11,2.9013869e-14
611.52000,1.0988398e-11,2.8982967e-14
611.53000,1.0987887e-11,2.8973099e-14
611.54000,1.0985837e-11,2.8982715e-14
611.55000,1.0984933e-11,2.9013563e-14
611.56000,1.0986450e-11,2.9085995e-14
611.57000,1.0990063e-11,2.9235990e-14
611.58000,1.0993007e-11,2.9451734e-14
611.59000,1.0993155e-11,2.9685916e-14
611.60000,1.0989453e-11,2.9889178e-14
611.61000,1.0984698e-11,3.0033519e-14
611.62000,1.0982903e-11,3.0122710e-14
611.63000,1.0987798e-11,3.0152265e-14
611.64000,1.0997452e-11,3.0137395e-14
611.65000,1.1006745e-11,3.0096381e-14
611.66000,1.1011106e-11,3.0044705e-14
611.67000,1.1011103e-11,2.9999277e-14
611.68000,1.1009800e-11,2.9961734e-14
611.69000,1.1007684e-11,2.9917151e-14
611.70000,1.1002495e-11,2.9840733e-14
611.71000,1.0993156e-11,2.9724914e-14
611.72000,1.0981436e-11,2.9584965e-14
611.73000,1.0971562e-11,2.9464963e-14
611.74000,1.0965527e-11,2.9392608e-14
611.75000,1.0964756e-11,2.9387324e-14
611.76000,1.0968160e-11,2.9431587e-14
611.77000,1.0973979e-11,2.9500829e-14
611.78000,1.0979899e-11,2.9564875e-14
611.79000,1.0983552e-11,2.9599310e-14
611.80000,1.0984415e-11,2.9605891e-14
611.81000,1.0983730e-11,2.9600571e-14
611.82000,1.0984349e-11,2.9602484e-14
611.83000,1.0987082e-11,2.9616786e-14
611.84000,1.0989982e-11,2.9651602e-14
611.85000,1.0989889e-11,2.9712141e-14
611.86000,1.0985727e-11,2.9794601e-14
611.87000,1.0977797e-11,2.9874849e-14
611.88000,1.0968334e-11,2.9925190e-14
611.89000,1.0958774e-11,2.9945325e-14
611.90000,1.0951107e-11,2.9957206e-14
611.91000,1.0947040e-11,2.9985647e-14
611.92000,1.0947004e-11,3.0034733e-14
611.93000,1.0949050e-11,3.0099816e-14
611.94000,1.0949165e-11,3.0171586e-14
611.95000,1.0945899e-11,3.0249224e-14
611.96000,1.0940360e-11,3.0329679e-14
611.97000,1.0935496e-11,3.0397218e-14
611.98000,1.0933053e-11,3.0431365e-14
611.99000,1.0934307e-11,3.0410797e-14
612.00000,1.0938044e-11,3.0350845e-14
612.01000,1.0942684e-11,3.0275110e-14
612.02000,1.0946666e-11,3.0212705e-14
612.03000,1.0949494e-11,3.0176498e-14
612.04000,1.0951317e-11,3.0164360e-14
612.05000,1.0952217e-11,3.0170957e-14
612.06000,1.0952424e-11,3.0186688e-14
612.07000,1.0951983e-11,3.0209584e-14
612.08000,1.0950961e-11,3.0241295e-14
612.09000,1.0949397e-11,3.0280551e-14
612.10000,1.0946479e-11,3.0325987e-14
612.11000,1.0940704e-11,3.0372232e-14
612.12000,1.0933035e-11,3.0412711e-14
612.13000,1.0926022e-11,3.0446725e-14
612.14000,1.0922877e-11,3.0478852e-14
612.15000,1.0922671e-11,3.0515347e-14
612.16000,1.0922379e-11,3.0555812e-14
612.17000,1.0919164e-11,3.0586042e-14
612.18000,1.0914590e-11,3.0599562e-14
612.19000,1.0912113e-11,3.0610079e-14
612.20000,1.0915007e-11,3.0635536e-14
612.21000,1.0921596e-11,3.0669330e-14
612.22000,1.0929360e-11,3.0710187e-14
612.23000,1.0937110e-11,3.0782516e-14
612.24000,1.0945609e-11,3.0885275e-14
612.25000,1.0955043e-11,3.0988497e-14
612.26000,1.0962809e-11,3.1070875e-14
612.27000,1.0966178e-11,3.1161012e-14
612.28000,1.0963951e-11,3.1281553e-14
612.29000,1.0956317e-11,3.1392277e-14
612.30000,1.0946409e-11,3.1428099e-14
612.31000,1.0936550e-11,3.1376718e-14
612.32000,1.0929383e-11,3.1312363e-14
612.33000,1.0925844e-11,3.1335622e-14
612.34000,1.0926033e-11,3.1477877e-14
612.35000,1.0929227e-11,3.1675780e-14
612.36000,1.0932729e-11,3.1799151e-14
612.37000,1.0934256e-11,3.1777258e-14
612.38000,1.0932697e-11,3.1619653e-14
612.39000,1.0930289e-11,3.1442124e-14
612.40000,1.0928976e-11,3.1321941e-14
612.41000,1.0928957e-11,3.1312069e-14
612.42000,1.0928583e-11,3.1392758e-14
612.43000,1.0926896e-11,3.1541257e-14
612.44000,1.0924273e-11,3.1729804e-14
612.45000,1.0922642e-11,3.1922386e-14
612.46000,1.0923804e-11,3.2105364e-14
612.47000,1.0928592e-11,3.2266977e-14
612.48000,1.0934305e-11,3.2400052e-14
612.49000,1.0937761e-11,3.2494796e-14
612.50000,1.0936311e-11,3.2541485e-14
612.51000,1.0932083e-11,3.2555191e-14
612.52000,1.0928736e-11,3.2545766e-14
612.53000,1.0930597e-11,3.2518803e-14
612.54000,1.0937685e-11,3.2485012e-14
612.55000,1.0947874e-11,3.2453999e-14
612.56000,1.0957925e-11,3.2443537e-14
612.57000,1.0965530e-11,3.2467054e-14
612.58000,1.0969994e-11,3.2537506e-14
612.59000,1.0970926e-11,3.2669217e-14
612.60000,1.0969903e-11,3.2835077e-14
612.61000,1.0968561e-11,3.2986566e-14
612.62000,1.0968073e-11,3.3036583e-14
612.63000,1.0967629e-11,3.2955569e-14
612.64000,1.0965707e-11,3.2777663e-14
612.65000,1.0962046e-11,3.2601702e-14
612.66000,1.0959222e-11,3.2525508e-14
612.67000,1.0959648e-11,3.2562932e-14
612.68000,1.0964175e-11,3.2659110e-14
612.69000,1.0969750e-11,3.2728162e-14
612.70000,1.0973113e-11,3.2771405e-14
612.71000,1.0971040e-11,3.2873665e-14
612.72000,1.0963909e-11,3.3090366e-14
612.73000,1.0953605e-11,3.3390371e-14
612.74000,1.0942459e-11,3.3695859e-14
612.75000,1.0932644e-11,3.3946301e-14
612.76000,1.0925135e-11,3.4127836e-14
612.77000,1.0920846e-11,3.4208576e-14
612.78000,1.0918599e-11,3.4192729e-14
612.79000,1.0916644e-11,3.4114992e-14
612.80000,1.0914007e-11,3.4024689e-14
612.81000,1.0912026e-11,3.3958054e-14
612.82000,1.0913074e-11,3.3915679e-14
612.83000,1.0919650e-11,3.3889689e-14
612.84000,1.0930696e-11,3.3862201e-14
612.85000,1.0943726e-11,3.3829680e-14
612.86000,1.0955806e-11,3.3829105e-14
612.87000,1.0964653e-11,3.3939123e-14
612.88000,1.0969928e-11,3.4228510e-14
612.89000,1.0971223e-11,3.4698660e-14
612.90000,1.0969059e-11,3.5102669e-14
612.91000,1.0964032e-11,3.5194753e-14
612.92000,1.0957457e-11,3.4865782e-14
612.93000,1.0952111e-11,3.4386169e-14
612.94000,1.0948931e-11,3.4003186e-14
612.95000,1.0947208e-11,3.3804456e-14
612.96000,1.0945029e-11,3.3661511e-14
612.97000,1.0941793e-11,3.3398843e-14
612.98000,1.0937688e-11,3.2820379e-14
612.99000,1.0933562e-11,3.1919836e-14
613.00000,1.0930187e-11,3.0898077e-14
613.01000,1.0929023e-11,3.0026391e-14
613.02000,1.0931543e-11,2.9488231e-14
613.03000,1.0937816e-11,2.9223840e-14
613.04000,1.0946995e-11,2.9159406e-14
613.05000,1.0955735e-11,2.9166778e-14
613.06000,1.0962044e-11,2.9191082e-14
613.07000,1.0965087e-11,2.9220180e-14
613.08000,1.0965887e-11,2.9249488e-14
613.09000,1.0965317e-11,2.9278931e-14
613.10000,1.0962886e-11,2.9304832e-14
613.11000,1.0958314e-11,2.9315083e-14
613.12000,1.0952306e-11,2.9300495e-14
613.13000,1.0945992e-11,2.9254189e-14
613.14000,1.0941532e-11,2.9193249e-14
613.15000,1.0939814e-11,2.9139931e-14
613.16000,1.0940996e-11,2.9108603e-14
613.17000,1.0943118e-11,2.9097330e-14
613.18000,1.0944994e-11,2.9099174e-14
613.19000,1.0947060e-11,2.9107796e-14
613.20000,1.0950199e-11,2.9122051e-14
613.21000,1.0953561e-11,2.9138092e-14
613.22000,1.0955522e-11,2.9153059e-14
613.23000,1.0954072e-11,2.9168049e-14
613.24000,1.0948843e-11,2.9189375e-14
613.25000,1.0941452e-11,2.9220600e-14
613.26000,1.0933450e-11,2.9262554e-14
613.27000,1.0926396e-11,2.9302521e-14
613.28000,1.0920700e-11,2.9327375e-14
613.29000,1.0917118e-11,2.9329152e-14
613.30000,1.0916273e-11,2.9319761e-14
613.31000,1.0917533e-11,2.9314535e-14
613.32000,1.0920047e-11,2.9317897e-14
613.33000,1.0922153e-11,2.9321494e-14
613.34000,1.0922853e-11,2.9318534e-14
613.35000,1.0921863e-11,2.9309858e-14
613.36000,1.0920348e-11,2.9307348e-14
613.37000,1.0919372e-11,2.9320234e-14
613.38000,1.0918664e-11,2.9351109e-14
613.39000,1.0916891e-11,2.9386416e-14
613.40000,1.0913719e-11,2.9408959e-14
613.41000,1.0909859e-11,2.9408071e-14
613.42000,1.0907234e-11,2.9387343e-14
613.43000,1.0906971e-11,2.9363484e-14
613.44000,1.0909473e-11,2.9347474e-14
613.45000,1.0914199e-11,2.9343130e-14
613.46000,1.0919580e-11,2.9348424e-14
613.47000,1.0923999e-11,2.9368568e-14
613.48000,1.0925334e-11,2.9413109e-14
613.49000,1.0923805e-11,2.9476874e-14
613.50000,1.0921195e-11,2.9549047e-14
613.51000,1.0920329e-11,2.9612618e-14
613.52000,1.0921575e-11,2.9660394e-14
613.53000,1.0922959e-11,2.9695674e-14
613.54000,1.0920992e-11,2.9726893e-14
613.55000,1.0914809e-11,2.9759394e-14
613.56000,1.0905627e-11,2.9790855e-14
613.57000,1.0896783e-11,2.9818154e-14
613.58000,1.0891844e-11,2.9845044e-14
613.59000,1.0892024e-11,2.9878358e-14
613.60000,1.0895916e-11,2.9923494e-14
613.61000,1.0898858e-11,2.9974280e-14
613.62000,1.0898231e-11,3.0021267e-14
613.63000,1.0893789e-11,3.0055818e-14
613.64000,1.0888313e-11,3.0079636e-14
613.65000,1.0883464e-11,3.0099399e-14
613.66000,1.0879969e-11,3.0121662e-14
613.67000,1.0878094e-11,3.0146752e-14
613.68000,1.0878131e-11,3.0165890e-14
613.69000,1.0880470e-11,3.0162760e-14
613.70000,1.0884494e-11,3.0131824e-14
613.71000,1.0889536e-11,3.0082725e-14
613.72000,1.0894587e-11,3.0026954e-14
613.73000,1.0897792e-11,2.9975206e-14
613.74000,1.0898711e-11,2.9927487e-14
613.75000,1.0898360e-11,2.9882825e-14
613.76000,1.0899279e-11,2.9845162e-14
613.77000,1.0902048e-11,2.9821745e-14
613.78000,1.0905700e-11,2.9822378e-14
613.79000,1.0907837e-11,2.9846841e-14
613.80000,1.0907261e-11,2.9888677e-14
613.81000,1.0902739e-11,2.9951013e-14
613.82000,1.0895293e-11,3.0032016e-14
613.83000,1.0888001e-11,3.0123724e-14
613.84000,1.0883909e-11,3.0209092e-14
613.85000,1.0885294e-11,3.0259960e-14
613.86000,1.0890346e-11,3.0251723e-14
613.87000,1.0896059e-11,3.0190009e-14
613.88000,1.0901175e-11,3.0082257e-14
613.89000,1.0906291e-11,2.9957939e-14
613.90000,1.0912436e-11,2.9841178e-14
613.91000,1.0920136e-11,2.9742680e-14
613.92000,1.0928061e-11,2.9657507e-14
613.93000,1.0934300e-11,2.9575470e-14
613.94000,1.0937181e-11,2.9498502e-14
613.95000,1.0936060e-11,2.9442623e-14
613.96000,1.0932019e-11,2.9414374e-14
613.97000,1.0925519e-11,2.9410299e-14
613.98000,1.0917479e-11,2.9411829e-14
613.99000,1.0909748e-11,2.9403617e-14
614.00000,1.0904207e-11,2.9383172e-14
614.01000,1.0901763e-11,2.9354438e-14
614.02000,1.0900031e-11,2.9320920e-14
614.03000,1.0895673e-11,2.9280890e-14
614.04000,1.0885343e-11,2.9234109e-14
614.05000,1.0870047e-11,2.9186324e-14
614.06000,1.0851231e-11,2.9141956e-14
614.07000,1.0829338e-11,2.9102767e-14
614.08000,1.0805253e-11,2.9065034e-14
614.09000,1.0780518e-11,2.9025947e-14
614.10000,1.0759190e-11,2.8989524e-14
614.11000,1.0745009e-11,2.8964476e-14
614.12000,1.0739696e-11,2.8954534e-14
614.13000,1.0744778e-11,2.8959085e-14
614.14000,1.0757002e-11,2.8972366e-14
614.15000,1.0773087e-11,2.8995193e-14
614.16000,1.0791674e-11,2.9037057e-14
614.17000,1.0812569e-11,2.9103991e-14
614.18000,1.0836341e-11,2.9195395e-14
614.19000,1.0862667e-11,2.9311890e-14
614.20000,1.0888035e-11,2.9439670e-14
614.21000,1.0909363e-11,2.9559508e-14
614.22000,1.0923628e-11,2.9646963e-14
614.23000,1.0930232e-11,2.9687155e-14
614.24000,1.0930969e-11,2.9689252e-14
614.25000,1.0926504e-11,2.9658918e-14
614.26000,1.0919411e-11,2.9614737e-14
614.27000,1.0909933e-11,2.9569618e-14
614.28000,1.0896617e-11,2.9529903e-14
614.29000,1.0874253e-11,2.9496954e-14
614.30000,1.0838215e-11,2.9460531e-14
614.31000,1.0790898e-11,2.9408853e-14
614.32000,1.0739040e-11,2.9333007e-14
614.33000,1.0700857e-11,2.9248000e-14
614.34000,1.0688634e-11,2.9180582e-14
614.35000,1.0710469e-11,2.9152697e-14
614.36000,1.0756098e-11,2.9161142e-14
614.37000,1.0803169e-11,2.9180327e-14
614.38000,1.0836999e-11,2.9196375e-14
614.39000,1.0852479e-11,2.9208335e-14
614.40000,1.0857511e-11,2.9220900e-14
614.41000,1.0858216e-11,2.9235138e-14
614.42000,1.0858747e-11,2.9250392e-14
614.43000,1.0859967e-11,2.9266002e-14
614.44000,1.0860734e-11,2.9279786e-14
614.45000,1.0859916e-11,2.9284791e-14
614.46000,1.0858129e-11,2.9278340e-14
614.47000,1.0856285e-11,2.9262833e-14
614.48000,1.0855135e-11,2.9243312e-14
614.49000,1.0855221e-11,2.9226679e-14
614.50000,1.0857011e-11,2.9219235e-14
614.51000,1.0860235e-11,2.9228250e-14
614.52000,1.0862835e-11,2.9250154e-14
614.53000,1.0863467e-11,2.9278225e-14
614.54000,1.0861679e-11,2.9309824e-14
614.55000,1.0858005e-11,2.9340930e-14
614.56000,1.0852717e-11,2.9364398e-14
614.57000,1.0846506e-11,2.9373843e-14
614.58000,1.0842024e-11,2.9381071e-14
614.59000,1.0840804e-11,2.9404776e-14
614.60000,1.0843137e-11,2.9457588e-14
614.61000,1.0846357e-11,2.9524064e-14
614.62000,1.0847619e-11,2.9574224e-14
614.63000,1.0846271e-11,2.9594835e-14
614.64000,1.0842120e-11,2.9587248e-14
614.65000,1.0834985e-11,2.9578544e-14
614.66000,1.0824297e-11,2.9587132e-14
614.67000,1.0808407e-11,2.9618864e-14
614.68000,1.0788573e-11,2.9659377e-14
614.69000,1.0768979e-11,2.9689576e-14
614.70000,1.0753442e-11,2.9693676e-14
614.71000,1.0742715e-11,2.9664912e-14
614.72000,1.0733892e-11,2.9614542e-14
614.73000,1.0725537e-11,2.9552126e-14
614.74000,1.0717299e-11,2.9485512e-14
614.75000,1.0707324e-11,2.9417306e-14
614.76000,1.0690671e-11,2.9346565e-14
614.77000,1.0659554e-11,2.9274674e-14
614.78000,1.0615869e-11,2.9207254e-14
614.79000,1.0568783e-11,2.9154066e-14
614.80000,1.0539119e-11,2.9134096e-14
614.81000,1.0541056e-11,2.9149812e-14
614.82000,1.0572538e-11,2.9187124e-14
614.83000,1.0618689e-11,2.9219122e-14
614.84000,1.0656212e-11,2.9224955e-14
614.85000,1.0678399e-11,2.9208922e-14
614.86000,1.0687329e-11,2.9186687e-14
614.87000,1.0691978e-11,2.9178863e-14
614.88000,1.0695981e-11,2.9190613e-14
614.89000,1.0697937e-11,2.9219826e-14
614.90000,1.0693460e-11,2.9248563e-14
614.91000,1.0678516e-11,2.9260164e-14
614.92000,1.0646186e-11,2.9240277e-14
614.93000,1.0598563e-11,2.9195491e-14
614.94000,1.0549546e-11,2.9150249e-14
614.95000,1.0518764e-11,2.9132668e-14
614.96000,1.0530124e-11,2.9177994e-14
614.97000,1.0584792e-11,2.9297090e-14
614.98000,1.0656522e-11,2.9457936e-14
614.99000,1.0719994e-11,2.9618968e-14
615.00000,1.0758332e-11,2.9729165e-14
615.01000,1.0776576e-11,2.9779933e-14
615.02000,1.0781426e-11,2.9780267e-14
615.03000,1.0780265e-11,2.9754826e-14
615.04000,1.0779106e-11,2.9728774e-14
615.05000,1.0780369e-11,2.9714832e-14
615.06000,1.0784027e-11,2.9723147e-14
615.07000,1.0787312e-11,2.9748333e-14
615.08000,1.0788066e-11,2.9782836e-14
615.09000,1.0785096e-11,2.9840022e-14
615.10000,1.0779683e-11,2.9972048e-14
615.11000,1.0773215e-11,3.0258547e-14
615.12000,1.0767392e-11,3.0783550e-14
615.13000,1.0764228e-11,3.1452239e-14
615.14000,1.0764662e-11,3.2091241e-14
615.15000,1.0768629e-11,3.2526397e-14
615.16000,1.0773037e-11,3.2719789e-14
615.17000,1.0775491e-11,3.2760743e-14
615.18000,1.0775730e-11,3.2710612e-14
615.19000,1.0776397e-11,3.2639402e-14
615.20000,1.0779565e-11,3.2568464e-14
615.21000,1.0784410e-11,3.2497086e-14
615.22000,1.0789079e-11,3.2415959e-14
615.23000,1.0791589e-11,3.2315939e-14
615.24000,1.0791790e-11,3.2198995e-14
615.25000,1.0790204e-11,3.2072066e-14
615.26000,1.0788542e-11,3.1952052e-14
615.27000,1.0787764e-11,3.1847165e-14
615.28000,1.0787974e-11,3.1754798e-14
615.29000,1.0789324e-11,3.1660202e-14
615.30000,1.0792122e-11,3.1555214e-14
615.31000,1.0796585e-11,3.1445496e-14
615.32000,1.0801725e-11,3.1346295e-14
615.33000,1.0805824e-11,3.1261331e-14
615.34000,1.0808249e-11,3.1183781e-14
615.35000,1.0809610e-11,3.1105897e-14
615.36000,1.0810968e-11,3.1028287e-14
615.37000,1.0811800e-11,3.0956773e-14
615.38000,1.0810251e-11,3.0894030e-14
615.39000,1.0805865e-11,3.0829937e-14
615.40000,1.0800015e-11,3.0753162e-14
615.41000,1.0794026e-11,3.0663013e-14
615.42000,1.0787887e-11,3.0581278e-14
615.43000,1.0780453e-11,3.0522390e-14
615.44000,1.0771250e-11,3.0485855e-14
615.45000,1.0762319e-11,3.0452200e-14
615.46000,1.0756119e-11,3.0407345e-14
615.47000,1.0752349e-11,3.0348121e-14
615.48000,1.0749619e-11,3.0267880e-14
615.49000,1.0746593e-11,3.0170772e-14
615.50000,1.0743468e-11,3.0073166e-14
615.51000,1.0740833e-11,2.9991749e-14
615.52000,1.0738535e-11,2.9933685e-14
615.53000,1.0735212e-11,2.9891324e-14
615.54000,1.0728083e-11,2.9865233e-14
615.55000,1.0712629e-11,2.9871847e-14
615.56000,1.0687537e-11,2.9919422e-14
615.57000,1.0651345e-11,3.0004646e-14
615.58000,1.0600451e-11,3.0095446e-14
615.59000,1.0535155e-11,3.0139581e-14
615.60000,1.0456519e-11,3.0098400e-14
615.61000,1.0374890e-11,2.9955593e-14
615.62000,1.0315881e-11,2.9783442e-14
615.63000,1.0300940e-11,2.9667610e-14
615.64000,1.0341958e-11,2.9669893e-14
615.65000,1.0404918e-11,2.9738858e-14
615.66000,1.0445944e-11,2.9771521e-14
615.67000,1.0426360e-11,2.9669463e-14
615.68000,1.0345685e-11,2.9419952e-14
615.69000,1.0234468e-11,2.9084421e-14
615.70000,1.0140510e-11,2.8769944e-14
615.71000,1.0117484e-11,2.8593568e-14
615.72000,1.0185407e-11,2.8611472e-14
615.73000,1.0307950e-11,2.8762550e-14
615.74000,1.0443224e-11,2.8968696e-14
615.75000,1.0547020e-11,2.9113039e-14
615.76000,1.0610912e-11,2.9149541e-14
615.77000,1.0638177e-11,2.9095962e-14
615.78000,1.0635206e-11,2.9027141e-14
615.79000,1.0609552e-11,2.8991111e-14
615.80000,1.0555140e-11,2.8971669e-14
615.81000,1.0457237e-11,2.8907221e-14
615.82000,1.0323243e-11,2.8753499e-14
615.83000,1.0174692e-11,2.8511925e-14
615.84000,1.0059836e-11,2.8247032e-14
615.85000,1.0029376e-11,2.8078274e-14
615.86000,1.0096841e-11,2.8061738e-14
615.87000,1.0252759e-11,2.8210109e-14
615.88000,1.0429173e-11,2.8437307e-14
615.89000,1.0576574e-11,2.8659472e-14
615.90000,1.0668913e-11,2.8817847e-14
615.91000,1.0715150e-11,2.8899902e-14
615.92000,1.0731210e-11,2.8932727e-14
615.93000,1.0734173e-11,2.8954279e-14
615.94000,1.0730394e-11,2.8972242e-14
615.95000,1.0724074e-11,2.8983154e-14
615.96000,1.0717217e-11,2.8999410e-14
615.97000,1.0710517e-11,2.9042022e-14
615.98000,1.0705057e-11,2.9106773e-14
615.99000,1.0701675e-11,2.9159490e-14
616.00000,1.0700662e-11,2.9177759e-14
616.01000,1.0701535e-11,2.9168533e-14
616.02000,1.0703085e-11,2.9157739e-14
616.03000,1.0704475e-11,2.9140661e-14
616.04000,1.0704496e-11,2.9076418e-14
616.05000,1.0702710e-11,2.8944555e-14
616.06000,1.0699690e-11,2.8772242e-14
616.07000,1.0696209e-11,2.8622255e-14
616.08000,1.0692825e-11,2.8556947e-14
616.09000,1.0689766e-11,2.8576019e-14
616.10000,1.0688226e-11,2.8647652e-14
616.11000,1.0689742e-11,2.8689568e-14
616.12000,1.0694466e-11,2.8650055e-14
616.13000,1.0699680e-11,2.8558110e-14
616.14000,1.0701623e-11,2.8469067e-14
616.15000,1.0698129e-11,2.8443471e-14
616.16000,1.0690859e-11,2.8491219e-14
616.17000,1.0681947e-11,2.8604586e-14
616.18000,1.0674625e-11,2.8719851e-14
616.19000,1.0670905e-11,2.8763691e-14
616.20000,1.0671801e-11,2.8704760e-14
616.21000,1.0676805e-11,2.8586636e-14
616.22000,1.0682755e-11,2.8500146e-14
616.23000,1.0687313e-11,2.8479081e-14
616.24000,1.0689157e-11,2.8501592e-14
616.25000,1.0689430e-11,2.8513245e-14
616.26000,1.0689910e-11,2.8507155e-14
616.27000,1.0692010e-11,2.8522441e-14
616.28000,1.0695294e-11,2.8607999e-14
616.29000,1.0698537e-11,2.8768597e-14
616.30000,1.0701180e-11,2.8996939e-14
616.31000,1.0702456e-11,2.9245375e-14
616.32000,1.0699031e-11,2.9459810e-14
616.33000,1.0688145e-11,2.9605693e-14
616.34000,1.0666679e-11,2.9638535e-14
616.35000,1.0637595e-11,2.9553400e-14
616.36000,1.0607716e-11,2.9403696e-14
616.37000,1.0583171e-11,2.9239685e-14
616.38000,1.0571290e-11,2.9106837e-14
616.39000,1.0575246e-11,2.9015686e-14
616.40000,1.0596901e-11,2.8971686e-14
616.41000,1.0631361e-11,2.8985850e-14
616.42000,1.0664370e-11,2.9044245e-14
616.43000,1.0687806e-11,2.9131019e-14
616.44000,1.0699315e-11,2.9221868e-14
616.45000,1.0704143e-11,2.9283343e-14
616.46000,1.0705846e-11,2.9299290e-14
616.47000,1.0705780e-11,2.9261559e-14
616.48000,1.0706621e-11,2.9184953e-14
616.49000,1.0710617e-11,2.9083574e-14
616.50000,1.0719698e-11,2.8962451e-14
616.51000,1.0732577e-11,2.8844543e-14
616.52000,1.0745711e-11,2.8756866e-14
616.53000,1.0755058e-11,2.8699602e-14
616.54000,1.0756515e-11,2.8656070e-14
616.55000,1.0748863e-11,2.8598886e-14
616.56000,1.0735935e-11,2.8524999e-14
616.57000,1.0721743e-11,2.8455956e-14
616.58000,1.0711172e-11,2.8434552e-14
616.59000,1.0705741e-11,2.8467509e-14
616.60000,1.0704100e-11,2.8524271e-14
616.61000,1.0702802e-11,2.8544156e-14
616.62000,1.0698958e-11,2.8502574e-14
616.63000,1.0692833e-11,2.8431954e-14
616.64000,1.0685244e-11,2.8383512e-14
616.65000,1.0675884e-11,2.8379680e-14
616.66000,1.0663812e-11,2.8399118e-14
616.67000,1.0649540e-11,2.8427631e-14
616.68000,1.0637346e-11,2.8458172e-14
616.69000,1.0631889e-11,2.8474719e-14
616.70000,1.0632808e-11,2.8456133e-14
616.71000,1.0638165e-11,2.8385690e-14
616.72000,1.0644343e-11,2.8284531e-14
616.73000,1.0649553e-11,2.8186852e-14
616.74000,1.0653309e-11,2.8105324e-14
616.75000,1.0655393e-11,2.8028724e-14
616.76000,1.0656616e-11,2.7950476e-14
616.77000,1.0658423e-11,2.7897190e-14
616.78000,1.0662493e-11,2.7918106e-14
616.79000,1.0667941e-11,2.8001620e-14
616.80000,1.0672097e-11,2.8094857e-14
616.81000,1.0671516e-11,2.8148455e-14
616.82000,1.0665395e-11,2.8175136e-14
616.83000,1.0655810e-11,2.8234415e-14
616.84000,1.0645206e-11,2.8397485e-14
616.85000,1.0636490e-11,2.8678378e-14
616.86000,1.0630500e-11,2.9026234e-14
616.87000,1.0625488e-11,2.9343256e-14
616.88000,1.0618815e-11,2.9516312e-14
616.89000,1.0608252e-11,2.9485569e-14
616.90000,1.0594727e-11,2.9321017e-14
616.91000,1.0580536e-11,2.9104541e-14
616.92000,1.0569429e-11,2.8912299e-14
616.93000,1.0563296e-11,2.8759041e-14
616.94000,1.0562977e-11,2.8632847e-14
616.95000,1.0568977e-11,2.8524529e-14
616.96000,1.0578901e-11,2.8423527e-14
616.97000,1.0590404e-11,2.8323808e-14
616.98000,1.0601273e-11,2.8224810e-14
616.99000,1.0609764e-11,2.8129797e-14
617.00000,1.0615877e-11,2.8042505e-14
617.01000,1.0620159e-11,2.7975779e-14
617.02000,1.0624490e-11,2.7943563e-14
617.03000,1.0630557e-11,2.7953933e-14
617.04000,1.0638535e-11,2.7994616e-14
617.05000,1.0647602e-11,2.8058805e-14
617.06000,1.0655281e-11,2.8125542e-14
617.07000,1.0660149e-11,2.8161132e-14
617.08000,1.0662183e-11,2.8128120e-14
617.09000,1.0662740e-11,2.8017214e-14
617.10000,1.0663195e-11,2.7887225e-14
617.11000,1.0663490e-11,2.7794545e-14
617.12000,1.0663251e-11,2.7784857e-14
617.13000,1.0663181e-11,2.7853140e-14
617.14000,1.0664681e-11,2.7972640e-14
617.15000,1.0669457e-11,2.8110362e-14
617.16000,1.0677622e-11,2.8227259e-14
617.17000,1.0687717e-11,2.8323002e-14
617.18000,1.0698361e-11,2.8412357e-14
617.19000,1.0707543e-11,2.8505416e-14
617.20000,1.0712996e-11,2.8587464e-14
617.21000,1.0714137e-11,2.8645865e-14
617.22000,1.0711228e-11,2.8677964e-14
617.23000,1.0707276e-11,2.8690454e-14
617.24000,1.0705091e-11,2.8691041e-14
617.25000,1.0704400e-11,2.8683422e-14
617.26000,1.0701362e-11,2.8666344e-14
617.27000,1.0693272e-11,2.8625599e-14
617.28000,1.0681163e-11,2.8544053e-14
617.29000,1.0668411e-11,2.8425340e-14
617.30000,1.0658120e-11,2.8313805e-14
617.31000,1.0650410e-11,2.8237832e-14
617.32000,1.0645178e-11,2.8203982e-14
617.33000,1.0641324e-11,2.8188891e-14
617.34000,1.0637396e-11,2.8175312e-14
617.35000,1.0632751e-11,2.8160325e-14
617.36000,1.0628720e-11,2.8149244e-14
617.37000,1.0628038e-11,2.8149668e-14
617.38000,1.0630886e-11,2.8162704e-14
617.39000,1.0635667e-11,2.8183080e-14
617.40000,1.0638878e-11,2.8195074e-14
617.41000,1.0638546e-11,2.8191229e-14
617.42000,1.0635094e-11,2.8178110e-14
617.43000,1.0630321e-11,2.8172115e-14
617.44000,1.0626172e-11,2.8185101e-14
617.45000,1.0623452e-11,2.8216726e-14
617.46000,1.0623236e-11,2.8265080e-14
617.47000,1.0624911e-11,2.8325277e-14
617.48000,1.0625355e-11,2.8398424e-14
617.49000,1.0621348e-11,2.8478596e-14
617.50000,1.0609356e-11,2.8543507e-14
617.51000,1.0588946e-11,2.8557027e-14
617.52000,1.0563587e-11,2.8520744e-14
617.53000,1.0539196e-11,2.8468714e-14
617.54000,1.0528032e-11,2.8469324e-14
617.55000,1.0536394e-11,2.8551428e-14
617.56000,1.0563536e-11,2.8708696e-14
617.57000,1.0599955e-11,2.8902945e-14
617.58000,1.0631251e-11,2.9069358e-14
617.59000,1.0651996e-11,2.9166937e-14
617.60000,1.0660793e-11,2.9164255e-14
617.61000,1.0661130e-11,2.9079127e-14
617.62000,1.0656097e-11,2.8950578e-14
617.63000,1.0646732e-11,2.8809079e-14
617.64000,1.0636278e-11,2.8696562e-14
617.65000,1.0627986e-11,2.8647367e-14
617.66000,1.0622905e-11,2.8654896e-14
617.67000,1.0620588e-11,2.8698491e-14
617.68000,1.0619018e-11,2.8741477e-14
617.69000,1.0616858e-11,2.8768790e-14
617.70000,1.0614467e-11,2.8790114e-14
617.71000,1.0613463e-11,2.8823740e-14
617.72000,1.0615037e-11,2.8871378e-14
617.73000,1.0619468e-11,2.8923372e-14
617.74000,1.0626110e-11,2.8973874e-14
617.75000,1.0632016e-11,2.9025092e-14
617.76000,1.0634846e-11,2.9075453e-14
617.77000,1.0633211e-11,2.9110580e-14
617.78000,1.0628659e-11,2.9117086e-14
617.79000,1.0622990e-11,2.9096181e-14
617.80000,1.0617343e-11,2.9069507e-14
617.81000,1.0612294e-11,2.9062404e-14
617.82000,1.0608551e-11,2.9095569e-14
617.83000,1.0606288e-11,2.9156839e-14
617.84000,1.0605644e-11,2.9219038e-14
617.85000,1.0606783e-11,2.9245767e-14
617.86000,1.0608944e-11,2.9230055e-14
617.87000,1.0611465e-11,2.9188524e-14
617.88000,1.0614528e-11,2.9147917e-14
617.89000,1.0618886e-11,2.9130533e-14
617.90000,1.0624250e-11,2.9130014e-14
617.91000,1.0628714e-11,2.9125512e-14
617.92000,1.0629168e-11,2.9093220e-14
617.93000,1.0622920e-11,2.9026667e-14
617.94000,1.0611283e-11,2.8943603e-14
617.95000,1.0597101e-11,2.8860336e-14
617.96000,1.0586659e-11,2.8791502e-14
617.97000,1.0584409e-11,2.8742128e-14
617.98000,1.0591754e-11,2.8713155e-14
617.99000,1.0605861e-11,2.8699307e-14
618.00000,1.0619625e-11,2.8691221e-14
618.01000,1.0629654e-11,2.8693582e-14
618.02000,1.0635554e-11,2.8729526e-14
618.03000,1.0640087e-11,2.8824853e-14
618.04000,1.0645434e-11,2.8988215e-14
618.05000,1.0652649e-11,2.9234883e-14
618.06000,1.0660472e-11,2.9536173e-14
618.07000,1.0664603e-11,2.9842823e-14
618.08000,1.0661299e-11,3.0103989e-14
618.09000,1.0647838e-11,3.0274353e-14
618.10000,1.0626637e-11,3.0327372e-14
618.11000,1.0605424e-11,3.0296546e-14
618.12000,1.0590323e-11,3.0214995e-14
618.13000,1.0585998e-11,3.0111481e-14
618.14000,1.0590810e-11,3.0003752e-14
618.15000,1.0601267e-11,2.9889009e-14
618.16000,1.0613492e-11,2.9763237e-14
618.17000,1.0622327e-11,2.9636871e-14
618.18000,1.0624734e-11,2.9525609e-14
618.19000,1.0622509e-11,2.9433542e-14
618.20000,1.0618359e-11,2.9366757e-14
618.21000,1.0615487e-11,2.9331579e-14
618.22000,1.0614490e-11,2.9321742e-14
618.23000,1.0614683e-11,2.9323677e-14
618.24000,1.0615188e-11,2.9319513e-14
618.25000,1.0615843e-11,2.9308074e-14
618.26000,1.0616612e-11,2.9299136e-14
618.27000,1.0616658e-11,2.9302157e-14
618.28000,1.0615403e-11,2.9317287e-14
618.29000,1.0613219e-11,2.9340567e-14
618.30000,1.0610170e-11,2.9369083e-14
618.31000,1.0606424e-11,2.9398989e-14
618.32000,1.0603324e-11,2.9432918e-14
618.33000,1.0602443e-11,2.9476833e-14
618.34000,1.0603968e-11,2.9537547e-14
618.35000,1.0604897e-11,2.9612472e-14
618.36000,1.0603216e-11,2.9691594e-14
618.37000,1.0599928e-11,2.9770626e-14
618.38000,1.0598222e-11,2.9849721e-14
618.39000,1.0599379e-11,2.9928098e-14
618.40000,1.0601920e-11,3.0001425e-14
618.41000,1.0603272e-11,3.0062015e-14
618.42000,1.0602100e-11,3.0108508e-14
618.43000,1.0599654e-11,3.0149486e-14
618.44000,1.0597111e-11,3.0192329e-14
618.45000,1.0594601e-11,3.0232845e-14
618.46000,1.0591426e-11,3.0254071e-14
618.47000,1.0587924e-11,3.0252781e-14
618.48000,1.0585460e-11,3.0239771e-14
618.49000,1.0585879e-11,3.0234035e-14
618.50000,1.0589111e-11,3.0237917e-14
618.51000,1.0593988e-11,3.0243435e-14
618.52000,1.0598634e-11,3.0245100e-14
618.53000,1.0601556e-11,3.0246281e-14
618.54000,1.0602223e-11,3.0256697e-14
618.55000,1.0599742e-11,3.0286068e-14
618.56000,1.0594897e-11,3.0324657e-14
618.57000,1.0590184e-11,3.0361221e-14
618.58000,1.0588072e-11,3.0404273e-14
618.59000,1.0589863e-11,3.0468000e-14
618.60000,1.0594142e-11,3.0534186e-14
618.61000,1.0598472e-11,3.0580201e-14
618.62000,1.0601747e-11,3.0620761e-14
618.63000,1.0603565e-11,3.0692962e-14
618.64000,1.0604154e-11,3.0781911e-14
618.65000,1.0603609e-11,3.0837786e-14
618.66000,1.0601549e-11,3.0833162e-14
618.67000,1.0597775e-11,3.0825142e-14
618.68000,1.0593177e-11,3.0898245e-14
618.69000,1.0590379e-11,3.1062664e-14
618.70000,1.0592522e-11,3.1270120e-14
618.71000,1.0598043e-11,3.1408793e-14
618.72000,1.0602119e-11,3.1442157e-14
618.73000,1.0602022e-11,3.1401081e-14
618.74000,1.0598625e-11,3.1368456e-14
618.75000,1.0594277e-11,3.1392403e-14
618.76000,1.0588777e-11,3.1466954e-14
618.77000,1.0581019e-11,3.1576655e-14
618.78000,1.0572080e-11,3.1709611e-14
618.79000,1.0564532e-11,3.1865085e-14
618.80000,1.0561470e-11,3.2041281e-14
618.81000,1.0563375e-11,3.2218405e-14
618.82000,1.0567868e-11,3.2373861e-14
618.83000,1.0571240e-11,3.2501307e-14
618.84000,1.0571662e-11,3.2599374e-14
618.85000,1.0570473e-11,3.2672089e-14
618.86000,1.0570269e-11,3.2729751e-14
618.87000,1.0571806e-11,3.2774749e-14
618.88000,1.0574504e-11,3.2794813e-14
618.89000,1.0577684e-11,3.2774662e-14
618.90000,1.0581538e-11,3.2709664e-14
618.91000,1.0585719e-11,3.2599698e-14
618.92000,1.0588367e-11,3.2465539e-14
618.93000,1.0587616e-11,3.2327611e-14
618.94000,1.0584222e-11,3.2206553e-14
618.95000,1.0579922e-11,3.2135843e-14
618.96000,1.0577005e-11,3.2160844e-14
618.97000,1.0576295e-11,3.2285819e-14
618.98000,1.0577874e-11,3.2489995e-14
618.99000,1.0580832e-11,3.2698594e-14
619.00000,1.0583101e-11,3.2817228e-14
619.01000,1.0583855e-11,3.2822980e-14
619.02000,1.0583557e-11,3.2760255e-14
619.03000,1.0583607e-11,3.2738697e-14
619.04000,1.0584981e-11,3.2814258e-14
619.05000,1.0587582e-11,3.2937508e-14
619.06000,1.0590627e-11,3.3030458e-14
619.07000,1.0592560e-11,3.3055342e-14
619.08000,1.0593256e-11,3.3060943e-14
619.09000,1.0593928e-11,3.3091443e-14
619.10000,1.0595858e-11,3.3140791e-14
619.11000,1.0597860e-11,3.3173427e-14
619.12000,1.0597561e-11,3.3190421e-14
619.13000,1.0593682e-11,3.3212064e-14
619.14000,1.0589699e-11,3.3241449e-14
619.15000,1.0591427e-11,3.3275048e-14
619.16000,1.0600441e-11,3.3329656e-14
619.17000,1.0615175e-11,3.3449699e-14
619.18000,1.0628732e-11,3.3671758e-14
619.19000,1.0636024e-11,3.3985889e-14
619.20000,1.0635004e-11,3.4375216e-14
619.21000,1.0627225e-11,3.4793175e-14
619.22000,1.0618944e-11,3.5170941e-14
619.23000,1.0614640e-11,3.5458479e-14
619.24000,1.0616411e-11,3.5591678e-14
619.25000,1.0620797e-11,3.5533569e-14
619.26000,1.0622763e-11,3.5179265e-14
619.27000,1.0620057e-11,3.4493484e-14
619.28000,1.0612658e-11,3.3392916e-14
619.29000,1.0604115e-11,3.2029528e-14
619.30000,1.0597270e-11,3.0715953e-14
619.31000,1.0592617e-11,2.9699757e-14
619.32000,1.0589297e-11,2.9103084e-14
619.33000,1.0586934e-11,2.8772600e-14
619.34000,1.0586578e-11,2.8583267e-14
619.35000,1.0588777e-11,2.8476592e-14
619.36000,1.0591091e-11,2.8408174e-14
619.37000,1.0590597e-11,2.8368597e-14
619.38000,1.0587198e-11,2.8351063e-14
619.39000,1.0582262e-11,2.8361985e-14
619.40000,1.0577949e-11,2.8404882e-14
619.41000,1.0574536e-11,2.8468490e-14
619.42000,1.0571156e-11,2.8536839e-14
619.43000,1.0567069e-11,2.8589408e-14
619.44000,1.0562631e-11,2.8621544e-14
619.45000,1.0558124e-11,2.8641728e-14
619.46000,1.0553312e-11,2.8662571e-14
619.47000,1.0548345e-11,2.8692990e-14
619.48000,1.0544021e-11,2.8732801e-14
619.49000,1.0540514e-11,2.8774979e-14
619.50000,1.0537272e-11,2.8812464e-14
619.51000,1.0534040e-11,2.8841063e-14
619.52000,1.0531758e-11,2.8863473e-14
619.53000,1.0531685e-11,2.8881431e-14
619.54000,1.0534488e-11,2.8889884e-14
619.55000,1.0538986e-11,2.8882651e-14
619.56000,1.0543719e-11,2.8857970e-14
619.57000,1.0546767e-11,2.8817087e-14
619.58000,1.0547068e-11,2.8767477e-14
619.59000,1.0545150e-11,2.8713877e-14
619.60000,1.0542914e-11,2.8661541e-14
619.61000,1.0541713e-11,2.8616417e-14
619.62000,1.0541844e-11,2.8580571e-14
619.63000,1.0542764e-11,2.8549957e-14
619.64000,1.0544440e-11,2.8524267e-14
619.65000,1.0547320e-11,2.8510316e-14
619.66000,1.0550920e-11,2.8511732e-14
619.67000,1.0554000e-11,2.8525304e-14
619.68000,1.0555542e-11,2.8543988e-14
619.69000,1.0556227e-11,2.8558182e-14
619.70000,1.0557185e-11,2.8564823e-14
619.71000,1.0558419e-11,2.8569867e-14
619.72000,1.0558731e-11,2.8583484e-14
619.73000,1.0556384e-11,2.8613258e-14
619.74000,1.0551390e-11,2.8653828e-14
619.75000,1.0544941e-11,2.8698156e-14
619.76000,1.0538788e-11,2.8740753e-14
619.77000,1.0533587e-11,2.8779728e-14
619.78000,1.0529217e-11,2.8818494e-14
619.79000,1.0526988e-11,2.8867864e-14
619.80000,1.0528698e-11,2.8938642e-14
619.81000,1.0534642e-11,2.9030999e-14
619.82000,1.0541509e-11,2.9127428e-14
619.83000,1.0545279e-11,2.9209282e-14
619.84000,1.0543551e-11,2.9267559e-14
619.85000,1.0538466e-11,2.9310752e-14
619.86000,1.0532306e-11,2.9340331e-14
619.87000,1.0526321e-11,2.9342492e-14
619.88000,1.0520672e-11,2.9307213e-14
619.89000,1.0515187e-11,2.9240748e-14
619.90000,1.0509839e-11,2.9152369e-14
619.91000,1.0504167e-11,2.9059454e-14
619.92000,1.0497173e-11,2.8972394e-14
619.93000,1.0488993e-11,2.8897351e-14
619.94000,1.0481524e-11,2.8843315e-14
619.95000,1.0478860e-11,2.8818326e-14
619.96000,1.0482560e-11,2.8813944e-14
619.97000,1.0491490e-11,2.8823496e-14
619.98000,1.0502297e-11,2.8849903e-14
619.99000,1.0510197e-11,2.8896614e-14
620.00000,1.0513025e-11,2.8962499e-14
620.01000,1.0513169e-11,2.9031555e-14
620.02000,1.0514194e-11,2.9082474e-14
620.03000,1.0518756e-11,2.9101051e-14
620.04000,1.0525522e-11,2.9097592e-14
620.05000,1.0532117e-11,2.9089324e-14
620.06000,1.0536747e-11,2.9098902e-14
620.07000,1.0540044e-11,2.9137112e-14
620.08000,1.0543300e-11,2.9201069e-14
620.09000,1.0547053e-11,2.9285415e-14
620.10000,1.0550611e-11,2.9378411e-14
620.11000,1.0552778e-11,2.9472498e-14
620.12000,1.0553123e-11,2.9561044e-14
620.13000,1.0550879e-11,2.9634719e-14
620.14000,1.0544919e-11,2.9684110e-14
620.15000,1.0535891e-11,2.9712529e-14
620.16000,1.0525906e-11,2.9725848e-14
620.17000,1.0518969e-11,2.9727531e-14
620.18000,1.0518024e-11,2.9717199e-14
620.19000,1.0522492e-11,2.9691627e-14
620.20000,1.0530635e-11,2.9649539e-14
620.21000,1.0538569e-11,2.9604037e-14
620.22000,1.0544179e-11,2.9571745e-14
620.23000,1.0548394e-11,2.9558184e-14
620.24000,1.0552366e-11,2.9563239e-14
620.25000,1.0554427e-11,2.9586043e-14
620.26000,1.0550560e-11,2.9623340e-14
620.27000,1.0537518e-11,2.9673795e-14
620.28000,1.0514204e-11,2.9733529e-14
620.29000,1.0487462e-11,2.9791281e-14
620.30000,1.0467026e-11,2.9834379e-14
620.31000,1.0458191e-11,2.9855752e-14
620.32000,1.0463509e-11,2.9843428e-14
620.33000,1.0478556e-11,2.9792881e-14
620.34000,1.0495102e-11,2.9720555e-14
620.35000,1.0507737e-11,2.9643944e-14
620.36000,1.0512928e-11,2.9576208e-14
620.37000,1.0512234e-11,2.9517635e-14
620.38000,1.0509127e-11,2.9462727e-14
620.39000,1.0506458e-11,2.9407648e-14
620.40000,1.0505898e-11,2.9351427e-14
620.41000,1.0507329e-11,2.9299720e-14
620.42000,1.0509245e-11,2.9258786e-14
620.43000,1.0509870e-11,2.9231302e-14
620.44000,1.0507180e-11,2.9213627e-14
620.45000,1.0501544e-11,2.9197499e-14
620.46000,1.0494722e-11,2.9175510e-14
620.47000,1.0489374e-11,2.9138193e-14
620.48000,1.0487472e-11,2.9087120e-14
620.49000,1.0489306e-11,2.9034837e-14
620.50000,1.0492623e-11,2.8994475e-14
620.51000,1.0495112e-11,2.8976687e-14
620.52000,1.0495899e-11,2.8989457e-14
620.53000,1.0496426e-11,2.9030756e-14
620.54000,1.0497759e-11,2.9092348e-14
620.55000,1.0499102e-11,2.9150594e-14
620.56000,1.0498461e-11,2.9180193e-14
620.57000,1.0495424e-11,2.9177284e-14
620.58000,1.0490749e-11,2.9142655e-14
620.59000,1.0486101e-11,2.9087241e-14
620.60000,1.0482750e-11,2.9017418e-14
620.61000,1.0481466e-11,2.8942685e-14
620.62000,1.0482753e-11,2.8869184e-14
620.63000,1.0485343e-11,2.8799755e-14
620.64000,1.0486495e-11,2.8733342e-14
620.65000,1.0484776e-11,2.8668273e-14
620.66000,1.0480078e-11,2.8603253e-14
620.67000,1.0474701e-11,2.8540588e-14
620.68000,1.0471313e-11,2.8488300e-14
620.69000,1.0470843e-11,2.8450353e-14
620.70000,1.0473133e-11,2.8427951e-14
620.71000,1.0476871e-11,2.8416714e-14
620.72000,1.0481246e-11,2.8411452e-14
620.73000,1.0486343e-11,2.8410786e-14
620.74000,1.0491276e-11,2.8412068e-14
620.75000,1.0494174e-11,2.8411586e-14
620.76000,1.0494816e-11,2.8411288e-14
620.77000,1.0494012e-11,2.8418489e-14
620.78000,1.0492846e-11,2.8438691e-14
620.79000,1.0490424e-11,2.8474909e-14
620.80000,1.0485327e-11,2.8526181e-14
620.81000,1.0476348e-11,2.8600104e-14
620.82000,1.0462947e-11,2.8709442e-14
620.83000,1.0447089e-11,2.8843319e-14
620.84000,1.0431639e-11,2.8976893e-14
620.85000,1.0420733e-11,2.9082323e-14
620.86000,1.0417147e-11,2.9150208e-14
620.87000,1.0421459e-11,2.9184505e-14
620.88000,1.0429992e-11,2.9197260e-14
620.89000,1.0438632e-11,2.9188478e-14
620.90000,1.0443371e-11,2.9155699e-14
620.91000,1.0444750e-11,2.9108196e-14
620.92000,1.0445381e-11,2.9054676e-14
620.93000,1.0446840e-11,2.8998599e-14
620.94000,1.0448006e-11,2.8938704e-14
620.95000,1.0447369e-11,2.8871964e-14
620.96000,1.0445751e-11,2.8799378e-14
620.97000,1.0445076e-11,2.8722615e-14
620.98000,1.0446550e-11,2.8648064e-14
620.99000,1.0449072e-11,2.8585703e-14
621.00000,1.0451248e-11,2.8547239e-14
621.01000,1.0452499e-11,2.8543788e-14
621.02000,1.0453568e-11,2.8567250e-14
621.03000,1.0454769e-11,2.8598640e-14
621.04000,1.0455136e-11,2.8616850e-14
621.05000,1.0453458e-11,2.8611071e-14
621.06000,1.0449608e-11,2.8588212e-14
621.07000,1.0445572e-11,2.8566318e-14
621.08000,1.0443603e-11,2.8555138e-14
621.09000,1.0444794e-11,2.8558540e-14
621.10000,1.0446470e-11,2.8572924e-14
621.11000,1.0445341e-11,2.8590536e-14
621.12000,1.0439441e-11,2.8597275e-14
621.13000,1.0430735e-11,2.8583301e-14
621.14000,1.0421919e-11,2.8555239e-14
621.15000,1.0414402e-11,2.8534976e-14
621.16000,1.0408905e-11,2.8540959e-14
621.17000,1.0406043e-11,2.8573173e-14
621.18000,1.0404669e-11,2.8606332e-14
621.19000,1.0403055e-11,2.8621806e-14
621.20000,1.0399776e-11,2.8608950e-14
621.21000,1.0395355e-11,2.8573378e-14
621.22000,1.0391660e-11,2.8525177e-14
621.23000,1.0389987e-11,2.8478645e-14
621.24000,1.0390804e-11,2.8445669e-14
621.25000,1.0393151e-11,2.8431962e-14
621.26000,1.0395304e-11,2.8430749e-14
621.27000,1.0396450e-11,2.8435112e-14
621.28000,1.0396704e-11,2.8439918e-14
621.29000,1.0397197e-11,2.8447170e-14
621.30000,1.0399132e-11,2.8484082e-14
621.31000,1.0402579e-11,2.8592637e-14
621.32000,1.0406655e-11,2.8856238e-14
621.33000,1.0409481e-11,2.9325390e-14
621.34000,1.0410612e-11,2.9909077e-14
621.35000,1.0410867e-11,3.0471375e-14
621.36000,1.0411460e-11,3.0869460e-14
621.37000,1.0412884e-11,3.1071114e-14
621.38000,1.0414657e-11,3.1127036e-14
621.39000,1.0416463e-11,3.1060815e-14
621.40000,1.0418831e-11,3.0936281e-14
621.41000,1.0422915e-11,3.0805521e-14
621.42000,1.0428135e-11,3.0705255e-14
621.43000,1.0432318e-11,3.0646831e-14
621.44000,1.0432675e-11,3.0621906e-14
621.45000,1.0429212e-11,3.0603875e-14
621.46000,1.0423694e-11,3.0582742e-14
621.47000,1.0417093e-11,3.0571077e-14
621.48000,1.0409353e-11,3.0591696e-14
621.49000,1.0399277e-11,3.0659644e-14
621.50000,1.0387337e-11,3.0758447e-14
621.51000,1.0375763e-11,3.0871558e-14
621.52000,1.0369004e-11,3.0989325e-14
621.53000,1.0369453e-11,3.1102805e-14
621.54000,1.0376086e-11,3.1196054e-14
621.55000,1.0385988e-11,3.1245906e-14
621.56000,1.0393690e-11,3.1254481e-14
621.57000,1.0394804e-11,3.1239032e-14
621.58000,1.0389694e-11,3.1219759e-14
621.59000,1.0380593e-11,3.1201123e-14
621.60000,1.0370979e-11,3.1170150e-14
621.61000,1.0363486e-11,3.1105980e-14
621.62000,1.0359367e-11,3.0993311e-14
621.63000,1.0359988e-11,3.0823335e-14
621.64000,1.0364408e-11,3.0619628e-14
621.65000,1.0370781e-11,3.0410011e-14
621.66000,1.0377333e-11,3.0212910e-14
621.67000,1.0383974e-11,3.0034748e-14
621.68000,1.0391786e-11,2.9875899e-14
621.69000,1.0400938e-11,2.9732147e-14
621.70000,1.0410254e-11,2.9605476e-14
621.71000,1.0416924e-11,2.9502589e-14
621.72000,1.0417813e-11,2.9419312e-14
621.73000,1.0410943e-11,2.9348775e-14
621.74000,1.0399486e-11,2.9287857e-14
621.75000,1.0388653e-11,2.9251593e-14
621.76000,1.0384993e-11,2.9269453e-14
621.77000,1.0389423e-11,2.9337722e-14
621.78000,1.0398994e-11,2.9419777e-14
621.79000,1.0408772e-11,2.9454154e-14
621.80000,1.0413988e-11,2.9415540e-14
621.81000,1.0412995e-11,2.9336162e-14
621.82000,1.0408406e-11,2.9270681e-14
621.83000,1.0403304e-11,2.9241757e-14
621.84000,1.0400530e-11,2.9233122e-14
621.85000,1.0399598e-11,2.9216000e-14
621.86000,1.0398163e-11,2.9179988e-14
621.87000,1.0393712e-11,2.9128524e-14
621.88000,1.0386222e-11,2.9080148e-14
621.89000,1.0377592e-11,2.9050584e-14
621.90000,1.0370394e-11,2.9038032e-14
621.91000,1.0366939e-11,2.9033034e-14
621.92000,1.0368160e-11,2.9019621e-14
621.93000,1.0371522e-11,2.8988806e-14
621.94000,1.0374221e-11,2.8939180e-14
621.95000,1.0375045e-11,2.8871510e-14
621.96000,1.0375918e-11,2.8793784e-14
621.97000,1.0379026e-11,2.8716419e-14
621.98000,1.0383697e-11,2.8649836e-14
621.99000,1.0387498e-11,2.8600428e-14
622.00000,1.0387496e-11,2.8564767e-14
622.01000,1.0383685e-11,2.8534035e-14
622.02000,1.0377978e-11,2.8506668e-14
622.03000,1.0373929e-11,2.8485067e-14
622.04000,1.0374480e-11,2.8465992e-14
622.05000,1.0379922e-11,2.8439061e-14
622.06000,1.0387019e-11,2.8397904e-14
622.07000,1.0392570e-11,2.8343937e-14
622.08000,1.0394749e-11,2.8293871e-14
622.09000,1.0394849e-11,2.8266372e-14
622.10000,1.0394427e-11,2.8271091e-14
622.11000,1.0394222e-11,2.8305958e-14
622.12000,1.0393975e-11,2.8342264e-14
622.13000,1.0393226e-11,2.8349208e-14
622.14000,1.0392208e-11,2.8325180e-14
622.15000,1.0391776e-11,2.8291944e-14
622.16000,1.0393604e-11,2.8290050e-14
622.17000,1.0398533e-11,2.8331323e-14
622.18000,1.0405960e-11,2.8398111e-14
622.19000,1.0413223e-11,2.8454386e-14
622.20000,1.0417162e-11,2.8469981e-14
622.21000,1.0417159e-11,2.8445687e-14
622.22000,1.0415644e-11,2.8414942e-14
622.23000,1.0414056e-11,2.8404414e-14
622.24000,1.0411575e-11,2.8412396e-14
622.25000,1.0407100e-11,2.8409731e-14
622.26000,1.0401251e-11,2.8378667e-14
622.27000,1.0395833e-11,2.8323403e-14
622.28000,1.0391745e-11,2.8271989e-14
622.29000,1.0388051e-11,2.8242741e-14
622.30000,1.0383949e-11,2.8233302e-14
622.31000,1.0380450e-11,2.8244988e-14
622.32000,1.0379697e-11,2.8278120e-14
622.33000,1.0381218e-11,2.8310550e-14
622.34000,1.0382730e-11,2.8316884e-14
622.35000,1.0381853e-11,2.8278955e-14
622.36000,1.0378570e-11,2.8204176e-14
622.37000,1.0374945e-11,2.8106750e-14
622.38000,1.0373013e-11,2.8007717e-14
622.39000,1.0373439e-11,2.7923618e-14
622.40000,1.0375221e-11,2.7864273e-14
622.41000,1.0376592e-11,2.7826056e-14
622.42000,1.0376834e-11,2.7807506e-14
622.43000,1.0375789e-11,2.7807941e-14
622.44000,1.0374181e-11,2.7813100e-14
622.45000,1.0372709e-11,2.7810076e-14
622.46000,1.0371218e-11,2.7801790e-14
622.47000,1.0368563e-11,2.7798269e-14
622.48000,1.0363646e-11,2.7796110e-14
622.49000,1.0357704e-11,2.7774264e-14
622.50000,1.0352891e-11,2.7725624e-14
622.51000,1.0351501e-11,2.7668411e-14
622.52000,1.0354303e-11,2.7636096e-14
622.53000,1.0361279e-11,2.7635854e-14
622.54000,1.0370185e-11,2.7637580e-14
622.55000,1.0378552e-11,2.7619276e-14
622.56000,1.0384076e-11,2.7595761e-14
622.57000,1.0386427e-11,2.7608047e-14
622.58000,1.0386427e-11,2.7668819e-14
622.59000,1.0384946e-11,2.7759071e-14
622.60000,1.0383115e-11,2.7820719e-14
622.61000,1.0379753e-11,2.7799500e-14
622.62000,1.0372396e-11,2.7706255e-14
622.63000,1.0359324e-11,2.7581884e-14
622.64000,1.0342060e-11,2.7481812e-14
622.65000,1.0326504e-11,2.7435607e-14
622.66000,1.0318431e-11,2.7439602e-14
622.67000,1.0318473e-11,2.7454794e-14
622.68000,1.0325719e-11,2.7446083e-14
622.69000,1.0335783e-11,2.7404634e-14
622.70000,1.0344517e-11,2.7350684e-14
622.71000,1.0350350e-11,2.7296357e-14
622.72000,1.0353641e-11,2.7244963e-14
622.73000,1.0356531e-11,2.7203881e-14
622.74000,1.0359964e-11,2.7195794e-14
622.75000,1.0363124e-11,2.7233821e-14
622.76000,1.0364542e-11,2.7322935e-14
622.77000,1.0363925e-11,2.7432685e-14
622.78000,1.0362903e-11,2.7518358e-14
622.79000,1.0362602e-11,2.7560026e-14
622.80000,1.0362526e-11,2.7554864e-14
622.81000,1.0360605e-11,2.7518126e-14
622.82000,1.0355266e-11,2.7458965e-14
622.83000,1.0348007e-11,2.7397600e-14
622.84000,1.0341852e-11,2.7362913e-14
622.85000,1.0340245e-11,2.7384754e-14
622.86000,1.0342829e-11,2.7456828e-14
622.87000,1.0347271e-11,2.7562072e-14
622.88000,1.0351058e-11,2.7681769e-14
622.89000,1.0353064e-11,2.7787582e-14
622.90000,1.0354090e-11,2.7856401e-14
622.91000,1.0355174e-11,2.7892084e-14
622.92000,1.0355669e-11,2.7906551e-14
622.93000,1.0353135e-11,2.7903596e-14
622.94000,1.0346165e-11,2.7872295e-14
622.95000,1.0335300e-11,2.7799587e-14
622.96000,1.0322310e-11,2.7677804e-14
622.97000,1.0311116e-11,2.7533695e-14
622.98000,1.0305065e-11,2.7406780e-14
622.99000,1.0303270e-11,2.7323918e-14
623.00000,1.0303043e-11,2.7296711e-14
623.01000,1.0301506e-11,2.7330194e-14
623.02000,1.0298135e-11,2.7409155e-14
623.03000,1.0294693e-11,2.7522168e-14
623.04000,1.0293489e-11,2.7638262e-14
623.05000,1.0296593e-11,2.7706183e-14
623.06000,1.0303989e-11,2.7673091e-14
623.07000,1.0313090e-11,2.7563527e-14
623.08000,1.0321616e-11,2.7443946e-14
623.09000,1.0327691e-11,2.7392423e-14
623.10000,1.0330809e-11,2.7426680e-14
623.11000,1.0330854e-11,2.7510814e-14
623.12000,1.0328828e-11,2.7590091e-14
623.13000,1.0325541e-11,2.7644821e-14
623.14000,1.0321815e-11,2.7688092e-14
623.15000,1.0317128e-11,2.7728671e-14
623.16000,1.0308603e-11,2.7748336e-14
623.17000,1.0290671e-11,2.7720191e-14
623.18000,1.0261028e-11,2.7648624e-14
623.19000,1.0221803e-11,2.7561798e-14
623.20000,1.0182554e-11,2.7496948e-14
623.21000,1.0155007e-11,2.7477292e-14
623.22000,1.0150672e-11,2.7494382e-14
623.23000,1.0166622e-11,2.7504678e-14
623.24000,1.0192462e-11,2.7488687e-14
623.25000,1.0218279e-11,2.7458098e-14
623.26000,1.0236613e-11,2.7444585e-14
623.27000,1.0245824e-11,2.7459576e-14
623.28000,1.0250424e-11,2.7477134e-14
623.29000,1.0254088e-11,2.7472483e-14
623.30000,1.0259018e-11,2.7445643e-14
623.31000,1.0265373e-11,2.7421350e-14
623.32000,1.0272307e-11,2.7406048e-14
623.33000,1.0278765e-11,2.7382816e-14
623.34000,1.0283837e-11,2.7337589e-14
623.35000,1.0286698e-11,2.7286193e-14
623.36000,1.0287549e-11,2.7255225e-14
623.37000,1.0287387e-11,2.7246367e-14
623.38000,1.0288551e-11,2.7245017e-14
623.39000,1.0293694e-11,2.7243652e-14
623.40000,1.0303583e-11,2.7253570e-14
623.41000,1.0314905e-11,2.7275896e-14
623.42000,1.0323544e-11,2.7300234e-14
623.43000,1.0327396e-11,2.7325653e-14
623.44000,1.0329591e-11,2.7368071e-14
623.45000,1.0333108e-11,2.7433418e-14
623.46000,1.0338169e-11,2.7513098e-14
623.47000,1.0342311e-11,2.7589620e-14
623.48000,1.0343414e-11,2.7657682e-14
623.49000,1.0342220e-11,2.7722492e-14
623.50000,1.0340166e-11,2.7785594e-14
623.51000,1.0338189e-11,2.7837314e-14
623.52000,1.0336181e-11,2.7862509e-14
623.53000,1.0333533e-11,2.7848718e-14
623.54000,1.0330263e-11,2.7806625e-14
623.55000,1.0326928e-11,2.7746039e-14
623.56000,1.0324467e-11,2.7678707e-14
623.57000,1.0323327e-11,2.7618523e-14
623.58000,1.0323400e-11,2.7571385e-14
623.59000,1.0323816e-11,2.7531014e-14
623.60000,1.0323052e-11,2.7485950e-14
623.61000,1.0319983e-11,2.7439601e-14
623.62000,1.0314708e-11,2.7405246e-14
623.63000,1.0307482e-11,2.7393239e-14
623.64000,1.0299901e-11,2.7405777e-14
623.65000,1.0295209e-11,2.7433567e-14
623.66000,1.0295312e-11,2.7468612e-14
623.67000,1.0300504e-11,2.7503548e-14
623.68000,1.0307162e-11,2.7532409e-14
623.69000,1.0310924e-11,2.7559473e-14
623.70000,1.0309238e-11,2.7592030e-14
623.71000,1.0300700e-11,2.7619260e-14
623.72000,1.0284553e-11,2.7607386e-14
623.73000,1.0263936e-11,2.7545428e-14
623.74000,1.0242608e-11,2.7462851e-14
623.75000,1.0223620e-11,2.7408795e-14
623.76000,1.0208776e-11,2.7411759e-14
623.77000,1.0199295e-11,2.7458199e-14
623.78000,1.0194627e-11,2.7500903e-14
623.79000,1.0193894e-11,2.7513809e-14
623.80000,1.0194942e-11,2.7488934e-14
623.81000,1.0192146e-11,2.7446837e-14
623.82000,1.0176762e-11,2.7412536e-14
623.83000,1.0144596e-11,2.7395205e-14
623.84000,1.0095104e-11,2.7383688e-14
623.85000,1.0036700e-11,2.7356695e-14
623.86000,9.9907263e-12,2.7316709e-14
623.87000,9.9824807e-12,2.7297080e-14
623.88000,1.0015322e-11,2.7323130e-14
623.89000,1.0081195e-11,2.7393534e-14
623.90000,1.0151752e-11,2.7461366e-14
623.91000,1.0203584e-11,2.7487116e-14
623.92000,1.0231342e-11,2.7470540e-14
623.93000,1.0234950e-11,2.7429139e-14
623.94000,1.0220102e-11,2.7383495e-14
623.95000,1.0184854e-11,2.7335382e-14
623.96000,1.0130160e-11,2.7284549e-14
623.97000,1.0058175e-11,2.7238361e-14
623.98000,9.9826230e-12,2.7204918e-14
623.99000,9.9297953e-12,2.7181036e-14
624.00000,9.9167539e-12,2.7167809e-14
624.01000,9.9547085e-12,2.7183565e-14
624.02000,1.0024012e-11,2.7239975e-14
624.03000,1.0100712e-11,2.7341961e-14
624.04000,1.0165641e-11,2.7474214e-14
624.05000,1.0213172e-11,2.7628655e-14
624.06000,1.0242100e-11,2.7805458e-14
624.07000,1.0257884e-11,2.8000424e-14
624.08000,1.0264313e-11,2.8201983e-14
624.09000,1.0266639e-11,2.8387195e-14
624.10000,1.0268304e-11,2.8532189e-14
624.11000,1.0270982e-11,2.8628505e-14
624.12000,1.0272943e-11,2.8702832e-14
624.13000,1.0271471e-11,2.8775709e-14
624.14000,1.0264999e-11,2.8838546e-14
624.15000,1.0256692e-11,2.8856767e-14
624.16000,1.0251843e-11,2.8783435e-14
624.17000,1.0252974e-11,2.8629870e-14
624.18000,1.0259225e-11,2.8436323e-14
624.19000,1.0267558e-11,2.8252507e-14
624.20000,1.0273746e-11,2.8109053e-14
624.21000,1.0275270e-11,2.8007759e-14
624.22000,1.0273292e-11,2.7928114e-14
624.23000,1.0270237e-11,2.7860790e-14
624.24000,1.0268622e-11,2.7810236e-14
624.25000,1.0268373e-11,2.7780213e-14
624.26000,1.0268238e-11,2.7767612e-14
624.27000,1.0267983e-11,2.7770798e-14
624.28000,1.0268140e-11,2.7786876e-14
624.29000,1.0267914e-11,2.7817106e-14
624.30000,1.0264647e-11,2.7853816e-14
624.31000,1.0254677e-11,2.7884073e-14
624.32000,1.0232419e-11,2.7891720e-14
624.33000,1.0195896e-11,2.7873816e-14
624.34000,1.0146084e-11,2.7838291e-14
624.35000,1.0092800e-11,2.7802983e-14
624.36000,1.0050710e-11,2.7787220e-14
624.37000,1.0039877e-11,2.7815969e-14
624.38000,1.0064130e-11,2.7894444e-14
624.39000,1.0112321e-11,2.8009176e-14
624.40000,1.0169027e-11,2.8141278e-14
624.41000,1.0215934e-11,2.8265478e-14
624.42000,1.0243212e-11,2.8367115e-14
624.43000,1.0255008e-11,2.8447727e-14
624.44000,1.0256908e-11,2.8511454e-14
624.45000,1.0253055e-11,2.8561855e-14
624.46000,1.0248027e-11,2.8606340e-14
624.47000,1.0245122e-11,2.8652179e-14
624.48000,1.0245732e-11,2.8705424e-14
624.49000,1.0249282e-11,2.8767200e-14
624.50000,1.0252489e-11,2.8826444e-14
624.51000,1.0252191e-11,2.8866337e-14
624.52000,1.0248392e-11,2.8881270e-14
624.53000,1.0242301e-11,2.8872496e-14
624.54000,1.0236109e-11,2.8854845e-14
624.55000,1.0231094e-11,2.8839347e-14
624.56000,1.0227305e-11,2.8828925e-14
624.57000,1.0224159e-11,2.8821109e-14
624.58000,1.0220984e-11,2.8813850e-14
624.59000,1.0217745e-11,2.8808698e-14
624.60000,1.0214967e-11,2.8812147e-14
624.61000,1.0212431e-11,2.8831795e-14
624.62000,1.0208630e-11,2.8883217e-14
624.63000,1.0200288e-11,2.8987722e-14
624.64000,1.0185362e-11,2.9131323e-14
624.65000,1.0163099e-11,2.9271745e-14
624.66000,1.0137464e-11,2.9364899e-14
624.67000,1.0113379e-11,2.9388543e-14
624.68000,1.0095221e-11,2.9370726e-14
624.69000,1.0082527e-11,2.9359846e-14
624.70000,1.0073032e-11,2.9373016e-14
624.71000,1.0063306e-11,2.9402654e-14
624.72000,1.0047835e-11,2.9421877e-14
624.73000,1.0018431e-11,2.9402717e-14
624.74000,9.9711279e-12,2.9336807e-14
624.75000,9.9037769e-12,2.9222609e-14
624.76000,9.8216019e-12,2.9072970e-14
624.77000,9.7473192e-12,2.8934069e-14
624.78000,9.7161617e-12,2.8869607e-14
624.79000,9.7448448e-12,2.8907144e-14
624.80000,9.8372954e-12,2.9051136e-14
624.81000,9.9639223e-12,2.9254349e-14
624.82000,1.0077333e-11,2.9444546e-14
624.83000,1.0156595e-11,2.9591256e-14
624.84000,1.0196144e-11,2.9684031e-14
624.85000,1.0211394e-11,2.9736337e-14
624.86000,1.0213235e-11,2.9754804e-14
624.87000,1.0210331e-11,2.9755181e-14
624.88000,1.0205981e-11,2.9751365e-14
624.89000,1.0201198e-11,2.9754204e-14
624.90000,1.0195558e-11,2.9767092e-14
624.91000,1.0189354e-11,2.9794525e-14
624.92000,1.0185757e-11,2.9842549e-14
624.93000,1.0189731e-11,2.9921405e-14
624.94000,1.0203430e-11,3.0030892e-14
624.95000,1.0220417e-11,3.0146070e-14
624.96000,1.0233924e-11,3.0243715e-14
624.97000,1.0239808e-11,3.0306555e-14
624.98000,1.0239708e-11,3.0338170e-14
624.99000,1.0236828e-11,3.0344861e-14
625.00000,1.0234685e-11,3.0341963e-14
625.01000,1.0234591e-11,3.0342544e-14
625.02000,1.0236518e-11,3.0355216e-14
625.03000,1.0238879e-11,3.0380406e-14
625.04000,1.0240321e-11,3.0425172e-14
625.05000,1.0240968e-11,3.0489872e-14
625.06000,1.0242159e-11,3.0557515e-14
625.07000,1.0245925e-11,3.0600801e-14
625.08000,1.0252441e-11,3.0617712e-14
625.09000,1.0259895e-11,3.0613465e-14
625.10000,1.0265539e-11,3.0589152e-14
625.11000,1.0267373e-11,3.0549283e-14
625.12000,1.0265095e-11,3.0537070e-14
625.13000,1.0260885e-11,3.0585878e-14
625.14000,1.0256410e-11,3.0670790e-14
625.15000,1.0252314e-11,3.0734458e-14
625.16000,1.0248387e-11,3.0747041e-14
625.17000,1.0244229e-11,3.0743556e-14
625.18000,1.0240071e-11,3.0785755e-14
625.19000,1.0236969e-11,3.0888900e-14
625.20000,1.0236346e-11,3.1012469e-14
625.21000,1.0237873e-11,3.1081945e-14
625.22000,1.0240189e-11,3.1055668e-14
625.23000,1.0242291e-11,3.0973286e-14
625.24000,1.0244151e-11,3.0900429e-14
625.25000,1.0245842e-11,3.0905153e-14
625.26000,1.0247526e-11,3.0999018e-14
625.27000,1.0250002e-11,3.1170403e-14
625.28000,1.0253921e-11,3.1378563e-14
625.29000,1.0259122e-11,3.1597384e-14
625.30000,1.0263455e-11,3.1804761e-14
625.31000,1.0264560e-11,3.1984652e-14
625.32000,1.0261763e-11,3.2120230e-14
625.33000,1.0255424e-11,3.2183169e-14
625.34000,1.0247918e-11,3.2172705e-14
625.35000,1.0241356e-11,3.2094360e-14
625.36000,1.0236823e-11,3.1980025e-14
625.37000,1.0234807e-11,3.1851303e-14
625.38000,1.0235706e-11,3.1721480e-14
625.39000,1.0238426e-11,3.1599968e-14
625.40000,1.0241152e-11,3.1497094e-14
625.41000,1.0242674e-11,3.1422701e-14
625.42000,1.0243678e-11,3.1396741e-14
625.43000,1.0246276e-11,3.1451815e-14
625.44000,1.0250990e-11,3.1592795e-14
625.45000,1.0256548e-11,3.1811693e-14
625.46000,1.0261235e-11,3.2052305e-14
625.47000,1.0264105e-11,3.2240033e-14
625.48000,1.0264979e-11,3.2298680e-14
625.49000,1.0264631e-11,3.2255149e-14
625.50000,1.0263906e-11,3.2193855e-14
625.51000,1.0263837e-11,3.2205660e-14
625.52000,1.0264799e-11,3.2311826e-14
625.53000,1.0265354e-11,3.2453941e-14
625.54000,1.0263491e-11,3.2538923e-14
625.55000,1.0259229e-11,3.2528100e-14
625.56000,1.0254844e-11,3.2395473e-14
625.57000,1.0252993e-11,3.2091724e-14
625.58000,1.0254628e-11,3.1482638e-14
625.59000,1.0258477e-11,3.0588590e-14
625.60000,1.0263235e-11,2.9579594e-14
625.61000,1.0267356e-11,2.8739214e-14
625.62000,1.0269382e-11,2.8202923e-14
625.63000,1.0268219e-11,2.7953072e-14
625.64000,1.0264638e-11,2.7848069e-14
625.65000,1.0259800e-11,2.7811901e-14
625.66000,1.0254896e-11,2.7802927e-14
625.67000,1.0250592e-11,2.7799767e-14
625.68000,1.0247353e-11,2.7798995e-14
625.69000,1.0245719e-11,2.7800434e-14
625.70000,1.0244825e-11,2.7802211e-14
625.71000,1.0243400e-11,2.7803520e-14
625.72000,1.0241892e-11,2.7806614e-14
625.73000,1.0242042e-11,2.7814990e-14
625.74000,1.0244581e-11,2.7830500e-14
625.75000,1.0247202e-11,2.7848617e-14
625.76000,1.0247184e-11,2.7863659e-14
625.77000,1.0244888e-11,2.7874595e-14
625.78000,1.0242464e-11,2.7884584e-14
625.79000,1.0241981e-11,2.7897424e-14
625.80000,1.0243590e-11,2.7913068e-14
625.81000,1.0246411e-11,2.7929748e-14
625.82000,1.0249393e-11,2.7948296e-14
625.83000,1.0252146e-11,2.7973949e-14
625.84000,1.0254252e-11,2.8012787e-14
625.85000,1.0254738e-11,2.8060131e-14
625.86000,1.0252227e-11,2.8102860e-14
625.87000,1.0247568e-11,2.8128634e-14
625.88000,1.0243289e-11,2.8130450e-14
625.89000,1.0242516e-11,2.8112699e-14
625.90000,1.0244775e-11,2.8090214e-14
625.91000,1.0247227e-11,2.8070660e-14
625.92000,1.0246665e-11,2.8054762e-14
625.93000,1.0242217e-11,2.8039068e-14
625.94000,1.0235553e-11,2.8022937e-14
625.95000,1.0230148e-11,2.8009789e-14
625.96000,1.0227376e-11,2.8002317e-14
625.97000,1.0226690e-11,2.8000735e-14
625.98000,1.0226230e-11,2.8001081e-14
625.99000,1.0225226e-11,2.7999568e-14
626.00000,1.0224158e-11,2.7994989e-14
626.01000,1.0223801e-11,2.7988254e-14
626.02000,1.0225008e-11,2.7982327e-14
626.03000,1.0228108e-11,2.7981722e-14
626.04000,1.0232936e-11,2.7990443e-14
626.05000,1.0237892e-11,2.8006390e-14
626.06000,1.0240672e-11,2.8024346e-14
626.07000,1.0239171e-11,2.8036585e-14
626.08000,1.0234476e-11,2.8038818e-14
626.09000,1.0229227e-11,2.8030909e-14
626.10000,1.0226052e-11,2.8018863e-14
626.11000,1.0226113e-11,2.8006715e-14
626.12000,1.0228426e-11,2.7994847e-14
626.13000,1.0230476e-11,2.7983655e-14
626.14000,1.0230183e-11,2.7976595e-14
626.15000,1.0226755e-11,2.7974182e-14
626.16000,1.0219787e-11,2.7973201e-14
626.17000,1.0211673e-11,2.7970822e-14
626.18000,1.0206416e-11,2.7970149e-14
626.19000,1.0205925e-11,2.7973635e-14
626.20000,1.0210875e-11,2.7978299e-14
626.21000,1.0219650e-11,2.7977997e-14
626.22000,1.0230504e-11,2.7970519e-14
626.23000,1.0240022e-11,2.7960617e-14
626.24000,1.0245185e-11,2.7951861e-14
626.25000,1.0244579e-11,2.7944298e-14
626.26000,1.0240995e-11,2.7935323e-14
626.27000,1.0237595e-11,2.7923648e-14
626.28000,1.0235725e-11,2.7913338e-14
626.29000,1.0235297e-11,2.7913133e-14
626.30000,1.0236097e-11,2.7932903e-14
626.31000,1.0237256e-11,2.7969105e-14
626.32000,1.0237210e-11,2.8011764e-14
626.33000,1.0234882e-11,2.8054351e-14
626.34000,1.0230073e-11,2.8105236e-14
626.35000,1.0224038e-11,2.8185409e-14
626.36000,1.0219307e-11,2.8299502e-14
626.37000,1.0218272e-11,2.8431544e-14
626.38000,1.0220896e-11,2.8547210e-14
626.39000,1.0226042e-11,2.8615248e-14
626.40000,1.0231811e-11,2.8621909e-14
626.41000,1.0236978e-11,2.8586457e-14
626.42000,1.0240921e-11,2.8514093e-14
626.43000,1.0243448e-11,2.8413112e-14
626.44000,1.0244299e-11,2.8289426e-14
626.45000,1.0243558e-11,2.8166573e-14
626.46000,1.0241582e-11,2.8068776e-14
626.47000,1.0238799e-11,2.8002839e-14
626.48000,1.0236543e-11,2.7969074e-14
626.49000,1.0236600e-11,2.7957476e-14
626.50000,1.0239741e-11,2.7969003e-14
626.51000,1.0243899e-11,2.8000575e-14
626.52000,1.0247095e-11,2.8045887e-14
626.53000,1.0248395e-11,2.8096932e-14
626.54000,1.0248006e-11,2.8148495e-14
626.55000,1.0245422e-11,2.8205860e-14
626.56000,1.0240171e-11,2.8274042e-14
626.57000,1.0231733e-11,2.8349154e-14
626.58000,1.0220181e-11,2.8416581e-14
626.59000,1.0208104e-11,2.8460932e-14
626.60000,1.0199432e-11,2.8471809e-14
626.61000,1.0196069e-11,2.8454125e-14
626.62000,1.0197142e-11,2.8412443e-14
626.63000,1.0198400e-11,2.8348412e-14
626.64000,1.0194450e-11,2.8267313e-14
626.65000,1.0181828e-11,2.8174051e-14
626.66000,1.0162961e-11,2.8081407e-14
626.67000,1.0143124e-11,2.8005699e-14
626.68000,1.0131127e-11,2.7963689e-14
626.69000,1.0132057e-11,2.7951885e-14
626.70000,1.0146422e-11,2.7957673e-14
626.71000,1.0166462e-11,2.7961425e-14
626.72000,1.0185065e-11,2.7952280e-14
626.73000,1.0197968e-11,2.7932484e-14
626.74000,1.0206528e-11,2.7915064e-14
626.75000,1.0212085e-11,2.7910505e-14
626.76000,1.0215565e-11,2.7919236e-14
626.77000,1.0216281e-11,2.7939344e-14
626.78000,1.0214038e-11,2.7967758e-14
626.79000,1.0211162e-11,2.8000827e-14
626.80000,1.0210315e-11,2.8035062e-14
626.81000,1.0213394e-11,2.8064537e-14
626.82000,1.0218849e-11,2.8084068e-14
626.83000,1.0223474e-11,2.8089867e-14
626.84000,1.0225583e-11,2.8085535e-14
626.85000,1.0226367e-11,2.8074402e-14
626.86000,1.0227409e-11,2.8056988e-14
626.87000,1.0228431e-11,2.8034860e-14
626.88000,1.0226891e-11,2.8011120e-14
626.89000,1.0221515e-11,2.7992610e-14
626.90000,1.0213269e-11,2.7986671e-14
626.91000,1.0204670e-11,2.8002046e-14
626.92000,1.0198519e-11,2.8038144e-14
626.93000,1.0195861e-11,2.8085154e-14
626.94000,1.0194731e-11,2.8119674e-14
626.95000,1.0193216e-11,2.8121452e-14
626.96000,1.0191374e-11,2.8084360e-14
626.97000,1.0191148e-11,2.8032569e-14
626.98000,1.0193335e-11,2.7992066e-14
626.99000,1.0195229e-11,2.7970399e-14
627.00000,1.0193398e-11,2.7962622e-14
627.01000,1.0186350e-11,2.7964041e-14
627.02000,1.0177273e-11,2.7972015e-14
627.03000,1.0170709e-11,2.7983675e-14
627.04000,1.0168889e-11,2.7990941e-14
627.05000,1.0171418e-11,2.7986481e-14
627.06000,1.0175865e-11,2.7971087e-14
627.07000,1.0179631e-11,2.7958444e-14
627.08000,1.0182158e-11,2.7964714e-14
627.09000,1.0184015e-11,2.7992236e-14
627.10000,1.0184975e-11,2.8030469e-14
627.11000,1.0183922e-11,2.8056659e-14
627.12000,1.0180868e-11,2.8059103e-14
627.13000,1.0176945e-11,2.8042385e-14
627.14000,1.0173767e-11,2.8022523e-14
627.15000,1.0172142e-11,2.8008260e-14
627.16000,1.0172021e-11,2.8001191e-14
627.17000,1.0172766e-11,2.8000544e-14
627.18000,1.0173973e-11,2.8010457e-14
627.19000,1.0174766e-11,2.8030054e-14
627.20000,1.0173545e-11,2.8052627e-14
627.21000,1.0168180e-11,2.8067648e-14
627.22000,1.0158691e-11,2.8074325e-14
627.23000,1.0146065e-11,2.8077074e-14
627.24000,1.0133117e-11,2.8080088e-14
627.25000,1.0122554e-11,2.8085353e-14
627.26000,1.0116210e-11,2.8097830e-14
627.27000,1.0113268e-11,2.8120806e-14
627.28000,1.0112920e-11,2.8151389e-14
627.29000,1.0115839e-11,2.8183050e-14
627.30000,1.0121645e-11,2.8207902e-14
627.31000,1.0129077e-11,2.8217897e-14
627.32000,1.0135675e-11,2.8211571e-14
627.33000,1.0140442e-11,2.8191807e-14
627.34000,1.0143381e-11,2.8163340e-14
627.35000,1.0145437e-11,2.8135446e-14
627.36000,1.0146985e-11,2.8116087e-14
627.37000,1.0148095e-11,2.8106936e-14
627.38000,1.0148577e-11,2.8106263e-14
627.39000,1.0147787e-11,2.8113729e-14
627.40000,1.0145444e-11,2.8127117e-14
627.41000,1.0141901e-11,2.8142749e-14
627.42000,1.0139002e-11,2.8153261e-14
627.43000,1.0138841e-11,2.8153301e-14
627.44000,1.0143547e-11,2.8139518e-14
627.45000,1.0152381e-11,2.8114473e-14
627.46000,1.0162749e-11,2.8077529e-14
627.47000,1.0170714e-11,2.8029365e-14
627.48000,1.0174028e-11,2.7971685e-14
627.49000,1.0172196e-11,2.7910766e-14
627.50000,1.0168119e-11,2.7858448e-14
627.51000,1.0164648e-11,2.7824585e-14
627.52000,1.0162783e-11,2.7804722e-14
627.53000,1.0161836e-11,2.7790222e-14
627.54000,1.0160489e-11,2.7776536e-14
627.55000,1.0156192e-11,2.7763515e-14
627.56000,1.0140122e-11,2.7744037e-14
627.57000,1.0098574e-11,2.7695129e-14
627.58000,1.0015199e-11,2.7587563e-14
627.59000,9.8855473e-12,2.7421484e-14
627.60000,9.7561210e-12,2.7289893e-14
627.61000,9.7049598e-12,2.7338784e-14
627.62000,9.7591602e-12,2.7585319e-14
627.63000,9.8843081e-12,2.7925049e-14
627.64000,1.0016149e-11,2.8247849e-14
627.65000,1.0108243e-11,2.8594004e-14
627.66000,1.0156010e-11,2.9160700e-14
627.67000,1.0180439e-11,3.0003101e-14
627.68000,1.0190866e-11,3.0955599e-14
627.69000,1.0187725e-11,3.1696394e-14
627.70000,1.0175466e-11,3.2036625e-14
627.71000,1.0160536e-11,3.2002903e-14
627.72000,1.0149906e-11,3.1851583e-14
627.73000,1.0147850e-11,3.1791210e-14
627.74000,1.0154204e-11,3.1907134e-14
627.75000,1.0159983e-11,3.2051904e-14
627.76000,1.0155743e-11,3.1989344e-14
627.77000,1.0142628e-11,3.1671843e-14
627.78000,1.0127952e-11,3.1226395e-14
627.79000,1.0118789e-11,3.0834424e-14
627.80000,1.0116524e-11,3.0601243e-14
627.81000,1.0120053e-11,3.0571946e-14
627.82000,1.0126958e-11,3.0715450e-14
627.83000,1.0134962e-11,3.0975684e-14
627.84000,1.0140084e-11,3.1235417e-14
627.85000,1.0138650e-11,3.1348908e-14
627.86000,1.0128784e-11,3.1211416e-14
627.87000,1.0113836e-11,3.0874794e-14
627.88000,1.0098695e-11,3.0458863e-14
627.89000,1.0088583e-11,3.0119663e-14
627.90000,1.0086076e-11,2.9963161e-14
627.91000,1.0092468e-11,3.0042145e-14
627.92000,1.0104694e-11,3.0293201e-14
627.93000,1.0117367e-11,3.0609823e-14
627.94000,1.0124094e-11,3.0854878e-14
627.95000,1.0125274e-11,3.0983843e-14
627.96000,1.0127602e-11,3.1073521e-14
627.97000,1.0134956e-11,3.1208316e-14
627.98000,1.0142935e-11,3.1349538e-14
627.99000,1.0142085e-11,3.1353354e-14
628.00000,1.0129942e-11,3.1153514e-14
628.01000,1.0112870e-11,3.0805563e-14
628.02000,1.0100369e-11,3.0447471e-14
628.03000,1.0097102e-11,3.0165657e-14
628.04000,1.0102900e-11,2.9999570e-14
628.05000,1.0111390e-11,2.9909055e-14
628.06000,1.0115389e-11,2.9812645e-14
628.07000,1.0112112e-11,2.9642260e-14
628.08000,1.0103960e-11,2.9402665e-14
628.09000,1.0097053e-11,2.9171307e-14
628.10000,1.0096171e-11,2.9029658e-14
628.11000,1.0101936e-11,2.9016604e-14
628.12000,1.0110687e-11,2.9100905e-14
628.13000,1.0118366e-11,2.9227606e-14
628.14000,1.0120236e-11,2.9301894e-14
628.15000,1.0115099e-11,2.9252214e-14
628.16000,1.0105792e-11,2.9086284e-14
628.17000,1.0097134e-11,2.8902949e-14
628.18000,1.0091466e-11,2.8788513e-14
628.19000,1.0090420e-11,2.8797552e-14
628.20000,1.0094180e-11,2.8902477e-14
628.21000,1.0100590e-11,2.9021322e-14
628.22000,1.0104390e-11,2.9053979e-14
628.23000,1.0101844e-11,2.8954511e-14
628.24000,1.0092681e-11,2.8750599e-14
628.25000,1.0080663e-11,2.8535818e-14
628.26000,1.0068577e-11,2.8373511e-14
628.27000,1.0058402e-11,2.8274362e-14
628.28000,1.0052476e-11,2.8238891e-14
628.29000,1.0053330e-11,2.8277082e-14
628.30000,1.0059449e-11,2.8374204e-14
628.31000,1.0066720e-11,2.8492933e-14
628.32000,1.0070302e-11,2.8566253e-14
628.33000,1.0068169e-11,2.8542697e-14
628.34000,1.0061880e-11,2.8419367e-14
628.35000,1.0056179e-11,2.8274324e-14
628.36000,1.0053576e-11,2.8179349e-14
628.37000,1.0052383e-11,2.8145494e-14
628.38000,1.0050219e-11,2.8153132e-14
628.39000,1.0045971e-11,2.8176770e-14
628.40000,1.0040700e-11,2.8182077e-14
628.41000,1.0036207e-11,2.8142083e-14
628.42000,1.0033755e-11,2.8068390e-14
628.43000,1.0033791e-11,2.7989316e-14
628.44000,1.0036397e-11,2.7926833e-14
628.45000,1.0040421e-11,2.7881663e-14
628.46000,1.0044507e-11,2.7847422e-14
628.47000,1.0047459e-11,2.7819084e-14
628.48000,1.0048660e-11,2.7797615e-14
628.49000,1.0047576e-11,2.7787514e-14
628.50000,1.0044665e-11,2.7790659e-14
628.51000,1.0040692e-11,2.7806260e-14
628.52000,1.0037107e-11,2.7821972e-14
628.53000,1.0035404e-11,2.7824587e-14
628.54000,1.0037330e-11,2.7807573e-14
628.55000,1.0042779e-11,2.7781702e-14
628.56000,1.0050634e-11,2.7761633e-14
628.57000,1.0058383e-11,2.7753719e-14
628.58000,1.0064421e-11,2.7755121e-14
628.59000,1.0067885e-11,2.7760254e-14
628.60000,1.0069042e-11,2.7762039e-14
628.61000,1.0067318e-11,2.7755724e-14
628.62000,1.0063123e-11,2.7743657e-14
628.63000,1.0058040e-11,2.7732629e-14
628.64000,1.0054199e-11,2.7732353e-14
628.65000,1.0052223e-11,2.7746843e-14
628.66000,1.0050650e-11,2.7775031e-14
628.67000,1.0047572e-11,2.7809091e-14
628.68000,1.0043328e-11,2.7849000e-14
628.69000,1.0039584e-11,2.7903318e-14
628.70000,1.0037238e-11,2.7971034e-14
628.71000,1.0035448e-11,2.8028482e-14
628.72000,1.0033431e-11,2.8039732e-14
628.73000,1.0032830e-11,2.7978743e-14
628.74000,1.0035492e-11,2.7872688e-14
628.75000,1.0041773e-11,2.7763474e-14
628.76000,1.0049191e-11,2.7691168e-14
628.77000,1.0055141e-11,2.7657698e-14
628.78000,1.0058639e-11,2.7654781e-14
628.79000,1.0060217e-11,2.7665726e-14
628.80000,1.0060114e-11,2.7682075e-14
628.81000,1.0058628e-11,2.7691147e-14
628.82000,1.0056595e-11,2.7676029e-14
628.83000,1.0054997e-11,2.7626225e-14
628.84000,1.0054926e-11,2.7565404e-14
628.85000,1.0057690e-11,2.7539027e-14
628.86000,1.0063638e-11,2.7593521e-14
628.87000,1.0070065e-11,2.7707332e-14
628.88000,1.0073024e-11,2.7807488e-14
628.89000,1.0071094e-11,2.7820615e-14
628.90000,1.0065707e-11,2.7723513e-14
628.91000,1.0060779e-11,2.7566331e-14
628.92000,1.0059715e-11,2.7438835e-14
628.93000,1.0064253e-11,2.7402605e-14
628.94000,1.0073042e-11,2.7462379e-14
628.95000,1.0083540e-11,2.7598429e-14
628.96000,1.0091121e-11,2.7738335e-14
628.97000,1.0092492e-11,2.7780511e-14
628.98000,1.0087892e-11,2.7672773e-14
628.99000,1.0081103e-11,2.7482261e-14
629.00000,1.0073951e-11,2.7294182e-14
629.01000,1.0066193e-11,2.7166637e-14
629.02000,1.0057994e-11,2.7104720e-14
629.03000,1.0051435e-11,2.7100297e-14
629.04000,1.0048493e-11,2.7127508e-14
629.05000,1.0049153e-11,2.7160943e-14
629.06000,1.0051423e-11,2.7170642e-14
629.07000,1.0052817e-11,2.7140569e-14
629.08000,1.0053245e-11,2.7076818e-14
629.09000,1.0054599e-11,2.7015807e-14
629.10000,1.0058038e-11,2.6985645e-14
629.11000,1.0063603e-11,2.6995095e-14
629.12000,1.0070577e-11,2.7030721e-14
629.13000,1.0079593e-11,2.7108710e-14
629.14000,1.0090058e-11,2.7254562e-14
629.15000,1.0098089e-11,2.7448226e-14
629.16000,1.0096578e-11,2.7587008e-14
629.17000,1.0083082e-11,2.7565003e-14
629.18000,1.0058530e-11,2.7359483e-14
629.19000,1.0030676e-11,2.7125564e-14
629.20000,1.0007930e-11,2.7014234e-14
629.21000,9.9975238e-12,2.7066502e-14
629.22000,1.0006281e-11,2.7265947e-14
629.23000,1.0031181e-11,2.7515293e-14
629.24000,1.0057165e-11,2.7695541e-14
629.25000,1.0073636e-11,2.7745800e-14
629.26000,1.0080768e-11,2.7722609e-14
629.27000,1.0082347e-11,2.7711672e-14
629.28000,1.0082369e-11,2.7766465e-14
629.29000,1.0082529e-11,2.7854731e-14
629.30000,1.0082090e-11,2.7926591e-14
629.31000,1.0080128e-11,2.7953713e-14
629.32000,1.0075980e-11,2.7924412e-14
629.33000,1.0068819e-11,2.7848588e-14
629.34000,1.0058810e-11,2.7768920e-14
629.35000,1.0047120e-11,2.7716478e-14
629.36000,1.0036254e-11,2.7676132e-14
629.37000,1.0028140e-11,2.7601869e-14
629.38000,1.0023599e-11,2.7455684e-14
629.39000,1.0021698e-11,2.7267883e-14
629.40000,1.0022028e-11,2.7110270e-14
629.41000,1.0024494e-11,2.7036155e-14
629.42000,1.0029634e-11,2.7055430e-14
629.43000,1.0037846e-11,2.7146188e-14
629.44000,1.0047419e-11,2.7254749e-14
629.45000,1.0054628e-11,2.7333575e-14
629.46000,1.0055606e-11,2.7344213e-14
629.47000,1.0049092e-11,2.7264438e-14
629.48000,1.0036951e-11,2.7108974e-14
629.49000,1.0024778e-11,2.6962753e-14
629.50000,1.0018167e-11,2.6927009e-14
629.51000,1.0019414e-11,2.7040613e-14
629.52000,1.0026661e-11,2.7285329e-14
629.53000,1.0034467e-11,2.7596477e-14
629.54000,1.0036547e-11,2.7836283e-14
629.55000,1.0030501e-11,2.7866793e-14
629.56000,1.0021291e-11,2.7726074e-14
629.57000,1.0013073e-11,2.7510543e-14
629.58000,1.0007189e-11,2.7323311e-14
629.59000,1.0002995e-11,2.7198301e-14
629.60000,9.9991514e-12,2.7120789e-14
629.61000,9.9952015e-12,2.7057778e-14
629.62000,9.9918658e-12,2.6993626e-14
629.63000,9.9897140e-12,2.6924048e-14
629.64000,9.9887997e-12,2.6857632e-14
629.65000,9.9886663e-12,2.6819457e-14
629.66000,9.9884570e-12,2.6825536e-14
629.67000,9.9873355e-12,2.6871757e-14
629.68000,9.9848858e-12,2.6921876e-14
629.69000,9.9807376e-12,2.6941417e-14
629.70000,9.9750740e-12,2.6917900e-14
629.71000,9.9700481e-12,2.6882233e-14
629.72000,9.9688357e-12,2.6878133e-14
629.73000,9.9721971e-12,2.6922028e-14
629.74000,9.9790664e-12,2.7001260e-14
629.75000,9.9886029e-12,2.7090684e-14
629.76000,1.0000231e-11,2.7171919e-14
629.77000,1.0013247e-11,2.7247610e-14
629.78000,1.0024375e-11,2.7315634e-14
629.79000,1.0030292e-11,2.7343586e-14
629.80000,1.0029892e-11,2.7288100e-14
629.81000,1.0026864e-11,2.7174628e-14
629.82000,1.0024987e-11,2.7075775e-14
629.83000,1.0026398e-11,2.7049380e-14
629.84000,1.0032069e-11,2.7117832e-14
629.85000,1.0039326e-11,2.7248938e-14
629.86000,1.0043107e-11,2.7397131e-14
629.87000,1.0039268e-11,2.7481357e-14
629.88000,1.0030763e-11,2.7465970e-14
629.89000,1.0021674e-11,2.7365849e-14
629.90000,1.0014139e-11,2.7243156e-14
629.91000,1.0007896e-11,2.7135556e-14
629.92000,1.0002493e-11,2.7068898e-14
629.93000,9.9983974e-12,2.7056218e-14
629.94000,9.9968121e-12,2.7104623e-14
629.95000,9.9974110e-12,2.7188205e-14
629.96000,9.9985902e-12,2.7279006e-14
629.97000,9.9981281e-12,2.7352474e-14
629.98000,9.9953031e-12,2.7397394e-14
629.99000,9.9909259e-12,2.7411692e-14
630.00000,9.9867544e-12,2.7407965e-14
630.01000,9.9838538e-12,2.7396048e-14
630.02000,9.9824433e-12,2.7379638e-14
630.03000,9.9815063e-12,2.7358612e-14
630.04000,9.9802120e-12,2.7329329e-14
630.05000,9.9791752e-12,2.7296381e-14
630.06000,9.9798439e-12,2.7270769e-14
630.07000,9.9829569e-12,2.7257412e-14
630.08000,9.9865990e-12,2.7243469e-14
630.09000,9.9880479e-12,2.7217959e-14
630.10000,9.9877850e-12,2.7199133e-14
630.11000,9.9893650e-12,2.7226575e-14
630.12000,9.9951128e-12,2.7318602e-14
630.13000,1.0002656e-11,2.7468502e-14
630.14000,1.0004670e-11,2.7609196e-14
630.15000,9.9987615e-12,2.7654612e-14
630.16000,9.9892345e-12,2.7566776e-14
630.17000,9.9831823e-12,2.7423248e-14
630.18000,9.9838917e-12,2.7324748e-14
630.19000,9.9908035e-12,2.7345995e-14
630.20000,9.9994992e-12,2.7471415e-14
630.21000,1.0004398e-11,2.7630504e-14
630.22000,1.0002234e-11,2.7721799e-14
630.23000,9.9945267e-12,2.7686980e-14
630.24000,9.9863460e-12,2.7535077e-14
630.25000,9.9815441e-12,2.7357876e-14
630.26000,9.9801159e-12,2.7227603e-14
630.27000,9.9799569e-12,2.7153986e-14
630.28000,9.9806519e-12,2.7118391e-14
630.29000,9.9829914e-12,2.7112572e-14
630.30000,9.9866825e-12,2.7127326e-14
630.31000,9.9901321e-12,2.7157634e-14
630.32000,9.9919715e-12,2.7186866e-14
630.33000,9.9923782e-12,2.7199085e-14
630.34000,9.9927007e-12,2.7192782e-14
630.35000,9.9934439e-12,2.7175786e-14
630.36000,9.9937500e-12,2.7160986e-14
630.37000,9.9925434e-12,2.7155596e-14
630.38000,9.9894248e-12,2.7160095e-14
630.39000,9.9853026e-12,2.7167831e-14
630.40000,9.9809421e-12,2.7172683e-14
630.41000,9.9763088e-12,2.7174037e-14
630.42000,9.9707539e-12,2.7177479e-14
630.43000,9.9637500e-12,2.7184749e-14
630.44000,9.9559932e-12,2.7188608e-14
630.45000,9.9485050e-12,2.7183803e-14
630.46000,9.9419181e-12,2.7177905e-14
630.47000,9.9360423e-12,2.7193298e-14
630.48000,9.9306729e-12,2.7271635e-14
630.49000,9.9253985e-12,2.7441250e-14
630.50000,9.9186906e-12,2.7736024e-14
630.51000,9.9081929e-12,2.8121956e-14
630.52000,9.8904171e-12,2.8527455e-14
630.53000,9.8636491e-12,2.8824379e-14
630.54000,9.8321195e-12,2.8955843e-14
630.55000,9.8033373e-12,2.8932918e-14
630.56000,9.7864387e-12,2.8858986e-14
630.57000,9.7906833e-12,2.8816052e-14
630.58000,9.8201963e-12,2.8834592e-14
630.59000,9.8643481e-12,2.8859233e-14
630.60000,9.9098947e-12,2.8792238e-14
630.61000,9.9468834e-12,2.8593643e-14
630.62000,9.9720947e-12,2.8302993e-14
630.63000,9.9849854e-12,2.8010185e-14
630.64000,9.9895594e-12,2.7786508e-14
630.65000,9.9887345e-12,2.7648673e-14
630.66000,9.9862055e-12,2.7560626e-14
630.67000,9.9839649e-12,2.7501647e-14
630.68000,9.9831241e-12,2.7474739e-14
630.69000,9.9835247e-12,2.7478115e-14
630.70000,9.9840873e-12,2.7508952e-14
630.71000,9.9835365e-12,2.7547906e-14
630.72000,9.9815431e-12,2.7579964e-14
630.73000,9.9791115e-12,2.7602013e-14
630.74000,9.9772825e-12,2.7621301e-14
630.75000,9.9767802e-12,2.7648094e-14
630.76000,9.9777371e-12,2.7682635e-14
630.77000,9.9801732e-12,2.7717910e-14
630.78000,9.9830859e-12,2.7748128e-14
630.79000,9.9850162e-12,2.7772891e-14
630.80000,9.9848209e-12,2.7792775e-14
630.81000,9.9832739e-12,2.7807978e-14
630.82000,9.9820098e-12,2.7818244e-14
630.83000,9.9817648e-12,2.7827989e-14
630.84000,9.9815675e-12,2.7843211e-14
630.85000,9.9799059e-12,2.7869911e-14
630.86000,9.9766757e-12,2.7909544e-14
630.87000,9.9732751e-12,2.7968177e-14
630.88000,9.9717503e-12,2.8047547e-14
630.89000,9.9737897e-12,2.8152450e-14
630.90000,9.9789328e-12,2.8279097e-14
630.91000,9.9853623e-12,2.8424437e-14
630.92000,9.9890210e-12,2.8569521e-14
630.93000,9.9869420e-12,2.8672795e-14
630.94000,9.9796552e-12,2.8685825e-14
630.95000,9.9726255e-12,2.8618618e-14
630.96000,9.9706095e-12,2.8520944e-14
630.97000,9.9755379e-12,2.8462361e-14
630.98000,9.9845266e-12,2.8486357e-14
630.99000,9.9926937e-12,2.8602795e-14
631.00000,9.9945917e-12,2.8748588e-14
631.01000,9.9886604e-12,2.8846853e-14
631.02000,9.9778939e-12,2.8838186e-14
631.03000,9.9690180e-12,2.8748300e-14
631.04000,9.9655856e-12,2.8637691e-14
631.05000,9.9645145e-12,2.8563075e-14
631.06000,9.9621614e-12,2.8544967e-14
631.07000,9.9576939e-12,2.8567932e-14
631.08000,9.9526851e-12,2.8619703e-14
631.09000,9.9488625e-12,2.8691009e-14
631.10000,9.9461608e-12,2.8770555e-14
631.11000,9.9442530e-12,2.8850232e-14
631.12000,9.9436321e-12,2.8923290e-14
631.13000,9.9451541e-12,2.8985002e-14
631.14000,9.9487827e-12,2.9032751e-14
631.15000,9.9527916e-12,2.9072272e-14
631.16000,9.9554679e-12,2.9111297e-14
631.17000,9.9565190e-12,2.9155366e-14
631.18000,9.9560593e-12,2.9204342e-14
631.19000,9.9541801e-12,2.9253047e-14
631.20000,9.9495949e-12,2.9297945e-14
631.21000,9.9412557e-12,2.9342796e-14
631.22000,9.9314786e-12,2.9395215e-14
631.23000,9.9241291e-12,2.9459310e-14
631.24000,9.9210598e-12,2.9529918e-14
631.25000,9.9210545e-12,2.9599916e-14
631.26000,9.9207600e-12,2.9660953e-14
631.27000,9.9178191e-12,2.9706844e-14
631.28000,9.9124059e-12,2.9731406e-14
631.29000,9.9070408e-12,2.9737741e-14
631.30000,9.9044928e-12,2.9733574e-14
631.31000,9.9079401e-12,2.9731389e-14
631.32000,9.9174813e-12,2.9745130e-14
631.33000,9.9309868e-12,2.9789377e-14
631.34000,9.9427298e-12,2.9862866e-14
631.35000,9.9470569e-12,2.9959131e-14
631.36000,9.9427226e-12,3.0052541e-14
631.37000,9.9316404e-12,3.0109782e-14
631.38000,9.9206715e-12,3.0110497e-14
631.39000,9.9165899e-12,3.0082564e-14
631.40000,9.9220533e-12,3.0072099e-14
631.41000,9.9335332e-12,3.0111105e-14
631.42000,9.9468530e-12,3.0203065e-14
631.43000,9.9571160e-12,3.0317010e-14
631.44000,9.9607610e-12,3.0390744e-14
631.45000,9.9570161e-12,3.0369146e-14
631.46000,9.9509024e-12,3.0273020e-14
631.47000,9.9464786e-12,3.0156103e-14
631.48000,9.9451407e-12,3.0061231e-14
631.49000,9.9451302e-12,3.0001194e-14
631.50000,9.9434656e-12,2.9973569e-14
631.51000,9.9379722e-12,2.9964713e-14
631.52000,9.9282891e-12,2.9969697e-14
631.53000,9.9179425e-12,2.9983941e-14
631.54000,9.9115835e-12,3.0008599e-14
631.55000,9.9125985e-12,3.0048269e-14
631.56000,9.9191322e-12,3.0100518e-14
631.57000,9.9277402e-12,3.0155538e-14
631.58000,9.9350955e-12,3.0198996e-14
631.59000,9.9400258e-12,3.0225158e-14
631.60000,9.9421370e-12,3.0236386e-14
631.61000,9.9423321e-12,3.0244732e-14
631.62000,9.9412049e-12,3.0262066e-14
631.63000,9.9392307e-12,3.0291819e-14
631.64000,9.9360494e-12,3.0336651e-14
631.65000,9.9316423e-12,3.0399952e-14
631.66000,9.9261806e-12,3.0489758e-14
631.67000,9.9201527e-12,3.0613815e-14
631.68000,9.9144000e-12,3.0781041e-14
631.69000,9.9096411e-12,3.1010637e-14
631.70000,9.9057121e-12,3.1280544e-14
631.71000,9.9017192e-12,3.1543942e-14
631.72000,9.8961009e-12,3.1763912e-14
631.73000,9.8876209e-12,3.1940789e-14
631.74000,9.8751716e-12,3.2056503e-14
631.75000,9.8605011e-12,3.2085698e-14
631.76000,9.8465071e-12,3.2004329e-14
631.77000,9.8356387e-12,3.1865902e-14
631.78000,9.8275883e-12,3.1734050e-14
631.79000,9.8173537e-12,3.1630821e-14
631.80000,9.7998444e-12,3.1512937e-14
631.81000,9.7755147e-12,3.1337407e-14
631.82000,9.7545532e-12,3.1130957e-14
631.83000,9.7504891e-12,3.0963706e-14
631.84000,9.7746198e-12,3.0917765e-14
631.85000,9.8190963e-12,3.1012554e-14
631.86000,9.8682439e-12,3.1249818e-14
631.87000,9.9076305e-12,3.1562098e-14
631.88000,9.9325974e-12,3.1886357e-14
631.89000,9.9477869e-12,3.2154400e-14
631.90000,9.9557140e-12,3.2303848e-14
631.91000,9.9579711e-12,3.2304176e-14
631.92000,9.9577104e-12,3.2209310e-14
631.93000,9.9569149e-12,3.2081034e-14
631.94000,9.9558982e-12,3.1969500e-14
631.95000,9.9540749e-12,3.1891160e-14
631.96000,9.9516002e-12,3.1854673e-14
631.97000,9.9495206e-12,3.1859827e-14
631.98000,9.9484460e-12,3.1919020e-14
631.99000,9.9475290e-12,3.2027764e-14
632.00000,9.9456994e-12,3.2185663e-14
632.01000,9.9432128e-12,3.2368968e-14
632.02000,9.9417485e-12,3.2541988e-14
632.03000,9.9430828e-12,3.2645108e-14
632.04000,9.9462056e-12,3.2637105e-14
632.05000,9.9484464e-12,3.2472264e-14
632.06000,9.9481056e-12,3.2140029e-14
632.07000,9.9459168e-12,3.1601257e-14
632.08000,9.9439108e-12,3.0803209e-14
632.09000,9.9432244e-12,2.9843988e-14
632.10000,9.9433440e-12,2.8918834e-14
632.11000,9.9429731e-12,2.8205525e-14
632.12000,9.9413897e-12,2.7777472e-14
632.13000,9.9388693e-12,2.7533014e-14
632.14000,9.9360942e-12,2.7400849e-14
632.15000,9.9343390e-12,2.7354002e-14
632.16000,9.9344746e-12,2.7366314e-14
632.17000,9.9364377e-12,2.7403481e-14
632.18000,9.9386473e-12,2.7423435e-14
632.19000,9.9398255e-12,2.7418901e-14
632.20000,9.9399508e-12,2.7410049e-14
632.21000,9.9401569e-12,2.7412691e-14
632.22000,9.9408789e-12,2.7420797e-14
632.23000,9.9411297e-12,2.7425294e-14
632.24000,9.9398338e-12,2.7430049e-14
632.25000,9.9374462e-12,2.7439276e-14
632.26000,9.9355118e-12,2.7451388e-14
632.27000,9.9362093e-12,2.7468937e-14
632.28000,9.9402223e-12,2.7500238e-14
632.29000,9.9465937e-12,2.7553183e-14
632.30000,9.9521393e-12,2.7622042e-14
632.31000,9.9537448e-12,2.7691579e-14
632.32000,9.9495362e-12,2.7737431e-14
632.33000,9.9417378e-12,2.7748174e-14
632.34000,9.9336503e-12,2.7728008e-14
632.35000,9.9279370e-12,2.7705660e-14
632.36000,9.9261457e-12,2.7705871e-14
632.37000,9.9279675e-12,2.7734330e-14
632.38000,9.9325723e-12,2.7782053e-14
632.39000,9.9378449e-12,2.7825961e-14
632.40000,9.9416161e-12,2.7846921e-14
632.41000,9.9427795e-12,2.7840982e-14
632.42000,9.9412507e-12,2.7822487e-14
632.43000,9.9363481e-12,2.7802664e-14
632.44000,9.9267559e-12,2.7784703e-14
632.45000,9.9138716e-12,2.7767424e-14
632.46000,9.9010714e-12,2.7750641e-14
632.47000,9.8922420e-12,2.7735847e-14
632.48000,9.8899594e-12,2.7725817e-14
632.49000,9.8932276e-12,2.7722917e-14
632.50000,9.9008956e-12,2.7729979e-14
632.51000,9.9116079e-12,2.7746128e-14
632.52000,9.9228508e-12,2.7762753e-14
632.53000,9.9320458e-12,2.7769833e-14
632.54000,9.9379834e-12,2.7764889e-14
632.55000,9.9411829e-12,2.7752759e-14
632.56000,9.9429829e-12,2.7740624e-14
632.57000,9.9451145e-12,2.7733859e-14
632.58000,9.9475929e-12,2.7732294e-14
632.59000,9.9487151e-12,2.7729618e-14
632.60000,9.9471156e-12,2.7720560e-14
632.61000,9.9439577e-12,2.7706376e-14
632.62000,9.9410348e-12,2.7692184e-14
632.63000,9.9392517e-12,2.7684154e-14
632.64000,9.9382696e-12,2.7684549e-14
632.65000,9.9377181e-12,2.7692929e-14
632.66000,9.9369607e-12,2.7703599e-14
632.67000,9.9351466e-12,2.7712198e-14
632.68000,9.9324683e-12,2.7719303e-14
632.69000,9.9304371e-12,2.7729906e-14
632.70000,9.9307788e-12,2.7746500e-14
632.71000,9.9327811e-12,2.7761836e-14
632.72000,9.9343688e-12,2.7765148e-14
632.73000,9.9340465e-12,2.7754881e-14
632.74000,9.9316327e-12,2.7737782e-14
632.75000,9.9274235e-12,2.7724539e-14
632.76000,9.9226606e-12,2.7725438e-14
632.77000,9.9190443e-12,2.7757283e-14
632.78000,9.9172783e-12,2.7829559e-14
632.79000,9.9165581e-12,2.7954958e-14
632.80000,9.9151345e-12,2.8119459e-14
632.81000,9.9123382e-12,2.8298062e-14
632.82000,9.9085900e-12,2.8450996e-14
632.83000,9.9046101e-12,2.8546820e-14
632.84000,9.9012573e-12,2.8565318e-14
632.85000,9.8997125e-12,2.8526274e-14
632.86000,9.9004088e-12,2.8455194e-14
632.87000,9.9028571e-12,2.8364813e-14
632.88000,9.9058568e-12,2.8264380e-14
632.89000,9.9091288e-12,2.8156291e-14
632.90000,9.9127215e-12,2.8046164e-14
632.91000,9.9166650e-12,2.7940415e-14
632.92000,9.9208916e-12,2.7845481e-14
632.93000,9.9253279e-12,2.7768723e-14
632.94000,9.9297576e-12,2.7717870e-14
632.95000,9.9338413e-12,2.7691015e-14
632.96000,9.9369868e-12,2.7689096e-14
632.97000,9.9387925e-12,2.7702387e-14
632.98000,9.9386212e-12,2.7718220e-14
632.99000,9.9365987e-12,2.7722407e-14
633.00000,9.9331989e-12,2.7709366e-14
633.01000,9.9295509e-12,2.7687608e-14
633.02000,9.9265011e-12,2.7674427e-14
633.03000,9.9240722e-12,2.7686072e-14
633.04000,9.9221854e-12,2.7727200e-14
633.05000,9.9215152e-12,2.7793999e-14
633.06000,9.9229756e-12,2.7875135e-14
633.07000,9.9257305e-12,2.7947511e-14
633.08000,9.9273351e-12,2.7984998e-14
633.09000,9.9253359e-12,2.7980718e-14
633.10000,9.9184411e-12,2.7937165e-14
633.11000,9.9088135e-12,2.7878955e-14
633.12000,9.8994688e-12,2.7831352e-14
633.13000,9.8926910e-12,2.7815135e-14
633.14000,9.8881916e-12,2.7828476e-14
633.15000,9.8846613e-12,2.7856053e-14
633.16000,9.8803101e-12,2.7872002e-14
633.17000,9.8732386e-12,2.7857452e-14
633.18000,9.8627510e-12,2.7814126e-14
633.19000,9.8489259e-12,2.7748940e-14
633.20000,9.8330001e-12,2.7673421e-14
633.21000,9.8176850e-12,2.7603706e-14
633.22000,9.8083188e-12,2.7558326e-14
633.23000,9.8107223e-12,2.7546862e-14
633.24000,9.8274471e-12,2.7568818e-14
633.25000,9.8560134e-12,2.7617746e-14
633.26000,9.8857185e-12,2.7672803e-14
633.27000,9.9070029e-12,2.7713755e-14
633.28000,9.9186394e-12,2.7733495e-14
633.29000,9.9231460e-12,2.7736097e-14
633.30000,9.9251353e-12,2.7736029e-14
633.31000,9.9259354e-12,2.7741459e-14
633.32000,9.9244379e-12,2.7751020e-14
633.33000,9.9200974e-12,2.7757923e-14
633.34000,9.9133530e-12,2.7760340e-14
633.35000,9.9064413e-12,2.7766347e-14
633.36000,9.9012103e-12,2.7785252e-14
633.37000,9.8980132e-12,2.7813774e-14
633.38000,9.8963945e-12,2.7838000e-14
633.39000,9.8954664e-12,2.7841551e-14
633.40000,9.8939654e-12,2.7824119e-14
633.41000,9.8901141e-12,2.7793884e-14
633.42000,9.8826426e-12,2.7762980e-14
633.43000,9.8708993e-12,2.7736988e-14
633.44000,9.8535989e-12,2.7714799e-14
633.45000,9.8316034e-12,2.7687468e-14
633.46000,9.8078454e-12,2.7646302e-14
633.47000,9.7895148e-12,2.7601060e-14
633.48000,9.7853436e-12,2.7576344e-14
633.49000,9.7962176e-12,2.7587077e-14
633.50000,9.8169964e-12,2.7628722e-14
633.51000,9.8400322e-12,2.7684362e-14
633.52000,9.8587334e-12,2.7732032e-14
633.53000,9.8700951e-12,2.7755736e-14
633.54000,9.8759538e-12,2.7756471e-14
633.55000,9.8771407e-12,2.7741186e-14
633.56000,9.8751243e-12,2.7727090e-14
633.57000,9.8707544e-12,2.7729274e-14
633.58000,9.8649684e-12,2.7754428e-14
633.59000,9.8589286e-12,2.7789777e-14
633.60000,9.8533623e-12,2.7815457e-14
633.61000,9.8487830e-12,2.7822388e-14
633.62000,9.8464376e-12,2.7814638e-14
633.63000,9.8473997e-12,2.7805116e-14
633.64000,9.8525974e-12,2.7797113e-14
633.65000,9.8609713e-12,2.7782401e-14
633.66000,9.8691679e-12,2.7753561e-14
633.67000,9.8742487e-12,2.7709843e-14
633.68000,9.8757347e-12,2.7660473e-14
633.69000,9.8746346e-12,2.7614535e-14
633.70000,9.8719361e-12,2.7580408e-14
633.71000,9.8688305e-12,2.7560269e-14
633.72000,9.8659035e-12,2.7552826e-14
633.73000,9.8633172e-12,2.7548925e-14
633.74000,9.8609186e-12,2.7541257e-14
633.75000,9.8584691e-12,2.7528675e-14
633.76000,9.8560896e-12,2.7514974e-14
633.77000,9.8541734e-12,2.7506746e-14
633.78000,9.8527907e-12,2.7508952e-14
633.79000,9.8516048e-12,2.7523153e-14
633.80000,9.8499436e-12,2.7538869e-14
633.81000,9.8473110e-12,2.7544652e-14
633.82000,9.8441713e-12,2.7541462e-14
633.83000,9.8417527e-12,2.7542357e-14
633.84000,9.8413851e-12,2.7563688e-14
633.85000,9.8427036e-12,2.7607086e-14
633.86000,9.8444877e-12,2.7665425e-14
633.87000,9.8460196e-12,2.7723020e-14
633.88000,9.8480020e-12,2.7768251e-14
633.89000,9.8510376e-12,2.7797780e-14
633.90000,9.8546915e-12,2.7808383e-14
633.91000,9.8578446e-12,2.7793016e-14
633.92000,9.8598114e-12,2.7752566e-14
633.93000,9.8598338e-12,2.7692797e-14
633.94000,9.8574362e-12,2.7628670e-14
633.95000,9.8521692e-12,2.7570143e-14
633.96000,9.8453850e-12,2.7521905e-14
633.97000,9.8388449e-12,2.7487902e-14
633.98000,9.8344180e-12,2.7468686e-14
633.99000,9.8331978e-12,2.7458835e-14
634.00000,9.8361446e-12,2.7456388e-14
634.01000,9.8418394e-12,2.7460097e-14
634.02000,9.8472730e-12,2.7466692e-14
634.03000,9.8488474e-12,2.7470005e-14
634.04000,9.8456778e-12,2.7467183e-14
634.05000,9.8393326e-12,2.7461771e-14
634.06000,9.8337558e-12,2.7460192e-14
634.07000,9.8313620e-12,2.7463958e-14
634.08000,9.8314123e-12,2.7469978e-14
634.09000,9.8324397e-12,2.7481954e-14
634.10000,9.8338798e-12,2.7528193e-14
634.11000,9.8357970e-12,2.7658953e-14
634.12000,9.8384397e-12,2.7974374e-14
634.13000,9.8413134e-12,2.8489818e-14
634.14000,9.8433270e-12,2.9152302e-14
634.15000,9.8434967e-12,2.9796945e-14
634.16000,9.8413380e-12,3.0289881e-14
634.17000,9.8370492e-12,3.0568577e-14
634.18000,9.8321770e-12,3.0697925e-14
634.19000,9.8287395e-12,3.0731602e-14
634.20000,9.8278834e-12,3.0726272e-14
634.21000,9.8299765e-12,3.0690327e-14
634.22000,9.8335480e-12,3.0623856e-14
634.23000,9.8367926e-12,3.0524425e-14
634.24000,9.8379282e-12,3.0401717e-14
634.25000,9.8365870e-12,3.0278757e-14
634.26000,9.8331241e-12,3.0172150e-14
634.27000,9.8291406e-12,3.0082345e-14
634.28000,9.8261825e-12,3.0007193e-14
634.29000,9.8250223e-12,2.9940741e-14
634.30000,9.8253654e-12,2.9879422e-14
634.31000,9.8259132e-12,2.9820057e-14
634.32000,9.8257095e-12,2.9760432e-14
634.33000,9.8247618e-12,2.9699287e-14
634.34000,9.8233209e-12,2.9634437e-14
634.35000,9.8210083e-12,2.9561786e-14
634.36000,9.8180139e-12,2.9481384e-14
634.37000,9.8153897e-12,2.9396131e-14
634.38000,9.8143430e-12,2.9310912e-14
634.39000,9.8146029e-12,2.9229399e-14
634.40000,9.8149720e-12,2.9155386e-14
634.41000,9.8142697e-12,2.9092790e-14
634.42000,9.8122110e-12,2.9051267e-14
634.43000,9.8099375e-12,2.9035021e-14
634.44000,9.8088618e-12,2.9046814e-14
634.45000,9.8093523e-12,2.9077936e-14
634.46000,9.8100695e-12,2.9110265e-14
634.47000,9.8095332e-12,2.9130883e-14
634.48000,9.8072147e-12,2.9136027e-14
634.49000,9.8031715e-12,2.9124944e-14
634.50000,9.7977167e-12,2.9092528e-14
634.51000,9.7921273e-12,2.9038819e-14
634.52000,9.7876291e-12,2.8965026e-14
634.53000,9.7842872e-12,2.8886428e-14
634.54000,9.7809676e-12,2.8816773e-14
634.55000,9.7753361e-12,2.8754166e-14
634.56000,9.7644220e-12,2.8687586e-14
634.57000,9.7444524e-12,2.8611683e-14
634.58000,9.7158647e-12,2.8530906e-14
634.59000,9.6802607e-12,2.8442860e-14
634.60000,9.6421930e-12,2.8337187e-14
634.61000,9.6044135e-12,2.8208118e-14
634.62000,9.5675405e-12,2.8074662e-14
634.63000,9.5303230e-12,2.7962191e-14
634.64000,9.4895087e-12,2.7883787e-14
634.65000,9.4402204e-12,2.7817210e-14
634.66000,9.3697274e-12,2.7715117e-14
634.67000,9.2644121e-12,2.7531820e-14
634.68000,9.0986704e-12,2.7210917e-14
634.69000,8.8622635e-12,2.6739895e-14
634.70000,8.5552536e-12,2.6129911e-14
634.71000,8.1940334e-12,2.5424303e-14
634.72000,7.8408257e-12,2.4746189e-14
634.73000,7.6041357e-12,2.4295819e-14
634.74000,7.5707665e-12,2.4219630e-14
634.75000,7.8109884e-12,2.4628942e-14
634.76000,8.2443119e-12,2.5366378e-14
634.77000,8.7395102e-12,2.6193087e-14
634.78000,9.1656636e-12,2.6882989e-14
634.79000,9.4648364e-12,2.7353144e-14
634.80000,9.6256940e-12,2.7602103e-14
634.81000,9.7049690e-12,2.7728090e-14
634.82000,9.7351651e-12,2.7777392e-14
634.83000,9.7458937e-12,2.7786542e-14
634.84000,9.7503588e-12,2.7767917e-14
634.85000,9.7550674e-12,2.7725860e-14
634.86000,9.7625359e-12,2.7673150e-14
634.87000,9.7719331e-12,2.7626195e-14
634.88000,9.7805110e-12,2.7600698e-14
634.89000,9.7862833e-12,2.7607879e-14
634.90000,9.7893124e-12,2.7638189e-14
634.91000,9.7906120e-12,2.7672546e-14
634.92000,9.7914622e-12,2.7691048e-14
634.93000,9.7925459e-12,2.7690648e-14
634.94000,9.7929714e-12,2.7680981e-14
634.95000,9.7918688e-12,2.7674556e-14
634.96000,9.7897837e-12,2.7672272e-14
634.97000,9.7884113e-12,2.7670313e-14
634.98000,9.7882873e-12,2.7673116e-14
634.99000,9.7884229e-12,2.7691276e-14
635.00000,9.7875281e-12,2.7721444e-14
635.01000,9.7852043e-12,2.7743222e-14
635.02000,9.7824671e-12,2.7736137e-14
635.03000,9.7802154e-12,2.7691812e-14
635.04000,9.7786405e-12,2.7627683e-14
635.05000,9.7778596e-12,2.7566385e-14
635.06000,9.7787635e-12,2.7530955e-14
635.07000,9.7815297e-12,2.7530472e-14
635.08000,9.7845253e-12,2.7567603e-14
635.09000,9.7846436e-12,2.7618875e-14
635.10000,9.7798864e-12,2.7653299e-14
635.11000,9.7722752e-12,2.7649889e-14
635.12000,9.7650789e-12,2.7607846e-14
635.13000,9.7608607e-12,2.7538517e-14
635.14000,9.7596246e-12,2.7462375e-14
635.15000,9.7608243e-12,2.7393462e-14
635.16000,9.7634237e-12,2.7339459e-14
635.17000,9.7668932e-12,2.7305099e-14
635.18000,9.7700156e-12,2.7284036e-14
635.19000,9.7713343e-12,2.7267821e-14
635.20000,9.7698938e-12,2.7252137e-14
635.21000,9.7668488e-12,2.7238713e-14
635.22000,9.7640082e-12,2.7233292e-14
635.23000,9.7626942e-12,2.7235989e-14
635.24000,9.7633237e-12,2.7242058e-14
635.25000,9.7648295e-12,2.7243843e-14
635.26000,9.7656597e-12,2.7238160e-14
635.27000,9.7647218e-12,2.7227677e-14
635.28000,9.7628448e-12,2.7220141e-14
635.29000,9.7619963e-12,2.7223564e-14
635.30000,9.7635543e-12,2.7237464e-14
635.31000,9.7678859e-12,2.7253170e-14
635.32000,9.7735534e-12,2.7255876e-14
635.33000,9.7786437e-12,2.7236492e-14
635.34000,9.7811847e-12,2.7195993e-14
635.35000,9.7808319e-12,2.7151275e-14
635.36000,9.7779875e-12,2.7118905e-14
635.37000,9.7740547e-12,2.7102026e-14
635.38000,9.7699473e-12,2.7095672e-14
635.39000,9.7664480e-12,2.7092775e-14
635.40000,9.7640737e-12,2.7093881e-14
635.41000,9.7631955e-12,2.7104440e-14
635.42000,9.7634590e-12,2.7125120e-14
635.43000,9.7643839e-12,2.7153607e-14
635.44000,9.7649277e-12,2.7184516e-14
635.45000,9.7635814e-12,2.7215196e-14
635.46000,9.7596920e-12,2.7245283e-14
635.47000,9.7537959e-12,2.7274898e-14
635.48000,9.7481359e-12,2.7301387e-14
635.49000,9.7445558e-12,2.7314375e-14
635.50000,9.7433853e-12,2.7301738e-14
635.51000,9.7436047e-12,2.7271036e-14
635.52000,9.7448598e-12,2.7245459e-14
635.53000,9.7469787e-12,2.7246813e-14
635.54000,9.7498896e-12,2.7282442e-14
635.55000,9.7532103e-12,2.7331593e-14
635.56000,9.7566904e-12,2.7365941e-14
635.57000,9.7599610e-12,2.7358708e-14
635.58000,9.7626538e-12,2.7304722e-14
635.59000,9.7647210e-12,2.7201784e-14
635.60000,9.7668348e-12,2.7069564e-14
635.61000,9.7696925e-12,2.6931092e-14
635.62000,9.7731095e-12,2.6811688e-14
635.63000,9.7758745e-12,2.6726532e-14
635.64000,9.7761987e-12,2.6676682e-14
635.65000,9.7738615e-12,2.6646265e-14
635.66000,9.7698883e-12,2.6625328e-14
635.67000,9.7662961e-12,2.6608144e-14
635.68000,9.7639560e-12,2.6594961e-14
635.69000,9.7616446e-12,2.6584640e-14
635.70000,9.7562704e-12,2.6571782e-14
635.71000,9.7436725e-12,2.6549283e-14
635.72000,9.7240395e-12,2.6520804e-14
635.73000,9.7021967e-12,2.6497757e-14
635.74000,9.6874685e-12,2.6486660e-14
635.75000,9.6885634e-12,2.6491761e-14
635.76000,9.7042302e-12,2.6515214e-14
635.77000,9.7276773e-12,2.6562957e-14
635.78000,9.7500689e-12,2.6644974e-14
635.79000,9.7661084e-12,2.6760455e-14
635.80000,9.7748845e-12,2.6901276e-14
635.81000,9.7800892e-12,2.7034466e-14
635.82000,9.7835357e-12,2.7124331e-14
635.83000,9.7858613e-12,2.7159679e-14
635.84000,9.7869263e-12,2.7143931e-14
635.85000,9.7863281e-12,2.7087397e-14
635.86000,9.7838002e-12,2.7022982e-14
635.87000,9.7787124e-12,2.6982221e-14
635.88000,9.7723453e-12,2.6963528e-14
635.89000,9.7672521e-12,2.6937515e-14
635.90000,9.7651185e-12,2.6884868e-14
635.91000,9.7649664e-12,2.6821433e-14
635.92000,9.7641550e-12,2.6772752e-14
635.93000,9.7605302e-12,2.6741151e-14
635.94000,9.7531141e-12,2.6712490e-14
635.95000,9.7431485e-12,2.6681090e-14
635.96000,9.7323318e-12,2.6656701e-14
635.97000,9.7227780e-12,2.6639852e-14
635.98000,9.7163604e-12,2.6615396e-14
635.99000,9.7130619e-12,2.6572372e-14
636.00000,9.7118548e-12,2.6518724e-14
636.01000,9.7107436e-12,2.6480023e-14
636.02000,9.7084702e-12,2.6470114e-14
636.03000,9.7053889e-12,2.6483391e-14
636.04000,9.7028947e-12,2.6493122e-14
636.05000,9.7017212e-12,2.6478568e-14
636.06000,9.7011861e-12,2.6446192e-14
636.07000,9.7006369e-12,2.6422182e-14
636.08000,9.7005391e-12,2.6439536e-14
636.09000,9.7014233e-12,2.6508515e-14
636.10000,9.7023050e-12,2.6630667e-14
636.11000,9.7011428e-12,2.6771798e-14
636.12000,9.6968255e-12,2.6888992e-14
636.13000,9.6909955e-12,2.6955553e-14
636.14000,9.6859881e-12,2.6977161e-14
636.15000,9.6834384e-12,2.6977721e-14
636.16000,9.6824306e-12,2.6975416e-14
636.17000,9.6802150e-12,2.6964475e-14
636.18000,9.6745770e-12,2.6945358e-14
636.19000,9.6653850e-12,2.6943278e-14
636.20000,9.6554897e-12,2.6987916e-14
636.21000,9.6474323e-12,2.7082660e-14
636.22000,9.6427281e-12,2.7193595e-14
636.23000,9.6409219e-12,2.7256397e-14
636.24000,9.6412523e-12,2.7205614e-14
636.25000,9.6422231e-12,2.7048924e-14
636.26000,9.6434283e-12,2.6831607e-14
636.27000,9.6456803e-12,2.6622922e-14
636.28000,9.6502050e-12,2.6466037e-14
636.29000,9.6566245e-12,2.6363517e-14
636.30000,9.6636894e-12,2.6308678e-14
636.31000,9.6699284e-12,2.6286211e-14
636.32000,9.6750389e-12,2.6272592e-14
636.33000,9.6798109e-12,2.6253482e-14
636.34000,9.6855598e-12,2.6227981e-14
636.35000,9.6932128e-12,2.6202534e-14
636.36000,9.7023030e-12,2.6182839e-14
636.37000,9.7117269e-12,2.6171051e-14
636.38000,9.7198635e-12,2.6170510e-14
636.39000,9.7253891e-12,2.6184535e-14
636.40000,9.7266892e-12,2.6222957e-14
636.41000,9.7243096e-12,2.6288962e-14
636.42000,9.7190383e-12,2.6389815e-14
636.43000,9.7128599e-12,2.6518006e-14
636.44000,9.7075989e-12,2.6654496e-14
636.45000,9.7050935e-12,2.6759784e-14
636.46000,9.7055790e-12,2.6795730e-14
636.47000,9.7081375e-12,2.6730963e-14
636.48000,9.7102672e-12,2.6600523e-14
636.49000,9.7101943e-12,2.6460925e-14
636.50000,9.7089035e-12,2.6365895e-14
636.51000,9.7094806e-12,2.6343713e-14
636.52000,9.7143580e-12,2.6376174e-14
636.53000,9.7236194e-12,2.6445352e-14
636.54000,9.7333097e-12,2.6542922e-14
636.55000,9.7387184e-12,2.6660040e-14
636.56000,9.7374110e-12,2.6771686e-14
636.57000,9.7319700e-12,2.6837767e-14
636.58000,9.7251892e-12,2.6827627e-14
636.59000,9.7194199e-12,2.6766387e-14
636.60000,9.7155060e-12,2.6696853e-14
636.61000,9.7129376e-12,2.6657434e-14
636.62000,9.7101051e-12,2.6658270e-14
636.63000,9.7060877e-12,2.6699019e-14
636.64000,9.7019698e-12,2.6754834e-14
636.65000,9.6993960e-12,2.6797049e-14
636.66000,9.6986590e-12,2.6806669e-14
636.67000,9.6989115e-12,2.6787864e-14
636.68000,9.6990002e-12,2.6762942e-14
636.69000,9.6979699e-12,2.6754157e-14
636.70000,9.6951969e-12,2.6764412e-14
636.71000,9.6913509e-12,2.6780264e-14
636.72000,9.6876318e-12,2.6803673e-14
636.73000,9.6848407e-12,2.6847691e-14
636.74000,9.6828974e-12,2.6917007e-14
636.75000,9.6811512e-12,2.6990349e-14
636.76000,9.6798317e-12,2.7046020e-14
636.77000,9.6806964e-12,2.7083568e-14
636.78000,9.6849512e-12,2.7120186e-14
636.79000,9.6917894e-12,2.7158119e-14
636.80000,9.6969765e-12,2.7183004e-14
636.81000,9.6963009e-12,2.7186923e-14
636.82000,9.6900493e-12,2.7183055e-14
636.83000,9.6813110e-12,2.7179654e-14
636.84000,9.6739311e-12,2.7168912e-14
636.85000,9.6699951e-12,2.7146557e-14
636.86000,9.6700599e-12,2.7121156e-14
636.87000,9.6718838e-12,2.7100593e-14
636.88000,9.6727330e-12,2.7076939e-14
636.89000,9.6706877e-12,2.7039491e-14
636.90000,9.6656465e-12,2.6988087e-14
636.91000,9.6583900e-12,2.6928673e-14
636.92000,9.6508341e-12,2.6872817e-14
636.93000,9.6449960e-12,2.6834423e-14
636.94000,9.6420672e-12,2.6820015e-14
636.95000,9.6423454e-12,2.6831162e-14
636.96000,9.6439750e-12,2.6852083e-14
636.97000,9.6454040e-12,2.6861825e-14
636.98000,9.6461630e-12,2.6848569e-14
636.99000,9.6459724e-12,2.6816109e-14
637.00000,9.6422713e-12,2.6775756e-14
637.01000,9.6317078e-12,2.6735461e-14
637.02000,9.6104074e-12,2.6698437e-14
637.03000,9.5811871e-12,2.6670227e-14
637.04000,9.5482431e-12,2.6663102e-14
637.05000,9.5169510e-12,2.6684104e-14
637.06000,9.4905417e-12,2.6734232e-14
637.07000,9.4710533e-12,2.6808410e-14
637.08000,9.4559373e-12,2.6885163e-14
637.09000,9.4371783e-12,2.6932077e-14
637.10000,9.3993924e-12,2.6915907e-14
637.11000,9.3139723e-12,2.6785949e-14
637.12000,9.1607290e-12,2.6520401e-14
637.13000,8.9147927e-12,2.6086283e-14
637.14000,8.5990164e-12,2.5531033e-14
637.15000,8.2721542e-12,2.4956728e-14
637.16000,8.0492386e-12,2.4557878e-14
637.17000,8.0176907e-12,2.4481321e-14
637.18000,8.2377692e-12,2.4825840e-14
637.19000,8.6022569e-12,2.5407646e-14
637.20000,8.9875913e-12,2.6017055e-14
637.21000,9.2910112e-12,2.6486430e-14
637.22000,9.4883411e-12,2.6783014e-14
637.23000,9.5903443e-12,2.6932174e-14
637.24000,9.6420277e-12,2.7009316e-14
637.25000,9.6653341e-12,2.7049908e-14
637.26000,9.6760216e-12,2.7076775e-14
637.27000,9.6796580e-12,2.7099293e-14
637.28000,9.6806658e-12,2.7121984e-14
637.29000,9.6813831e-12,2.7142722e-14
637.30000,9.6835603e-12,2.7159424e-14
637.31000,9.6880547e-12,2.7176967e-14
637.32000,9.6944895e-12,2.7207910e-14
637.33000,9.7010580e-12,2.7258007e-14
637.34000,9.7054922e-12,2.7324684e-14
637.35000,9.7065073e-12,2.7392443e-14
637.36000,9.7035642e-12,2.7449682e-14
637.37000,9.6987143e-12,2.7496776e-14
637.38000,9.6944448e-12,2.7541642e-14
637.39000,9.6924873e-12,2.7592460e-14
637.40000,9.6924358e-12,2.7650499e-14
637.41000,9.6926566e-12,2.7709154e-14
637.42000,9.6911375e-12,2.7758170e-14
637.43000,9.6867034e-12,2.7793040e-14
637.44000,9.6807144e-12,2.7823216e-14
637.45000,9.6755177e-12,2.7857717e-14
637.46000,9.6728692e-12,2.7895133e-14
637.47000,9.6727510e-12,2.7924700e-14
637.48000,9.6737131e-12,2.7934863e-14
637.49000,9.6742639e-12,2.7927833e-14
637.50000,9.6741689e-12,2.7912444e-14
637.51000,9.6740477e-12,2.7899426e-14
637.52000,9.6743450e-12,2.7889979e-14
637.53000,9.6751912e-12,2.7879905e-14
637.54000,9.6766050e-12,2.7869990e-14
637.55000,9.6779012e-12,2.7865417e-14
637.56000,9.6772971e-12,2.7869971e-14
637.57000,9.6722425e-12,2.7882534e-14
637.58000,9.6622901e-12,2.7898949e-14
637.59000,9.6483023e-12,2.7920076e-14
637.60000,9.6343239e-12,2.7955683e-14
637.61000,9.6257207e-12,2.8035385e-14
637.62000,9.6259500e-12,2.8181109e-14
637.63000,9.6351302e-12,2.8384798e-14
637.64000,9.6494918e-12,2.8581432e-14
637.65000,9.6622998e-12,2.8686786e-14
637.66000,9.6689496e-12,2.8651287e-14
637.67000,9.6703052e-12,2.8536995e-14
637.68000,9.6685817e-12,2.8422093e-14
637.69000,9.6656847e-12,2.8351260e-14
637.70000,9.6614731e-12,2.8333807e-14
637.71000,9.6561958e-12,2.8351307e-14
637.72000,9.6513181e-12,2.8391548e-14
637.73000,9.6490066e-12,2.8444124e-14
637.74000,9.6494166e-12,2.8496775e-14
637.75000,9.6509285e-12,2.8540959e-14
637.76000,9.6507189e-12,2.8577713e-14
637.77000,9.6468105e-12,2.8613849e-14
637.78000,9.6401793e-12,2.8657411e-14
637.79000,9.6335546e-12,2.8709749e-14
637.80000,9.6301701e-12,2.8763737e-14
637.81000,9.6312185e-12,2.8806361e-14
637.82000,9.6364612e-12,2.8825665e-14
637.83000,9.6431231e-12,2.8826308e-14
637.84000,9.6484077e-12,2.8820288e-14
637.85000,9.6510889e-12,2.8821590e-14
637.86000,9.6510655e-12,2.8837781e-14
637.87000,9.6494874e-12,2.8865105e-14
637.88000,9.6470644e-12,2.8895432e-14
637.89000,9.6442535e-12,2.8921763e-14
637.90000,9.6416906e-12,2.8944955e-14
637.91000,9.6402390e-12,2.8973264e-14
637.92000,9.6404567e-12,2.9015038e-14
637.93000,9.6424522e-12,2.9076721e-14
637.94000,9.6448051e-12,2.9156502e-14
637.95000,9.6460130e-12,2.9258619e-14
637.96000,9.6461827e-12,2.9386768e-14
637.97000,9.6465420e-12,2.9544375e-14
637.98000,9.6475524e-12,2.9711909e-14
637.99000,9.6483310e-12,2.9848484e-14
638.00000,9.6482909e-12,2.9918199e-14
638.01000,9.6480438e-12,2.9942151e-14
638.02000,9.6477508e-12,2.9953674e-14
638.03000,9.6465066e-12,2.9973524e-14
638.04000,9.6433770e-12,2.9997777e-14
638.05000,9.6394030e-12,3.0018089e-14
638.06000,9.6372472e-12,3.0037880e-14
638.07000,9.6399192e-12,3.0070857e-14
638.08000,9.6469820e-12,3.0123893e-14
638.09000,9.6556517e-12,3.0194971e-14
638.10000,9.6622029e-12,3.0267569e-14
638.11000,9.6652930e-12,3.0327037e-14
638.12000,9.6670956e-12,3.0370399e-14
638.13000,9.6699665e-12,3.0402916e-14
638.14000,9.6740838e-12,3.0428944e-14
638.15000,9.6771386e-12,3.0449787e-14
638.16000,9.6769531e-12,3.0463190e-14
638.17000,9.6751267e-12,3.0473018e-14
638.18000,9.6756586e-12,3.0487691e-14
638.19000,9.6810388e-12,3.0512020e-14
638.20000,9.6915714e-12,3.0546251e-14
638.21000,9.7041121e-12,3.0587413e-14
638.22000,9.7151731e-12,3.0641464e-14
638.23000,9.7209570e-12,3.0726643e-14
638.24000,9.7191944e-12,3.0851158e-14
638.25000,9.7064805e-12,3.1013434e-14
638.26000,9.6844470e-12,3.1184450e-14
638.27000,9.6572610e-12,3.1328935e-14
638.28000,9.6309847e-12,3.1421083e-14
638.29000,9.6071744e-12,3.1431945e-14
638.30000,9.5826125e-12,3.1364439e-14
638.31000,9.5549959e-12,3.1234737e-14
638.32000,9.5285259e-12,3.1085776e-14
638.33000,9.5116391e-12,3.0973022e-14
638.34000,9.5128164e-12,3.0938130e-14
638.35000,9.5274945e-12,3.0961469e-14
638.36000,9.5461105e-12,3.1002740e-14
638.37000,9.5580142e-12,3.1019528e-14
638.38000,9.5577926e-12,3.0990396e-14
638.39000,9.5498934e-12,3.0927793e-14
638.40000,9.5430801e-12,3.0858527e-14
638.41000,9.5469942e-12,3.0815873e-14
638.42000,9.5620522e-12,3.0808683e-14
638.43000,9.5824806e-12,3.0835340e-14
638.44000,9.5996688e-12,3.0881618e-14
638.45000,9.6097293e-12,3.0933128e-14
638.46000,9.6143330e-12,3.0971921e-14
638.47000,9.6146678e-12,3.0999422e-14
638.48000,9.6124085e-12,3.1036912e-14
638.49000,9.6089297e-12,3.1088983e-14
638.50000,9.6061126e-12,3.1128307e-14
638.51000,9.6047674e-12,3.1146853e-14
638.52000,9.6049345e-12,3.1189207e-14
638.53000,9.6062559e-12,3.1300359e-14
638.54000,9.6086226e-12,3.1471232e-14
638.55000,9.6107048e-12,3.1617768e-14
638.56000,9.6111290e-12,3.1676484e-14
638.57000,9.6106432e-12,3.1651933e-14
638.58000,9.6123081e-12,3.1631769e-14
638.59000,9.6185492e-12,3.1708837e-14
638.60000,9.6273760e-12,3.1897789e-14
638.61000,9.6354757e-12,3.2164523e-14
638.62000,9.6411676e-12,3.2419989e-14
638.63000,9.6444093e-12,3.2581606e-14
638.64000,9.6463873e-12,3.2622264e-14
638.65000,9.6475858e-12,3.2558091e-14
638.66000,9.6470303e-12,3.2418164e-14
638.67000,9.6435898e-12,3.2248026e-14
638.68000,9.6369479e-12,3.2060600e-14
638.69000,9.6299182e-12,3.1832349e-14
638.70000,9.6263728e-12,3.1465016e-14
638.71000,9.6275482e-12,3.0874878e-14
638.72000,9.6327156e-12,3.0011822e-14
638.73000,9.6387545e-12,2.9028363e-14
638.74000,9.6434197e-12,2.8145574e-14
638.75000,9.6459591e-12,2.7556447e-14
638.76000,9.6473780e-12,2.7257841e-14
638.77000,9.6485277e-12,2.7198380e-14
638.78000,9.6494811e-12,2.7255318e-14
638.79000,9.6495907e-12,2.7356152e-14
638.80000,9.6485655e-12,2.7438068e-14
638.81000,9.6462430e-12,2.7453543e-14
638.82000,9.6428470e-12,2.7394935e-14
638.83000,9.6385724e-12,2.7286413e-14
638.84000,9.6341237e-12,2.7175251e-14
638.85000,9.6308335e-12,2.7108843e-14
638.86000,9.6301074e-12,2.7117320e-14
638.87000,9.6316841e-12,2.7178750e-14
638.88000,9.6346251e-12,2.7255144e-14
638.89000,9.6374280e-12,2.7315511e-14
638.90000,9.6387858e-12,2.7365589e-14
638.91000,9.6379809e-12,2.7432451e-14
638.92000,9.6348215e-12,2.7518288e-14
638.93000,9.6297146e-12,2.7586394e-14
638.94000,9.6241731e-12,2.7605271e-14
638.95000,9.6201758e-12,2.7576402e-14
638.96000,9.6193775e-12,2.7539123e-14
638.97000,9.6228980e-12,2.7513956e-14
638.98000,9.6290048e-12,2.7492757e-14
638.99000,9.6354864e-12,2.7467222e-14
639.00000,9.6402202e-12,2.7441755e-14
639.01000,9.6416939e-12,2.7422243e-14
639.02000,9.6385502e-12,2.7411060e-14
639.03000,9.6322686e-12,2.7410304e-14
639.04000,9.6263523e-12,2.7424819e-14
639.05000,9.6243344e-12,2.7447758e-14
639.06000,9.6268598e-12,2.7467270e-14
639.07000,9.6299912e-12,2.7479412e-14
639.08000,9.6299969e-12,2.7492183e-14
639.09000,9.6265502e-12,2.7517634e-14
639.10000,9.6216759e-12,2.7560112e-14
639.11000,9.6175781e-12,2.7614001e-14
639.12000,9.6152732e-12,2.7664800e-14
639.13000,9.6150881e-12,2.7699531e-14
639.14000,9.6164765e-12,2.7717382e-14
639.15000,9.6188556e-12,2.7722218e-14
639.16000,9.6209001e-12,2.7722669e-14
639.17000,9.6212333e-12,2.7724219e-14
639.18000,9.6197829e-12,2.7730822e-14
639.19000,9.6177931e-12,2.7744191e-14
639.20000,9.6170124e-12,2.7763993e-14
639.21000,9.6177651e-12,2.7786666e-14
639.22000,9.6181760e-12,2.7810336e-14
639.23000,9.6153526e-12,2.7835988e-14
639.24000,9.6072390e-12,2.7868388e-14
639.25000,9.5963096e-12,2.7909049e-14
639.26000,9.5868056e-12,2.7953223e-14
639.27000,9.5824294e-12,2.7987337e-14
639.28000,9.5837664e-12,2.7999631e-14
639.29000,9.5889016e-12,2.7986988e-14
639.30000,9.5939311e-12,2.7964540e-14
639.31000,9.5965261e-12,2.7949592e-14
639.32000,9.5972250e-12,2.7950622e-14
639.33000,9.5976913e-12,2.7971088e-14
639.34000,9.5996492e-12,2.8007442e-14
639.35000,9.6041077e-12,2.8063671e-14
639.36000,9.6100441e-12,2.8139083e-14
639.37000,9.6151099e-12,2.8231282e-14
639.38000,9.6170793e-12,2.8327317e-14
639.39000,9.6153443e-12,2.8404924e-14
639.40000,9.6121363e-12,2.8424919e-14
639.41000,9.6107259e-12,2.8367995e-14
639.42000,9.6130262e-12,2.8232927e-14
639.43000,9.6175440e-12,2.8072382e-14
639.44000,9.6222072e-12,2.7931739e-14
639.45000,9.6257282e-12,2.7828873e-14
639.46000,9.6281984e-12,2.7766621e-14
639.47000,9.6303885e-12,2.7730718e-14
639.48000,9.6321383e-12,2.7709850e-14
639.49000,9.6322940e-12,2.7693239e-14
639.50000,9.6304319e-12,2.7673284e-14
639.51000,9.6271032e-12,2.7647351e-14
639.52000,9.6241557e-12,2.7617566e-14
639.53000,9.6229534e-12,2.7586739e-14
639.54000,9.6228766e-12,2.7558001e-14
639.55000,9.6223482e-12,2.7533892e-14
639.56000,9.6206041e-12,2.7515159e-14
639.57000,9.6186082e-12,2.7503422e-14
639.58000,9.6177362e-12,2.7500822e-14
639.59000,9.6177201e-12,2.7504618e-14
639.60000,9.6171759e-12,2.7509298e-14
639.61000,9.6154187e-12,2.7509768e-14
639.62000,9.6131763e-12,2.7508743e-14
639.63000,9.6119654e-12,2.7517792e-14
639.64000,9.6133589e-12,2.7552224e-14
639.65000,9.6179921e-12,2.7614142e-14
639.66000,9.6258998e-12,2.7695430e-14
639.67000,9.6357756e-12,2.7780608e-14
639.68000,9.6443616e-12,2.7852103e-14
639.69000,9.6479275e-12,2.7895327e-14
639.70000,9.6458439e-12,2.7912107e-14
639.71000,9.6391989e-12,2.7907791e-14
639.72000,9.6312043e-12,2.7892738e-14
639.73000,9.6231341e-12,2.7864694e-14
639.74000,9.6145614e-12,2.7817554e-14
639.75000,9.6047525e-12,2.7748012e-14
639.76000,9.5942182e-12,2.7660670e-14
639.77000,9.5851844e-12,2.7574090e-14
639.78000,9.5809005e-12,2.7510291e-14
639.79000,9.5822467e-12,2.7478246e-14
639.80000,9.5889838e-12,2.7480572e-14
639.81000,9.5977260e-12,2.7500633e-14
639.82000,9.6051505e-12,2.7523863e-14
639.83000,9.6086726e-12,2.7538277e-14
639.84000,9.6065913e-12,2.7537698e-14
639.85000,9.6005212e-12,2.7525179e-14
639.86000,9.5929967e-12,2.7505489e-14
639.87000,9.5865680e-12,2.7485095e-14
639.88000,9.5821916e-12,2.7470070e-14
639.89000,9.5798925e-12,2.7463356e-14
639.90000,9.5785336e-12,2.7459721e-14
639.91000,9.5767485e-12,2.7451831e-14
639.92000,9.5733401e-12,2.7437073e-14
639.93000,9.5678162e-12,2.7415975e-14
639.94000,9.5616195e-12,2.7391025e-14
639.95000,9.5570478e-12,2.7364073e-14
639.96000,9.5561185e-12,2.7339868e-14
639.97000,9.5583218e-12,2.7324544e-14
639.98000,9.5625342e-12,2.7324553e-14
639.99000,9.5675453e-12,2.7338338e-14
640.00000,9.5732599e-12,2.7362657e-14
640.01000,9.5793025e-12,2.7390178e-14
640.02000,9.5845271e-12,2.7417483e-14
640.03000,9.5877662e-12,2.7446357e-14
640.04000,9.5888491e-12,2.7482631e-14
640.05000,9.5885574e-12,2.7534057e-14
640.06000,9.5885440e-12,2.7602000e-14
640.07000,9.5898601e-12,2.7684748e-14
640.08000,9.5917435e-12,2.7770343e-14
640.09000,9.5922574e-12,2.7842891e-14
640.10000,9.5905719e-12,2.7892794e-14
640.11000,9.5876515e-12,2.7912248e-14
640.12000,9.5857484e-12,2.7905953e-14
640.13000,9.5860921e-12,2.7878002e-14
640.14000,9.5876130e-12,2.7840123e-14
640.15000,9.5885395e-12,2.7800836e-14
640.16000,9.5875601e-12,2.7765417e-14
640.17000,9.5849285e-12,2.7733964e-14
640.18000,9.5808579e-12,2.7701192e-14
640.19000,9.5740984e-12,2.7657149e-14
640.20000,9.5589213e-12,2.7588165e-14
640.21000,9.5298080e-12,2.7490247e-14
640.22000,9.4804724e-12,2.7359647e-14
640.23000,9.4151599e-12,2.7208684e-14
640.24000,9.3460053e-12,2.7060750e-14
640.25000,9.2951134e-12,2.6957112e-14
640.26000,9.2812003e-12,2.6929022e-14
640.27000,9.3173990e-12,2.6997049e-14
640.28000,9.3854371e-12,2.7121357e-14
640.29000,9.4596511e-12,2.7248760e-14
640.30000,9.5172856e-12,2.7338583e-14
640.31000,9.5491594e-12,2.7378893e-14
640.32000,9.5628614e-12,2.7389368e-14
640.33000,9.5647821e-12,2.7383864e-14
640.34000,9.5623796e-12,2.7375136e-14
640.35000,9.5597166e-12,2.7378530e-14
640.36000,9.5591361e-12,2.7427209e-14
640.37000,9.5601845e-12,2.7544791e-14
640.38000,9.5607384e-12,2.7734964e-14
640.39000,9.5594294e-12,2.7926934e-14
640.40000,9.5571351e-12,2.8015663e-14
640.41000,9.5557162e-12,2.7968236e-14
640.42000,9.5553692e-12,2.7813292e-14
640.43000,9.5547338e-12,2.7639958e-14
640.44000,9.5533773e-12,2.7497341e-14
640.45000,9.5520577e-12,2.7399324e-14
640.46000,9.5512760e-12,2.7334335e-14
640.47000,9.5505114e-12,2.7294643e-14
640.48000,9.5490044e-12,2.7265725e-14
640.49000,9.5465737e-12,2.7237991e-14
640.50000,9.5439674e-12,2.7210966e-14
640.51000,9.5418963e-12,2.7194075e-14
640.52000,9.5404489e-12,2.7192824e-14
640.53000,9.5394403e-12,2.7206966e-14
640.54000,9.5388317e-12,2.7227736e-14
640.55000,9.5392176e-12,2.7248398e-14
640.56000,9.5412932e-12,2.7263295e-14
640.57000,9.5446567e-12,2.7268457e-14
640.58000,9.5485356e-12,2.7259218e-14
640.59000,9.5519406e-12,2.7237708e-14
640.60000,9.5533212e-12,2.7205833e-14
640.61000,9.5511076e-12,2.7167173e-14
640.62000,9.5437374e-12,2.7122687e-14
640.63000,9.5330916e-12,2.7076904e-14
640.64000,9.5222988e-12,2.7037623e-14
640.65000,9.5141313e-12,2.7012376e-14
640.66000,9.5096977e-12,2.7010235e-14
640.67000,9.5086420e-12,2.7039816e-14
640.68000,9.5093970e-12,2.7098301e-14
640.69000,9.5112211e-12,2.7188054e-14
640.70000,9.5137266e-12,2.7314778e-14
640.71000,9.5168246e-12,2.7523949e-14
640.72000,9.5197986e-12,2.7863547e-14
640.73000,9.5215272e-12,2.8380352e-14
640.74000,9.5216900e-12,2.8999860e-14
640.75000,9.5213106e-12,2.9582198e-14
640.76000,9.5224844e-12,2.9983521e-14
640.77000,9.5260865e-12,3.0186927e-14
640.78000,9.5309366e-12,3.0228273e-14
640.79000,9.5344681e-12,3.0201460e-14
640.80000,9.5352372e-12,3.0156980e-14
640.81000,9.5345600e-12,3.0117606e-14
640.82000,9.5338152e-12,3.0080440e-14
640.83000,9.5336065e-12,3.0034055e-14
640.84000,9.5343644e-12,2.9974417e-14
640.85000,9.5368130e-12,2.9914882e-14
640.86000,9.5417058e-12,2.9872461e-14
640.87000,9.5485353e-12,2.9852950e-14
640.88000,9.5551907e-12,2.9840859e-14
640.89000,9.5597021e-12,2.9816443e-14
640.90000,9.5618423e-12,2.9773704e-14
640.91000,9.5619312e-12,2.9718541e-14
640.92000,9.5608692e-12,2.9662045e-14
640.93000,9.5588724e-12,2.9604809e-14
640.94000,9.5564172e-12,2.9542405e-14
640.95000,9.5542746e-12,2.9474612e-14
640.96000,9.5531285e-12,2.9408528e-14
640.97000,9.5531911e-12,2.9350069e-14
640.98000,9.5544436e-12,2.9300877e-14
640.99000,9.5565481e-12,2.9259679e-14
641.00000,9.5586381e-12,2.9227346e-14
641.01000,9.5590446e-12,2.9198868e-14
641.02000,9.5560814e-12,2.9166827e-14
641.03000,9.5501646e-12,2.9129668e-14
641.04000,9.5421298e-12,2.9092334e-14
641.05000,9.5335601e-12,2.9060184e-14
641.06000,9.5259142e-12,2.9033990e-14
641.07000,9.5210090e-12,2.9013118e-14
641.08000,9.5192991e-12,2.8994516e-14
641.09000,9.5198872e-12,2.8973911e-14
641.10000,9.5200395e-12,2.8947449e-14
641.11000,9.5173399e-12,2.8911100e-14
641.12000,9.5119121e-12,2.8864843e-14
641.13000,9.5053589e-12,2.8809887e-14
641.14000,9.5000746e-12,2.8752453e-14
641.15000,9.4977921e-12,2.8698778e-14
641.16000,9.4982951e-12,2.8652689e-14
641.17000,9.5007049e-12,2.8615234e-14
641.18000,9.5042409e-12,2.8585687e-14
641.19000,9.5078732e-12,2.8559347e-14
641.20000,9.5107128e-12,2.8531183e-14
641.21000,9.5125367e-12,2.8497670e-14
641.22000,9.5137432e-12,2.8456934e-14
641.23000,9.5152832e-12,2.8412117e-14
641.24000,9.5176283e-12,2.8367445e-14
641.25000,9.5199913e-12,2.8326080e-14
641.26000,9.5207320e-12,2.8288369e-14
641.27000,9.5190067e-12,2.8251545e-14
641.28000,9.5154825e-12,2.8213229e-14
641.29000,9.5117897e-12,2.8172069e-14
641.30000,9.5091620e-12,2.8128361e-14
641.31000,9.5078362e-12,2.8083029e-14
641.32000,9.5072477e-12,2.8038432e-14
641.33000,9.5071566e-12,2.7997891e-14
641.34000,9.5073320e-12,2.7963401e-14
641.35000,9.5073937e-12,2.7937069e-14
641.36000,9.5067273e-12,2.7916629e-14
641.37000,9.5048834e-12,2.7896367e-14
641.38000,9.5024562e-12,2.7867126e-14
641.39000,9.5004190e-12,2.7822897e-14
641.40000,9.4993402e-12,2.7766247e-14
641.41000,9.4985939e-12,2.7710444e-14
641.42000,9.4964954e-12,2.7670192e-14
641.43000,9.4916526e-12,2.7651927e-14
641.44000,9.4838062e-12,2.7665361e-14
641.45000,9.4760105e-12,2.7714745e-14
641.46000,9.4725193e-12,2.7813195e-14
641.47000,9.4750352e-12,2.7950551e-14
641.48000,9.4832537e-12,2.8106451e-14
641.49000,9.4935326e-12,2.8250773e-14
641.50000,9.5025958e-12,2.8364349e-14
641.51000,9.5081256e-12,2.8429388e-14
641.52000,9.5099734e-12,2.8439499e-14
641.53000,9.5084350e-12,2.8383903e-14
641.54000,9.5053983e-12,2.8287065e-14
641.55000,9.5025237e-12,2.8182559e-14
641.56000,9.4998070e-12,2.8095632e-14
641.57000,9.4946898e-12,2.8019739e-14
641.58000,9.4851372e-12,2.7925999e-14
641.59000,9.4712546e-12,2.7791972e-14
641.60000,9.4569306e-12,2.7628457e-14
641.61000,9.4461200e-12,2.7460721e-14
641.62000,9.4413998e-12,2.7313007e-14
641.63000,9.4414185e-12,2.7193521e-14
641.64000,9.4436702e-12,2.7105308e-14
641.65000,9.4447358e-12,2.7039904e-14
641.66000,9.4410607e-12,2.6991310e-14
641.67000,9.4303680e-12,2.6946078e-14
641.68000,9.4091796e-12,2.6890988e-14
641.69000,9.3782919e-12,2.6820098e-14
641.70000,9.3408956e-12,2.6735526e-14
641.71000,9.3070683e-12,2.6653660e-14
641.72000,9.2897469e-12,2.6596060e-14
641.73000,9.3016464e-12,2.6583363e-14
641.74000,9.3382184e-12,2.6609525e-14
641.75000,9.3872118e-12,2.6659003e-14
641.76000,9.4316787e-12,2.6711153e-14
641.77000,9.4616459e-12,2.6760568e-14
641.78000,9.4792900e-12,2.6813115e-14
641.79000,9.4877879e-12,2.6872608e-14
641.80000,9.4907830e-12,2.6930062e-14
641.81000,9.4885678e-12,2.6967011e-14
641.82000,9.4830468e-12,2.6973282e-14
641.83000,9.4768052e-12,2.6954925e-14
641.84000,9.4720604e-12,2.6929929e-14
641.85000,9.4693230e-12,2.6917033e-14
641.86000,9.4679073e-12,2.6919280e-14
641.87000,9.4663986e-12,2.6921222e-14
641.88000,9.4641025e-12,2.6909168e-14
641.89000,9.4616138e-12,2.6888939e-14
641.90000,9.4600069e-12,2.6876215e-14
641.91000,9.4596131e-12,2.6876079e-14
641.92000,9.4600380e-12,2.6880340e-14
641.93000,9.4601752e-12,2.6876791e-14
641.94000,9.4594927e-12,2.6859201e-14
641.95000,9.4589913e-12,2.6829197e-14
641.96000,9.4605109e-12,2.6788217e-14
641.97000,9.4650087e-12,2.6740780e-14
641.98000,9.4712295e-12,2.6695671e-14
641.99000,9.4779088e-12,2.6661692e-14
642.00000,9.4841395e-12,2.6641173e-14
642.01000,9.4889747e-12,2.6633827e-14
642.02000,9.4919450e-12,2.6634088e-14
642.03000,9.4926811e-12,2.6647500e-14
642.04000,9.4913503e-12,2.6690000e-14
642.05000,9.4871292e-12,2.6780614e-14
642.06000,9.4802704e-12,2.6895297e-14
642.07000,9.4725962e-12,2.6971049e-14
642.08000,9.4674140e-12,2.6941361e-14
642.09000,9.4663353e-12,2.6821928e-14
642.10000,9.4689109e-12,2.6670796e-14
642.11000,9.4723084e-12,2.6550919e-14
642.12000,9.4748188e-12,2.6492830e-14
642.13000,9.4767594e-12,2.6483155e-14
642.14000,9.4785972e-12,2.6509109e-14
642.15000,9.4797126e-12,2.6545881e-14
642.16000,9.4791805e-12,2.6574811e-14
642.17000,9.4778064e-12,2.6590793e-14
642.18000,9.4772913e-12,2.6602002e-14
642.19000,9.4787820e-12,2.6615432e-14
642.20000,9.4818658e-12,2.6629929e-14
642.21000,9.4860647e-12,2.6644818e-14
642.22000,9.4906543e-12,2.6666775e-14
642.23000,9.4943869e-12,2.6705049e-14
642.24000,9.4959164e-12,2.6756338e-14
642.25000,9.4945924e-12,2.6812087e-14
642.26000,9.4920439e-12,2.6864726e-14
642.27000,9.4904124e-12,2.6913729e-14
642.28000,9.4910616e-12,2.6964275e-14
642.29000,9.4942397e-12,2.7021187e-14
642.30000,9.4983568e-12,2.7082043e-14
642.31000,9.5012427e-12,2.7134495e-14
642.32000,9.5004899e-12,2.7155730e-14
642.33000,9.4957326e-12,2.7135528e-14
642.34000,9.4879129e-12,2.7074857e-14
642.35000,9.4800102e-12,2.7001093e-14
642.36000,9.4750124e-12,2.6941092e-14
642.37000,9.4739784e-12,2.6905256e-14
642.38000,9.4772763e-12,2.6895081e-14
642.39000,9.4827328e-12,2.6901120e-14
642.40000,9.4874030e-12,2.6918282e-14
642.41000,9.4886379e-12,2.6940553e-14
642.42000,9.4856353e-12,2.6964634e-14
642.43000,9.4791809e-12,2.6988942e-14
642.44000,9.4717366e-12,2.7015262e-14
642.45000,9.4656689e-12,2.7051750e-14
642.46000,9.4626869e-12,2.7104206e-14
642.47000,9.4644737e-12,2.7173663e-14
642.48000,9.4701688e-12,2.7247863e-14
642.49000,9.4775289e-12,2.7309614e-14
642.50000,9.4826480e-12,2.7343229e-14
642.51000,9.4816579e-12,2.7329308e-14
642.52000,9.4744872e-12,2.7269058e-14
642.53000,9.4635165e-12,2.7171383e-14
642.54000,9.4538728e-12,2.7065511e-14
642.55000,9.4491565e-12,2.6977669e-14
642.56000,9.4490535e-12,2.6922927e-14
642.57000,9.4488093e-12,2.6890570e-14
642.58000,9.4435517e-12,2.6861200e-14
642.59000,9.4334023e-12,2.6819271e-14
642.60000,9.4227360e-12,2.6764648e-14
642.61000,9.4178340e-12,2.6712137e-14
642.62000,9.4233633e-12,2.6672754e-14
642.63000,9.4367746e-12,2.6644006e-14
642.64000,9.4531494e-12,2.6616639e-14
642.65000,9.4666067e-12,2.6578728e-14
642.66000,9.4749530e-12,2.6525725e-14
642.67000,9.4787578e-12,2.6462091e-14
642.68000,9.4805447e-12,2.6397231e-14
642.69000,9.4810959e-12,2.6335442e-14
642.70000,9.4804131e-12,2.6278471e-14
642.71000,9.4787405e-12,2.6230320e-14
642.72000,9.4774018e-12,2.6191582e-14
642.73000,9.4772885e-12,2.6165010e-14
642.74000,9.4776473e-12,2.6152039e-14
642.75000,9.4774534e-12,2.6155045e-14
642.76000,9.4769543e-12,2.6173010e-14
642.77000,9.4776388e-12,2.6223419e-14
642.78000,9.4804259e-12,2.6329826e-14
642.79000,9.4848247e-12,2.6511187e-14
642.80000,9.4892322e-12,2.6768354e-14
642.81000,9.4919371e-12,2.7066531e-14
642.82000,9.4915441e-12,2.7369326e-14
642.83000,9.4886105e-12,2.7633010e-14
642.84000,9.4846521e-12,2.7801259e-14
642.85000,9.4817569e-12,2.7861840e-14
642.86000,9.4804626e-12,2.7825621e-14
642.87000,9.4784924e-12,2.7749226e-14
642.88000,9.4721780e-12,2.7662058e-14
642.89000,9.4605102e-12,2.7563316e-14
642.90000,9.4451117e-12,2.7430887e-14
642.91000,9.4303168e-12,2.7264220e-14
642.92000,9.4190807e-12,2.7084070e-14
642.93000,9.4116677e-12,2.6911967e-14
642.94000,9.4053282e-12,2.6744203e-14
642.95000,9.3972839e-12,2.6560314e-14
642.96000,9.3869158e-12,2.6359530e-14
642.97000,9.3756343e-12,2.6172165e-14
642.98000,9.3662852e-12,2.6036076e-14
642.99000,9.3615437e-12,2.5978932e-14
643.00000,9.3614996e-12,2.5977027e-14
643.01000,9.3658528e-12,2.5991523e-14
643.02000,9.3727210e-12,2.5980092e-14
643.03000,9.3808410e-12,2.5928000e-14
643.04000,9.3889504e-12,2.5857869e-14
643.05000,9.3963509e-12,2.5795338e-14
643.06000,9.4028100e-12,2.5758313e-14
643.07000,9.4088234e-12,2.5754647e-14
643.08000,9.4150338e-12,2.5800556e-14
643.09000,9.4215546e-12,2.5888066e-14
643.10000,9.4275302e-12,2.5988723e-14
643.11000,9.4318789e-12,2.6057237e-14
643.12000,9.4338611e-12,2.6063367e-14
643.13000,9.4341032e-12,2.6025958e-14
643.14000,9.4328056e-12,2.5976654e-14
643.15000,9.4299185e-12,2.5947166e-14
643.16000,9.4247862e-12,2.5952794e-14
643.17000,9.4177008e-12,2.5982419e-14
643.18000,9.4092915e-12,2.6015865e-14
643.19000,9.4005831e-12,2.6033355e-14
643.20000,9.3926740e-12,2.6033072e-14
643.21000,9.3865303e-12,2.6025771e-14
643.22000,9.3818951e-12,2.6026777e-14
643.23000,9.3775676e-12,2.6043571e-14
643.24000,9.3717969e-12,2.6066527e-14
643.25000,9.3631813e-12,2.6077460e-14
643.26000,9.3516928e-12,2.6059063e-14
643.27000,9.3372247e-12,2.5996706e-14
643.28000,9.3218558e-12,2.5904621e-14
643.29000,9.3105636e-12,2.5813932e-14
643.30000,9.3085478e-12,2.5760192e-14
643.31000,9.3187437e-12,2.5763745e-14
643.32000,9.3384310e-12,2.5820633e-14
643.33000,9.3598470e-12,2.5900317e-14
643.34000,9.3771184e-12,2.5977153e-14
643.35000,9.3886457e-12,2.6034828e-14
643.36000,9.3939462e-12,2.6062039e-14
643.37000,9.3950596e-12,2.6065543e-14
643.38000,9.3929214e-12,2.6061609e-14
643.39000,9.3889363e-12,2.6078404e-14
643.40000,9.3842467e-12,2.6141694e-14
643.41000,9.3807642e-12,2.6241472e-14
643.42000,9.3801944e-12,2.6341053e-14
643.43000,9.3821052e-12,2.6394833e-14
643.44000,9.3852690e-12,2.6381809e-14
643.45000,9.3890087e-12,2.6323574e-14
643.46000,9.3932057e-12,2.6272364e-14
643.47000,9.3974186e-12,2.6268763e-14
643.48000,9.4007035e-12,2.6316113e-14
643.49000,9.4025134e-12,2.6414067e-14
643.50000,9.4035626e-12,2.6542898e-14
643.51000,9.4044240e-12,2.6675319e-14
643.52000,9.4052370e-12,2.6774517e-14
643.53000,9.4060033e-12,2.6813820e-14
643.54000,9.4069614e-12,2.6811386e-14
643.55000,9.4081237e-12,2.6800017e-14
643.56000,9.4086540e-12,2.6812022e-14
643.57000,9.4071721e-12,2.6853587e-14
643.58000,9.4029186e-12,2.6898612e-14
643.59000,9.3972459e-12,2.6910836e-14
643.60000,9.3922016e-12,2.6873236e-14
643.61000,9.3891613e-12,2.6814814e-14
643.62000,9.3883744e-12,2.6767676e-14
643.63000,9.3881708e-12,2.6732942e-14
643.64000,9.3867774e-12,2.6684838e-14
643.65000,9.3840288e-12,2.6614408e-14
643.66000,9.3811426e-12,2.6546731e-14
643.67000,9.3795699e-12,2.6516636e-14
643.68000,9.3799215e-12,2.6538133e-14
643.69000,9.3815547e-12,2.6587075e-14
643.70000,9.3840764e-12,2.6642977e-14
643.71000,9.3879735e-12,2.6703347e-14
643.72000,9.3936001e-12,2.6771765e-14
643.73000,9.4008024e-12,2.6849186e-14
643.74000,9.4082005e-12,2.6932013e-14
643.75000,9.4145724e-12,2.7020250e-14
643.76000,9.4196279e-12,2.7109165e-14
643.77000,9.4227301e-12,2.7184512e-14
643.78000,9.4233274e-12,2.7237317e-14
643.79000,9.4207349e-12,2.7266140e-14
643.80000,9.4161885e-12,2.7281381e-14
643.81000,9.4107979e-12,2.7287417e-14
643.82000,9.4048666e-12,2.7289034e-14
643.83000,9.3976743e-12,2.7290505e-14
643.84000,9.3894687e-12,2.7295529e-14
643.85000,9.3819346e-12,2.7308342e-14
643.86000,9.3776795e-12,2.7337177e-14
643.87000,9.3777563e-12,2.7385985e-14
643.88000,9.3826497e-12,2.7456207e-14
643.89000,9.3905199e-12,2.7535337e-14
643.90000,9.3996238e-12,2.7606549e-14
643.91000,9.4083825e-12,2.7660418e-14
643.92000,9.4162252e-12,2.7697874e-14
643.93000,9.4229408e-12,2.7728766e-14
643.94000,9.4273573e-12,2.7754383e-14
643.95000,9.4289154e-12,2.7769295e-14
643.96000,9.4281121e-12,2.7763580e-14
643.97000,9.4273946e-12,2.7736401e-14
643.98000,9.4288270e-12,2.7692208e-14
643.99000,9.4334932e-12,2.7640602e-14
644.00000,9.4410017e-12,2.7596226e-14
644.01000,9.4513042e-12,2.7574626e-14
644.02000,9.4629665e-12,2.7581572e-14
644.03000,9.4729019e-12,2.7628995e-14
644.04000,9.4771398e-12,2.7723378e-14
644.05000,9.4706303e-12,2.7883498e-14
644.06000,9.4537107e-12,2.8096151e-14
644.07000,9.4282805e-12,2.8335224e-14
644.08000,9.4011057e-12,2.8553737e-14
644.09000,9.3780021e-12,2.8706353e-14
644.10000,9.3604867e-12,2.8778309e-14
644.11000,9.3471773e-12,2.8758173e-14
644.12000,9.3351091e-12,2.8670466e-14
644.13000,9.3239599e-12,2.8540839e-14
644.14000,9.3158252e-12,2.8399257e-14
644.15000,9.3121236e-12,2.8272150e-14
644.16000,9.3139346e-12,2.8174437e-14
644.17000,9.3201327e-12,2.8099970e-14
644.18000,9.3301556e-12,2.8038498e-14
644.19000,9.3415724e-12,2.7975569e-14
644.20000,9.3510491e-12,2.7898442e-14
644.21000,9.3566453e-12,2.7801552e-14
644.22000,9.3584314e-12,2.7685357e-14
644.23000,9.3586703e-12,2.7567355e-14
644.24000,9.3581549e-12,2.7471451e-14
644.25000,9.3567964e-12,2.7412313e-14
644.26000,9.3546264e-12,2.7391541e-14
644.27000,9.3518989e-12,2.7401503e-14
644.28000,9.3482102e-12,2.7420826e-14
644.29000,9.3414896e-12,2.7432917e-14
644.30000,9.3309398e-12,2.7433608e-14
644.31000,9.3185567e-12,2.7430298e-14
644.32000,9.3098748e-12,2.7437417e-14
644.33000,9.3113580e-12,2.7468935e-14
644.34000,9.3230369e-12,2.7524823e-14
644.35000,9.3418540e-12,2.7605368e-14
644.36000,9.3613246e-12,2.7707971e-14
644.37000,9.3777558e-12,2.7842194e-14
644.38000,9.3916502e-12,2.8008949e-14
644.39000,9.4048204e-12,2.8201797e-14
644.40000,9.4182425e-12,2.8392893e-14
644.41000,9.4304916e-12,2.8551312e-14
644.42000,9.4381888e-12,2.8649812e-14
644.43000,9.4393307e-12,2.8691815e-14
644.44000,9.4329218e-12,2.8687851e-14
644.45000,9.4221293e-12,2.8665204e-14
644.46000,9.4098307e-12,2.8639397e-14
644.47000,9.3978860e-12,2.8613003e-14
644.48000,9.3868610e-12,2.8576904e-14
644.49000,9.3767827e-12,2.8522322e-14
644.50000,9.3674687e-12,2.8440666e-14
644.51000,9.3580803e-12,2.8339016e-14
644.52000,9.3482224e-12,2.8232639e-14
644.53000,9.3387535e-12,2.8143340e-14
644.54000,9.3316904e-12,2.8089340e-14
644.55000,9.3286112e-12,2.8070054e-14
644.56000,9.3301047e-12,2.8078525e-14
644.57000,9.3353683e-12,2.8106953e-14
644.58000,9.3416732e-12,2.8143844e-14
644.59000,9.3465953e-12,2.8184463e-14
644.60000,9.3486124e-12,2.8226701e-14
644.61000,9.3455663e-12,2.8267059e-14
644.62000,9.3366304e-12,2.8299007e-14
644.63000,9.3205571e-12,2.8314518e-14
644.64000,9.2996954e-12,2.8316040e-14
644.65000,9.2774625e-12,2.8311342e-14
644.66000,9.2591050e-12,2.8314888e-14
644.67000,9.2509487e-12,2.8343585e-14
644.68000,9.2548946e-12,2.8402039e-14
644.69000,9.2706019e-12,2.8488218e-14
644.70000,9.2910080e-12,2.8585948e-14
644.71000,9.3088780e-12,2.8682326e-14
644.72000,9.3188465e-12,2.8769548e-14
644.73000,9.3212112e-12,2.8846951e-14
644.74000,9.3182941e-12,2.8917766e-14
644.75000,9.3140039e-12,2.8990179e-14
644.76000,9.3100987e-12,2.9070752e-14
644.77000,9.3066799e-12,2.9157056e-14
644.78000,9.3038298e-12,2.9242866e-14
644.79000,9.3019485e-12,2.9326012e-14
644.80000,9.3013724e-12,2.9411709e-14
644.81000,9.3013164e-12,2.9503469e-14
644.82000,9.3006685e-12,2.9594460e-14
644.83000,9.2987257e-12,2.9667592e-14
644.84000,9.2951420e-12,2.9701046e-14
644.85000,9.2906457e-12,2.9692445e-14
644.86000,9.2866196e-12,2.9650715e-14
644.87000,9.2843201e-12,2.9604778e-14
644.88000,9.2836557e-12,2.9578364e-14
644.89000,9.2827421e-12,2.9580873e-14
644.90000,9.2798045e-12,2.9602739e-14
644.91000,9.2744179e-12,2.9638692e-14
644.92000,9.2680859e-12,2.9687707e-14
644.93000,9.2617529e-12,2.9757380e-14
644.94000,9.2552496e-12,2.9849830e-14
644.95000,9.2484725e-12,2.9970399e-14
644.96000,9.2427789e-12,3.0113607e-14
644.97000,9.2408503e-12,3.0272541e-14
644.98000,9.2441072e-12,3.0431316e-14
644.99000,9.2535326e-12,3.0576475e-14
645.00000,9.2666561e-12,3.0704763e-14
645.01000,9.2802085e-12,3.0816498e-14
645.02000,9.2913676e-12,3.0917408e-14
645.03000,9.2995156e-12,3.1010581e-14
645.04000,9.3043389e-12,3.1098018e-14
645.05000,9.3050885e-12,3.1182685e-14
645.06000,9.2995376e-12,3.1263412e-14
645.07000,9.2882633e-12,3.1333107e-14
645.08000,9.2716692e-12,3.1373462e-14
645.09000,9.2510994e-12,3.1374826e-14
645.10000,9.2270590e-12,3.1332105e-14
645.11000,9.2027044e-12,3.1265860e-14
645.12000,9.1829709e-12,3.1196301e-14
645.13000,9.1707995e-12,3.1138886e-14
645.14000,9.1671579e-12,3.1101084e-14
645.15000,9.1680452e-12,3.1080056e-14
645.16000,9.1702011e-12,3.1076586e-14
645.17000,9.1718482e-12,3.1089838e-14
645.18000,9.1731078e-12,3.1122762e-14
645.19000,9.1742668e-12,3.1170839e-14
645.20000,9.1745445e-12,3.1228996e-14
645.21000,9.1728180e-12,3.1293424e-14
645.22000,9.1698452e-12,3.1364573e-14
645.23000,9.1684590e-12,3.1452910e-14
645.24000,9.1717307e-12,3.1565666e-14
645.25000,9.1822560e-12,3.1705876e-14
645.26000,9.1980616e-12,3.1856134e-14
645.27000,9.2154576e-12,3.1989234e-14
645.28000,9.2301305e-12,3.2085741e-14
645.29000,9.2400691e-12,3.2133118e-14
645.30000,9.2470707e-12,3.2142799e-14
645.31000,9.2526072e-12,3.2125813e-14
645.32000,9.2568002e-12,3.2100559e-14
645.33000,9.2574421e-12,3.2069398e-14
645.34000,9.2525485e-12,3.2024097e-14
645.35000,9.2407988e-12,3.1962526e-14
645.36000,9.2223355e-12,3.1890505e-14
645.37000,9.2013260e-12,3.1809179e-14
645.38000,9.1832928e-12,3.1716649e-14
645.39000,9.1723902e-12,3.1636626e-14
645.40000,9.1716628e-12,3.1610644e-14
645.41000,9.1783840e-12,3.1631229e-14
645.42000,9.1882141e-12,3.1644384e-14
645.43000,9.1948171e-12,3.1603427e-14
645.44000,9.1919173e-12,3.1521650e-14
645.45000,9.1787518e-12,3.1470018e-14
645.46000,9.1583686e-12,3.1506965e-14
645.47000,9.1413174e-12,3.1611735e-14
645.48000,9.1397147e-12,3.1725554e-14
645.49000,9.1553317e-12,3.1783527e-14
645.50000,9.1811466e-12,3.1749851e-14
645.51000,9.2014969e-12,3.1645960e-14
645.52000,9.2051635e-12,3.1491098e-14
645.53000,9.1885474e-12,3.1250931e-14
645.54000,9.1597688e-12,3.0857876e-14
645.55000,9.1260023e-12,3.0205989e-14
645.56000,9.0913437e-12,2.9345422e-14
645.57000,9.0539530e-12,2.8434782e-14
645.58000,9.0109357e-12,2.7677020e-14
645.59000,8.9600885e-12,2.7198492e-14
645.60000,8.9038751e-12,2.6926720e-14
645.61000,8.8456351e-12,2.6777537e-14
645.62000,8.7895990e-12,2.6661896e-14
645.63000,8.7389070e-12,2.6544877e-14
645.64000,8.6936386e-12,2.6408455e-14
645.65000,8.6582378e-12,2.6246250e-14
645.66000,8.6454650e-12,2.6085835e-14
645.67000,8.6830649e-12,2.5985299e-14
645.68000,8.7796787e-12,2.5984296e-14
645.69000,8.9190398e-12,2.6081679e-14
645.70000,9.0634392e-12,2.6245209e-14
645.71000,9.1767789e-12,2.6423080e-14
645.72000,9.2412758e-12,2.6584269e-14
645.73000,9.2714361e-12,2.6712599e-14
645.74000,9.2822864e-12,2.6785336e-14
645.75000,9.2882966e-12,2.6803588e-14
645.76000,9.2943630e-12,2.6784737e-14
645.77000,9.3010381e-12,2.6773868e-14
645.78000,9.3079005e-12,2.6808986e-14
645.79000,9.3150321e-12,2.6884433e-14
645.80000,9.3224086e-12,2.6972628e-14
645.81000,9.3280733e-12,2.7039873e-14
645.82000,9.3280250e-12,2.7070218e-14
645.83000,9.3214848e-12,2.7074201e-14
645.84000,9.3108953e-12,2.7058644e-14
645.85000,9.3016251e-12,2.7031267e-14
645.86000,9.2972493e-12,2.7002879e-14
645.87000,9.2975407e-12,2.6991222e-14
645.88000,9.3009471e-12,2.7007323e-14
645.89000,9.3049755e-12,2.7046527e-14
645.90000,9.3071635e-12,2.7094760e-14
645.91000,9.3061698e-12,2.7148964e-14
645.92000,9.3030712e-12,2.7209608e-14
645.93000,9.2991966e-12,2.7267818e-14
645.94000,9.2956586e-12,2.7298371e-14
645.95000,9.2931409e-12,2.7264070e-14
645.96000,9.2917681e-12,2.7169835e-14
645.97000,9.2914381e-12,2.7046346e-14
645.98000,9.2914160e-12,2.6937386e-14
645.99000,9.2911115e-12,2.6864508e-14
646.00000,9.2906942e-12,2.6820326e-14
646.01000,9.2913235e-12,2.6798410e-14
646.02000,9.2938755e-12,2.6790134e-14
646.03000,9.2982543e-12,2.6792012e-14
646.04000,9.3030300e-12,2.6797805e-14
646.05000,9.3071652e-12,2.6803201e-14
646.06000,9.3102080e-12,2.6806796e-14
646.07000,9.3124338e-12,2.6811205e-14
646.08000,9.3145442e-12,2.6823220e-14
646.09000,9.3174418e-12,2.6847896e-14
646.10000,9.3212446e-12,2.6888323e-14
646.11000,9.3242214e-12,2.6937454e-14
646.12000,9.3234973e-12,2.6984800e-14
646.13000,9.3186962e-12,2.7020670e-14
646.14000,9.3116258e-12,2.7038440e-14
646.15000,9.3055638e-12,2.7043257e-14
646.16000,9.3018707e-12,2.7040689e-14
646.17000,9.2991314e-12,2.7036208e-14
646.18000,9.2953923e-12,2.7030213e-14
646.19000,9.2898308e-12,2.7022270e-14
646.20000,9.2830102e-12,2.7013297e-14
646.21000,9.2768528e-12,2.7005484e-14
646.22000,9.2731539e-12,2.7000342e-14
646.23000,9.2720947e-12,2.6998382e-14
646.24000,9.2731780e-12,2.7002063e-14
646.25000,9.2761695e-12,2.7016355e-14
646.26000,9.2807708e-12,2.7041890e-14
646.27000,9.2864725e-12,2.7074425e-14
646.28000,9.2913166e-12,2.7100949e-14
646.29000,9.2929306e-12,2.7104973e-14
646.30000,9.2914802e-12,2.7084068e-14
646.31000,9.2883564e-12,2.7044357e-14
646.32000,9.2854310e-12,2.7002890e-14
646.33000,9.2842467e-12,2.6974368e-14
646.34000,9.2859077e-12,2.6964758e-14
646.35000,9.2912384e-12,2.6978471e-14
646.36000,9.2978831e-12,2.7008166e-14
646.37000,9.3015843e-12,2.7042421e-14
646.38000,9.2995547e-12,2.7065023e-14
646.39000,9.2920920e-12,2.7064404e-14
646.40000,9.2839666e-12,2.7046384e-14
646.41000,9.2788845e-12,2.7021169e-14
646.42000,9.2769948e-12,2.6998963e-14
646.43000,9.2772668e-12,2.6984927e-14
646.44000,9.2795724e-12,2.6983512e-14
646.45000,9.2834288e-12,2.6993406e-14
646.46000,9.2875463e-12,2.7008569e-14
646.47000,9.2900982e-12,2.7018140e-14
646.48000,9.2897982e-12,2.7014834e-14
646.49000,9.2874280e-12,2.7003860e-14
646.50000,9.2843948e-12,2.6995478e-14
646.51000,9.2823288e-12,2.6998291e-14
646.52000,9.2824232e-12,2.7019256e-14
646.53000,9.2843981e-12,2.7055416e-14
646.54000,9.2873225e-12,2.7099651e-14
646.55000,9.2893617e-12,2.7136017e-14
646.56000,9.2892468e-12,2.7147486e-14
646.57000,9.2883414e-12,2.7134643e-14
646.58000,9.2894270e-12,2.7109652e-14
646.59000,9.2931020e-12,2.7090626e-14
646.60000,9.2962087e-12,2.7082021e-14
646.61000,9.2943626e-12,2.7072949e-14
646.62000,9.2868340e-12,2.7054448e-14
646.63000,9.2772963e-12,2.7029328e-14
646.64000,9.2704005e-12,2.7009217e-14
646.65000,9.2681850e-12,2.7005327e-14
646.66000,9.2691342e-12,2.7018033e-14
646.67000,9.2720012e-12,2.7043149e-14
646.68000,9.2754868e-12,2.7069769e-14
646.69000,9.2785203e-12,2.7088648e-14
646.70000,9.2806404e-12,2.7097957e-14
646.71000,9.2818703e-12,2.7097890e-14
646.72000,9.2820291e-12,2.7089081e-14
646.73000,9.2802972e-12,2.7067749e-14
646.74000,9.2777322e-12,2.7037718e-14
646.75000,9.2766593e-12,2.7006821e-14
646.76000,9.2777802e-12,2.6979472e-14
646.77000,9.2795946e-12,2.6949875e-14
646.78000,9.2798930e-12,2.6910326e-14
646.79000,9.2776859e-12,2.6860770e-14
646.80000,9.2737871e-12,2.6812836e-14
646.81000,9.2690994e-12,2.6778685e-14
646.82000,9.2648211e-12,2.6760995e-14
646.83000,9.2624261e-12,2.6758520e-14
646.84000,9.2638058e-12,2.6772048e-14
646.85000,9.2689171e-12,2.6799889e-14
646.86000,9.2761383e-12,2.6839874e-14
646.87000,9.2824343e-12,2.6882789e-14
646.88000,9.2860821e-12,2.6921382e-14
646.89000,9.2878190e-12,2.6954770e-14
646.90000,9.2881622e-12,2.6982359e-14
646.91000,9.2877795e-12,2.7003657e-14
646.92000,9.2876869e-12,2.7018396e-14
646.93000,9.2880911e-12,2.7027553e-14
646.94000,9.2874150e-12,2.7022822e-14
646.95000,9.2848771e-12,2.6997216e-14
646.96000,9.2817493e-12,2.6950835e-14
646.97000,9.2799443e-12,2.6901661e-14
646.98000,9.2799502e-12,2.6868313e-14
646.99000,9.2805335e-12,2.6855817e-14
647.00000,9.2803480e-12,2.6859820e-14
647.01000,9.2788373e-12,2.6866911e-14
647.02000,9.2765369e-12,2.6869242e-14
647.03000,9.2747929e-12,2.6867116e-14
647.04000,9.2739666e-12,2.6863850e-14
647.05000,9.2729726e-12,2.6860491e-14
647.06000,9.2708692e-12,2.6856592e-14
647.07000,9.2678262e-12,2.6852168e-14
647.08000,9.2648500e-12,2.6845905e-14
647.09000,9.2628059e-12,2.6832419e-14
647.10000,9.2622153e-12,2.6809949e-14
647.11000,9.2635321e-12,2.6782337e-14
647.12000,9.2655855e-12,2.6757421e-14
647.13000,9.2665974e-12,2.6739635e-14
647.14000,9.2664447e-12,2.6729680e-14
647.15000,9.2673902e-12,2.6735785e-14
647.16000,9.2713996e-12,2.6766160e-14
647.17000,9.2772597e-12,2.6826159e-14
647.18000,9.2796611e-12,2.6896883e-14
647.19000,9.2735871e-12,2.6951625e-14
647.20000,9.2618137e-12,2.6979819e-14
647.21000,9.2515401e-12,2.6994687e-14
647.22000,9.2486004e-12,2.7024654e-14
647.23000,9.2528121e-12,2.7081090e-14
647.24000,9.2567019e-12,2.7140975e-14
647.25000,9.2538054e-12,2.7169118e-14
647.26000,9.2442102e-12,2.7139391e-14
647.27000,9.2356557e-12,2.7064500e-14
647.28000,9.2354560e-12,2.6970008e-14
647.29000,9.2421029e-12,2.6884804e-14
647.30000,9.2500521e-12,2.6824254e-14
647.31000,9.2550197e-12,2.6783671e-14
647.32000,9.2563638e-12,2.6756337e-14
647.33000,9.2557293e-12,2.6733912e-14
647.34000,9.2531465e-12,2.6712614e-14
647.35000,9.2486578e-12,2.6690245e-14
647.36000,9.2433794e-12,2.6667493e-14
647.37000,9.2397801e-12,2.6649087e-14
647.38000,9.2395935e-12,2.6642872e-14
647.39000,9.2419262e-12,2.6651400e-14
647.40000,9.2462771e-12,2.6677905e-14
647.41000,9.2530310e-12,2.6723976e-14
647.42000,9.2631728e-12,2.6802294e-14
647.43000,9.2732431e-12,2.6918698e-14
647.44000,9.2748712e-12,2.7082581e-14
647.45000,9.2628407e-12,2.7301277e-14
647.46000,9.2395066e-12,2.7623145e-14
647.47000,9.2185481e-12,2.8078858e-14
647.48000,9.2127290e-12,2.8653097e-14
647.49000,9.2267029e-12,2.9252152e-14
647.50000,9.2500128e-12,2.9758258e-14
647.51000,9.2660859e-12,3.0071905e-14
647.52000,9.2638486e-12,3.0186665e-14
647.53000,9.2439031e-12,3.0102954e-14
647.54000,9.2225820e-12,2.9912160e-14
647.55000,9.2134539e-12,2.9707882e-14
647.56000,9.2156795e-12,2.9563194e-14
647.57000,9.2229089e-12,2.9510990e-14
647.58000,9.2283779e-12,2.9520508e-14
647.59000,9.2289145e-12,2.9553765e-14
647.60000,9.2257427e-12,2.9571907e-14
647.61000,9.2215796e-12,2.9559320e-14
647.62000,9.2189992e-12,2.9527073e-14
647.63000,9.2175241e-12,2.9481779e-14
647.64000,9.2145774e-12,2.9420189e-14
647.65000,9.2090048e-12,2.9328309e-14
647.66000,9.2022076e-12,2.9210166e-14
647.67000,9.1947161e-12,2.9081220e-14
647.68000,9.1863319e-12,2.8963560e-14
647.69000,9.1781075e-12,2.8872721e-14
647.70000,9.1726103e-12,2.8810254e-14
647.71000,9.1717152e-12,2.8775026e-14
647.72000,9.1758145e-12,2.8764292e-14
647.73000,9.1831592e-12,2.8763805e-14
647.74000,9.1923541e-12,2.8753916e-14
647.75000,9.2015011e-12,2.8717221e-14
647.76000,9.2087187e-12,2.8640165e-14
647.77000,9.2133612e-12,2.8533294e-14
647.78000,9.2155291e-12,2.8414557e-14
647.79000,9.2166012e-12,2.8306979e-14
647.80000,9.2176320e-12,2.8228453e-14
647.81000,9.2194523e-12,2.8178834e-14
647.82000,9.2230084e-12,2.8157136e-14
647.83000,9.2280126e-12,2.8154961e-14
647.84000,9.2321121e-12,2.8169459e-14
647.85000,9.2320014e-12,2.8189253e-14
647.86000,9.2259256e-12,2.8196778e-14
647.87000,9.2174657e-12,2.8177850e-14
647.88000,9.2107783e-12,2.8124600e-14
647.89000,9.2076036e-12,2.8053156e-14
647.90000,9.2090168e-12,2.7991606e-14
647.91000,9.2152581e-12,2.7972351e-14
647.92000,9.2252361e-12,2.8021054e-14
647.93000,9.2315805e-12,2.8111944e-14
647.94000,9.2239832e-12,2.8186908e-14
647.95000,9.2023541e-12,2.8193455e-14
647.96000,9.1783323e-12,2.8134082e-14
647.97000,9.1671061e-12,2.8063195e-14
647.98000,9.1709444e-12,2.8030157e-14
647.99000,9.1834538e-12,2.8041369e-14
648.00000,9.1954653e-12,2.8062945e-14
648.01000,9.2030904e-12,2.8068873e-14
648.02000,9.2069427e-12,2.8058499e-14
648.03000,9.2069498e-12,2.8040429e-14
648.04000,9.2037052e-12,2.8021078e-14
648.05000,9.1982132e-12,2.7996639e-14
648.06000,9.1928696e-12,2.7960452e-14
648.07000,9.1891745e-12,2.7903491e-14
648.08000,9.1864069e-12,2.7824971e-14
648.09000,9.1825979e-12,2.7723787e-14
648.10000,9.1763905e-12,2.7608305e-14
648.11000,9.1680964e-12,2.7486531e-14
648.12000,9.1605285e-12,2.7369816e-14
648.13000,9.1564779e-12,2.7269701e-14
648.14000,9.1556852e-12,2.7189649e-14
648.15000,9.1564308e-12,2.7130742e-14
648.16000,9.1566583e-12,2.7085727e-14
648.17000,9.1556863e-12,2.7051534e-14
648.18000,9.1535694e-12,2.7022938e-14
648.19000,9.1487563e-12,2.6993199e-14
648.20000,9.1386891e-12,2.6954251e-14
648.21000,9.1208100e-12,2.6903327e-14
648.22000,9.0951354e-12,2.6850006e-14
648.23000,9.0676103e-12,2.6816106e-14
648.24000,9.0459954e-12,2.6827668e-14
648.25000,9.0336405e-12,2.6877522e-14
648.26000,9.0312800e-12,2.6932152e-14
648.27000,9.0372108e-12,2.6955959e-14
648.28000,9.0540827e-12,2.6945259e-14
648.29000,9.0798991e-12,2.6936299e-14
648.30000,9.1078138e-12,2.6959648e-14
648.31000,9.1277246e-12,2.7003744e-14
648.32000,9.1315412e-12,2.7031294e-14
648.33000,9.1231193e-12,2.7016264e-14
648.34000,9.1121410e-12,2.6959860e-14
648.35000,9.1098282e-12,2.6901374e-14
648.36000,9.1208254e-12,2.6876458e-14
648.37000,9.1377703e-12,2.6884938e-14
648.38000,9.1517181e-12,2.6904530e-14
648.39000,9.1578406e-12,2.6905480e-14
648.40000,9.1551858e-12,2.6870835e-14
648.41000,9.1482791e-12,2.6811290e-14
648.42000,9.1419851e-12,2.6744970e-14
648.43000,9.1397545e-12,2.6689593e-14
648.44000,9.1423024e-12,2.6651196e-14
648.45000,9.1468894e-12,2.6623699e-14
648.46000,9.1507168e-12,2.6605156e-14
648.47000,9.1515578e-12,2.6595333e-14
648.48000,9.1479205e-12,2.6591770e-14
648.49000,9.1392791e-12,2.6584164e-14
648.50000,9.1284230e-12,2.6562298e-14
648.51000,9.1195863e-12,2.6522929e-14
648.52000,9.1155813e-12,2.6475979e-14
648.53000,9.1172564e-12,2.6431410e-14
648.54000,9.1221478e-12,2.6394756e-14
648.55000,9.1285211e-12,2.6369717e-14
648.56000,9.1357425e-12,2.6354797e-14
648.57000,9.1447739e-12,2.6353425e-14
648.58000,9.1558084e-12,2.6373899e-14
648.59000,9.1668340e-12,2.6431197e-14
648.60000,9.1729842e-12,2.6510500e-14
648.61000,9.1679646e-12,2.6569232e-14
648.62000,9.1535720e-12,2.6572748e-14
648.63000,9.1374946e-12,2.6520894e-14
648.64000,9.1283360e-12,2.6463497e-14
648.65000,9.1284330e-12,2.6440134e-14
648.66000,9.1318200e-12,2.6447798e-14
648.67000,9.1334227e-12,2.6462647e-14
648.68000,9.1321594e-12,2.6460407e-14
648.69000,9.1294260e-12,2.6433052e-14
648.70000,9.1271691e-12,2.6394212e-14
648.71000,9.1258769e-12,2.6359911e-14
648.72000,9.1243655e-12,2.6338415e-14
648.73000,9.1205613e-12,2.6325782e-14
648.74000,9.1134928e-12,2.6306566e-14
648.75000,9.1041992e-12,2.6267870e-14
648.76000,9.0966821e-12,2.6213968e-14
648.77000,9.0946546e-12,2.6158405e-14
648.78000,9.0993854e-12,2.6111574e-14
648.79000,9.1079330e-12,2.6072203e-14
648.80000,9.1177021e-12,2.6035263e-14
648.81000,9.1273518e-12,2.6000058e-14
648.82000,9.1362847e-12,2.5974060e-14
648.83000,9.1428352e-12,2.5961697e-14
648.84000,9.1427658e-12,2.5959670e-14
648.85000,9.1346873e-12,2.5955077e-14
648.86000,9.1213140e-12,2.5940870e-14
648.87000,9.1108728e-12,2.5925467e-14
648.88000,9.1102811e-12,2.5919291e-14
648.89000,9.1175178e-12,2.5916381e-14
648.90000,9.1271317e-12,2.5898124e-14
648.91000,9.1336830e-12,2.5857929e-14
648.92000,9.1346873e-12,2.5806700e-14
648.93000,9.1318885e-12,2.5767953e-14
648.94000,9.1276259e-12,2.5757859e-14
648.95000,9.1244219e-12,2.5769891e-14
648.96000,9.1240824e-12,2.5798071e-14
648.97000,9.1275422e-12,2.5844151e-14
648.98000,9.1365987e-12,2.5928731e-14
648.99000,9.1489461e-12,2.6054808e-14
649.00000,9.1559070e-12,2.6197131e-14
649.01000,9.1467500e-12,2.6293242e-14
649.02000,9.1168961e-12,2.6278094e-14
649.03000,9.0818048e-12,2.6163052e-14
649.04000,9.0610377e-12,2.5998977e-14
649.05000,9.0601760e-12,2.5859315e-14
649.06000,9.0731276e-12,2.5782476e-14
649.07000,9.0869097e-12,2.5754889e-14
649.08000,9.0949805e-12,2.5746877e-14
649.09000,9.0956759e-12,2.5729560e-14
649.10000,9.0916460e-12,2.5689144e-14
649.11000,9.0856462e-12,2.5628553e-14
649.12000,9.0797698e-12,2.5564897e-14
649.13000,9.0738770e-12,2.5509505e-14
649.14000,9.0672694e-12,2.5462484e-14
649.15000,9.0609528e-12,2.5423465e-14
649.16000,9.0569538e-12,2.5393070e-14
649.17000,9.0563183e-12,2.5375710e-14
649.18000,9.0577350e-12,2.5373341e-14
649.19000,9.0618273e-12,2.5395016e-14
649.20000,9.0704890e-12,2.5443674e-14
649.21000,9.0838365e-12,2.5513953e-14
649.22000,9.0949111e-12,2.5574284e-14
649.23000,9.0949579e-12,2.5581443e-14
649.24000,9.0857820e-12,2.5528461e-14
649.25000,9.0754867e-12,2.5433750e-14
649.26000,9.0702703e-12,2.5338171e-14
649.27000,9.0700608e-12,2.5266054e-14
649.28000,9.0712227e-12,2.5221793e-14
649.29000,9.0713540e-12,2.5210764e-14
649.30000,9.0689184e-12,2.5229608e-14
649.31000,9.0633679e-12,2.5284854e-14
649.32000,9.0574203e-12,2.5379855e-14
649.33000,9.0554233e-12,2.5532615e-14
649.34000,9.0598005e-12,2.5743311e-14
649.35000,9.0705812e-12,2.6003836e-14
649.36000,9.0823693e-12,2.6265805e-14
649.37000,9.0880293e-12,2.6466786e-14
649.38000,9.0840201e-12,2.6576521e-14
649.39000,9.0713920e-12,2.6589967e-14
649.40000,9.0579259e-12,2.6542349e-14
649.41000,9.0502854e-12,2.6437458e-14
649.42000,9.0491416e-12,2.6273134e-14
649.43000,9.0510835e-12,2.6047674e-14
649.44000,9.0521228e-12,2.5785036e-14
649.45000,9.0508539e-12,2.5534209e-14
649.46000,9.0487027e-12,2.5343020e-14
649.47000,9.0488669e-12,2.5224175e-14
649.48000,9.0555529e-12,2.5183493e-14
649.49000,9.0701164e-12,2.5201705e-14
649.50000,9.0900914e-12,2.5270623e-14
649.51000,9.1041896e-12,2.5356877e-14
649.52000,9.0962842e-12,2.5406541e-14
649.53000,9.0660227e-12,2.5383987e-14
649.54000,9.0268096e-12,2.5291587e-14
649.55000,8.9980333e-12,2.5188520e-14
649.56000,8.9878524e-12,2.5120882e-14
649.57000,8.9870874e-12,2.5087492e-14
649.58000,8.9862957e-12,2.5077445e-14
649.59000,8.9813668e-12,2.5094829e-14
649.60000,8.9732149e-12,2.5177891e-14
649.61000,8.9654291e-12,2.5328051e-14
649.62000,8.9610902e-12,2.5494319e-14
649.63000,8.9611917e-12,2.5583833e-14
649.64000,8.9663828e-12,2.5531360e-14
649.65000,8.9753009e-12,2.5392694e-14
649.66000,8.9873372e-12,2.5254789e-14
649.67000,9.0007298e-12,2.5175383e-14
649.68000,9.0127518e-12,2.5158752e-14
649.69000,9.0204002e-12,2.5164088e-14
649.70000,9.0218855e-12,2.5161878e-14
649.71000,9.0199574e-12,2.5144459e-14
649.72000,9.0176134e-12,2.5120789e-14
649.73000,9.0162139e-12,2.5104051e-14
649.74000,9.0153563e-12,2.5099677e-14
649.75000,9.0147185e-12,2.5104599e-14
649.76000,9.0147333e-12,2.5115782e-14
649.77000,9.0151935e-12,2.5127137e-14
649.78000,9.0152407e-12,2.5135341e-14
649.79000,9.0145108e-12,2.5143346e-14
649.80000,9.0135898e-12,2.5154069e-14
649.81000,9.0132495e-12,2.5165227e-14
649.82000,9.0135373e-12,2.5175395e-14
649.83000,9.0139662e-12,2.5187782e-14
649.84000,9.0140784e-12,2.5203844e-14
649.85000,9.0143783e-12,2.5222507e-14
649.86000,9.0162669e-12,2.5243212e-14
649.87000,9.0211017e-12,2.5263245e-14
649.88000,9.0278431e-12,2.5272214e-14
649.89000,9.0345334e-12,2.5257762e-14
649.90000,9.0399388e-12,2.5229098e-14
649.91000,9.0442038e-12,2.5206630e-14
649.92000,9.0482232e-12,2.5199460e-14
649.93000,9.0519184e-12,2.5198146e-14
649.94000,9.0543521e-12,2.5190333e-14
649.95000,9.0540578e-12,2.5182990e-14
649.96000,9.0511080e-12,2.5193287e-14
649.97000,9.0469615e-12,2.5226482e-14
649.98000,9.0449202e-12,2.5260880e-14
649.99000,9.0483773e-12,2.5274872e-14
650.00000,9.0565291e-12,2.5276776e-14
650.01000,9.0665129e-12,2.5299795e-14
650.02000,9.0745918e-12,2.5369208e-14
650.03000,9.0784489e-12,2.5485610e-14
650.04000,9.0785833e-12,2.5600770e-14
650.05000,9.0757629e-12,2.5654637e-14
650.06000,9.0716849e-12,2.5632495e-14
650.07000,9.0670919e-12,2.5553887e-14
650.08000,9.0621655e-12,2.5472923e-14
650.09000,9.0569281e-12,2.5429285e-14
650.10000,9.0519222e-12,2.5428664e-14
650.11000,9.0476391e-12,2.5454239e-14
650.12000,9.0438395e-12,2.5465136e-14
650.13000,9.0405192e-12,2.5430573e-14
650.14000,9.0383641e-12,2.5363851e-14
650.15000,9.0384679e-12,2.5297847e-14
650.16000,9.0405557e-12,2.5257766e-14
650.17000,9.0437945e-12,2.5246535e-14
650.18000,9.0468296e-12,2.5251107e-14
650.19000,9.0485965e-12,2.5274942e-14
650.20000,9.0488356e-12,2.5329896e-14
650.21000,9.0477434e-12,2.5425511e-14
650.22000,9.0454129e-12,2.5553317e-14
650.23000,9.0420966e-12,2.5680946e-14
650.24000,9.0381321e-12,2.5770425e-14
650.25000,9.0342133e-12,2.5802147e-14
650.26000,9.0308973e-12,2.5763145e-14
650.27000,9.0285433e-12,2.5676801e-14
650.28000,9.0275840e-12,2.5571620e-14
650.29000,9.0271190e-12,2.5474542e-14
650.30000,9.0251407e-12,2.5396512e-14
650.31000,9.0209459e-12,2.5335214e-14
650.32000,9.0159652e-12,2.5297679e-14
650.33000,9.0123742e-12,2.5290059e-14
650.34000,9.0101981e-12,2.5316992e-14
650.35000,9.0071265e-12,2.5360598e-14
650.36000,9.0020218e-12,2.5402957e-14
650.37000,8.9974847e-12,2.5441728e-14
650.38000,8.9976502e-12,2.5494026e-14
650.39000,9.0030578e-12,2.5572415e-14
650.40000,9.0120610e-12,2.5674933e-14
650.41000,9.0213281e-12,2.5775011e-14
650.42000,9.0286378e-12,2.5834694e-14
650.43000,9.0336215e-12,2.5832685e-14
650.44000,9.0368059e-12,2.5755262e-14
650.45000,9.0396304e-12,2.5631733e-14
650.46000,9.0422887e-12,2.5495744e-14
650.47000,9.0435571e-12,2.5382919e-14
650.48000,9.0417550e-12,2.5316554e-14
650.49000,9.0378076e-12,2.5288804e-14
650.50000,9.0341526e-12,2.5290116e-14
650.51000,9.0326360e-12,2.5310306e-14
650.52000,9.0331574e-12,2.5357644e-14
650.53000,9.0340516e-12,2.5430405e-14
650.54000,9.0344302e-12,2.5508083e-14
650.55000,9.0340925e-12,2.5552457e-14
650.56000,9.0325459e-12,2.5534935e-14
650.57000,9.0297158e-12,2.5479084e-14
650.58000,9.0261346e-12,2.5429651e-14
650.59000,9.0231118e-12,2.5426863e-14
650.60000,9.0215531e-12,2.5493013e-14
650.61000,9.0206156e-12,2.5608123e-14
650.62000,9.0177035e-12,2.5743482e-14
650.63000,9.0094701e-12,2.5866683e-14
650.64000,8.9916644e-12,2.5967820e-14
650.65000,8.9639515e-12,2.6061512e-14
650.66000,8.9282032e-12,2.6159094e-14
650.67000,8.8933044e-12,2.6255776e-14
650.68000,8.8718775e-12,2.6336713e-14
650.69000,8.8717161e-12,2.6396515e-14
650.70000,8.8933317e-12,2.6438262e-14
650.71000,8.9294172e-12,2.6457654e-14
650.72000,8.9665598e-12,2.6442733e-14
650.73000,8.9952253e-12,2.6371655e-14
650.74000,9.0139028e-12,2.6254679e-14
650.75000,9.0239653e-12,2.6123389e-14
650.76000,9.0301189e-12,2.6019029e-14
650.77000,9.0347032e-12,2.5966601e-14
650.78000,9.0369047e-12,2.5949264e-14
650.79000,9.0324361e-12,2.5939876e-14
650.80000,9.0208407e-12,2.5916595e-14
650.81000,9.0065811e-12,2.5874101e-14
650.82000,8.9969669e-12,2.5826361e-14
650.83000,8.9963801e-12,2.5792782e-14
650.84000,9.0020142e-12,2.5782642e-14
650.85000,9.0099168e-12,2.5795080e-14
650.86000,9.0161193e-12,2.5815955e-14
650.87000,9.0180213e-12,2.5837317e-14
650.88000,9.0161571e-12,2.5858142e-14
650.89000,9.0119706e-12,2.5879745e-14
650.90000,9.0074114e-12,2.5903010e-14
650.91000,9.0032662e-12,2.5929552e-14
650.92000,8.9999644e-12,2.5960083e-14
650.93000,8.9986111e-12,2.5997471e-14
650.94000,8.9993762e-12,2.6043726e-14
650.95000,9.0012938e-12,2.6099395e-14
650.96000,9.0024412e-12,2.6158006e-14
650.97000,9.0017617e-12,2.6213029e-14
650.98000,8.9998752e-12,2.6261494e-14
650.99000,8.9975157e-12,2.6302437e-14
651.00000,8.9954771e-12,2.6339613e-14
651.01000,8.9946289e-12,2.6376767e-14
651.02000,8.9949907e-12,2.6414982e-14
651.03000,8.9956600e-12,2.6450822e-14
651.04000,8.9956395e-12,2.6481350e-14
651.05000,8.9954413e-12,2.6508184e-14
651.06000,8.9964391e-12,2.6537359e-14
651.07000,8.9988462e-12,2.6571697e-14
651.08000,9.0009452e-12,2.6607758e-14
651.09000,9.0016676e-12,2.6644016e-14
651.10000,9.0027046e-12,2.6686053e-14
651.11000,9.0070927e-12,2.6744854e-14
651.12000,9.0148261e-12,2.6819750e-14
651.13000,9.0225318e-12,2.6897619e-14
651.14000,9.0257875e-12,2.6957314e-14
651.15000,9.0219463e-12,2.6981678e-14
651.16000,9.0129027e-12,2.6975268e-14
651.17000,9.0011288e-12,2.6947215e-14
651.18000,8.9905352e-12,2.6915999e-14
651.19000,8.9848927e-12,2.6897353e-14
651.20000,8.9850245e-12,2.6898309e-14
651.21000,8.9901728e-12,2.6920761e-14
651.22000,8.9969522e-12,2.6957168e-14
651.23000,9.0025140e-12,2.7004469e-14
651.24000,9.0052124e-12,2.7059533e-14
651.25000,9.0042926e-12,2.7122205e-14
651.26000,9.0008255e-12,2.7192343e-14
651.27000,8.9959726e-12,2.7274569e-14
651.28000,8.9913484e-12,2.7369055e-14
651.29000,8.9878516e-12,2.7468852e-14
651.30000,8.9851094e-12,2.7559974e-14
651.31000,8.9822753e-12,2.7636131e-14
651.32000,8.9788161e-12,2.7706239e-14
651.33000,8.9752673e-12,2.7769932e-14
651.34000,8.9733985e-12,2.7795540e-14
651.35000,8.9743613e-12,2.7757090e-14
651.36000,8.9785265e-12,2.7658475e-14
651.37000,8.9854544e-12,2.7560550e-14
651.38000,8.9957989e-12,2.7531365e-14
651.39000,9.0058585e-12,2.7579009e-14
651.40000,9.0036144e-12,2.7659833e-14
651.41000,8.9814328e-12,2.7698168e-14
651.42000,8.9445714e-12,2.7647110e-14
651.43000,8.9140935e-12,2.7542900e-14
651.44000,8.9058170e-12,2.7441048e-14
651.45000,8.9133663e-12,2.7372479e-14
651.46000,8.9243219e-12,2.7342734e-14
651.47000,8.9301089e-12,2.7339475e-14
651.48000,8.9295683e-12,2.7358897e-14
651.49000,8.9268541e-12,2.7394436e-14
651.50000,8.9243497e-12,2.7444069e-14
651.51000,8.9204246e-12,2.7500000e-14
651.52000,8.9113275e-12,2.7551580e-14
651.53000,8.8990450e-12,2.7594980e-14
651.54000,8.8923773e-12,2.7644745e-14
651.55000,8.8992599e-12,2.7727583e-14
651.56000,8.9229620e-12,2.7873306e-14
651.57000,8.9521677e-12,2.8067188e-14
651.58000,8.9651891e-12,2.8248791e-14
651.59000,8.9446030e-12,2.8329815e-14
651.60000,8.8852368e-12,2.8235100e-14
651.61000,8.8153094e-12,2.8023385e-14
651.62000,8.7680186e-12,2.7803189e-14
651.63000,8.7537125e-12,2.7665009e-14
651.64000,8.7685909e-12,2.7637865e-14
651.65000,8.7972282e-12,2.7673484e-14
651.66000,8.8332952e-12,2.7733711e-14
651.67000,8.8710010e-12,2.7792005e-14
651.68000,8.9035235e-12,2.7838985e-14
651.69000,8.9263899e-12,2.7876249e-14
651.70000,8.9379530e-12,2.7910107e-14
651.71000,8.9426261e-12,2.7949077e-14
651.72000,8.9415920e-12,2.7993778e-14
651.73000,8.9351093e-12,2.8031886e-14
651.74000,8.9237951e-12,2.8047584e-14
651.75000,8.9141551e-12,2.8045021e-14
651.76000,8.9143094e-12,2.8042279e-14
651.77000,8.9243123e-12,2.8057124e-14
651.78000,8.9391602e-12,2.8095321e-14
651.79000,8.9514497e-12,2.8145571e-14
651.80000,8.9570440e-12,2.8199697e-14
651.81000,8.9573406e-12,2.8257139e-14
651.82000,8.9553076e-12,2.8331678e-14
651.83000,8.9547011e-12,2.8439732e-14
651.84000,8.9573065e-12,2.8603562e-14
651.85000,8.9619617e-12,2.8823137e-14
651.86000,8.9661742e-12,2.9098472e-14
651.87000,8.9653011e-12,2.9397151e-14
651.88000,8.9522760e-12,2.9667694e-14
651.89000,8.9281835e-12,2.9860987e-14
651.90000,8.9024428e-12,2.9938214e-14
651.91000,8.8879876e-12,2.9918353e-14
651.92000,8.8908355e-12,2.9808137e-14
651.93000,8.9022569e-12,2.9634271e-14
651.94000,8.9122079e-12,2.9414711e-14
651.95000,8.9159305e-12,2.9193333e-14
651.96000,8.9149150e-12,2.9017414e-14
651.97000,8.9141726e-12,2.8908147e-14
651.98000,8.9159109e-12,2.8872009e-14
651.99000,8.9182907e-12,2.8880921e-14
652.00000,8.9188069e-12,2.8917814e-14
652.01000,8.9175492e-12,2.8966550e-14
652.02000,8.9166066e-12,2.9020121e-14
652.03000,8.9178999e-12,2.9072648e-14
652.04000,8.9219040e-12,2.9123051e-14
652.05000,8.9270373e-12,2.9173181e-14
652.06000,8.9316508e-12,2.9220521e-14
652.07000,8.9347083e-12,2.9259322e-14
652.08000,8.9357363e-12,2.9286739e-14
652.09000,8.9352626e-12,2.9310610e-14
652.10000,8.9335640e-12,2.9340452e-14
652.11000,8.9310132e-12,2.9380111e-14
652.12000,8.9277063e-12,2.9429550e-14
652.13000,8.9240657e-12,2.9484311e-14
652.14000,8.9203943e-12,2.9540853e-14
652.15000,8.9167979e-12,2.9594671e-14
652.16000,8.9135949e-12,2.9641411e-14
652.17000,8.9114585e-12,2.9681179e-14
652.18000,8.9108272e-12,2.9716581e-14
652.19000,8.9107041e-12,2.9752713e-14
652.20000,8.9100593e-12,2.9794155e-14
652.21000,8.9091118e-12,2.9843657e-14
652.22000,8.9090104e-12,2.9903999e-14
652.23000,8.9104371e-12,2.9973486e-14
652.24000,8.9133596e-12,3.0050534e-14
652.25000,8.9167459e-12,3.0130773e-14
652.26000,8.9198611e-12,3.0210257e-14
652.27000,8.9232425e-12,3.0288302e-14
652.28000,8.9288677e-12,3.0373002e-14
652.29000,8.9371842e-12,3.0475657e-14
652.30000,8.9445546e-12,3.0598331e-14
652.31000,8.9435179e-12,3.0714128e-14
652.32000,8.9273551e-12,3.0779874e-14
652.33000,8.9010433e-12,3.0781908e-14
652.34000,8.8768997e-12,3.0746643e-14
652.35000,8.8659815e-12,3.0719139e-14
652.36000,8.8672512e-12,3.0724563e-14
652.37000,8.8747184e-12,3.0765128e-14
652.38000,8.8821267e-12,3.0810210e-14
652.39000,8.8876898e-12,3.0785928e-14
652.40000,8.8922600e-12,3.0599849e-14
652.41000,8.8956209e-12,3.0114352e-14
652.42000,8.8964800e-12,2.9321189e-14
652.43000,8.8930496e-12,2.8296014e-14
652.44000,8.8856380e-12,2.7277529e-14
652.45000,8.8745459e-12,2.6514013e-14
652.46000,8.8610941e-12,2.6065119e-14
652.47000,8.8467106e-12,2.5893017e-14
652.48000,8.8335755e-12,2.5839665e-14
652.49000,8.8241261e-12,2.5805247e-14
652.50000,8.8189395e-12,2.5758921e-14
652.51000,8.8183619e-12,2.5725792e-14
652.52000,8.8213965e-12,2.5735082e-14
652.53000,8.8279430e-12,2.5797799e-14
652.54000,8.8370061e-12,2.5883121e-14
652.55000,8.8475976e-12,2.5946878e-14
652.56000,8.8579782e-12,2.5959376e-14
652.57000,8.8660578e-12,2.5907267e-14
652.58000,8.8706935e-12,2.5815428e-14
652.59000,8.8711967e-12,2.5711457e-14
652.60000,8.8691262e-12,2.5619446e-14
652.61000,8.8665138e-12,2.5553755e-14
652.62000,8.8654306e-12,2.5513036e-14
652.63000,8.8672410e-12,2.5494979e-14
652.64000,8.8710779e-12,2.5489844e-14
652.65000,8.8748434e-12,2.5491632e-14
652.66000,8.8761425e-12,2.5496938e-14
652.67000,8.8731914e-12,2.5509021e-14
652.68000,8.8671914e-12,2.5532304e-14
652.69000,8.8606540e-12,2.5572719e-14
652.70000,8.8562931e-12,2.5629193e-14
652.71000,8.8556742e-12,2.5701687e-14
652.72000,8.8575482e-12,2.5783558e-14
652.73000,8.8599802e-12,2.5860655e-14
652.74000,8.8613094e-12,2.5910462e-14
652.75000,8.8608530e-12,2.5903627e-14
652.76000,8.8592060e-12,2.5842750e-14
652.77000,8.8571232e-12,2.5751205e-14
652.78000,8.8553568e-12,2.5675539e-14
652.79000,8.8539531e-12,2.5657209e-14
652.80000,8.8519415e-12,2.5693760e-14
652.81000,8.8479976e-12,2.5757331e-14
652.82000,8.8423088e-12,2.5803910e-14
652.83000,8.8361029e-12,2.5809053e-14
652.84000,8.8308854e-12,2.5791678e-14
652.85000,8.8275658e-12,2.5781378e-14
652.86000,8.8259042e-12,2.5788418e-14
652.87000,8.8257451e-12,2.5801468e-14
652.88000,8.8264789e-12,2.5807963e-14
652.89000,8.8276874e-12,2.5810762e-14
652.90000,8.8290429e-12,2.5817372e-14
652.91000,8.8300858e-12,2.5824270e-14
652.92000,8.8299035e-12,2.5823092e-14
652.93000,8.8276155e-12,2.5812558e-14
652.94000,8.8243536e-12,2.5800843e-14
652.95000,8.8219688e-12,2.5794874e-14
652.96000,8.8207087e-12,2.5796565e-14
652.97000,8.8188364e-12,2.5807566e-14
652.98000,8.8145958e-12,2.5825754e-14
652.99000,8.8073549e-12,2.5848370e-14
653.00000,8.7988961e-12,2.5871060e-14
653.01000,8.7917987e-12,2.5891621e-14
653.02000,8.7876536e-12,2.5911127e-14
653.03000,8.7867889e-12,2.5931239e-14
653.04000,8.7876109e-12,2.5952471e-14
653.05000,8.7890391e-12,2.5974294e-14
653.06000,8.7903111e-12,2.5993520e-14
653.07000,8.7905451e-12,2.6001387e-14
653.08000,8.7891038e-12,2.5990940e-14
653.09000,8.7855039e-12,2.5956944e-14
653.10000,8.7802402e-12,2.5907926e-14
653.11000,8.7737240e-12,2.5855562e-14
653.12000,8.7675106e-12,2.5813687e-14
653.13000,8.7652870e-12,2.5799836e-14
653.14000,8.7700420e-12,2.5822893e-14
653.15000,8.7817647e-12,2.5885960e-14
653.16000,8.7922200e-12,2.5958618e-14
653.17000,8.7907406e-12,2.5992607e-14
653.18000,8.7778370e-12,2.5965789e-14
653.19000,8.7636426e-12,2.5888499e-14
653.20000,8.7586340e-12,2.5806323e-14
653.21000,8.7646813e-12,2.5751154e-14
653.22000,8.7740582e-12,2.5723669e-14
653.23000,8.7809126e-12,2.5716945e-14
653.24000,8.7842942e-12,2.5719430e-14
653.25000,8.7845564e-12,2.5723078e-14
653.26000,8.7822379e-12,2.5720542e-14
653.27000,8.7769238e-12,2.5708028e-14
653.28000,8.7698324e-12,2.5691369e-14
653.29000,8.7631796e-12,2.5681264e-14
653.30000,8.7592262e-12,2.5686076e-14
653.31000,8.7593776e-12,2.5711667e-14
653.32000,8.7614281e-12,2.5749562e-14
653.33000,8.7609223e-12,2.5781777e-14
653.34000,8.7552674e-12,2.5791386e-14
653.35000,8.7460340e-12,2.5772786e-14
653.36000,8.7386618e-12,2.5743793e-14
653.37000,8.7367569e-12,2.5722824e-14
653.38000,8.7382785e-12,2.5714522e-14
653.39000,8.7398655e-12,2.5714106e-14
653.40000,8.7398694e-12,2.5714206e-14
653.41000,8.7390228e-12,2.5713741e-14
653.42000,8.7385309e-12,2.5715436e-14
653.43000,8.7374261e-12,2.5721239e-14
653.44000,8.7335532e-12,2.5730689e-14
653.45000,8.7256597e-12,2.5748106e-14
653.46000,8.7159549e-12,2.5780717e-14
653.47000,8.7072785e-12,2.5838793e-14
653.48000,8.7009810e-12,2.5919301e-14
653.49000,8.6972911e-12,2.6013609e-14
653.50000,8.6952107e-12,2.6104539e-14
653.51000,8.6939210e-12,2.6174309e-14
653.52000,8.6924184e-12,2.6217230e-14
653.53000,8.6900396e-12,2.6231877e-14
653.54000,8.6871948e-12,2.6229003e-14
653.55000,8.6851228e-12,2.6216606e-14
653.56000,8.6848525e-12,2.6202581e-14
653.57000,8.6870626e-12,2.6190971e-14
653.58000,8.6910123e-12,2.6180825e-14
653.59000,8.6949677e-12,2.6163755e-14
653.60000,8.6960157e-12,2.6127403e-14
653.61000,8.6911557e-12,2.6058751e-14
653.62000,8.6822014e-12,2.5968457e-14
653.63000,8.6738934e-12,2.5880542e-14
653.64000,8.6697162e-12,2.5814052e-14
653.65000,8.6695992e-12,2.5771165e-14
653.66000,8.6705203e-12,2.5736891e-14
653.67000,8.6709090e-12,2.5703888e-14
653.68000,8.6709086e-12,2.5674633e-14
653.69000,8.6706006e-12,2.5653785e-14
653.70000,8.6694249e-12,2.5638377e-14
653.71000,8.6667772e-12,2.5623857e-14
653.72000,8.6634561e-12,2.5609687e-14
653.73000,8.6607828e-12,2.5600897e-14
653.74000,8.6590676e-12,2.5600562e-14
653.75000,8.6573800e-12,2.5607080e-14
653.76000,8.6546662e-12,2.5612160e-14
653.77000,8.6508811e-12,2.5607656e-14
653.78000,8.6472084e-12,2.5594547e-14
653.79000,8.6446490e-12,2.5579138e-14
653.80000,8.6427595e-12,2.5566343e-14
653.81000,8.6402014e-12,2.5553304e-14
653.82000,8.6362815e-12,2.5534432e-14
653.83000,8.6316505e-12,2.5509355e-14
653.84000,8.6278807e-12,2.5485879e-14
653.85000,8.6258847e-12,2.5472014e-14
653.86000,8.6246466e-12,2.5466631e-14
653.87000,8.6223713e-12,2.5462790e-14
653.88000,8.6181861e-12,2.5452562e-14
653.89000,8.6123554e-12,2.5432586e-14
653.90000,8.6060801e-12,2.5407091e-14
653.91000,8.6004237e-12,2.5382848e-14
653.92000,8.5962254e-12,2.5363469e-14
653.93000,8.5939682e-12,2.5348746e-14
653.94000,8.5940222e-12,2.5339733e-14
653.95000,8.5951311e-12,2.5336268e-14
653.96000,8.5952369e-12,2.5336578e-14
653.97000,8.5925299e-12,2.5336021e-14
653.98000,8.5861034e-12,2.5331550e-14
653.99000,8.5776481e-12,2.5323760e-14
654.00000,8.5694977e-12,2.5313156e-14
654.01000,8.5633857e-12,2.5299001e-14
654.02000,8.5595598e-12,2.5279096e-14
654.03000,8.5564746e-12,2.5255744e-14
654.04000,8.5528456e-12,2.5236526e-14
654.05000,8.5484903e-12,2.5231879e-14
654.06000,8.5439327e-12,2.5253220e-14
654.07000,8.5396967e-12,2.5299397e-14
654.08000,8.5360110e-12,2.5364733e-14
654.09000,8.5328130e-12,2.5432438e-14
654.10000,8.5297128e-12,2.5485765e-14
654.11000,8.5256992e-12,2.5515852e-14
654.12000,8.5195291e-12,2.5517810e-14
654.13000,8.5110593e-12,2.5499119e-14
654.14000,8.5001117e-12,2.5463960e-14
654.15000,8.4868145e-12,2.5417655e-14
654.16000,8.4710330e-12,2.5358171e-14
654.17000,8.4555582e-12,2.5287476e-14
654.18000,8.4463641e-12,2.5215313e-14
654.19000,8.4469442e-12,2.5160642e-14
654.20000,8.4565773e-12,2.5141383e-14
654.21000,8.4676768e-12,2.5152722e-14
654.22000,8.4737378e-12,2.5182879e-14
654.23000,8.4733853e-12,2.5212238e-14
654.24000,8.4678723e-12,2.5226789e-14
654.25000,8.4609026e-12,2.5224581e-14
654.26000,8.4551621e-12,2.5209676e-14
654.27000,8.4522048e-12,2.5194260e-14
654.28000,8.4537096e-12,2.5193564e-14
654.29000,8.4600060e-12,2.5222544e-14
654.30000,8.4700248e-12,2.5298825e-14
654.31000,8.4761120e-12,2.5409714e-14
654.32000,8.4647115e-12,2.5529856e-14
654.33000,8.4326216e-12,2.5652207e-14
654.34000,8.3897314e-12,2.5842899e-14
654.35000,8.3570497e-12,2.6181003e-14
654.36000,8.3470467e-12,2.6699842e-14
654.37000,8.3510357e-12,2.7270749e-14
654.38000,8.3566518e-12,2.7725650e-14
654.39000,8.3556898e-12,2.7987431e-14
654.40000,8.3470851e-12,2.8045670e-14
654.41000,8.3360883e-12,2.7993834e-14
654.42000,8.3276287e-12,2.7893875e-14
654.43000,8.3232915e-12,2.7793940e-14
654.44000,8.3220733e-12,2.7711413e-14
654.45000,8.3211815e-12,2.7644665e-14
654.46000,8.3190730e-12,2.7590942e-14
654.47000,8.3155445e-12,2.7544542e-14
654.48000,8.3099683e-12,2.7500282e-14
654.49000,8.3015740e-12,2.7450626e-14
654.50000,8.2883692e-12,2.7389326e-14
654.51000,8.2703778e-12,2.7317544e-14
654.52000,8.2490050e-12,2.7236758e-14
654.53000,8.2284728e-12,2.7153878e-14
654.54000,8.2121611e-12,2.7081758e-14
654.55000,8.1988117e-12,2.7032250e-14
654.56000,8.1838556e-12,2.7014056e-14
654.57000,8.1617778e-12,2.7010938e-14
654.58000,8.1254594e-12,2.6984702e-14
654.59000,8.0731846e-12,2.6893647e-14
654.60000,8.0040866e-12,2.6704025e-14
654.61000,7.9280769e-12,2.6451433e-14
654.62000,7.8621113e-12,2.6199019e-14
654.63000,7.8236029e-12,2.6012568e-14
654.64000,7.8304053e-12,2.5944687e-14
654.65000,7.8759596e-12,2.5980444e-14
654.66000,7.9483535e-12,2.6091206e-14
654.67000,8.0252755e-12,2.6218732e-14
654.68000,8.0895727e-12,2.6321778e-14
654.69000,8.1328242e-12,2.6384032e-14
654.70000,8.1476277e-12,2.6392287e-14
654.71000,8.1412702e-12,2.6356828e-14
654.72000,8.1256582e-12,2.6296263e-14
654.73000,8.1150348e-12,2.6240103e-14
654.74000,8.1154137e-12,2.6201439e-14
654.75000,8.1223938e-12,2.6172938e-14
654.76000,8.1315155e-12,2.6153575e-14
654.77000,8.1393792e-12,2.6150677e-14
654.78000,8.1404989e-12,2.6164278e-14
654.79000,8.1289878e-12,2.6163596e-14
654.80000,8.1013474e-12,2.6103703e-14
654.81000,8.0683146e-12,2.5986311e-14
654.82000,8.0452066e-12,2.5850335e-14
654.83000,8.0366875e-12,2.5744309e-14
654.84000,8.0369898e-12,2.5689881e-14
654.85000,8.0352394e-12,2.5667853e-14
654.86000,8.0263034e-12,2.5658663e-14
654.87000,8.0133631e-12,2.5648956e-14
654.88000,8.0012782e-12,2.5634141e-14
654.89000,7.9924457e-12,2.5615187e-14
654.90000,7.9865106e-12,2.5597553e-14
654.91000,7.9814373e-12,2.5592213e-14
654.92000,7.9754298e-12,2.5610318e-14
654.93000,7.9673036e-12,2.5662413e-14
654.94000,7.9570593e-12,2.5742847e-14
654.95000,7.9452350e-12,2.5840691e-14
654.96000,7.9331711e-12,2.5931426e-14
654.97000,7.9214581e-12,2.5985866e-14
654.98000,7.9096885e-12,2.5989270e-14
654.99000,7.8972559e-12,2.5934469e-14
655.00000,7.8842167e-12,2.5842119e-14
655.01000,7.8709478e-12,2.5726886e-14
655.02000,7.8580934e-12,2.5601140e-14
655.03000,7.8466436e-12,2.5464969e-14
655.04000,7.8371126e-12,2.5319117e-14
655.05000,7.8294771e-12,2.5165842e-14
655.06000,7.8224978e-12,2.5014201e-14
655.07000,7.8151422e-12,2.4878299e-14
655.08000,7.8068995e-12,2.4768675e-14
655.09000,7.7973114e-12,2.4692517e-14
655.10000,7.7862633e-12,2.4636260e-14
655.11000,7.7737009e-12,2.4584306e-14
655.12000,7.7605962e-12,2.4527158e-14
655.13000,7.7481387e-12,2.4469960e-14
655.14000,7.7373300e-12,2.4424786e-14
655.15000,7.7300230e-12,2.4404460e-14
655.16000,7.7276262e-12,2.4411753e-14
655.17000,7.7305422e-12,2.4449540e-14
655.18000,7.7324494e-12,2.4498185e-14
655.19000,7.7210342e-12,2.4516895e-14
655.20000,7.6911031e-12,2.4471628e-14
655.21000,7.6485972e-12,2.4353109e-14
655.22000,7.6120494e-12,2.4210774e-14
655.23000,7.5942382e-12,2.4090505e-14
655.24000,7.5895992e-12,2.4002579e-14
655.25000,7.5889604e-12,2.3939086e-14
655.26000,7.5859488e-12,2.3886934e-14
655.27000,7.5794267e-12,2.3843979e-14
655.28000,7.5703141e-12,2.3806420e-14
655.29000,7.5575513e-12,2.3770927e-14
655.30000,7.5401328e-12,2.3733632e-14
655.31000,7.5167096e-12,2.3687250e-14
655.32000,7.4900835e-12,2.3626085e-14
655.33000,7.4651543e-12,2.3550635e-14
655.34000,7.4452317e-12,2.3476042e-14
655.35000,7.4300692e-12,2.3417919e-14
655.36000,7.4157572e-12,2.3376657e-14
655.37000,7.3999121e-12,2.3346241e-14
655.38000,7.3829223e-12,2.3318126e-14
655.39000,7.3658823e-12,2.3288608e-14
655.40000,7.3492428e-12,2.3257118e-14
655.41000,7.3329594e-12,2.3224755e-14
655.42000,7.3170619e-12,2.3193027e-14
655.43000,7.3017271e-12,2.3161017e-14
655.44000,7.2864649e-12,2.3125752e-14
655.45000,7.2701197e-12,2.3083663e-14
655.46000,7.2518986e-12,2.3034243e-14
655.47000,7.2313412e-12,2.2976207e-14
655.48000,7.2093202e-12,2.2911298e-14
655.49000,7.1871844e-12,2.2844462e-14
655.50000,7.1663970e-12,2.2786343e-14
655.51000,7.1479221e-12,2.2750183e-14
655.52000,7.1309403e-12,2.2734149e-14
655.53000,7.1139568e-12,2.2723986e-14
655.54000,7.0957169e-12,2.2699692e-14
655.55000,7.0762716e-12,2.2654036e-14
655.56000,7.0564281e-12,2.2592143e-14
655.57000,7.0368598e-12,2.2527089e-14
655.58000,7.0173942e-12,2.2466141e-14
655.59000,6.9977395e-12,2.2413117e-14
655.60000,6.9785303e-12,2.2374239e-14
655.61000,6.9611146e-12,2.2353972e-14
655.62000,6.9465984e-12,2.2359998e-14
655.63000,6.9329131e-12,2.2386285e-14
655.64000,6.9146722e-12,2.2413603e-14
655.65000,6.8875041e-12,2.2411570e-14
655.66000,6.8511572e-12,2.2357538e-14
655.67000,6.8137819e-12,2.2269044e-14
655.68000,6.7831260e-12,2.2172701e-14
655.69000,6.7593738e-12,2.2088227e-14
655.70000,6.7388318e-12,2.2020330e-14
655.71000,6.7174949e-12,2.1965177e-14
655.72000,6.6944165e-12,2.1923757e-14
655.73000,6.6702320e-12,2.1892054e-14
655.74000,6.6447332e-12,2.1863114e-14
655.75000,6.6179094e-12,2.1826989e-14
655.76000,6.5905171e-12,2.1777569e-14
655.77000,6.5638757e-12,2.1720451e-14
655.78000,6.5378650e-12,2.1661341e-14
655.79000,6.5107270e-12,2.1600516e-14
655.80000,6.4812398e-12,2.1534618e-14
655.81000,6.4508988e-12,2.1466227e-14
655.82000,6.4221516e-12,2.1399967e-14
655.83000,6.3960210e-12,2.1335420e-14
655.84000,6.3725408e-12,2.1269955e-14
655.85000,6.3507848e-12,2.1206443e-14
655.86000,6.3305948e-12,2.1152567e-14
655.87000,6.3111608e-12,2.1106760e-14
655.88000,6.2910863e-12,2.1056376e-14
655.89000,6.2690312e-12,2.0988135e-14
655.90000,6.2437679e-12,2.0896531e-14
655.91000,6.2156383e-12,2.0795545e-14
655.92000,6.1852665e-12,2.0705349e-14
655.93000,6.1543061e-12,2.0638470e-14
655.94000,6.1243722e-12,2.0598824e-14
655.95000,6.0965624e-12,2.0574186e-14
655.96000,6.0716347e-12,2.0553566e-14
655.97000,6.0481040e-12,2.0528119e-14
655.98000,6.0230925e-12,2.0488853e-14
655.99000,5.9949188e-12,2.0431495e-14
656.00000,5.9644280e-12,2.0354857e-14
656.01000,5.9346040e-12,2.0268532e-14
656.02000,5.9068076e-12,2.0178985e-14
656.03000,5.8791643e-12,2.0084774e-14
656.04000,5.8485039e-12,1.9978162e-14
656.05000,5.8130022e-12,1.9850749e-14
656.06000,5.7751058e-12,1.9707794e-14
656.07000,5.7383662e-12,1.9560510e-14
656.08000,5.7045465e-12,1.9422249e-14
656.09000,5.6724534e-12,1.9301380e-14
656.10000,5.6383784e-12,1.9196183e-14
656.11000,5.5984615e-12,1.9105446e-14
656.12000,5.5518904e-12,1.9023695e-14
656.13000,5.4982679e-12,1.8945259e-14
656.14000,5.4395730e-12,1.8860629e-14
656.15000,5.3762586e-12,1.8759255e-14
656.16000,5.3092933e-12,1.8638850e-14
656.17000,5.2378850e-12,1.8497053e-14
656.18000,5.1616835e-12,1.8336668e-14
656.19000,5.0780285e-12,1.8151952e-14
656.20000,4.9839237e-12,1.7938580e-14
656.21000,4.8685427e-12,1.7676817e-14
656.22000,4.7219216e-12,1.7351783e-14
656.23000,4.5240486e-12,1.6925124e-14
656.24000,4.2729445e-12,1.6388259e-14
656.25000,3.9662065e-12,1.5727759e-14
656.26000,3.6295159e-12,1.4994700e-14
656.27000,3.2942534e-12,1.4258343e-14
656.28000,2.9953297e-12,1.3603013e-14
656.29000,2.7735295e-12,1.3133317e-14
656.30000,2.6429010e-12,1.2895821e-14
656.31000,2.6315624e-12,1.2974101e-14
656.32000,2.7308783e-12,1.3345444e-14
656.33000,2.9508732e-12,1.4017700e-14
656.34000,3.2629517e-12,1.4888106e-14
656.35000,3.6464514e-12,1.5861411e-14
656.36000,4.0548354e-12,1.6810191e-14
656.37000,4.4434859e-12,1.7622239e-14
656.38000,4.7801951e-12,1.8258235e-14
656.39000,5.0363949e-12,1.8681608e-14
656.40000,5.2190535e-12,1.8933125e-14
656.41000,5.3341725e-12,1.9038833e-14
656.42000,5.4077011e-12,1.9064414e-14
656.43000,5.4553006e-12,1.9053014e-14
656.44000,5.4899778e-12,1.9034382e-14
656.45000,5.5197546e-12,1.9020223e-14
656.46000,5.5477138e-12,1.9015429e-14
656.47000,5.5758922e-12,1.9024743e-14
656.48000,5.6054389e-12,1.9054976e-14
656.49000,5.6364094e-12,1.9102365e-14
656.50000,5.6681843e-12,1.9161294e-14
656.51000,5.6996719e-12,1.9223221e-14
656.52000,5.7304640e-12,1.9284339e-14
656.53000,5.7611205e-12,1.9344255e-14
656.54000,5.7920776e-12,1.9403841e-14
656.55000,5.8227870e-12,1.9463231e-14
656.56000,5.8520523e-12,1.9520862e-14
656.57000,5.8796319e-12,1.9575461e-14
656.58000,5.9060281e-12,1.9626660e-14
656.59000,5.9324792e-12,1.9676105e-14
656.60000,5.9599781e-12,1.9723998e-14
656.61000,5.9885814e-12,1.9768954e-14
656.62000,6.0175741e-12,1.9808829e-14
656.63000,6.0457293e-12,1.9845742e-14
656.64000,6.0723450e-12,1.9883767e-14
656.65000,6.0982976e-12,1.9924980e-14
656.66000,6.1250640e-12,1.9968224e-14
656.67000,6.1533604e-12,2.0010666e-14
656.68000,6.1826865e-12,2.0050726e-14
656.69000,6.2112278e-12,2.0088971e-14
656.70000,6.2369508e-12,2.0126864e-14
656.71000,6.2595272e-12,2.0166694e-14
656.72000,6.2792194e-12,2.0211087e-14
656.73000,6.2975113e-12,2.0260043e-14
656.74000,6.3155270e-12,2.0312339e-14
656.75000,6.3342658e-12,2.0365402e-14
656.76000,6.3549531e-12,2.0419166e-14
656.77000,6.3784402e-12,2.0476936e-14
656.78000,6.4058271e-12,2.0545078e-14
656.79000,6.4361119e-12,2.0624426e-14
656.80000,6.4670421e-12,2.0709126e-14
656.81000,6.4956562e-12,2.0785330e-14
656.82000,6.5207581e-12,2.0841273e-14
656.83000,6.5435286e-12,2.0873071e-14
656.84000,6.5672544e-12,2.0894220e-14
656.85000,6.5941496e-12,2.0918355e-14
656.86000,6.6233393e-12,2.0951066e-14
656.87000,6.6527325e-12,2.0989681e-14
656.88000,6.6805397e-12,2.1027401e-14
656.89000,6.7064296e-12,2.1061127e-14
656.90000,6.7315291e-12,2.1093672e-14
656.91000,6.7563028e-12,2.1129447e-14
656.92000,6.7802941e-12,2.1169347e-14
656.93000,6.8025245e-12,2.1211515e-14
656.94000,6.8233144e-12,2.1253010e-14
656.95000,6.8439323e-12,2.1293582e-14
656.96000,6.8657477e-12,2.1337054e-14
656.97000,6.8891253e-12,2.1389205e-14
656.98000,6.9128970e-12,2.1449403e-14
656.99000,6.9354099e-12,2.1513508e-14
657.00000,6.9555891e-12,2.1575105e-14
657.01000,6.9729212e-12,2.1627183e-14
657.02000,6.9888298e-12,2.1667107e-14
657.03000,7.0049435e-12,2.1696485e-14
657.04000,7.0224448e-12,2.1724451e-14
657.05000,7.0421945e-12,2.1757790e-14
657.06000,7.0639236e-12,2.1798963e-14
657.07000,7.0870336e-12,2.1852349e-14
657.08000,7.1102141e-12,2.1914615e-14
657.09000,7.1326255e-12,2.1972671e-14
657.10000,7.1547170e-12,2.2017352e-14
657.11000,7.1776757e-12,2.2061022e-14
657.12000,7.2008914e-12,2.2126052e-14
657.13000,7.2191905e-12,2.2209685e-14
657.14000,7.2272434e-12,2.2270259e-14
657.15000,7.2246623e-12,2.2269403e-14
657.16000,7.2210136e-12,2.2221208e-14
657.17000,7.2269345e-12,2.2177126e-14
657.18000,7.2458706e-12,2.2171238e-14
657.19000,7.2704363e-12,2.2190126e-14
657.20000,7.2942679e-12,2.2212529e-14
657.21000,7.3151699e-12,2.2236319e-14
657.22000,7.3338115e-12,2.2280869e-14
657.23000,7.3520080e-12,2.2353497e-14
657.24000,7.3707592e-12,2.2439953e-14
657.25000,7.3899950e-12,2.2508324e-14
657.26000,7.4086929e-12,2.2537743e-14
657.27000,7.4255538e-12,2.2544602e-14
657.28000,7.4392799e-12,2.2558567e-14
657.29000,7.4503591e-12,2.2600657e-14
657.30000,7.4598540e-12,2.2673346e-14
657.31000,7.4698009e-12,2.2749803e-14
657.32000,7.4822029e-12,2.2797599e-14
657.33000,7.4975505e-12,2.2810278e-14
657.34000,7.5151567e-12,2.2802139e-14
657.35000,7.5323900e-12,2.2798151e-14
657.36000,7.5473683e-12,2.2808641e-14
657.37000,7.5618309e-12,2.2834151e-14
657.38000,7.5808562e-12,2.2895035e-14
657.39000,7.6072928e-12,2.3013488e-14
657.40000,7.6376963e-12,2.3198314e-14
657.41000,7.6597197e-12,2.3389226e-14
657.42000,7.6595998e-12,2.3484680e-14
657.43000,7.6420409e-12,2.3439847e-14
657.44000,7.6233650e-12,2.3270862e-14
657.45000,7.6178321e-12,2.3071707e-14
657.46000,7.6276373e-12,2.2914123e-14
657.47000,7.6451176e-12,2.2823456e-14
657.48000,7.6636874e-12,2.2787819e-14
657.49000,7.6821174e-12,2.2796419e-14
657.50000,7.7007204e-12,2.2830394e-14
657.51000,7.7188109e-12,2.2880169e-14
657.52000,7.7350801e-12,2.2934291e-14
657.53000,7.7484521e-12,2.2985658e-14
657.54000,7.7597211e-12,2.3030402e-14
657.55000,7.7698338e-12,2.3065249e-14
657.56000,7.7794831e-12,2.3090452e-14
657.57000,7.7883682e-12,2.3107259e-14
657.58000,7.7966100e-12,2.3125556e-14
657.59000,7.8053194e-12,2.3165629e-14
657.60000,7.8158923e-12,2.3246781e-14
657.61000,7.8293131e-12,2.3393969e-14
657.62000,7.8446594e-12,2.3601216e-14
657.63000,7.8606931e-12,2.3859122e-14
657.64000,7.8758701e-12,2.4134900e-14
657.65000,7.8886167e-12,2.4394627e-14
657.66000,7.8983577e-12,2.4605278e-14
657.67000,7.9044567e-12,2.4719951e-14
657.68000,7.9080527e-12,2.4728144e-14
657.69000,7.9108752e-12,2.4628515e-14
657.70000,7.9151721e-12,2.4475928e-14
657.71000,7.9227524e-12,2.4324458e-14
657.72000,7.9333637e-12,2.4208002e-14
657.73000,7.9461511e-12,2.4133880e-14
657.74000,7.9591904e-12,2.4082845e-14
657.75000,7.9705941e-12,2.4046989e-14
657.76000,7.9791421e-12,2.4029600e-14
657.77000,7.9844742e-12,2.4029861e-14
657.78000,7.9854695e-12,2.4030968e-14
657.79000,7.9810835e-12,2.4008503e-14
657.80000,7.9688174e-12,2.3954167e-14
657.81000,7.9498991e-12,2.3892666e-14
657.82000,7.9286241e-12,2.3856371e-14
657.83000,7.9135572e-12,2.3860492e-14
657.84000,7.9142755e-12,2.3906111e-14
657.85000,7.9315100e-12,2.3968089e-14
657.86000,7.9622739e-12,2.4025244e-14
657.87000,7.9965570e-12,2.4073585e-14
657.88000,8.0267232e-12,2.4125332e-14
657.89000,8.0501603e-12,2.4189442e-14
657.90000,8.0667319e-12,2.4258547e-14
657.91000,8.0793246e-12,2.4314169e-14
657.92000,8.0891857e-12,2.4345271e-14
657.93000,8.0977611e-12,2.4364194e-14
657.94000,8.1058193e-12,2.4385154e-14
657.95000,8.1137245e-12,2.4410033e-14
657.96000,8.1214380e-12,2.4432441e-14
657.97000,8.1295860e-12,2.4455490e-14
657.98000,8.1396250e-12,2.4496204e-14
657.99000,8.1512410e-12,2.4561818e-14
658.00000,8.1610126e-12,2.4644701e-14
658.01000,8.1650252e-12,2.4725499e-14
658.02000,8.1622542e-12,2.4794883e-14
658.03000,8.1574431e-12,2.4856670e-14
658.04000,8.1563989e-12,2.4917011e-14
658.05000,8.1616884e-12,2.4974807e-14
658.06000,8.1703298e-12,2.5022550e-14
658.07000,8.1788770e-12,2.5047963e-14
658.08000,8.1854015e-12,2.5049549e-14
658.09000,8.1900334e-12,2.5033738e-14
658.10000,8.1943261e-12,2.5016853e-14
658.11000,8.1989929e-12,2.5008561e-14
658.12000,8.2036010e-12,2.5010343e-14
658.13000,8.2075233e-12,2.5025321e-14
658.14000,8.2108796e-12,2.5053334e-14
658.15000,8.2138128e-12,2.5094210e-14
658.16000,8.2160382e-12,2.5140840e-14
658.17000,8.2169407e-12,2.5185875e-14
658.18000,8.2172620e-12,2.5225317e-14
658.19000,8.2189115e-12,2.5260092e-14
658.20000,8.2231728e-12,2.5295120e-14
658.21000,8.2302762e-12,2.5334721e-14
658.22000,8.2386882e-12,2.5380605e-14
658.23000,8.2469810e-12,2.5434352e-14
658.24000,8.2536325e-12,2.5493700e-14
658.25000,8.2560728e-12,2.5555813e-14
658.26000,8.2527745e-12,2.5617516e-14
658.27000,8.2419080e-12,2.5675266e-14
658.28000,8.2244552e-12,2.5722886e-14
658.29000,8.2017254e-12,2.5749101e-14
658.30000,8.1781097e-12,2.5750417e-14
658.31000,8.1606212e-12,2.5739504e-14
658.32000,8.1579249e-12,2.5737564e-14
658.33000,8.1718520e-12,2.5759590e-14
658.34000,8.2010850e-12,2.5809267e-14
658.35000,8.2359139e-12,2.5872093e-14
658.36000,8.2675842e-12,2.5935561e-14
658.37000,8.2915552e-12,2.5994926e-14
658.38000,8.3066705e-12,2.6055836e-14
658.39000,8.3162597e-12,2.6126429e-14
658.40000,8.3222277e-12,2.6207877e-14
658.41000,8.3267273e-12,2.6284893e-14
658.42000,8.3308995e-12,2.6334415e-14
658.43000,8.3354583e-12,2.6353373e-14
658.44000,8.3405304e-12,2.6351887e-14
658.45000,8.3458305e-12,2.6350461e-14
658.46000,8.3510014e-12,2.6362078e-14
658.47000,8.3555928e-12,2.6389403e-14
658.48000,8.3590187e-12,2.6432080e-14
658.49000,8.3611292e-12,2.6478689e-14
658.50000,8.3617451e-12,2.6513138e-14
658.51000,8.3619112e-12,2.6528202e-14
658.52000,8.3643985e-12,2.6528011e-14
658.53000,8.3718426e-12,2.6529342e-14
658.54000,8.3855498e-12,2.6546894e-14
658.55000,8.4028748e-12,2.6585244e-14
658.56000,8.4181615e-12,2.6637473e-14
658.57000,8.4244007e-12,2.6691205e-14
658.58000,8.4186435e-12,2.6729741e-14
658.59000,8.4013317e-12,2.6738556e-14
658.60000,8.3815287e-12,2.6724357e-14
658.61000,8.3691699e-12,2.6704168e-14
658.62000,8.3675950e-12,2.6696439e-14
658.63000,8.3749150e-12,2.6707206e-14
658.64000,8.3843144e-12,2.6725411e-14
658.65000,8.3916630e-12,2.6737184e-14
658.66000,8.3959635e-12,2.6733626e-14
658.67000,8.3969787e-12,2.6711814e-14
658.68000,8.3957545e-12,2.6682642e-14
658.69000,8.3934722e-12,2.6659997e-14
658.70000,8.3920012e-12,2.6652368e-14
658.71000,8.3928360e-12,2.6663633e-14
658.72000,8.3955762e-12,2.6687444e-14
658.73000,8.3991348e-12,2.6717599e-14
658.74000,8.4027752e-12,2.6748831e-14
658.75000,8.4075268e-12,2.6783041e-14
658.76000,8.4145751e-12,2.6824655e-14
658.77000,8.4236669e-12,2.6875213e-14
658.78000,8.4322181e-12,2.6928459e-14
658.79000,8.4377226e-12,2.6975886e-14
658.80000,8.4397244e-12,2.7014529e-14
658.81000,8.4410739e-12,2.7054750e-14
658.82000,8.4444258e-12,2.7116690e-14
658.83000,8.4497036e-12,2.7216229e-14
658.84000,8.4548216e-12,2.7370299e-14
658.85000,8.4576595e-12,2.7572418e-14
658.86000,8.4576180e-12,2.7813138e-14
658.87000,8.4567009e-12,2.8060741e-14
658.88000,8.4571687e-12,2.8277973e-14
658.89000,8.4593786e-12,2.8440859e-14
658.90000,8.4613140e-12,2.8531457e-14
658.91000,8.4603480e-12,2.8567850e-14
658.92000,8.4555975e-12,2.8560292e-14
658.93000,8.4501863e-12,2.8522600e-14
658.94000,8.4481423e-12,2.8449473e-14
658.95000,8.4503800e-12,2.8346136e-14
658.96000,8.4554693e-12,2.8225480e-14
658.97000,8.4606566e-12,2.8112659e-14
658.98000,8.4647295e-12,2.8028926e-14
658.99000,8.4681286e-12,2.7975549e-14
659.00000,8.4715886e-12,2.7949751e-14
659.01000,8.4755126e-12,2.7944960e-14
659.02000,8.4797326e-12,2.7955888e-14
659.03000,8.4838601e-12,2.7982524e-14
659.04000,8.4878166e-12,2.8021500e-14
659.05000,8.4920737e-12,2.8072166e-14
659.06000,8.4970552e-12,2.8130465e-14
659.07000,8.5025636e-12,2.8192666e-14
659.08000,8.5076968e-12,2.8253773e-14
659.09000,8.5117363e-12,2.8311657e-14
659.10000,8.5146480e-12,2.8367056e-14
659.11000,8.5157457e-12,2.8416537e-14
659.12000,8.5144345e-12,2.8454131e-14
659.13000,8.5104095e-12,2.8474734e-14
659.14000,8.5053235e-12,2.8486612e-14
659.15000,8.5008233e-12,2.8502690e-14
659.16000,8.4974332e-12,2.8533651e-14
659.17000,8.4950632e-12,2.8589929e-14
659.18000,8.4936498e-12,2.8670918e-14
659.19000,8.4940011e-12,2.8769364e-14
659.20000,8.4963314e-12,2.8862861e-14
659.21000,8.5003860e-12,2.8930179e-14
659.22000,8.5048499e-12,2.8974415e-14
659.23000,8.5084817e-12,2.9011978e-14
659.24000,8.5108661e-12,2.9060482e-14
659.25000,8.5127234e-12,2.9124458e-14
659.26000,8.5147359e-12,2.9199061e-14
659.27000,8.5166494e-12,2.9273181e-14
659.28000,8.5178719e-12,2.9339233e-14
659.29000,8.5189189e-12,2.9397319e-14
659.30000,8.5209653e-12,2.9449948e-14
659.31000,8.5242471e-12,2.9501177e-14
659.32000,8.5285165e-12,2.9555021e-14
659.33000,8.5336328e-12,2.9616992e-14
659.34000,8.5397760e-12,2.9694023e-14
659.35000,8.5455260e-12,2.9782231e-14
659.36000,8.5478315e-12,2.9870480e-14
659.37000,8.5456603e-12,2.9946653e-14
659.38000,8.5406876e-12,3.0006001e-14
659.39000,8.5371119e-12,3.0057483e-14
659.40000,8.5375268e-12,3.0108528e-14
659.41000,8.5404711e-12,3.0159334e-14
659.42000,8.5438716e-12,3.0205553e-14
659.43000,8.5468368e-12,3.0247054e-14
659.44000,8.5495097e-12,3.0282877e-14
659.45000,8.5518013e-12,3.0297066e-14
659.46000,8.5532244e-12,3.0242387e-14
659.47000,8.5534301e-12,3.0008130e-14
659.48000,8.5529647e-12,2.9509444e-14
659.49000,8.5525698e-12,2.8678386e-14
659.50000,8.5529871e-12,2.7666126e-14
659.51000,8.5547692e-12,2.6700336e-14
659.52000,8.5575384e-12,2.5969807e-14
659.53000,8.5608090e-12,2.5566621e-14
659.54000,8.5640545e-12,2.5384258e-14
659.55000,8.5665153e-12,2.5333390e-14
659.56000,8.5672786e-12,2.5322451e-14
659.57000,8.5655037e-12,2.5314347e-14
659.58000,8.5622125e-12,2.5293304e-14
659.59000,8.5591433e-12,2.5260979e-14
659.60000,8.5578639e-12,2.5233747e-14
659.61000,8.5593946e-12,2.5222942e-14
659.62000,8.5629812e-12,2.5219970e-14
659.63000,8.5672402e-12,2.5215845e-14
659.64000,8.5704301e-12,2.5216367e-14
659.65000,8.5714884e-12,2.5233700e-14
659.66000,8.5700129e-12,2.5266045e-14
659.67000,8.5672297e-12,2.5288432e-14
659.68000,8.5650811e-12,2.5281962e-14
659.69000,8.5655144e-12,2.5265284e-14
659.70000,8.5696813e-12,2.5279163e-14
659.71000,8.5760159e-12,2.5345215e-14
659.72000,8.5821450e-12,2.5456500e-14
659.73000,8.5858730e-12,2.5566132e-14
659.74000,8.5857053e-12,2.5622947e-14
659.75000,8.5827129e-12,2.5610827e-14
659.76000,8.5787903e-12,2.5530609e-14
659.77000,8.5763230e-12,2.5419593e-14
659.78000,8.5765601e-12,2.5308824e-14
659.79000,8.5781438e-12,2.5216253e-14
659.80000,8.5790727e-12,2.5147641e-14
659.81000,8.5786322e-12,2.5096825e-14
659.82000,8.5780581e-12,2.5063563e-14
659.83000,8.5794944e-12,2.5046992e-14
659.84000,8.5839786e-12,2.5048996e-14
659.85000,8.5893774e-12,2.5064613e-14
659.86000,8.5914445e-12,2.5082133e-14
659.87000,8.5864089e-12,2.5091674e-14
659.88000,8.5757423e-12,2.5095627e-14
659.89000,8.5622297e-12,2.5106214e-14
659.90000,8.5484502e-12,2.5132237e-14
659.91000,8.5354984e-12,2.5172877e-14
659.92000,8.5254212e-12,2.5213033e-14
659.93000,8.5226027e-12,2.5233215e-14
659.94000,8.5281827e-12,2.5225074e-14
659.95000,8.5411795e-12,2.5192557e-14
659.96000,8.5564124e-12,2.5161594e-14
659.97000,8.5693192e-12,2.5163570e-14
659.98000,8.5776245e-12,2.5209040e-14
659.99000,8.5799748e-12,2.5292441e-14
660.00000,8.5772502e-12,2.5381573e-14
660.01000,8.5695181e-12,2.5447098e-14
660.02000,8.5591989e-12,2.5486692e-14
660.03000,8.5505541e-12,2.5515191e-14
660.04000,8.5483902e-12,2.5546906e-14
660.05000,8.5541111e-12,2.5576988e-14
660.06000,8.5659262e-12,2.5588534e-14
660.07000,8.5787255e-12,2.5580222e-14
660.08000,8.5895590e-12,2.5563523e-14
660.09000,8.5983677e-12,2.5550777e-14
660.10000,8.6055965e-12,2.5542435e-14
660.11000,8.6113684e-12,2.5533534e-14
660.12000,8.6144978e-12,2.5520455e-14
660.13000,8.6146290e-12,2.5500670e-14
660.14000,8.6118448e-12,2.5472629e-14
660.15000,8.6078737e-12,2.5442649e-14
660.16000,8.6044289e-12,2.5420024e-14
660.17000,8.6024607e-12,2.5409240e-14
660.18000,8.6019654e-12,2.5411664e-14
660.19000,8.6018413e-12,2.5421607e-14
660.20000,8.6012610e-12,2.5433937e-14
660.21000,8.6003841e-12,2.5445456e-14
660.22000,8.6001581e-12,2.5456962e-14
660.23000,8.6013973e-12,2.5471029e-14
660.24000,8.6038718e-12,2.5488156e-14
660.25000,8.6066821e-12,2.5505683e-14
660.26000,8.6088468e-12,2.5519972e-14
660.27000,8.6099687e-12,2.5529705e-14
660.28000,8.6104805e-12,2.5536918e-14
660.29000,8.6108071e-12,2.5541562e-14
660.30000,8.6111608e-12,2.5541835e-14
660.31000,8.6114695e-12,2.5535575e-14
660.32000,8.6116954e-12,2.5525975e-14
660.33000,8.6119924e-12,2.5518544e-14
660.34000,8.6126865e-12,2.5517845e-14
660.35000,8.6143163e-12,2.5527758e-14
660.36000,8.6168206e-12,2.5546758e-14
660.37000,8.6193176e-12,2.5570988e-14
660.38000,8.6205239e-12,2.5591890e-14
660.39000,8.6199225e-12,2.5600070e-14
660.40000,8.6189510e-12,2.5594536e-14
660.41000,8.6194744e-12,2.5579042e-14
660.42000,8.6222125e-12,2.5560231e-14
660.43000,8.6260129e-12,2.5541774e-14
660.44000,8.6291131e-12,2.5523004e-14
660.45000,8.6305758e-12,2.5503091e-14
660.46000,8.6305027e-12,2.5483952e-14
660.47000,8.6298376e-12,2.5468925e-14
660.48000,8.6287104e-12,2.5460413e-14
660.49000,8.6270536e-12,2.5456645e-14
660.50000,8.6258093e-12,2.5457455e-14
660.51000,8.6267343e-12,2.5463698e-14
660.52000,8.6308785e-12,2.5478465e-14
660.53000,8.6360592e-12,2.5501499e-14
660.54000,8.6389005e-12,2.5534440e-14
660.55000,8.6378635e-12,2.5578013e-14
660.56000,8.6332857e-12,2.5636309e-14
660.57000,8.6280414e-12,2.5706959e-14
660.58000,8.6250341e-12,2.5782491e-14
660.59000,8.6254813e-12,2.5848711e-14
660.60000,8.6278641e-12,2.5892535e-14
660.61000,8.6294641e-12,2.5903516e-14
660.62000,8.6288089e-12,2.5887548e-14
660.63000,8.6264525e-12,2.5851299e-14
660.64000,8.6241625e-12,2.5808788e-14
660.65000,8.6226013e-12,2.5772141e-14
660.66000,8.6211092e-12,2.5749062e-14
660.67000,8.6187229e-12,2.5741812e-14
660.68000,8.6153456e-12,2.5739952e-14
660.69000,8.6117638e-12,2.5732901e-14
660.70000,8.6093576e-12,2.5718082e-14
660.71000,8.6094636e-12,2.5698468e-14
660.72000,8.6116949e-12,2.5677888e-14
660.73000,8.6147696e-12,2.5655886e-14
660.74000,8.6170523e-12,2.5631793e-14
660.75000,8.6179758e-12,2.5607387e-14
660.76000,8.6182485e-12,2.5586098e-14
660.77000,8.6185278e-12,2.5569456e-14
660.78000,8.6181881e-12,2.5555969e-14
660.79000,8.6160443e-12,2.5541343e-14
660.80000,8.6116470e-12,2.5523382e-14
660.81000,8.6068594e-12,2.5505015e-14
660.82000,8.6040605e-12,2.5491493e-14
660.83000,8.6037977e-12,2.5484681e-14
660.84000,8.6051960e-12,2.5483833e-14
660.85000,8.6066267e-12,2.5485400e-14
660.86000,8.6078431e-12,2.5488623e-14
660.87000,8.6094729e-12,2.5494050e-14
660.88000,8.6115941e-12,2.5502335e-14
660.89000,8.6132356e-12,2.5512556e-14
660.90000,8.6134289e-12,2.5524251e-14
660.91000,8.6124627e-12,2.5535718e-14
660.92000,8.6109714e-12,2.5542331e-14
660.93000,8.6096005e-12,2.5539127e-14
660.94000,8.6088490e-12,2.5525455e-14
660.95000,8.6092278e-12,2.5505019e-14
660.96000,8.6106162e-12,2.5486057e-14
660.97000,8.6126639e-12,2.5474426e-14
660.98000,8.6148060e-12,2.5469162e-14
660.99000,8.6164554e-12,2.5465924e-14
661.00000,8.6167840e-12,2.5458993e-14
661.01000,8.6146244e-12,2.5445444e-14
661.02000,8.6106527e-12,2.5429801e-14
661.03000,8.6069904e-12,2.5420167e-14
661.04000,8.6058391e-12,2.5420406e-14
661.05000,8.6080505e-12,2.5431434e-14
661.06000,8.6116049e-12,2.5453062e-14
661.07000,8.6137921e-12,2.5496791e-14
661.08000,8.6129789e-12,2.5570475e-14
661.09000,8.6087664e-12,2.5670971e-14
661.10000,8.6026185e-12,2.5768448e-14
661.11000,8.5966100e-12,2.5823797e-14
661.12000,8.5921789e-12,2.5806890e-14
661.13000,8.5894503e-12,2.5736744e-14
661.14000,8.5885298e-12,2.5644977e-14
661.15000,8.5892335e-12,2.5565813e-14
661.16000,8.5916932e-12,2.5514978e-14
661.17000,8.5950976e-12,2.5484442e-14
661.18000,8.5983654e-12,2.5462257e-14
661.19000,8.6007560e-12,2.5436460e-14
661.20000,8.6025724e-12,2.5404006e-14
661.21000,8.6050231e-12,2.5370140e-14
661.22000,8.6089848e-12,2.5341749e-14
661.23000,8.6137586e-12,2.5322204e-14
661.24000,8.6177648e-12,2.5313504e-14
661.25000,8.6196367e-12,2.5312966e-14
661.26000,8.6184942e-12,2.5319864e-14
661.27000,8.6147079e-12,2.5335305e-14
661.28000,8.6094081e-12,2.5359061e-14
661.29000,8.6029857e-12,2.5382912e-14
661.30000,8.5954206e-12,2.5387162e-14
661.31000,8.5867504e-12,2.5349715e-14
661.32000,8.5786143e-12,2.5279428e-14
661.33000,8.5737317e-12,2.5205347e-14
661.34000,8.5729553e-12,2.5164500e-14
661.35000,8.5755113e-12,2.5193033e-14
661.36000,8.5787181e-12,2.5309425e-14
661.37000,8.5812482e-12,2.5572922e-14
661.38000,8.5835463e-12,2.6000164e-14
661.39000,8.5865998e-12,2.6580805e-14
661.40000,8.5904552e-12,2.7192376e-14
661.41000,8.5944329e-12,2.7695141e-14
661.42000,8.5977713e-12,2.8019902e-14
661.43000,8.6000496e-12,2.8198591e-14
661.44000,8.6008060e-12,2.8291540e-14
661.45000,8.6001733e-12,2.8364938e-14
661.46000,8.5983037e-12,2.8428575e-14
661.47000,8.5953079e-12,2.8465653e-14
661.48000,8.5903523e-12,2.8455524e-14
661.49000,8.5838479e-12,2.8409542e-14
661.50000,8.5780519e-12,2.8345220e-14
661.51000,8.5754086e-12,2.8281352e-14
661.52000,8.5766133e-12,2.8223589e-14
661.53000,8.5792407e-12,2.8169832e-14
661.54000,8.5811231e-12,2.8118001e-14
661.55000,8.5815858e-12,2.8065798e-14
661.56000,8.5805890e-12,2.8009652e-14
661.57000,8.5783699e-12,2.7947055e-14
661.58000,8.5749459e-12,2.7878816e-14
661.59000,8.5711821e-12,2.7812952e-14
661.60000,8.5687915e-12,2.7761284e-14
661.61000,8.5694581e-12,2.7736107e-14
661.62000,8.5724560e-12,2.7734796e-14
661.63000,8.5758663e-12,2.7749262e-14
661.64000,8.5779600e-12,2.7763870e-14
661.65000,8.5787321e-12,2.7769302e-14
661.66000,8.5797910e-12,2.7768190e-14
661.67000,8.5824113e-12,2.7767977e-14
661.68000,8.5861703e-12,2.7771730e-14
661.69000,8.5897405e-12,2.7773353e-14
661.70000,8.5918730e-12,2.7763870e-14
661.71000,8.5920145e-12,2.7737592e-14
661.72000,8.5908300e-12,2.7700240e-14
661.73000,8.5883182e-12,2.7657276e-14
661.74000,8.5839211e-12,2.7611821e-14
661.75000,8.5778719e-12,2.7565594e-14
661.76000,8.5722094e-12,2.7522947e-14
661.77000,8.5698615e-12,2.7489865e-14
661.78000,8.5729699e-12,2.7472197e-14
661.79000,8.5800843e-12,2.7466350e-14
661.80000,8.5890945e-12,2.7465067e-14
661.81000,8.5972016e-12,2.7457455e-14
661.82000,8.6022062e-12,2.7434553e-14
661.83000,8.6038472e-12,2.7398447e-14
661.84000,8.6022014e-12,2.7354508e-14
661.85000,8.5986923e-12,2.7309978e-14
661.86000,8.5946486e-12,2.7268292e-14
661.87000,8.5917350e-12,2.7229647e-14
661.88000,8.5915446e-12,2.7192856e-14
661.89000,8.5944131e-12,2.7155705e-14
661.90000,8.5991331e-12,2.7116685e-14
661.91000,8.6039301e-12,2.7074069e-14
661.92000,8.6072454e-12,2.7025807e-14
661.93000,8.6085449e-12,2.6970100e-14
661.94000,8.6090694e-12,2.6911873e-14
661.95000,8.6104019e-12,2.6858105e-14
661.96000,8.6132540e-12,2.6810648e-14
661.97000,8.6173580e-12,2.6767895e-14
661.98000,8.6215517e-12,2.6729476e-14
661.99000,8.6248435e-12,2.6702314e-14
662.00000,8.6268587e-12,2.6690462e-14
662.01000,8.6271550e-12,2.6695633e-14
662.02000,8.6254701e-12,2.6711933e-14
662.03000,8.6205647e-12,2.6737030e-14
662.04000,8.6114467e-12,2.6768598e-14
662.05000,8.5984091e-12,2.6799211e-14
662.06000,8.5825972e-12,2.6811689e-14
662.07000,8.5668057e-12,2.6791942e-14
662.08000,8.5540272e-12,2.6734468e-14
662.09000,8.5461092e-12,2.6663651e-14
662.10000,8.5448020e-12,2.6614672e-14
662.11000,8.5485243e-12,2.6610366e-14
662.12000,8.5550926e-12,2.6648364e-14
662.13000,8.5613129e-12,2.6680362e-14
662.14000,8.5651816e-12,2.6647522e-14
662.15000,8.5669491e-12,2.6543524e-14
662.16000,8.5673438e-12,2.6399111e-14
662.17000,8.5668128e-12,2.6263106e-14
662.18000,8.5644197e-12,2.6155259e-14
662.19000,8.5591316e-12,2.6067800e-14
662.20000,8.5512535e-12,2.5988897e-14
662.21000,8.5426729e-12,2.5922741e-14
662.22000,8.5368258e-12,2.5879077e-14
662.23000,8.5370807e-12,2.5866742e-14
662.24000,8.5426122e-12,2.5872836e-14
662.25000,8.5506647e-12,2.5877174e-14
662.26000,8.5575696e-12,2.5862869e-14
662.27000,8.5620637e-12,2.5824365e-14
662.28000,8.5652558e-12,2.5772530e-14
662.29000,8.5676656e-12,2.5716163e-14
662.30000,8.5692048e-12,2.5661241e-14
662.31000,8.5699369e-12,2.5611750e-14
662.32000,8.5708895e-12,2.5570667e-14
662.33000,8.5727473e-12,2.5541703e-14
662.34000,8.5749228e-12,2.5525579e-14
662.35000,8.5762515e-12,2.5520269e-14
662.36000,8.5762339e-12,2.5527448e-14
662.37000,8.5756995e-12,2.5547270e-14
662.38000,8.5756712e-12,2.5580451e-14
662.39000,8.5768336e-12,2.5618261e-14
662.40000,8.5796408e-12,2.5645513e-14
662.41000,8.5831940e-12,2.5649601e-14
662.42000,8.5860046e-12,2.5621698e-14
662.43000,8.5872099e-12,2.5573339e-14
662.44000,8.5867326e-12,2.5520361e-14
662.45000,8.5852205e-12,2.5477044e-14
662.46000,8.5826929e-12,2.5448653e-14
662.47000,8.5792105e-12,2.5431371e-14
662.48000,8.5752852e-12,2.5420766e-14
662.49000,8.5715992e-12,2.5417782e-14
662.50000,8.5683485e-12,2.5421168e-14
662.51000,8.5652307e-12,2.5423531e-14
662.52000,8.5619916e-12,2.5412657e-14
662.53000,8.5589076e-12,2.5378270e-14
662.54000,8.5564943e-12,2.5327378e-14
662.55000,8.5552056e-12,2.5273312e-14
662.56000,8.5546581e-12,2.5228771e-14
662.57000,8.5540856e-12,2.5198400e-14
662.58000,8.5528545e-12,2.5174316e-14
662.59000,8.5510825e-12,2.5147649e-14
662.60000,8.5496900e-12,2.5116765e-14
662.61000,8.5494039e-12,2.5087844e-14
662.62000,8.5499065e-12,2.5067620e-14
662.63000,8.5500353e-12,2.5055020e-14
662.64000,8.5486129e-12,2.5042954e-14
662.65000,8.5455331e-12,2.5024984e-14
662.66000,8.5411186e-12,2.5000974e-14
662.67000,8.5364546e-12,2.4976586e-14
662.68000,8.5324563e-12,2.4955099e-14
662.69000,8.5289123e-12,2.4935118e-14
662.70000,8.5241906e-12,2.4915535e-14
662.71000,8.5165871e-12,2.4897399e-14
662.72000,8.5049090e-12,2.4882219e-14
662.73000,8.4908611e-12,2.4869451e-14
662.74000,8.4778656e-12,2.4861150e-14
662.75000,8.4703121e-12,2.4862410e-14
662.76000,8.4712112e-12,2.4876056e-14
662.77000,8.4820077e-12,2.4898262e-14
662.78000,8.4981964e-12,2.4916623e-14
662.79000,8.5144177e-12,2.4921748e-14
662.80000,8.5265475e-12,2.4916891e-14
662.81000,8.5332760e-12,2.4910792e-14
662.82000,8.5370132e-12,2.4913411e-14
662.83000,8.5393582e-12,2.4933903e-14
662.84000,8.5408945e-12,2.4974322e-14
662.85000,8.5413076e-12,2.5035437e-14
662.86000,8.5408191e-12,2.5101136e-14
662.87000,8.5394463e-12,2.5142037e-14
662.88000,8.5372053e-12,2.5138623e-14
662.89000,8.5344196e-12,2.5087223e-14
662.90000,8.5322844e-12,2.5007512e-14
662.91000,8.5319813e-12,2.4925683e-14
662.92000,8.5338443e-12,2.4855620e-14
662.93000,8.5363430e-12,2.4797216e-14
662.94000,8.5378093e-12,2.4747070e-14
662.95000,8.5378295e-12,2.4700328e-14
662.96000,8.5370288e-12,2.4658149e-14
662.97000,8.5364928e-12,2.4624121e-14
662.98000,8.5367412e-12,2.4603471e-14
662.99000,8.5374575e-12,2.4594302e-14
663.00000,8.5380206e-12,2.4593729e-14
663.01000,8.5380517e-12,2.4597293e-14
663.02000,8.5377636e-12,2.4605082e-14
663.03000,8.5377229e-12,2.4619529e-14
663.04000,8.5379272e-12,2.4641739e-14
663.05000,8.5372585e-12,2.4671020e-14
663.06000,8.5344615e-12,2.4703106e-14
663.07000,8.5289702e-12,2.4736322e-14
663.08000,8.5225760e-12,2.4772111e-14
663.09000,8.5179007e-12,2.4814590e-14
663.10000,8.5161764e-12,2.4863884e-14
663.11000,8.5170882e-12,2.4917506e-14
663.12000,8.5183538e-12,2.4969901e-14
663.13000,8.5182132e-12,2.5016414e-14
663.14000,8.5167824e-12,2.5056785e-14
663.15000,8.5149421e-12,2.5093854e-14
663.16000,8.5129872e-12,2.5133411e-14
663.17000,8.5098012e-12,2.5177032e-14
663.18000,8.5033004e-12,2.5214504e-14
663.19000,8.4934672e-12,2.5230426e-14
663.20000,8.4821025e-12,2.5214623e-14
663.21000,8.4722503e-12,2.5178864e-14
663.22000,8.4654945e-12,2.5132346e-14
663.23000,8.4603803e-12,2.5081135e-14
663.24000,8.4557607e-12,2.5030678e-14
663.25000,8.4521798e-12,2.4993218e-14
663.26000,8.4523121e-12,2.4984091e-14
663.27000,8.4573501e-12,2.4999200e-14
663.28000,8.4666801e-12,2.5022235e-14
663.29000,8.4769311e-12,2.5031153e-14
663.30000,8.4843644e-12,2.5015565e-14
663.31000,8.4865140e-12,2.4978581e-14
663.32000,8.4846357e-12,2.4939695e-14
663.33000,8.4806350e-12,2.4918302e-14
663.34000,8.4764061e-12,2.4920889e-14
663.35000,8.4718621e-12,2.4946496e-14
663.36000,8.4661333e-12,2.4980279e-14
663.37000,8.4587839e-12,2.5011495e-14
663.38000,8.4511860e-12,2.5038105e-14
663.39000,8.4459304e-12,2.5066925e-14
663.40000,8.4449921e-12,2.5105713e-14
663.41000,8.4500749e-12,2.5156190e-14
663.42000,8.4610557e-12,2.5208975e-14
663.43000,8.4759756e-12,2.5248423e-14
663.44000,8.4920504e-12,2.5255298e-14
663.45000,8.5054557e-12,2.5222937e-14
663.46000,8.5128770e-12,2.5144945e-14
663.47000,8.5149334e-12,2.5035061e-14
663.48000,8.5133841e-12,2.4905945e-14
663.49000,8.5111703e-12,2.4777817e-14
663.50000,8.5093862e-12,2.4667390e-14
663.51000,8.5080995e-12,2.4579924e-14
663.52000,8.5074148e-12,2.4516184e-14
663.53000,8.5071456e-12,2.4466990e-14
663.54000,8.5065602e-12,2.4429211e-14
663.55000,8.5046668e-12,2.4403066e-14
663.56000,8.5010097e-12,2.4386397e-14
663.57000,8.4954377e-12,2.4370757e-14
663.58000,8.4886718e-12,2.4343609e-14
663.59000,8.4816793e-12,2.4298561e-14
663.60000,8.4760133e-12,2.4247030e-14
663.61000,8.4733982e-12,2.4205121e-14
663.62000,8.4734721e-12,2.4177702e-14
663.63000,8.4752273e-12,2.4160598e-14
663.64000,8.4773715e-12,2.4144771e-14
663.65000,8.4796183e-12,2.4125584e-14
663.66000,8.4817791e-12,2.4102687e-14
663.67000,8.4831939e-12,2.4078152e-14
663.68000,8.4831684e-12,2.4056324e-14
663.69000,8.4815259e-12,2.4040365e-14
663.70000,8.4780717e-12,2.4031917e-14
663.71000,8.4733588e-12,2.4031452e-14
663.72000,8.4683821e-12,2.4046342e-14
663.73000,8.4647949e-12,2.4081620e-14
663.74000,8.4644921e-12,2.4140294e-14
663.75000,8.4679807e-12,2.4213127e-14
663.76000,8.4764491e-12,2.4298060e-14
663.77000,8.4896580e-12,2.4396629e-14
663.78000,8.5072307e-12,2.4509718e-14
663.79000,8.5259301e-12,2.4622765e-14
663.80000,8.5415648e-12,2.4714861e-14
663.81000,8.5503522e-12,2.4770897e-14
663.82000,8.5510261e-12,2.4792954e-14
663.83000,8.5423374e-12,2.4788020e-14
663.84000,8.5269239e-12,2.4775498e-14
663.85000,8.5077590e-12,2.4771729e-14
663.86000,8.4893518e-12,2.4780292e-14
663.87000,8.4742743e-12,2.4789181e-14
663.88000,8.4620941e-12,2.4779861e-14
663.89000,8.4524866e-12,2.4735259e-14
663.90000,8.4451879e-12,2.4655605e-14
663.91000,8.4406560e-12,2.4542506e-14
663.92000,8.4385217e-12,2.4409683e-14
663.93000,8.4378493e-12,2.4278755e-14
663.94000,8.4381179e-12,2.4172227e-14
663.95000,8.4389836e-12,2.4098097e-14
663.96000,8.4407585e-12,2.4059268e-14
663.97000,8.4438600e-12,2.4043084e-14
663.98000,8.4489227e-12,2.4040347e-14
663.99000,8.4552670e-12,2.4039013e-14
664.00000,8.4616974e-12,2.4032737e-14
664.01000,8.4668389e-12,2.4022247e-14
664.02000,8.4696180e-12,2.4013725e-14
664.03000,8.4706307e-12,2.4016642e-14
664.04000,8.4712170e-12,2.4043143e-14
664.05000,8.4727131e-12,2.4097062e-14
664.06000,8.4751558e-12,2.4163337e-14
664.07000,8.4774349e-12,2.4212342e-14
664.08000,8.4784574e-12,2.4222718e-14
664.09000,8.4781490e-12,2.4191012e-14
664.10000,8.4781209e-12,2.4144701e-14
664.11000,8.4803979e-12,2.4107812e-14
664.12000,8.4851081e-12,2.4088720e-14
664.13000,8.4907124e-12,2.4090153e-14
664.14000,8.4944518e-12,2.4109387e-14
664.15000,8.4939900e-12,2.4147103e-14
664.16000,8.4894495e-12,2.4195478e-14
664.17000,8.4833530e-12,2.4238842e-14
664.18000,8.4792603e-12,2.4260356e-14
664.19000,8.4791105e-12,2.4260228e-14
664.20000,8.4823620e-12,2.4249490e-14
664.21000,8.4853556e-12,2.4244595e-14
664.22000,8.4846868e-12,2.4253363e-14
664.23000,8.4805465e-12,2.4270017e-14
664.24000,8.4750151e-12,2.4287869e-14
664.25000,8.4708773e-12,2.4303704e-14
664.26000,8.4698756e-12,2.4318370e-14
664.27000,8.4714910e-12,2.4331132e-14
664.28000,8.4744025e-12,2.4333838e-14
664.29000,8.4765481e-12,2.4316375e-14
664.30000,8.4763252e-12,2.4278424e-14
664.31000,8.4728220e-12,2.4229646e-14
664.32000,8.4669092e-12,2.4187195e-14
664.33000,8.4594808e-12,2.4161525e-14
664.34000,8.4522121e-12,2.4150041e-14
664.35000,8.4469544e-12,2.4150276e-14
664.36000,8.4443633e-12,2.4157956e-14
664.37000,8.4444008e-12,2.4172236e-14
664.38000,8.4457591e-12,2.4193350e-14
664.39000,8.4477654e-12,2.4223937e-14
664.40000,8.4501119e-12,2.4261832e-14
664.41000,8.4522574e-12,2.4301540e-14
664.42000,8.4528505e-12,2.4341271e-14
664.43000,8.4511041e-12,2.4384269e-14
664.44000,8.4475062e-12,2.4435516e-14
664.45000,8.4444550e-12,2.4496657e-14
664.46000,8.4441584e-12,2.4568766e-14
664.47000,8.4462932e-12,2.4641857e-14
664.48000,8.4494832e-12,2.4699487e-14
664.49000,8.4519071e-12,2.4739119e-14
664.50000,8.4523490e-12,2.4776213e-14
664.51000,8.4509804e-12,2.4829591e-14
664.52000,8.4487138e-12,2.4899767e-14
664.53000,8.4474853e-12,2.4968542e-14
664.54000,8.4491033e-12,2.5022315e-14
664.55000,8.4541008e-12,2.5066531e-14
664.56000,8.4595027e-12,2.5116640e-14
664.57000,8.4604447e-12,2.5170829e-14
664.58000,8.4541208e-12,2.5206220e-14
664.59000,8.4393078e-12,2.5199021e-14
664.60000,8.4199043e-12,2.5160980e-14
664.61000,8.4007278e-12,2.5121395e-14
664.62000,8.3855383e-12,2.5106312e-14
664.63000,8.3750077e-12,2.5117874e-14
664.64000,8.3663631e-12,2.5131638e-14
664.65000,8.3565591e-12,2.5121910e-14
664.66000,8.3451685e-12,2.5083771e-14
664.67000,8.3345990e-12,2.5044543e-14
664.68000,8.3279068e-12,2.5039844e-14
664.69000,8.3258176e-12,2.5086658e-14
664.70000,8.3275903e-12,2.5186137e-14
664.71000,8.3301987e-12,2.5298421e-14
664.72000,8.3312097e-12,2.5366241e-14
664.73000,8.3304278e-12,2.5359663e-14
664.74000,8.3293463e-12,2.5282733e-14
664.75000,8.3300021e-12,2.5178743e-14
664.76000,8.3335769e-12,2.5087597e-14
664.77000,8.3410669e-12,2.5020732e-14
664.78000,8.3521084e-12,2.4962585e-14
664.79000,8.3661453e-12,2.4903534e-14
664.80000,8.3806039e-12,2.4854573e-14
664.81000,8.3927567e-12,2.4852575e-14
664.82000,8.4017148e-12,2.4921699e-14
664.83000,8.4072966e-12,2.5074016e-14
664.84000,8.4107548e-12,2.5261016e-14
664.85000,8.4130374e-12,2.5415848e-14
664.86000,8.4150793e-12,2.5493128e-14
664.87000,8.4173168e-12,2.5498642e-14
664.88000,8.4197566e-12,2.5460898e-14
664.89000,8.4224164e-12,2.5416121e-14
664.90000,8.4257526e-12,2.5378352e-14
664.91000,8.4300788e-12,2.5351463e-14
664.92000,8.4354556e-12,2.5341298e-14
664.93000,8.4411730e-12,2.5346671e-14
664.94000,8.4464923e-12,2.5362893e-14
664.95000,8.4510099e-12,2.5375271e-14
664.96000,8.4543458e-12,2.5363186e-14
664.97000,8.4562034e-12,2.5311257e-14
664.98000,8.4564499e-12,2.5216741e-14
664.99000,8.4553312e-12,2.5085177e-14
665.00000,8.4542036e-12,2.4942131e-14
665.01000,8.4544958e-12,2.4814387e-14
665.02000,8.4562937e-12,2.4722155e-14
665.03000,8.4583652e-12,2.4688618e-14
665.04000,8.4588532e-12,2.4713125e-14
665.05000,8.4563325e-12,2.4805896e-14
665.06000,8.4510111e-12,2.4958958e-14
665.07000,8.4426153e-12,2.5179725e-14
665.08000,8.4315459e-12,2.5455324e-14
665.09000,8.4184554e-12,2.5765099e-14
665.10000,8.4051853e-12,2.6061358e-14
665.11000,8.3939430e-12,2.6285279e-14
665.12000,8.3868645e-12,2.6377568e-14
665.13000,8.3845111e-12,2.6354062e-14
665.14000,8.3883129e-12,2.6253056e-14
665.15000,8.3970678e-12,2.6148548e-14
665.16000,8.4095891e-12,2.6083632e-14
665.17000,8.4230385e-12,2.6054633e-14
665.18000,8.4345029e-12,2.6029476e-14
665.19000,8.4417667e-12,2.5965044e-14
665.20000,8.4433021e-12,2.5833284e-14
665.21000,8.4400381e-12,2.5646995e-14
665.22000,8.4352592e-12,2.5458366e-14
665.23000,8.4314782e-12,2.5321159e-14
665.24000,8.4289949e-12,2.5245745e-14
665.25000,8.4270870e-12,2.5217768e-14
665.26000,8.4256180e-12,2.5201360e-14
665.27000,8.4258023e-12,2.5188587e-14
665.28000,8.4280230e-12,2.5188954e-14
665.29000,8.4314768e-12,2.5212429e-14
665.30000,8.4343225e-12,2.5251824e-14
665.31000,8.4352836e-12,2.5306981e-14
665.32000,8.4340744e-12,2.5394876e-14
665.33000,8.4312432e-12,2.5528807e-14
665.34000,8.4272367e-12,2.5689732e-14
665.35000,8.4231016e-12,2.5809486e-14
665.36000,8.4197668e-12,2.5821847e-14
665.37000,8.4169950e-12,2.5759617e-14
665.38000,8.4138531e-12,2.5688689e-14
665.39000,8.4101262e-12,2.5659058e-14
665.40000,8.4067777e-12,2.5678248e-14
665.41000,8.4046866e-12,2.5722301e-14
665.42000,8.4034531e-12,2.5766486e-14
665.43000,8.4019652e-12,2.5796708e-14
665.44000,8.4000575e-12,2.5815513e-14
665.45000,8.3990991e-12,2.5833363e-14
665.46000,8.4001916e-12,2.5859882e-14
665.47000,8.4031736e-12,2.5898605e-14
665.48000,8.4063020e-12,2.5943766e-14
665.49000,8.4086008e-12,2.5986332e-14
665.50000,8.4103409e-12,2.6015214e-14
665.51000,8.4116024e-12,2.6018207e-14
665.52000,8.4118271e-12,2.5992745e-14
665.53000,8.4107975e-12,2.5947761e-14
665.54000,8.4096618e-12,2.5899027e-14
665.55000,8.4101263e-12,2.5863417e-14
665.56000,8.4121528e-12,2.5849050e-14
665.57000,8.4132135e-12,2.5848630e-14
665.58000,8.4112706e-12,2.5857329e-14
665.59000,8.4078652e-12,2.5874275e-14
665.60000,8.4058710e-12,2.5905096e-14
665.61000,8.4065556e-12,2.5948178e-14
665.62000,8.4091977e-12,2.5997074e-14
665.63000,8.4117985e-12,2.6042314e-14
665.64000,8.4129495e-12,2.6079261e-14
665.65000,8.4123191e-12,2.6109938e-14
665.66000,8.4110797e-12,2.6142420e-14
665.67000,8.4107947e-12,2.6183312e-14
665.68000,8.4124135e-12,2.6231703e-14
665.69000,8.4160183e-12,2.6283594e-14
665.70000,8.4202405e-12,2.6334953e-14
665.71000,8.4235380e-12,2.6385441e-14
665.72000,8.4251158e-12,2.6436890e-14
665.73000,8.4250447e-12,2.6491062e-14
665.74000,8.4244612e-12,2.6549062e-14
665.75000,8.4246845e-12,2.6612402e-14
665.76000,8.4266802e-12,2.6684993e-14
665.77000,8.4303672e-12,2.6766736e-14
665.78000,8.4353028e-12,2.6853723e-14
665.79000,8.4396707e-12,2.6936304e-14
665.80000,8.4404012e-12,2.7004562e-14
665.81000,8.4358592e-12,2.7057013e-14
665.82000,8.4258973e-12,2.7096507e-14
665.83000,8.4142323e-12,2.7134664e-14
665.84000,8.4048238e-12,2.7181255e-14
665.85000,8.4002551e-12,2.7237027e-14
665.86000,8.4006532e-12,2.7291832e-14
665.87000,8.4059075e-12,2.7332309e-14
665.88000,8.4139666e-12,2.7356202e-14
665.89000,8.4227351e-12,2.7370289e-14
665.90000,8.4302479e-12,2.7389908e-14
665.91000,8.4359574e-12,2.7427438e-14
665.92000,8.4408743e-12,2.7483326e-14
665.93000,8.4456347e-12,2.7556751e-14
665.94000,8.4499235e-12,2.7644509e-14
665.95000,8.4528139e-12,2.7744521e-14
665.96000,8.4534043e-12,2.7856208e-14
665.97000,8.4520971e-12,2.7972095e-14
665.98000,8.4492151e-12,2.8079623e-14
665.99000,8.4453542e-12,2.8166739e-14
666.00000,8.4408680e-12,2.8223861e-14
666.01000,8.4364553e-12,2.8260283e-14
666.02000,8.4326008e-12,2.8285782e-14
666.03000,8.4287262e-12,2.8307201e-14
666.04000,8.4226745e-12,2.8318525e-14
666.05000,8.4118696e-12,2.8310919e-14
666.06000,8.3957408e-12,2.8284486e-14
666.07000,8.3765515e-12,2.8248476e-14
666.08000,8.3599958e-12,2.8219234e-14
666.09000,8.3518089e-12,2.8210630e-14
666.10000,8.3522079e-12,2.8224468e-14
666.11000,8.3589816e-12,2.8258855e-14
666.12000,8.3671368e-12,2.8301516e-14
666.13000,8.3730425e-12,2.8340376e-14
666.14000,8.3752932e-12,2.8367905e-14
666.15000,8.3735632e-12,2.8381180e-14
666.16000,8.3689499e-12,2.8381637e-14
666.17000,8.3634004e-12,2.8372222e-14
666.18000,8.3583672e-12,2.8353195e-14
666.19000,8.3544474e-12,2.8329520e-14
666.20000,8.3519637e-12,2.8309869e-14
666.21000,8.3508342e-12,2.8303742e-14
666.22000,8.3514822e-12,2.8321387e-14
666.23000,8.3535105e-12,2.8358198e-14
666.24000,8.3560161e-12,2.8397159e-14
666.25000,8.3579298e-12,2.8415166e-14
666.26000,8.3591678e-12,2.8407736e-14
666.27000,8.3607515e-12,2.8400345e-14
666.28000,8.3636691e-12,2.8434285e-14
666.29000,8.3681112e-12,2.8542511e-14
666.30000,8.3729284e-12,2.8708103e-14
666.31000,8.3766984e-12,2.8898268e-14
666.32000,8.3788863e-12,2.9071070e-14
666.33000,8.3800618e-12,2.9194761e-14
666.34000,8.3818802e-12,2.9267546e-14
666.35000,8.3853272e-12,2.9293344e-14
666.36000,8.3897085e-12,2.9286451e-14
666.37000,8.3934045e-12,2.9265547e-14
666.38000,8.3953170e-12,2.9244267e-14
666.39000,8.3959914e-12,2.9229212e-14
666.40000,8.3963983e-12,2.9215510e-14
666.41000,8.3974388e-12,2.9191569e-14
666.42000,8.3994579e-12,2.9148328e-14
666.43000,8.4017054e-12,2.9091417e-14
666.44000,8.4025767e-12,2.9031526e-14
666.45000,8.4007601e-12,2.8980714e-14
666.46000,8.3964093e-12,2.8947108e-14
666.47000,8.3909478e-12,2.8937922e-14
666.48000,8.3864688e-12,2.8949899e-14
666.49000,8.3842048e-12,2.8979162e-14
666.50000,8.3834631e-12,2.9015098e-14
666.51000,8.3827089e-12,2.9051765e-14
666.52000,8.3805463e-12,2.9088048e-14
666.53000,8.3766386e-12,2.9126248e-14
666.54000,8.3724530e-12,2.9168454e-14
666.55000,8.3698889e-12,2.9217128e-14
666.56000,8.3699896e-12,2.9274542e-14
666.57000,8.3719635e-12,2.9342148e-14
666.58000,8.3740005e-12,2.9423055e-14
666.59000,8.3743650e-12,2.9515679e-14
666.60000,8.3722147e-12,2.9618893e-14
666.61000,8.3685608e-12,2.9725756e-14
666.62000,8.3645182e-12,2.9828170e-14
666.63000,8.3613204e-12,2.9920126e-14
666.64000,8.3602429e-12,2.9999052e-14
666.65000,8.3617978e-12,3.0069745e-14
666.66000,8.3652677e-12,3.0139576e-14
666.67000,8.3690341e-12,3.0212766e-14
666.68000,8.3712246e-12,3.0284221e-14
666.69000,8.3705987e-12,3.0328117e-14
666.70000,8.3678952e-12,3.0292254e-14
666.71000,8.3648691e-12,3.0058633e-14
666.72000,8.3638489e-12,2.9550505e-14
666.73000,8.3668594e-12,2.8699596e-14
666.74000,8.3730832e-12,2.7650030e-14
666.75000,8.3803346e-12,2.6615857e-14
666.76000,8.3858418e-12,2.5808026e-14
666.77000,8.3882780e-12,2.5289381e-14
666.78000,8.3876383e-12,2.5042066e-14
666.79000,8.3855796e-12,2.4935331e-14
666.80000,8.3831618e-12,2.4899505e-14
666.81000,8.3810020e-12,2.4881812e-14
666.82000,8.3795232e-12,2.4865753e-14
666.83000,8.3789001e-12,2.4846447e-14
666.84000,8.3792369e-12,2.4825444e-14
666.85000,8.3804388e-12,2.4806861e-14
666.86000,8.3823968e-12,2.4793958e-14
666.87000,8.3849859e-12,2.4788888e-14
666.88000,8.3874758e-12,2.4788850e-14
666.89000,8.3888114e-12,2.4789688e-14
666.90000,8.3887340e-12,2.4789672e-14
666.91000,8.3878863e-12,2.4792070e-14
666.92000,8.3877500e-12,2.4798031e-14
666.93000,8.3893909e-12,2.4806881e-14
666.94000,8.3923816e-12,2.4821126e-14
666.95000,8.3953580e-12,2.4845015e-14
666.96000,8.3970744e-12,2.4876086e-14
666.97000,8.3976447e-12,2.4902300e-14
666.98000,8.3979973e-12,2.4920608e-14
666.99000,8.3990403e-12,2.4946004e-14
667.00000,8.4005763e-12,2.4990445e-14
667.01000,8.4014455e-12,2.5036535e-14
667.02000,8.4004926e-12,2.5049397e-14
667.03000,8.3977862e-12,2.5017026e-14
667.04000,8.3937913e-12,2.4954806e-14
667.05000,8.3894506e-12,2.4902879e-14
667.06000,8.3859368e-12,2.4895772e-14
667.07000,8.3843664e-12,2.4949532e-14
667.08000,8.3843315e-12,2.5035742e-14
667.09000,8.3843748e-12,2.5113149e-14
667.10000,8.3831442e-12,2.5150166e-14
667.11000,8.3805984e-12,2.5133491e-14
667.12000,8.3780500e-12,2.5084723e-14
667.13000,8.3763588e-12,2.5026463e-14
667.14000,8.3750058e-12,2.4977127e-14
667.15000,8.3724017e-12,2.4943480e-14
667.16000,8.3665298e-12,2.4925756e-14
667.17000,8.3567633e-12,2.4915595e-14
667.18000,8.3420673e-12,2.4905422e-14
667.19000,8.3236514e-12,2.4891175e-14
667.20000,8.3040566e-12,2.4876407e-14
667.21000,8.2885997e-12,2.4871678e-14
667.22000,8.2842734e-12,2.4892203e-14
667.23000,8.2941859e-12,2.4945089e-14
667.24000,8.3154114e-12,2.5022638e-14
667.25000,8.3420089e-12,2.5103761e-14
667.26000,8.3657319e-12,2.5157229e-14
667.27000,8.3802431e-12,2.5151358e-14
667.28000,8.3852928e-12,2.5091483e-14
667.29000,8.3827009e-12,2.5000769e-14
667.30000,8.3777599e-12,2.4920425e-14
667.31000,8.3743353e-12,2.4882687e-14
667.32000,8.3741487e-12,2.4891295e-14
667.33000,8.3768796e-12,2.4924628e-14
667.34000,8.3814367e-12,2.4950886e-14
667.35000,8.3859485e-12,2.4950305e-14
667.36000,8.3889705e-12,2.4926536e-14
667.37000,8.3902208e-12,2.4905043e-14
667.38000,8.3898295e-12,2.4900194e-14
667.39000,8.3883016e-12,2.4903029e-14
667.40000,8.3855342e-12,2.4903237e-14
667.41000,8.3818811e-12,2.4904338e-14
667.42000,8.3780036e-12,2.4919471e-14
667.43000,8.3747155e-12,2.4957831e-14
667.44000,8.3723550e-12,2.5017435e-14
667.45000,8.3708307e-12,2.5096021e-14
667.46000,8.3694358e-12,2.5182033e-14
667.47000,8.3673936e-12,2.5258226e-14
667.48000,8.3645006e-12,2.5311777e-14
667.49000,8.3609602e-12,2.5335121e-14
667.50000,8.3573866e-12,2.5336603e-14
667.51000,8.3544082e-12,2.5325021e-14
667.52000,8.3524970e-12,2.5310530e-14
667.53000,8.3514842e-12,2.5298629e-14
667.54000,8.3506761e-12,2.5286700e-14
667.55000,8.3494935e-12,2.5268181e-14
667.56000,8.3486057e-12,2.5238298e-14
667.57000,8.3493243e-12,2.5201567e-14
667.58000,8.3526712e-12,2.5163909e-14
667.59000,8.3577216e-12,2.5129481e-14
667.60000,8.3628600e-12,2.5098717e-14
667.61000,8.3664144e-12,2.5069628e-14
667.62000,8.3677489e-12,2.5040690e-14
667.63000,8.3667617e-12,2.5012826e-14
667.64000,8.3641690e-12,2.4988500e-14
667.65000,8.3602683e-12,2.4972524e-14
667.66000,8.3559642e-12,2.4966235e-14
667.67000,8.3517942e-12,2.4967685e-14
667.68000,8.3473022e-12,2.4967028e-14
667.69000,8.3411679e-12,2.4954647e-14
667.70000,8.3326462e-12,2.4929833e-14
667.71000,8.3223098e-12,2.4901139e-14
667.72000,8.3107572e-12,2.4876845e-14
667.73000,8.2980707e-12,2.4857432e-14
667.74000,8.2834752e-12,2.4839657e-14
667.75000,8.2679096e-12,2.4822835e-14
667.76000,8.2531652e-12,2.4811566e-14
667.77000,8.2387697e-12,2.4806409e-14
667.78000,8.2181738e-12,2.4797457e-14
667.79000,8.1799512e-12,2.4763960e-14
667.80000,8.1137553e-12,2.4685030e-14
667.81000,8.0097292e-12,2.4539972e-14
667.82000,7.8790488e-12,2.4343908e-14
667.83000,7.7440532e-12,2.4129025e-14
667.84000,7.6389959e-12,2.3953083e-14
667.85000,7.6026686e-12,2.3884227e-14
667.86000,7.6404217e-12,2.3939843e-14
667.87000,7.7459343e-12,2.4114733e-14
667.88000,7.8875358e-12,2.4355040e-14
667.89000,8.0279965e-12,2.4594609e-14
667.90000,8.1394030e-12,2.4786453e-14
667.91000,8.2165176e-12,2.4926074e-14
667.92000,8.2601811e-12,2.5021846e-14
667.93000,8.2858195e-12,2.5099115e-14
667.94000,8.3006068e-12,2.5166287e-14
667.95000,8.3097279e-12,2.5223483e-14
667.96000,8.3137972e-12,2.5264103e-14
667.97000,8.3135541e-12,2.5286515e-14
667.98000,8.3105444e-12,2.5296528e-14
667.99000,8.3062914e-12,2.5301732e-14
668.00000,8.3028447e-12,2.5309666e-14
668.01000,8.3022108e-12,2.5324018e-14
668.02000,8.3041284e-12,2.5342461e-14
668.03000,8.3066771e-12,2.5360213e-14
668.04000,8.3073140e-12,2.5372827e-14
668.05000,8.3050591e-12,2.5379550e-14
668.06000,8.3014443e-12,2.5384750e-14
668.07000,8.2990088e-12,2.5393540e-14
668.08000,8.2996107e-12,2.5408133e-14
668.09000,8.3023958e-12,2.5425421e-14
668.10000,8.3051735e-12,2.5441517e-14
668.11000,8.3058096e-12,2.5454111e-14
668.12000,8.3033189e-12,2.5460785e-14
668.13000,8.2988564e-12,2.5460241e-14
668.14000,8.2938080e-12,2.5451458e-14
668.15000,8.2894819e-12,2.5438181e-14
668.16000,8.2864948e-12,2.5427795e-14
668.17000,8.2851044e-12,2.5428495e-14
668.18000,8.2850358e-12,2.5442213e-14
668.19000,8.2869154e-12,2.5469856e-14
668.20000,8.2912127e-12,2.5505682e-14
668.21000,8.2983840e-12,2.5544183e-14
668.22000,8.3067148e-12,2.5578059e-14
668.23000,8.3139804e-12,2.5601993e-14
668.24000,8.3190235e-12,2.5617036e-14
668.25000,8.3226467e-12,2.5629330e-14
668.26000,8.3260551e-12,2.5642756e-14
668.27000,8.3294487e-12,2.5653819e-14
668.28000,8.3316777e-12,2.5651157e-14
668.29000,8.3322609e-12,2.5629938e-14
668.30000,8.3318233e-12,2.5591029e-14
668.31000,8.3319815e-12,2.5546825e-14
668.32000,8.3336304e-12,2.5508073e-14
668.33000,8.3360555e-12,2.5479096e-14
668.34000,8.3375634e-12,2.5455407e-14
668.35000,8.3367976e-12,2.5428475e-14
668.36000,8.3343383e-12,2.5391896e-14
668.37000,8.3314078e-12,2.5342874e-14
668.38000,8.3290121e-12,2.5286923e-14
668.39000,8.3271590e-12,2.5229466e-14
668.40000,8.3251218e-12,2.5174485e-14
668.41000,8.3222404e-12,2.5123162e-14
668.42000,8.3183807e-12,2.5074799e-14
668.43000,8.3141383e-12,2.5027935e-14
668.44000,8.3106214e-12,2.4982150e-14
668.45000,8.3089389e-12,2.4938786e-14
668.46000,8.3102033e-12,2.4902204e-14
668.47000,8.3138770e-12,2.4873902e-14
668.48000,8.3190299e-12,2.4854146e-14
668.49000,8.3241869e-12,2.4840903e-14
668.50000,8.3284320e-12,2.4836694e-14
668.51000,8.3312125e-12,2.4846167e-14
668.52000,8.3320964e-12,2.4871647e-14
668.53000,8.3298546e-12,2.4922624e-14
668.54000,8.3241831e-12,2.5019407e-14
668.55000,8.3153232e-12,2.5225953e-14
668.56000,8.3055882e-12,2.5588704e-14
668.57000,8.2975855e-12,2.6142298e-14
668.58000,8.2926908e-12,2.6813878e-14
668.59000,8.2903529e-12,2.7469705e-14
668.60000,8.2891336e-12,2.7968461e-14
668.61000,8.2876210e-12,2.8275147e-14
668.62000,8.2851778e-12,2.8396131e-14
668.63000,8.2812542e-12,2.8419202e-14
668.64000,8.2748588e-12,2.8392730e-14
668.65000,8.2669866e-12,2.8350581e-14
668.66000,8.2602489e-12,2.8303416e-14
668.67000,8.2569248e-12,2.8254304e-14
668.68000,8.2568512e-12,2.8200127e-14
668.69000,8.2582439e-12,2.8133151e-14
668.70000,8.2591483e-12,2.8052871e-14
668.71000,8.2592744e-12,2.7963101e-14
668.72000,8.2594285e-12,2.7869831e-14
668.73000,8.2603124e-12,2.7769881e-14
668.74000,8.2622516e-12,2.7659803e-14
668.75000,8.2655234e-12,2.7542172e-14
668.76000,8.2697305e-12,2.7428799e-14
668.77000,8.2738732e-12,2.7331616e-14
668.78000,8.2770706e-12,2.7258051e-14
668.79000,8.2796980e-12,2.7202446e-14
668.80000,8.2832251e-12,2.7163223e-14
668.81000,8.2885557e-12,2.7136708e-14
668.82000,8.2952568e-12,2.7121319e-14
668.83000,8.3013848e-12,2.7107819e-14
668.84000,8.3051953e-12,2.7085395e-14
668.85000,8.3061892e-12,2.7047441e-14
668.86000,8.3053859e-12,2.6997106e-14
668.87000,8.3041199e-12,2.6942239e-14
668.88000,8.3034396e-12,2.6892159e-14
668.89000,8.3029722e-12,2.6851246e-14
668.90000,8.3012387e-12,2.6816275e-14
668.91000,8.2967110e-12,2.6785555e-14
668.92000,8.2899094e-12,2.6760929e-14
668.93000,8.2824442e-12,2.6747665e-14
668.94000,8.2765312e-12,2.6746434e-14
668.95000,8.2734779e-12,2.6748718e-14
668.96000,8.2738614e-12,2.6744604e-14
668.97000,8.2763773e-12,2.6732202e-14
668.98000,8.2794909e-12,2.6714708e-14
668.99000,8.2814446e-12,2.6695283e-14
669.00000,8.2810023e-12,2.6672950e-14
669.01000,8.2785443e-12,2.6647718e-14
669.02000,8.2758073e-12,2.6623774e-14
669.03000,8.2749283e-12,2.6609615e-14
669.04000,8.2764912e-12,2.6609229e-14
669.05000,8.2795222e-12,2.6620630e-14
669.06000,8.2815716e-12,2.6630614e-14
669.07000,8.2809292e-12,2.6626598e-14
669.08000,8.2782809e-12,2.6606613e-14
669.09000,8.2749391e-12,2.6570940e-14
669.10000,8.2718754e-12,2.6520517e-14
669.11000,8.2691719e-12,2.6456993e-14
669.12000,8.2668493e-12,2.6384218e-14
669.13000,8.2652764e-12,2.6313890e-14
669.14000,8.2649629e-12,2.6257316e-14
669.15000,8.2656167e-12,2.6214560e-14
669.16000,8.2670596e-12,2.6182668e-14
669.17000,8.2688973e-12,2.6157016e-14
669.18000,8.2704672e-12,2.6139611e-14
669.19000,8.2708637e-12,2.6133531e-14
669.20000,8.2698443e-12,2.6132778e-14
669.21000,8.2680614e-12,2.6118836e-14
669.22000,8.2669420e-12,2.6076493e-14
669.23000,8.2671352e-12,2.6005366e-14
669.24000,8.2675578e-12,2.5927295e-14
669.25000,8.2667155e-12,2.5862835e-14
669.26000,8.2644795e-12,2.5822553e-14
669.27000,8.2626297e-12,2.5806504e-14
669.28000,8.2640895e-12,2.5813073e-14
669.29000,8.2696366e-12,2.5833302e-14
669.30000,8.2775088e-12,2.5860977e-14
669.31000,8.2829261e-12,2.5886314e-14
669.32000,8.2817167e-12,2.5900584e-14
669.33000,8.2750543e-12,2.5903574e-14
669.34000,8.2665093e-12,2.5899520e-14
669.35000,8.2599600e-12,2.5894278e-14
669.36000,8.2565101e-12,2.5889945e-14
669.37000,8.2550537e-12,2.5884374e-14
669.38000,8.2534649e-12,2.5876251e-14
669.39000,8.2510107e-12,2.5868869e-14
669.40000,8.2486833e-12,2.5867633e-14
669.41000,8.2481189e-12,2.5875619e-14
669.42000,8.2496258e-12,2.5886673e-14
669.43000,8.2520683e-12,2.5889385e-14
669.44000,8.2531630e-12,2.5872196e-14
669.45000,8.2515222e-12,2.5834172e-14
669.46000,8.2475893e-12,2.5780283e-14
669.47000,8.2440357e-12,2.5722710e-14
669.48000,8.2429034e-12,2.5668317e-14
669.49000,8.2439097e-12,2.5618754e-14
669.50000,8.2464589e-12,2.5573787e-14
669.51000,8.2502746e-12,2.5531857e-14
669.52000,8.2551135e-12,2.5492266e-14
669.53000,8.2595273e-12,2.5457077e-14
669.54000,8.2608881e-12,2.5426901e-14
669.55000,8.2564525e-12,2.5398928e-14
669.56000,8.2475171e-12,2.5368001e-14
669.57000,8.2362397e-12,2.5334372e-14
669.58000,8.2256899e-12,2.5305570e-14
669.59000,8.2186398e-12,2.5290079e-14
669.60000,8.2174449e-12,2.5289854e-14
669.61000,8.2224220e-12,2.5297710e-14
669.62000,8.2323615e-12,2.5305541e-14
669.63000,8.2424284e-12,2.5309127e-14
669.64000,8.2479730e-12,2.5309608e-14
669.65000,8.2480477e-12,2.5309602e-14
669.66000,8.2437138e-12,2.5306991e-14
669.67000,8.2378852e-12,2.5295873e-14
669.68000,8.2327799e-12,2.5271855e-14
669.69000,8.2288966e-12,2.5235063e-14
669.70000,8.2253147e-12,2.5194696e-14
669.71000,8.2214913e-12,2.5159028e-14
669.72000,8.2177051e-12,2.5131097e-14
669.73000,8.2145681e-12,2.5114019e-14
669.74000,8.2125727e-12,2.5107111e-14
669.75000,8.2125121e-12,2.5105344e-14
669.76000,8.2149672e-12,2.5095037e-14
669.77000,8.2196036e-12,2.5061560e-14
669.78000,8.2254240e-12,2.4994112e-14
669.79000,8.2303036e-12,2.4903778e-14
669.80000,8.2323163e-12,2.4807283e-14
669.81000,8.2320644e-12,2.4721061e-14
669.82000,8.2318302e-12,2.4655700e-14
669.83000,8.2340793e-12,2.4611994e-14
669.84000,8.2392385e-12,2.4584226e-14
669.85000,8.2456666e-12,2.4565869e-14
669.86000,8.2505411e-12,2.4547939e-14
669.87000,8.2515175e-12,2.4523550e-14
669.88000,8.2489610e-12,2.4490534e-14
669.89000,8.2438840e-12,2.4448173e-14
669.90000,8.2386915e-12,2.4400677e-14
669.91000,8.2355046e-12,2.4352472e-14
669.92000,8.2351614e-12,2.4307480e-14
669.93000,8.2362060e-12,2.4266963e-14
669.94000,8.2356832e-12,2.4231494e-14
669.95000,8.2315835e-12,2.4202551e-14
669.96000,8.2246139e-12,2.4188255e-14
669.97000,8.2186874e-12,2.4193660e-14
669.98000,8.2177862e-12,2.4220841e-14
669.99000,8.2228987e-12,2.4260602e-14
670.00000,8.2317430e-12,2.4300420e-14
670.01000,8.2404740e-12,2.4333451e-14
670.02000,8.2454071e-12,2.4365026e-14
670.03000,8.2437476e-12,2.4406980e-14
670.04000,8.2371289e-12,2.4460937e-14
670.05000,8.2280724e-12,2.4517223e-14
670.06000,8.2202311e-12,2.4562212e-14
670.07000,8.2161189e-12,2.4589100e-14
670.08000,8.2163011e-12,2.4599671e-14
670.09000,8.2191446e-12,2.4598284e-14
670.10000,8.2225495e-12,2.4582857e-14
670.11000,8.2244622e-12,2.4557108e-14
670.12000,8.2239343e-12,2.4529881e-14
670.13000,8.2216890e-12,2.4509643e-14
670.14000,8.2183511e-12,2.4496621e-14
670.15000,8.2146136e-12,2.4481534e-14
670.16000,8.2113617e-12,2.4452403e-14
670.17000,8.2098156e-12,2.4398045e-14
670.18000,8.2101735e-12,2.4322528e-14
670.19000,8.2120377e-12,2.4235978e-14
670.20000,8.2145630e-12,2.4154632e-14
670.21000,8.2177527e-12,2.4090519e-14
670.22000,8.2212900e-12,2.4044888e-14
670.23000,8.2241190e-12,2.4016238e-14
670.24000,8.2249200e-12,2.3998545e-14
670.25000,8.2235591e-12,2.3983017e-14
670.26000,8.2209876e-12,2.3964963e-14
670.27000,8.2190459e-12,2.3946530e-14
670.28000,8.2187505e-12,2.3934587e-14
670.29000,8.2193874e-12,2.3936248e-14
670.30000,8.2198729e-12,2.3966378e-14
670.31000,8.2198151e-12,2.4039343e-14
670.32000,8.2198604e-12,2.4150178e-14
670.33000,8.2207594e-12,2.4261439e-14
670.34000,8.2221288e-12,2.4312393e-14
670.35000,8.2230503e-12,2.4261529e-14
670.36000,8.2232365e-12,2.4151699e-14
670.37000,8.2228880e-12,2.4039326e-14
670.38000,8.2221441e-12,2.3961133e-14
670.39000,8.2206454e-12,2.3916739e-14
670.40000,8.2176781e-12,2.3890280e-14
670.41000,8.2133894e-12,2.3863791e-14
670.42000,8.2083289e-12,2.3830795e-14
670.43000,8.2032257e-12,2.3794153e-14
670.44000,8.1981293e-12,2.3759733e-14
670.45000,8.1931066e-12,2.3732434e-14
670.46000,8.1889653e-12,2.3714308e-14
670.47000,8.1868639e-12,2.3702616e-14
670.48000,8.1872487e-12,2.3692186e-14
670.49000,8.1902388e-12,2.3680601e-14
670.50000,8.1948032e-12,2.3668820e-14
670.51000,8.1999529e-12,2.3657590e-14
670.52000,8.2045956e-12,2.3645397e-14
670.53000,8.2081203e-12,2.3630235e-14
670.54000,8.2108636e-12,2.3612272e-14
670.55000,8.2137773e-12,2.3593777e-14
670.56000,8.2176467e-12,2.3577346e-14
670.57000,8.2221291e-12,2.3563567e-14
670.58000,8.2260560e-12,2.3551279e-14
670.59000,8.2283280e-12,2.3538034e-14
670.60000,8.2281389e-12,2.3522412e-14
670.61000,8.2260237e-12,2.3505711e-14
670.62000,8.2233912e-12,2.3491063e-14
670.63000,8.2217885e-12,2.3481581e-14
670.64000,8.2214415e-12,2.3476340e-14
670.65000,8.2212305e-12,2.3476019e-14
670.66000,8.2197473e-12,2.3489363e-14
670.67000,8.2163527e-12,2.3545248e-14
670.68000,8.2115759e-12,2.3661527e-14
670.69000,8.2057925e-12,2.3832085e-14
670.70000,8.1995911e-12,2.3999027e-14
670.71000,8.1939819e-12,2.4086112e-14
670.72000,8.1903629e-12,2.4045960e-14
670.73000,8.1891981e-12,2.3941140e-14
670.74000,8.1907017e-12,2.3857275e-14
670.75000,8.1942049e-12,2.3831617e-14
670.76000,8.1991817e-12,2.3853823e-14
670.77000,8.2044086e-12,2.3892205e-14
670.78000,8.2084111e-12,2.3928115e-14
670.79000,8.2099731e-12,2.3958683e-14
670.80000,8.2095565e-12,2.3982448e-14
670.81000,8.2079000e-12,2.3990040e-14
670.82000,8.2055412e-12,2.3978878e-14
670.83000,8.2018477e-12,2.3950667e-14
670.84000,8.1964256e-12,2.3913847e-14
670.85000,8.1898692e-12,2.3875460e-14
670.86000,8.1835437e-12,2.3838408e-14
670.87000,8.1783586e-12,2.3801706e-14
670.88000,8.1739071e-12,2.3761046e-14
670.89000,8.1688460e-12,2.3712874e-14
670.90000,8.1626613e-12,2.3655302e-14
670.91000,8.1564932e-12,2.3593238e-14
670.92000,8.1522519e-12,2.3533679e-14
670.93000,8.1515453e-12,2.3484346e-14
670.94000,8.1541997e-12,2.3449876e-14
670.95000,8.1589801e-12,2.3435743e-14
670.96000,8.1632981e-12,2.3439237e-14
670.97000,8.1653740e-12,2.3459388e-14
670.98000,8.1657247e-12,2.3490694e-14
670.99000,8.1660823e-12,2.3529353e-14
671.00000,8.1681594e-12,2.3568183e-14
671.01000,8.1720035e-12,2.3597041e-14
671.02000,8.1763945e-12,2.3603873e-14
671.03000,8.1800433e-12,2.3589544e-14
671.04000,8.1828096e-12,2.3564200e-14
671.05000,8.1852140e-12,2.3546691e-14
671.06000,8.1870091e-12,2.3554135e-14
671.07000,8.1873245e-12,2.3590098e-14
671.08000,8.1855039e-12,2.3640912e-14
671.09000,8.1815836e-12,2.3682990e-14
671.10000,8.1772156e-12,2.3701347e-14
671.11000,8.1738744e-12,2.3699685e-14
671.12000,8.1711941e-12,2.3697532e-14
671.13000,8.1671366e-12,2.3700499e-14
671.14000,8.1598937e-12,2.3698863e-14
671.15000,8.1496051e-12,2.3683015e-14
671.16000,8.1384657e-12,2.3654557e-14
671.17000,8.1296773e-12,2.3627098e-14
671.18000,8.1255308e-12,2.3608462e-14
671.19000,8.1245375e-12,2.3593819e-14
671.20000,8.1245730e-12,2.3576626e-14
671.21000,8.1236605e-12,2.3554028e-14
671.22000,8.1215297e-12,2.3526602e-14
671.23000,8.1197257e-12,2.3499085e-14
671.24000,8.1204308e-12,2.3478266e-14
671.25000,8.1252900e-12,2.3469715e-14
671.26000,8.1326026e-12,2.3469352e-14
671.27000,8.1396551e-12,2.3470828e-14
671.28000,8.1443313e-12,2.3468776e-14
671.29000,8.1461212e-12,2.3461138e-14
671.30000,8.1464762e-12,2.3448399e-14
671.31000,8.1477860e-12,2.3432307e-14
671.32000,8.1520007e-12,2.3414192e-14
671.33000,8.1585884e-12,2.3396430e-14
671.34000,8.1655673e-12,2.3381320e-14
671.35000,8.1705997e-12,2.3369812e-14
671.36000,8.1723152e-12,2.3364099e-14
671.37000,8.1714545e-12,2.3367987e-14
671.38000,8.1703377e-12,2.3386075e-14
671.39000,8.1713017e-12,2.3425625e-14
671.40000,8.1747990e-12,2.3485960e-14
671.41000,8.1799624e-12,2.3567099e-14
671.42000,8.1850356e-12,2.3660885e-14
671.43000,8.1889237e-12,2.3754824e-14
671.44000,8.1915865e-12,2.3828974e-14
671.45000,8.1935702e-12,2.3866047e-14
671.46000,8.1947870e-12,2.3854041e-14
671.47000,8.1943680e-12,2.3808448e-14
671.48000,8.1909055e-12,2.3747299e-14
671.49000,8.1851140e-12,2.3691897e-14
671.50000,8.1789016e-12,2.3657491e-14
671.51000,8.1746020e-12,2.3647453e-14
671.52000,8.1732291e-12,2.3652485e-14
671.53000,8.1744140e-12,2.3655345e-14
671.54000,8.1762540e-12,2.3642317e-14
671.55000,8.1773746e-12,2.3613662e-14
671.56000,8.1772894e-12,2.3587557e-14
671.57000,8.1757120e-12,2.3582443e-14
671.58000,8.1730488e-12,2.3603186e-14
671.59000,8.1702334e-12,2.3639504e-14
671.60000,8.1684427e-12,2.3669578e-14
671.61000,8.1679999e-12,2.3674110e-14
671.62000,8.1683294e-12,2.3644844e-14
671.63000,8.1680190e-12,2.3599983e-14
671.64000,8.1659165e-12,2.3554951e-14
671.65000,8.1621946e-12,2.3516348e-14
671.66000,8.1576231e-12,2.3483441e-14
671.67000,8.1531849e-12,2.3454739e-14
671.68000,8.1489707e-12,2.3431347e-14
671.69000,8.1433850e-12,2.3418352e-14
671.70000,8.1348986e-12,2.3416596e-14
671.71000,8.1232649e-12,2.3427102e-14
671.72000,8.1114360e-12,2.3446636e-14
671.73000,8.1038374e-12,2.3473788e-14
671.74000,8.1046349e-12,2.3507106e-14
671.75000,8.1144898e-12,2.3543694e-14
671.76000,8.1321166e-12,2.3578759e-14
671.77000,8.1512925e-12,2.3606185e-14
671.78000,8.1658698e-12,2.3619936e-14
671.79000,8.1730915e-12,2.3621723e-14
671.80000,8.1728344e-12,2.3616328e-14
671.81000,8.1682871e-12,2.3611812e-14
671.82000,8.1636363e-12,2.3613634e-14
671.83000,8.1611792e-12,2.3620067e-14
671.84000,8.1605483e-12,2.3622007e-14
671.85000,8.1609461e-12,2.3612619e-14
671.86000,8.1617573e-12,2.3595507e-14
671.87000,8.1627612e-12,2.3577987e-14
671.88000,8.1635926e-12,2.3566840e-14
671.89000,8.1638921e-12,2.3561922e-14
671.90000,8.1635316e-12,2.3556049e-14
671.91000,8.1628098e-12,2.3542515e-14
671.92000,8.1617575e-12,2.3522172e-14
671.93000,8.1602479e-12,2.3501161e-14
671.94000,8.1581129e-12,2.3483069e-14
671.95000,8.1554176e-12,2.3469680e-14
671.96000,8.1524256e-12,2.3461418e-14
671.97000,8.1494502e-12,2.3457245e-14
671.98000,8.1468565e-12,2.3454910e-14
671.99000,8.1451428e-12,2.3458103e-14
672.00000,8.1446424e-12,2.3470152e-14
672.01000,8.1457313e-12,2.3488947e-14
672.02000,8.1480805e-12,2.3508587e-14
672.03000,8.1506208e-12,2.3530529e-14
672.04000,8.1520943e-12,2.3568099e-14
672.05000,8.1521779e-12,2.3627084e-14
672.06000,8.1512597e-12,2.3698876e-14
672.07000,8.1498622e-12,2.3766723e-14
672.08000,8.1476493e-12,2.3826073e-14
672.09000,8.1443647e-12,2.3883533e-14
672.10000,8.1407575e-12,2.3941843e-14
672.11000,8.1385222e-12,2.3987859e-14
672.12000,8.1384726e-12,2.4007807e-14
672.13000,8.1400658e-12,2.4003829e-14
672.14000,8.1417858e-12,2.4001329e-14
672.15000,8.1429998e-12,2.4018802e-14
672.16000,8.1439470e-12,2.4049894e-14
672.17000,8.1450442e-12,2.4067201e-14
672.18000,8.1462776e-12,2.4038563e-14
672.19000,8.1472597e-12,2.3966256e-14
672.20000,8.1476205e-12,2.3875407e-14
672.21000,8.1471958e-12,2.3800694e-14
672.22000,8.1456138e-12,2.3765258e-14
672.23000,8.1430790e-12,2.3772649e-14
672.24000,8.1407426e-12,2.3807672e-14
672.25000,8.1403019e-12,2.3842445e-14
672.26000,8.1418914e-12,2.3845870e-14
672.27000,8.1440335e-12,2.3804412e-14
672.28000,8.1449355e-12,2.3743731e-14
672.29000,8.1442264e-12,2.3694009e-14
672.30000,8.1430685e-12,2.3671318e-14
672.31000,8.1427071e-12,2.3669508e-14
672.32000,8.1434075e-12,2.3675821e-14
672.33000,8.1441599e-12,2.3684217e-14
672.34000,8.1439581e-12,2.3705922e-14
672.35000,8.1427353e-12,2.3750571e-14
672.36000,8.1407700e-12,2.3821742e-14
672.37000,8.1385365e-12,2.3911691e-14
672.38000,8.1363977e-12,2.4011326e-14
672.39000,8.1346073e-12,2.4118157e-14
672.40000,8.1332743e-12,2.4229583e-14
672.41000,8.1324602e-12,2.4340474e-14
672.42000,8.1319128e-12,2.4444161e-14
672.43000,8.1315107e-12,2.4534974e-14
672.44000,8.1314442e-12,2.4610537e-14
672.45000,8.1320744e-12,2.4667832e-14
672.46000,8.1336205e-12,2.4694603e-14
672.47000,8.1355788e-12,2.4685389e-14
672.48000,8.1372205e-12,2.4636701e-14
672.49000,8.1378656e-12,2.4563462e-14
672.50000,8.1366653e-12,2.4476508e-14
672.51000,8.1333410e-12,2.4386018e-14
672.52000,8.1287240e-12,2.4300397e-14
672.53000,8.1246450e-12,2.4230707e-14
672.54000,8.1227510e-12,2.4185400e-14
672.55000,8.1232107e-12,2.4173359e-14
672.56000,8.1242623e-12,2.4186477e-14
672.57000,8.1246369e-12,2.4212648e-14
672.58000,8.1241965e-12,2.4236498e-14
672.59000,8.1235116e-12,2.4252356e-14
672.60000,8.1228189e-12,2.4270148e-14
672.61000,8.1217506e-12,2.4305569e-14
672.62000,8.1198119e-12,2.4360137e-14
672.63000,8.1172858e-12,2.4409546e-14
672.64000,8.1149735e-12,2.4426051e-14
672.65000,8.1139140e-12,2.4404597e-14
672.66000,8.1148290e-12,2.4370393e-14
672.67000,8.1181741e-12,2.4361318e-14
672.68000,8.1226649e-12,2.4397384e-14
672.69000,8.1259612e-12,2.4478391e-14
672.70000,8.1261849e-12,2.4575413e-14
672.71000,8.1224585e-12,2.4656300e-14
672.72000,8.1159806e-12,2.4697949e-14
672.73000,8.1094377e-12,2.4705044e-14
672.74000,8.1057565e-12,2.4702828e-14
672.75000,8.1056871e-12,2.4720234e-14
672.76000,8.1081456e-12,2.4761442e-14
672.77000,8.1107137e-12,2.4803107e-14
672.78000,8.1123316e-12,2.4823305e-14
672.79000,8.1136317e-12,2.4819073e-14
672.80000,8.1159437e-12,2.4808089e-14
672.81000,8.1198205e-12,2.4808072e-14
672.82000,8.1237915e-12,2.4816463e-14
672.83000,8.1258305e-12,2.4817711e-14
672.84000,8.1254282e-12,2.4805211e-14
672.85000,8.1231454e-12,2.4784682e-14
672.86000,8.1202892e-12,2.4765802e-14
672.87000,8.1177997e-12,2.4750850e-14
672.88000,8.1156553e-12,2.4736776e-14
672.89000,8.1134210e-12,2.4724212e-14
672.90000,8.1115412e-12,2.4718533e-14
672.91000,8.1112276e-12,2.4720795e-14
672.92000,8.1135544e-12,2.4730232e-14
672.93000,8.1179798e-12,2.4744994e-14
672.94000,8.1221704e-12,2.4761114e-14
672.95000,8.1236062e-12,2.4773351e-14
672.96000,8.1222975e-12,2.4782177e-14
672.97000,8.1193958e-12,2.4795398e-14
672.98000,8.1165287e-12,2.4820125e-14
672.99000,8.1144474e-12,2.4859342e-14
673.00000,8.1133289e-12,2.4910387e-14
673.01000,8.1129255e-12,2.4965433e-14
673.02000,8.1128018e-12,2.5016309e-14
673.03000,8.1120965e-12,2.5058114e-14
673.04000,8.1101939e-12,2.5086915e-14
673.05000,8.1076319e-12,2.5103289e-14
673.06000,8.1056642e-12,2.5110923e-14
673.07000,8.1054202e-12,2.5115284e-14
673.08000,8.1064251e-12,2.5122164e-14
673.09000,8.1076231e-12,2.5133985e-14
673.10000,8.1083231e-12,2.5148119e-14
673.11000,8.1084642e-12,2.5160390e-14
673.12000,8.1081397e-12,2.5166767e-14
673.13000,8.1073425e-12,2.5165408e-14
673.14000,8.1061539e-12,2.5157038e-14
673.15000,8.1050353e-12,2.5147447e-14
673.16000,8.1044093e-12,2.5141356e-14
673.17000,8.1043697e-12,2.5138277e-14
673.18000,8.1051462e-12,2.5136047e-14
673.19000,8.1066988e-12,2.5133879e-14
673.20000,8.1084354e-12,2.5132910e-14
673.21000,8.1093587e-12,2.5134466e-14
673.22000,8.1090989e-12,2.5138204e-14
673.23000,8.1080579e-12,2.5144246e-14
673.24000,8.1070682e-12,2.5152540e-14
673.25000,8.1064917e-12,2.5163345e-14
673.26000,8.1063520e-12,2.5176751e-14
673.27000,8.1067162e-12,2.5193575e-14
673.28000,8.1078419e-12,2.5217122e-14
673.29000,8.1092155e-12,2.5250127e-14
673.30000,8.1094052e-12,2.5297258e-14
673.31000,8.1074327e-12,2.5359355e-14
673.32000,8.1032300e-12,2.5440336e-14
673.33000,8.0980581e-12,2.5543520e-14
673.34000,8.0936751e-12,2.5667543e-14
673.35000,8.0918685e-12,2.5805887e-14
673.36000,8.0931883e-12,2.5937221e-14
673.37000,8.0975864e-12,2.6037955e-14
673.38000,8.1028996e-12,2.6103951e-14
673.39000,8.1065753e-12,2.6138712e-14
673.40000,8.1067963e-12,2.6149030e-14
673.41000,8.1040330e-12,2.6137023e-14
673.42000,8.0998900e-12,2.6089741e-14
673.43000,8.0964822e-12,2.6009772e-14
673.44000,8.0948872e-12,2.5905857e-14
673.45000,8.0948580e-12,2.5799544e-14
673.46000,8.0960650e-12,2.5708227e-14
673.47000,8.0981401e-12,2.5643842e-14
673.48000,8.1005234e-12,2.5606752e-14
673.49000,8.1024925e-12,2.5597878e-14
673.50000,8.1035150e-12,2.5606924e-14
673.51000,8.1034768e-12,2.5627580e-14
673.52000,8.1030843e-12,2.5651676e-14
673.53000,8.1033611e-12,2.5673545e-14
673.54000,8.1052110e-12,2.5693076e-14
673.55000,8.1082808e-12,2.5718722e-14
673.56000,8.1114190e-12,2.5771135e-14
673.57000,8.1132919e-12,2.5870922e-14
673.58000,8.1128919e-12,2.6044314e-14
673.59000,8.1101779e-12,2.6279984e-14
673.60000,8.1060430e-12,2.6511282e-14
673.61000,8.1018399e-12,2.6625299e-14
673.62000,8.0988879e-12,2.6574297e-14
673.63000,8.0975304e-12,2.6395621e-14
673.64000,8.0967232e-12,2.6203234e-14
673.65000,8.0954612e-12,2.6069356e-14
673.66000,8.0933293e-12,2.6010144e-14
673.67000,8.0905893e-12,2.5999999e-14
673.68000,8.0875243e-12,2.6017066e-14
673.69000,8.0843621e-12,2.6041113e-14
673.70000,8.0813687e-12,2.6066336e-14
673.71000,8.0790134e-12,2.6093066e-14
673.72000,8.0779523e-12,2.6123289e-14
673.73000,8.0785437e-12,2.6156431e-14
673.74000,8.0802379e-12,2.6188588e-14
673.75000,8.0819189e-12,2.6215779e-14
673.76000,8.0825955e-12,2.6239758e-14
673.77000,8.0821407e-12,2.6264667e-14
673.78000,8.0813656e-12,2.6292734e-14
673.79000,8.0811724e-12,2.6322109e-14
673.80000,8.0821225e-12,2.6348139e-14
673.81000,8.0837997e-12,2.6368147e-14
673.82000,8.0855172e-12,2.6382335e-14
673.83000,8.0867896e-12,2.6394909e-14
673.84000,8.0875027e-12,2.6408314e-14
673.85000,8.0879557e-12,2.6422697e-14
673.86000,8.0887360e-12,2.6437595e-14
673.87000,8.0905581e-12,2.6455351e-14
673.88000,8.0933257e-12,2.6480705e-14
673.89000,8.0960983e-12,2.6518821e-14
673.90000,8.0977569e-12,2.6566787e-14
673.91000,8.0977980e-12,2.6619060e-14
673.92000,8.0967317e-12,2.6669034e-14
673.93000,8.0955021e-12,2.6713654e-14
673.94000,8.0945545e-12,2.6753537e-14
673.95000,8.0934965e-12,2.6792279e-14
673.96000,8.0916059e-12,2.6831412e-14
673.97000,8.0888995e-12,2.6870711e-14
673.98000,8.0859495e-12,2.6909014e-14
673.99000,8.0834255e-12,2.6943369e-14
674.00000,8.0814304e-12,2.6969364e-14
674.01000,8.0797247e-12,2.6980640e-14
674.02000,8.0781815e-12,2.6980591e-14
674.03000,8.0771738e-12,2.6975349e-14
674.04000,8.0770786e-12,2.6971967e-14
674.05000,8.0780946e-12,2.6973159e-14
674.06000,8.0803900e-12,2.6976738e-14
674.07000,8.0834667e-12,2.6973217e-14
674.08000,8.0864266e-12,2.6932720e-14
674.09000,8.0883853e-12,2.6810522e-14
674.10000,8.0889003e-12,2.6522061e-14
674.11000,8.0881747e-12,2.6013904e-14
674.12000,8.0865940e-12,2.5316141e-14
674.13000,8.0842361e-12,2.4533048e-14
674.14000,8.0813325e-12,2.3840525e-14
674.15000,8.0782830e-12,2.3365655e-14
674.16000,8.0759088e-12,2.3086323e-14
674.17000,8.0752335e-12,2.2956307e-14
674.18000,8.0766287e-12,2.2912042e-14
674.19000,8.0791480e-12,2.2900853e-14
674.20000,8.0812108e-12,2.2902294e-14
674.21000,8.0818928e-12,2.2904445e-14
674.22000,8.0814125e-12,2.2902444e-14
674.23000,8.0808513e-12,2.2894526e-14
674.24000,8.0806940e-12,2.2879650e-14
674.25000,8.0805961e-12,2.2858262e-14
674.26000,8.0799407e-12,2.2833445e-14
674.27000,8.0787698e-12,2.2808941e-14
674.28000,8.0779426e-12,2.2788302e-14
674.29000,8.0780819e-12,2.2773972e-14
674.30000,8.0789520e-12,2.2765081e-14
674.31000,8.0797666e-12,2.2757581e-14
674.32000,8.0797804e-12,2.2743008e-14
674.33000,8.0790204e-12,2.2707087e-14
674.34000,8.0779258e-12,2.2618097e-14
674.35000,8.0768603e-12,2.2452527e-14
674.36000,8.0756198e-12,2.2190220e-14
674.37000,8.0737562e-12,2.1853768e-14
674.38000,8.0712398e-12,2.1509280e-14
674.39000,8.0687698e-12,2.1233861e-14
674.40000,8.0674849e-12,2.1051707e-14
674.41000,8.0684125e-12,2.0960568e-14
674.42000,8.0710489e-12,2.0919786e-14
674.43000,8.0739741e-12,2.0902204e-14
674.44000,8.0751576e-12,2.0889192e-14
674.45000,8.0735768e-12,2.0874403e-14
674.46000,8.0692131e-12,2.0860389e-14
674.47000,8.0635432e-12,2.0846301e-14
674.48000,8.0574854e-12,2.0828719e-14
674.49000,8.0520322e-12,2.0811457e-14
674.50000,8.0483023e-12,2.0806314e-14
674.51000,8.0475940e-12,2.0825348e-14
674.52000,8.0494400e-12,2.0858696e-14
674.53000,8.0525094e-12,2.0883467e-14
674.54000,8.0551864e-12,2.0885023e-14
674.55000,8.0567828e-12,2.0864118e-14
674.56000,8.0575557e-12,2.0836975e-14
674.57000,8.0583568e-12,2.0822138e-14
674.58000,8.0600106e-12,2.0831158e-14
674.59000,8.0622940e-12,2.0854980e-14
674.60000,8.0639780e-12,2.0876954e-14
674.61000,8.0639516e-12,2.0880243e-14
674.62000,8.0623010e-12,2.0856271e-14
674.63000,8.0603651e-12,2.0804094e-14
674.64000,8.0596018e-12,2.0738457e-14
674.65000,8.0601191e-12,2.0672392e-14
674.66000,8.0605907e-12,2.0614112e-14
674.67000,8.0600060e-12,2.0567885e-14
674.68000,8.0581969e-12,2.0534596e-14
674.69000,8.0556177e-12,2.0513393e-14
674.70000,8.0529135e-12,2.0505448e-14
674.71000,8.0510023e-12,2.0508131e-14
674.72000,8.0508943e-12,2.0518301e-14
674.73000,8.0524825e-12,2.0527423e-14
674.74000,8.0548903e-12,2.0524362e-14
674.75000,8.0565932e-12,2.0499491e-14
674.76000,8.0565338e-12,2.0453037e-14
674.77000,8.0542302e-12,2.0391253e-14
674.78000,8.0504175e-12,2.0330736e-14
674.79000,8.0453962e-12,2.0285713e-14
674.80000,8.0397904e-12,2.0262289e-14
674.81000,8.0346099e-12,2.0257784e-14
674.82000,8.0313743e-12,2.0263312e-14
674.83000,8.0307918e-12,2.0264127e-14
674.84000,8.0329403e-12,2.0252150e-14
674.85000,8.0364003e-12,2.0233849e-14
674.86000,8.0401321e-12,2.0218664e-14
674.87000,8.0434991e-12,2.0210332e-14
674.88000,8.0462034e-12,2.0202922e-14
674.89000,8.0476763e-12,2.0187040e-14
674.90000,8.0478629e-12,2.0163015e-14
674.91000,8.0473823e-12,2.0137997e-14
674.92000,8.0476021e-12,2.0117939e-14
674.93000,8.0495876e-12,2.0103917e-14
674.94000,8.0535321e-12,2.0094251e-14
674.95000,8.0584946e-12,2.0085895e-14
674.96000,8.0634487e-12,2.0075363e-14
674.97000,8.0674986e-12,2.0060681e-14
674.98000,8.0695693e-12,2.0042173e-14
674.99000,8.0688702e-12,2.0022681e-14
675.00000,8.0652854e-12,2.0005453e-14
675.01000,8.0589646e-12,1.9994635e-14
675.02000,8.0513075e-12,1.9992883e-14
675.03000,8.0437011e-12,2.0000677e-14
675.04000,8.0374350e-12,2.0010209e-14
675.05000,8.0336214e-12,2.0011063e-14
675.06000,8.0326687e-12,1.9996176e-14
675.07000,8.0337915e-12,1.9968381e-14
675.08000,8.0361518e-12,1.9934837e-14
675.09000,8.0388263e-12,1.9904477e-14
675.10000,8.0416283e-12,1.9881192e-14
675.11000,8.0444172e-12,1.9863133e-14
675.12000,8.0468496e-12,1.9845729e-14
675.13000,8.0484180e-12,1.9824374e-14
675.14000,8.0492115e-12,1.9797496e-14
675.15000,8.0496907e-12,1.9765378e-14
675.16000,8.0501114e-12,1.9730979e-14
675.17000,8.0496794e-12,1.9696050e-14
675.18000,8.0468838e-12,1.9660686e-14
675.19000,8.0407905e-12,1.9624210e-14
675.20000,8.0315583e-12,1.9587877e-14
675.21000,8.0223719e-12,1.9555612e-14
675.22000,8.0170647e-12,1.9532051e-14
675.23000,8.0174683e-12,1.9518323e-14
675.24000,8.0229394e-12,1.9513682e-14
675.25000,8.0313431e-12,1.9517597e-14
675.26000,8.0393537e-12,1.9526094e-14
675.27000,8.0448917e-12,1.9535232e-14
675.28000,8.0479132e-12,1.9542359e-14
675.29000,8.0484169e-12,1.9546506e-14
675.30000,8.0466994e-12,1.9546742e-14
675.31000,8.0435234e-12,1.9541583e-14
675.32000,8.0400201e-12,1.9529619e-14
675.33000,8.0375607e-12,1.9515142e-14
675.34000,8.0369344e-12,1.9503234e-14
675.35000,8.0377019e-12,1.9494272e-14
675.36000,8.0394035e-12,1.9483818e-14
675.37000,8.0417578e-12,1.9466203e-14
675.38000,8.0445741e-12,1.9441095e-14
675.39000,8.0474319e-12,1.9412103e-14
675.40000,8.0494029e-12,1.9382552e-14
675.41000,8.0494255e-12,1.9349312e-14
675.42000,8.0472099e-12,1.9307003e-14
675.43000,8.0433870e-12,1.9254807e-14
675.44000,8.0387884e-12,1.9198818e-14
675.45000,8.0344615e-12,1.9149752e-14
675.46000,8.0311802e-12,1.9113148e-14
675.47000,8.0289693e-12,1.9083847e-14
675.48000,8.0273838e-12,1.9055742e-14
675.49000,8.0257054e-12,1.9025685e-14
675.50000,8.0237470e-12,1.8996063e-14
675.51000,8.0224117e-12,1.8972628e-14
675.52000,8.0226048e-12,1.8957246e-14
675.53000,8.0245908e-12,1.8950448e-14
675.54000,8.0275460e-12,1.8952919e-14
675.55000,8.0303758e-12,1.8973341e-14
675.56000,8.0323544e-12,1.9052474e-14
675.57000,8.0332487e-12,1.9250455e-14
675.58000,8.0321725e-12,1.9663881e-14
675.59000,8.0284413e-12,2.0286625e-14
675.60000,8.0216131e-12,2.1044941e-14
675.61000,8.0125067e-12,2.1779558e-14
675.62000,8.0033537e-12,2.2341803e-14
675.63000,7.9967122e-12,2.2651603e-14
675.64000,7.9935294e-12,2.2798641e-14
675.65000,7.9940799e-12,2.2855575e-14
675.66000,7.9972611e-12,2.2882932e-14
675.67000,8.0015013e-12,2.2908790e-14
675.68000,8.0057008e-12,2.2939443e-14
675.69000,8.0091682e-12,2.2971103e-14
675.70000,8.0111444e-12,2.2989968e-14
675.71000,8.0113684e-12,2.2981471e-14
675.72000,8.0099541e-12,2.2936014e-14
675.73000,8.0077292e-12,2.2860367e-14
675.74000,8.0059463e-12,2.2779666e-14
675.75000,8.0060722e-12,2.2719017e-14
675.76000,8.0088743e-12,2.2683527e-14
675.77000,8.0148048e-12,2.2667359e-14
675.78000,8.0227501e-12,2.2657429e-14
675.79000,8.0307667e-12,2.2645763e-14
675.80000,8.0372935e-12,2.2636127e-14
675.81000,8.0422747e-12,2.2639049e-14
675.82000,8.0459052e-12,2.2665712e-14
675.83000,8.0482867e-12,2.2714966e-14
675.84000,8.0488550e-12,2.2782369e-14
675.85000,8.0471396e-12,2.2857446e-14
675.86000,8.0436857e-12,2.2925017e-14
675.87000,8.0393769e-12,2.2971477e-14
675.88000,8.0352129e-12,2.3003483e-14
675.89000,8.0314808e-12,2.3045300e-14
675.90000,8.0279148e-12,2.3129077e-14
675.91000,8.0240897e-12,2.3268670e-14
675.92000,8.0198476e-12,2.3452017e-14
675.93000,8.0156469e-12,2.3627777e-14
675.94000,8.0120858e-12,2.3751718e-14
675.95000,8.0093656e-12,2.3815234e-14
675.96000,8.0074546e-12,2.3832359e-14
675.97000,8.0064829e-12,2.3821896e-14
675.98000,8.0064364e-12,2.3806323e-14
675.99000,8.0073949e-12,2.3796280e-14
676.00000,8.0090513e-12,2.3792967e-14
676.01000,8.0112105e-12,2.3795109e-14
676.02000,8.0135123e-12,2.3801230e-14
676.03000,8.0154746e-12,2.3811428e-14
676.04000,8.0166648e-12,2.3829277e-14
676.05000,8.0174544e-12,2.3856792e-14
676.06000,8.0186633e-12,2.3896595e-14
676.07000,8.0207329e-12,2.3946404e-14
676.08000,8.0231491e-12,2.4000083e-14
676.09000,8.0244692e-12,2.4046594e-14
676.10000,8.0236870e-12,2.4073005e-14
676.11000,8.0207664e-12,2.4063519e-14
676.12000,8.0170973e-12,2.4018841e-14
676.13000,8.0138136e-12,2.3943790e-14
676.14000,8.0115187e-12,2.3853235e-14
676.15000,8.0100967e-12,2.3766204e-14
676.16000,8.0093601e-12,2.3701359e-14
676.17000,8.0091031e-12,2.3663854e-14
676.18000,8.0095096e-12,2.3654721e-14
676.19000,8.0106589e-12,2.3662775e-14
676.20000,8.0124911e-12,2.3672477e-14
676.21000,8.0149658e-12,2.3669796e-14
676.22000,8.0177233e-12,2.3652039e-14
676.23000,8.0200989e-12,2.3623041e-14
676.24000,8.0213031e-12,2.3587105e-14
676.25000,8.0203954e-12,2.3537400e-14
676.26000,8.0167770e-12,2.3461673e-14
676.27000,8.0109315e-12,2.3358073e-14
676.28000,8.0037181e-12,2.3239088e-14
676.29000,7.9964453e-12,2.3133465e-14
676.30000,7.9897117e-12,2.3068328e-14
676.31000,7.9838478e-12,2.3059960e-14
676.32000,7.9793476e-12,2.3114726e-14
676.33000,7.9772645e-12,2.3244203e-14
676.34000,7.9774539e-12,2.3420399e-14
676.35000,7.9791897e-12,2.3598888e-14
676.36000,7.9810814e-12,2.3734849e-14
676.37000,7.9821405e-12,2.3806906e-14
676.38000,7.9817059e-12,2.3823904e-14
676.39000,7.9798223e-12,2.3822335e-14
676.40000,7.9769304e-12,2.3830465e-14
676.41000,7.9741457e-12,2.3856240e-14
676.42000,7.9724026e-12,2.3892207e-14
676.43000,7.9720176e-12,2.3920608e-14
676.44000,7.9725492e-12,2.3928210e-14
676.45000,7.9735595e-12,2.3915193e-14
676.46000,7.9748037e-12,2.3902887e-14
676.47000,7.9763054e-12,2.3908346e-14
676.48000,7.9778998e-12,2.3930975e-14
676.49000,7.9792973e-12,2.3956310e-14
676.50000,7.9801387e-12,2.3966805e-14
676.51000,7.9802461e-12,2.3961380e-14
676.52000,7.9796121e-12,2.3954419e-14
676.53000,7.9788811e-12,2.3959643e-14
676.54000,7.9789558e-12,2.3976651e-14
676.55000,7.9804835e-12,2.3991520e-14
676.56000,7.9831320e-12,2.3991203e-14
676.57000,7.9858821e-12,2.3975988e-14
676.58000,7.9876379e-12,2.3961268e-14
676.59000,7.9878564e-12,2.3954107e-14
676.60000,7.9868983e-12,2.3949522e-14
676.61000,7.9856612e-12,2.3939669e-14
676.62000,7.9850075e-12,2.3923499e-14
676.63000,7.9850797e-12,2.3906744e-14
676.64000,7.9854419e-12,2.3887951e-14
676.65000,7.9855121e-12,2.3861012e-14
676.66000,7.9850810e-12,2.3824204e-14
676.67000,7.9843527e-12,2.3784066e-14
676.68000,7.9837648e-12,2.3749907e-14
676.69000,7.9835323e-12,2.3723068e-14
676.70000,7.9834653e-12,2.3698074e-14
676.71000,7.9831170e-12,2.3672848e-14
676.72000,7.9818747e-12,2.3647322e-14
676.73000,7.9793959e-12,2.3620048e-14
676.74000,7.9756029e-12,2.3588750e-14
676.75000,7.9713401e-12,2.3557202e-14
676.76000,7.9675040e-12,2.3531509e-14
676.77000,7.9648694e-12,2.3513515e-14
676.78000,7.9637337e-12,2.3500311e-14
676.79000,7.9640015e-12,2.3487445e-14
676.80000,7.9647479e-12,2.3468312e-14
676.81000,7.9651410e-12,2.3432114e-14
676.82000,7.9647294e-12,2.3373416e-14
676.83000,7.9633577e-12,2.3286570e-14
676.84000,7.9613056e-12,2.3166133e-14
676.85000,7.9594665e-12,2.3014142e-14
676.86000,7.9593409e-12,2.2839746e-14
676.87000,7.9618312e-12,2.2673594e-14
676.88000,7.9673174e-12,2.2552299e-14
676.89000,7.9745548e-12,2.2502594e-14
676.90000,7.9809393e-12,2.2523201e-14
676.91000,7.9830112e-12,2.2598077e-14
676.92000,7.9800044e-12,2.2678350e-14
676.93000,7.9728605e-12,2.2729448e-14
676.94000,7.9649120e-12,2.2742503e-14
676.95000,7.9594747e-12,2.2729705e-14
676.96000,7.9585948e-12,2.2706676e-14
676.97000,7.9604561e-12,2.2683759e-14
676.98000,7.9618608e-12,2.2658765e-14
676.99000,7.9604853e-12,2.2627649e-14
677.00000,7.9557458e-12,2.2589085e-14
677.01000,7.9488222e-12,2.2545650e-14
677.02000,7.9420258e-12,2.2502749e-14
677.03000,7.9373084e-12,2.2465009e-14
677.04000,7.9350675e-12,2.2432816e-14
677.05000,7.9353771e-12,2.2405501e-14
677.06000,7.9377194e-12,2.2381348e-14
677.07000,7.9411649e-12,2.2358518e-14
677.08000,7.9447072e-12,2.2336255e-14
677.09000,7.9472323e-12,2.2315024e-14
677.10000,7.9478214e-12,2.2296637e-14
677.11000,7.9464054e-12,2.2281541e-14
677.12000,7.9437404e-12,2.2267671e-14
677.13000,7.9413230e-12,2.2251195e-14
677.14000,7.9408596e-12,2.2230669e-14
677.15000,7.9433130e-12,2.2208136e-14
677.16000,7.9474858e-12,2.2186899e-14
677.17000,7.9515353e-12,2.2167946e-14
677.18000,7.9534387e-12,2.2150139e-14
677.19000,7.9523879e-12,2.2131912e-14
677.20000,7.9486898e-12,2.2113045e-14
677.21000,7.9443513e-12,2.2094651e-14
677.22000,7.9410622e-12,2.2079398e-14
677.23000,7.9397288e-12,2.2070788e-14
677.24000,7.9400548e-12,2.2069510e-14
677.25000,7.9415366e-12,2.2071115e-14
677.26000,7.9435727e-12,2.2066807e-14
677.27000,7.9461573e-12,2.2052270e-14
677.28000,7.9490295e-12,2.2031679e-14
677.29000,7.9513832e-12,2.2012563e-14
677.30000,7.9519203e-12,2.2000229e-14
677.31000,7.9507538e-12,2.1992799e-14
677.32000,7.9495415e-12,2.1985535e-14
677.33000,7.9502055e-12,2.1973579e-14
677.34000,7.9534808e-12,2.1953867e-14
677.35000,7.9590327e-12,2.1925478e-14
677.36000,7.9654107e-12,2.1893732e-14
677.37000,7.9714290e-12,2.1865222e-14
677.38000,7.9761337e-12,2.1842924e-14
677.39000,7.9787312e-12,2.1826489e-14
677.40000,7.9791352e-12,2.1812819e-14
677.41000,7.9781031e-12,2.1798377e-14
677.42000,7.9760380e-12,2.1781909e-14
677.43000,7.9731844e-12,2.1765961e-14
677.44000,7.9692829e-12,2.1754818e-14
677.45000,7.9642508e-12,2.1751447e-14
677.46000,7.9583177e-12,2.1755486e-14
677.47000,7.9520123e-12,2.1764777e-14
677.48000,7.9464192e-12,2.1774397e-14
677.49000,7.9427564e-12,2.1780717e-14
677.50000,7.9414475e-12,2.1782328e-14
677.51000,7.9420887e-12,2.1779771e-14
677.52000,7.9436464e-12,2.1774664e-14
677.53000,7.9444571e-12,2.1769868e-14
677.54000,7.9435636e-12,2.1767069e-14
677.55000,7.9416669e-12,2.1765594e-14
677.56000,7.9397965e-12,2.1763776e-14
677.57000,7.9385305e-12,2.1760121e-14
677.58000,7.9376090e-12,2.1754906e-14
677.59000,7.9369741e-12,2.1749359e-14
677.60000,7.9372552e-12,2.1743894e-14
677.61000,7.9394483e-12,2.1738001e-14
677.62000,7.9439557e-12,2.1731954e-14
677.63000,7.9501242e-12,2.1726768e-14
677.64000,7.9565501e-12,2.1721931e-14
677.65000,7.9613001e-12,2.1714977e-14
677.66000,7.9630147e-12,2.1704836e-14
677.67000,7.9621318e-12,2.1693625e-14
677.68000,7.9603330e-12,2.1684339e-14
677.69000,7.9592520e-12,2.1678616e-14
677.70000,7.9593213e-12,2.1674447e-14
677.71000,7.9600596e-12,2.1668566e-14
677.72000,7.9604977e-12,2.1658559e-14
677.73000,7.9597027e-12,2.1644144e-14
677.74000,7.9568774e-12,2.1627420e-14
677.75000,7.9525908e-12,2.1612360e-14
677.76000,7.9480802e-12,2.1600478e-14
677.77000,7.9443685e-12,2.1589383e-14
677.78000,7.9415028e-12,2.1576899e-14
677.79000,7.9387563e-12,2.1563346e-14
677.80000,7.9355835e-12,2.1551821e-14
677.81000,7.9326254e-12,2.1546431e-14
677.82000,7.9309320e-12,2.1547171e-14
677.83000,7.9309483e-12,2.1551633e-14
677.84000,7.9321451e-12,2.1554399e-14
677.85000,7.9336940e-12,2.1550400e-14
677.86000,7.9352560e-12,2.1536632e-14
677.87000,7.9366746e-12,2.1517712e-14
677.88000,7.9376291e-12,2.1498526e-14
677.89000,7.9379207e-12,2.1483348e-14
677.90000,7.9377456e-12,2.1474434e-14
677.91000,7.9376951e-12,2.1473434e-14
677.92000,7.9384537e-12,2.1477962e-14
677.93000,7.9404363e-12,2.1485640e-14
677.94000,7.9432699e-12,2.1493751e-14
677.95000,7.9461178e-12,2.1500247e-14
677.96000,7.9479590e-12,2.1502843e-14
677.97000,7.9483351e-12,2.1500057e-14
677.98000,7.9469613e-12,2.1490226e-14
677.99000,7.9440727e-12,2.1474929e-14
678.00000,7.9399554e-12,2.1457079e-14
678.01000,7.9355672e-12,2.1441852e-14
678.02000,7.9324111e-12,2.1434391e-14
678.03000,7.9317961e-12,2.1437987e-14
678.04000,7.9330928e-12,2.1447803e-14
678.05000,7.9350066e-12,2.1456746e-14
678.06000,7.9359257e-12,2.1457554e-14
678.07000,7.9349734e-12,2.1448019e-14
678.08000,7.9321189e-12,2.1430468e-14
678.09000,7.9287431e-12,2.1412897e-14
678.10000,7.9258865e-12,2.1400913e-14
678.11000,7.9240878e-12,2.1396311e-14
678.12000,7.9234696e-12,2.1397079e-14
678.13000,7.9242756e-12,2.1400012e-14
678.14000,7.9257951e-12,2.1401462e-14
678.15000,7.9267211e-12,2.1400127e-14
678.16000,7.9259674e-12,2.1397275e-14
678.17000,7.9236773e-12,2.1395145e-14
678.18000,7.9213691e-12,2.1395640e-14
678.19000,7.9209483e-12,2.1398664e-14
678.20000,7.9231933e-12,2.1403802e-14
678.21000,7.9270861e-12,2.1410213e-14
678.22000,7.9311969e-12,2.1416954e-14
678.23000,7.9344433e-12,2.1422917e-14
678.24000,7.9368745e-12,2.1427569e-14
678.25000,7.9391249e-12,2.1430621e-14
678.26000,7.9414455e-12,2.1431717e-14
678.27000,7.9430295e-12,2.1429341e-14
678.28000,7.9424509e-12,2.1421594e-14
678.29000,7.9390851e-12,2.1407953e-14
678.30000,7.9333154e-12,2.1388850e-14
678.31000,7.9270963e-12,2.1368442e-14
678.32000,7.9220148e-12,2.1351206e-14
678.33000,7.9189571e-12,2.1340597e-14
678.34000,7.9177314e-12,2.1337051e-14
678.35000,7.9179066e-12,2.1340227e-14
678.36000,7.9184486e-12,2.1346356e-14
678.37000,7.9185694e-12,2.1352080e-14
678.38000,7.9177767e-12,2.1354436e-14
678.39000,7.9161649e-12,2.1352632e-14
678.40000,7.9141800e-12,2.1347798e-14
678.41000,7.9123985e-12,2.1343307e-14
678.42000,7.9110769e-12,2.1341634e-14
678.43000,7.9102193e-12,2.1343234e-14
678.44000,7.9097660e-12,2.1346522e-14
678.45000,7.9097127e-12,2.1348298e-14
678.46000,7.9098404e-12,2.1345920e-14
678.47000,7.9099302e-12,2.1338947e-14
678.48000,7.9099187e-12,2.1330165e-14
678.49000,7.9099130e-12,2.1322932e-14
678.50000,7.9100626e-12,2.1319827e-14
678.51000,7.9103690e-12,2.1320378e-14
678.52000,7.9108224e-12,2.1322862e-14
678.53000,7.9114992e-12,2.1324528e-14
678.54000,7.9125730e-12,2.1323032e-14
678.55000,7.9140706e-12,2.1317277e-14
678.56000,7.9155578e-12,2.1308780e-14
678.57000,7.9161131e-12,2.1299750e-14
678.58000,7.9150339e-12,2.1291821e-14
678.59000,7.9116900e-12,2.1285409e-14
678.60000,7.9060499e-12,2.1280137e-14
678.61000,7.8992150e-12,2.1275311e-14
678.62000,7.8930853e-12,2.1270716e-14
678.63000,7.8892727e-12,2.1266924e-14
678.64000,7.8886766e-12,2.1264774e-14
678.65000,7.8909781e-12,2.1264001e-14
678.66000,7.8949463e-12,2.1263660e-14
678.67000,7.8995368e-12,2.1263139e-14
678.68000,7.9037706e-12,2.1261597e-14
678.69000,7.9070233e-12,2.1259000e-14
678.70000,7.9088546e-12,2.1256917e-14
678.71000,7.9089568e-12,2.1255333e-14
678.72000,7.9068013e-12,2.1250622e-14
678.73000,7.9031906e-12,2.1242475e-14
678.74000,7.8992610e-12,2.1233299e-14
678.75000,7.8962914e-12,2.1222765e-14
678.76000,7.8950546e-12,2.1208803e-14
678.77000,7.8958820e-12,2.1194618e-14
678.78000,7.8976846e-12,2.1185683e-14
678.79000,7.8992585e-12,2.1177604e-14
678.80000,7.8999580e-12,2.1163100e-14
678.81000,7.9000219e-12,2.1145831e-14
678.82000,7.9003852e-12,2.1140662e-14
678.83000,7.9020980e-12,2.1148522e-14
678.84000,7.9059533e-12,2.1152129e-14
678.85000,7.9115776e-12,2.1142218e-14
678.86000,7.9177707e-12,2.1130789e-14
678.87000,7.9226111e-12,2.1141806e-14
678.88000,7.9248253e-12,2.1173020e-14
678.89000,7.9242454e-12,2.1191517e-14
678.90000,7.9224022e-12,2.1173534e-14
678.91000,7.9205822e-12,2.1126697e-14
678.92000,7.9196803e-12,2.1089063e-14
678.93000,7.9199162e-12,2.1097926e-14
678.94000,7.9212988e-12,2.1157449e-14
678.95000,7.9233528e-12,2.1221177e-14
678.96000,7.9257344e-12,2.1241535e-14
678.97000,7.9281626e-12,2.1194614e-14
678.98000,7.9304130e-12,2.1103278e-14
678.99000,7.9320483e-12,2.1014758e-14
679.00000,7.9327154e-12,2.0970314e-14
679.01000,7.9321414e-12,2.0992242e-14
679.02000,7.9305544e-12,2.1077417e-14
679.03000,7.9286308e-12,2.1197691e-14
679.04000,7.9269630e-12,2.1314598e-14
679.05000,7.9254903e-12,2.1390545e-14
679.06000,7.9234890e-12,2.1398894e-14
679.07000,7.9201525e-12,2.1339248e-14
679.08000,7.9154101e-12,2.1235641e-14
679.09000,7.9099340e-12,2.1114005e-14
679.10000,7.9047282e-12,2.1000285e-14
679.11000,7.8999233e-12,2.0906175e-14
679.12000,7.8953064e-12,2.0833254e-14
679.13000,7.8912106e-12,2.0778062e-14
679.14000,7.8889819e-12,2.0740482e-14
679.15000,7.8888744e-12,2.0715473e-14
679.16000,7.8900131e-12,2.0701353e-14
679.17000,7.8907791e-12,2.0695625e-14
679.18000,7.8900759e-12,2.0696613e-14
679.19000,7.8874407e-12,2.0705187e-14
679.20000,7.8836663e-12,2.0720914e-14
679.21000,7.8796542e-12,2.0746016e-14
679.22000,7.8763577e-12,2.0782740e-14
679.23000,7.8745065e-12,2.0834410e-14
679.24000,7.8747632e-12,2.0908400e-14
679.25000,7.8765854e-12,2.1003434e-14
679.26000,7.8788866e-12,2.1111117e-14
679.27000,7.8804813e-12,2.1210614e-14
679.28000,7.8810066e-12,2.1276200e-14
679.29000,7.8812343e-12,2.1276668e-14
679.30000,7.8825338e-12,2.1212145e-14
679.31000,7.8853231e-12,2.1098564e-14
679.32000,7.8884478e-12,2.0975549e-14
679.33000,7.8906499e-12,2.0878259e-14
679.34000,7.8910805e-12,2.0837654e-14
679.35000,7.8898261e-12,2.0860006e-14
679.36000,7.8872036e-12,2.0933054e-14
679.37000,7.8841837e-12,2.1013042e-14
679.38000,7.8818883e-12,2.1058141e-14
679.39000,7.8814144e-12,2.1042608e-14
679.40000,7.8828708e-12,2.0986089e-14
679.41000,7.8854367e-12,2.0935576e-14
679.42000,7.8875255e-12,2.0925022e-14
679.43000,7.8879749e-12,2.0954035e-14
679.44000,7.8864021e-12,2.0990328e-14
679.45000,7.8835364e-12,2.0997141e-14
679.46000,7.8803309e-12,2.0968015e-14
679.47000,7.8776583e-12,2.0935827e-14
679.48000,7.8761487e-12,2.0924581e-14
679.49000,7.8762572e-12,2.0932714e-14
679.50000,7.8780170e-12,2.0938350e-14
679.51000,7.8813696e-12,2.0930819e-14
679.52000,7.8853744e-12,2.0923798e-14
679.53000,7.8891087e-12,2.0927744e-14
679.54000,7.8918222e-12,2.0937865e-14
679.55000,7.8934397e-12,2.0942951e-14
679.56000,7.8941486e-12,2.0941898e-14
679.57000,7.8941490e-12,2.0941364e-14
679.58000,7.8930067e-12,2.0940703e-14
679.59000,7.8904959e-12,2.0936208e-14
679.60000,7.8870987e-12,2.0928710e-14
679.61000,7.8837313e-12,2.0921562e-14
679.62000,7.8813612e-12,2.0915100e-14
679.63000,7.8808616e-12,2.0909718e-14
679.64000,7.8825320e-12,2.0907659e-14
679.65000,7.8857096e-12,2.0909625e-14
679.66000,7.8890935e-12,2.0913572e-14
679.67000,7.8914042e-12,2.0916173e-14
679.68000,7.8923128e-12,2.0915407e-14
679.69000,7.8924810e-12,2.0910976e-14
679.70000,7.8928552e-12,2.0904658e-14
679.71000,7.8939927e-12,2.0898874e-14
679.72000,7.8954624e-12,2.0894612e-14
679.73000,7.8964036e-12,2.0891380e-14
679.74000,7.8958723e-12,2.0887901e-14
679.75000,7.8932616e-12,2.0883205e-14
679.76000,7.8881898e-12,2.0877181e-14
679.77000,7.8820594e-12,2.0871083e-14
679.78000,7.8765370e-12,2.0866189e-14
679.79000,7.8728677e-12,2.0863016e-14
679.80000,7.8712242e-12,2.0860861e-14
679.81000,7.8711238e-12,2.0857875e-14
679.82000,7.8711876e-12,2.0852554e-14
679.83000,7.8704778e-12,2.0844492e-14
679.84000,7.8687260e-12,2.0834662e-14
679.85000,7.8661964e-12,2.0824442e-14
679.86000,7.8632088e-12,2.0815715e-14
679.87000,7.8602712e-12,2.0810491e-14
679.88000,7.8582296e-12,2.0810536e-14
679.89000,7.8581462e-12,2.0814783e-14
679.90000,7.8607895e-12,2.0820199e-14
679.91000,7.8662827e-12,2.0823561e-14
679.92000,7.8721990e-12,2.0823755e-14
679.93000,7.8755574e-12,2.0820120e-14
679.94000,7.8748577e-12,2.0812571e-14
679.95000,7.8707466e-12,2.0801766e-14
679.96000,7.8651759e-12,2.0789501e-14
679.97000,7.8605681e-12,2.0778826e-14
679.98000,7.8578941e-12,2.0771726e-14
679.99000,7.8567640e-12,2.0768049e-14
680.00000,7.8564719e-12,2.0766619e-14
680.01000,7.8568100e-12,2.0766646e-14
680.02000,7.8579318e-12,2.0767686e-14
680.03000,7.8602533e-12,2.0769917e-14
680.04000,7.8636621e-12,2.0772934e-14
680.05000,7.8676478e-12,2.0775939e-14
680.06000,7.8716070e-12,2.0778349e-14
680.07000,7.8751015e-12,2.0780291e-14
680.08000,7.8776450e-12,2.0781196e-14
680.09000,7.8787149e-12,2.0779808e-14
680.10000,7.8779301e-12,2.0775529e-14
680.11000,7.8754299e-12,2.0770063e-14
680.12000,7.8729072e-12,2.0767247e-14
680.13000,7.8720046e-12,2.0768181e-14
680.14000,7.8729130e-12,2.0769264e-14
680.15000,7.8744975e-12,2.0765660e-14
680.16000,7.8748260e-12,2.0753853e-14
680.17000,7.8729574e-12,2.0736911e-14
680.18000,7.8695905e-12,2.0719993e-14
680.19000,7.8666045e-12,2.0707443e-14
680.20000,7.8653771e-12,2.0700886e-14
680.21000,7.8661001e-12,2.0699829e-14
680.22000,7.8671248e-12,2.0700781e-14
680.23000,7.8669341e-12,2.0701841e-14
680.24000,7.8652620e-12,2.0703127e-14
680.25000,7.8629455e-12,2.0706086e-14
680.26000,7.8615955e-12,2.0712455e-14
680.27000,7.8622679e-12,2.0720624e-14
680.28000,7.8647171e-12,2.0726143e-14
680.29000,7.8672468e-12,2.0725685e-14
680.30000,7.8679914e-12,2.0719133e-14
680.31000,7.8654447e-12,2.0708220e-14
680.32000,7.8604851e-12,2.0695963e-14
680.33000,7.8549550e-12,2.0684935e-14
680.34000,7.8506896e-12,2.0677670e-14
680.35000,7.8485997e-12,2.0675053e-14
680.36000,7.8489313e-12,2.0675273e-14
680.37000,7.8506777e-12,2.0674928e-14
680.38000,7.8530976e-12,2.0674281e-14
680.39000,7.8558162e-12,2.0675500e-14
680.40000,7.8590227e-12,2.0679014e-14
680.41000,7.8633017e-12,2.0681810e-14
680.42000,7.8684043e-12,2.0680098e-14
680.43000,7.8730409e-12,2.0673473e-14
680.44000,7.8757377e-12,2.0666035e-14
680.45000,7.8758656e-12,2.0663216e-14
680.46000,7.8739754e-12,2.0670534e-14
680.47000,7.8720520e-12,2.0685510e-14
680.48000,7.8708809e-12,2.0698699e-14
680.49000,7.8696039e-12,2.0699659e-14
680.50000,7.8669121e-12,2.0684144e-14
680.51000,7.8621506e-12,2.0655674e-14
680.52000,7.8568627e-12,2.0627704e-14
680.53000,7.8532060e-12,2.0610508e-14
680.54000,7.8523215e-12,2.0606265e-14
680.55000,7.8541102e-12,2.0611991e-14
680.56000,7.8577906e-12,2.0623277e-14
680.57000,7.8615172e-12,2.0634171e-14
680.58000,7.8634909e-12,2.0640706e-14
680.59000,7.8626605e-12,2.0641168e-14
680.60000,7.8589881e-12,2.0635200e-14
680.61000,7.8534052e-12,2.0622541e-14
680.62000,7.8482828e-12,2.0606299e-14
680.63000,7.8453095e-12,2.0590376e-14
680.64000,7.8442943e-12,2.0578772e-14
680.65000,7.8436586e-12,2.0574178e-14
680.66000,7.8413867e-12,2.0578406e-14
680.67000,7.8373763e-12,2.0587637e-14
680.68000,7.8334626e-12,2.0596412e-14
680.69000,7.8318947e-12,2.0599756e-14
680.70000,7.8336557e-12,2.0596003e-14
680.71000,7.8383991e-12,2.0586977e-14
680.72000,7.8439737e-12,2.0578701e-14
680.73000,7.8490231e-12,2.0575582e-14
680.74000,7.8528410e-12,2.0578010e-14
680.75000,7.8550135e-12,2.0582877e-14
680.76000,7.8553497e-12,2.0585196e-14
680.77000,7.8554204e-12,2.0583038e-14
680.78000,7.8569101e-12,2.0578670e-14
680.79000,7.8597835e-12,2.0575672e-14
680.80000,7.8621179e-12,2.0574761e-14
680.81000,7.8610447e-12,2.0572922e-14
680.82000,7.8563709e-12,2.0567350e-14
680.83000,7.8494813e-12,2.0557886e-14
680.84000,7.8427089e-12,2.0546353e-14
680.85000,7.8377735e-12,2.0534360e-14
680.86000,7.8356669e-12,2.0523315e-14
680.87000,7.8355352e-12,2.0514965e-14
680.88000,7.8366335e-12,2.0511045e-14
680.89000,7.8381362e-12,2.0511084e-14
680.90000,7.8393861e-12,2.0512912e-14
680.91000,7.8397454e-12,2.0514409e-14
680.92000,7.8390842e-12,2.0514760e-14
680.93000,7.8375341e-12,2.0514445e-14
680.94000,7.8356970e-12,2.0514616e-14
680.95000,7.8342861e-12,2.0516004e-14
680.96000,7.8341278e-12,2.0518532e-14
680.97000,7.8356008e-12,2.0521415e-14
680.98000,7.8392542e-12,2.0524469e-14
680.99000,7.8448121e-12,2.0527245e-14
681.00000,7.8508481e-12,2.0528403e-14
681.01000,7.8550666e-12,2.0525601e-14
681.02000,7.8565164e-12,2.0519425e-14
681.03000,7.8551800e-12,2.0511549e-14
681.04000,7.8518212e-12,2.0503815e-14
681.05000,7.8472142e-12,2.0496616e-14
681.06000,7.8417009e-12,2.0488935e-14
681.07000,7.8361622e-12,2.0480272e-14
681.08000,7.8313616e-12,2.0471040e-14
681.09000,7.8275294e-12,2.0461943e-14
681.10000,7.8242130e-12,2.0453210e-14
681.11000,7.8209677e-12,2.0444740e-14
681.12000,7.8178746e-12,2.0436935e-14
681.13000,7.8154975e-12,2.0431118e-14
681.14000,7.8142514e-12,2.0428244e-14
681.15000,7.8139117e-12,2.0427692e-14
681.16000,7.8143399e-12,2.0428811e-14
681.17000,7.8157668e-12,2.0431202e-14
681.18000,7.8185647e-12,2.0434836e-14
681.19000,7.8221098e-12,2.0439781e-14
681.20000,7.8248117e-12,2.0446458e-14
681.21000,7.8254879e-12,2.0452867e-14
681.22000,7.8248919e-12,2.0452666e-14
681.23000,7.8241021e-12,2.0440813e-14
681.24000,7.8239864e-12,2.0421575e-14
681.25000,7.8246251e-12,2.0409672e-14
681.26000,7.8255375e-12,2.0416693e-14
681.27000,7.8263072e-12,2.0433797e-14
681.28000,7.8270241e-12,2.0444564e-14
681.29000,7.8279512e-12,2.0433697e-14
681.30000,7.8290073e-12,2.0401293e-14
681.31000,7.8297925e-12,2.0359020e-14
681.32000,7.8302396e-12,2.0321593e-14
681.33000,7.8305707e-12,2.0296835e-14
681.34000,7.8310164e-12,2.0287023e-14
681.35000,7.8314743e-12,2.0286923e-14
681.36000,7.8316157e-12,2.0291112e-14
681.37000,7.8313973e-12,2.0294898e-14
681.38000,7.8310527e-12,2.0295409e-14
681.39000,7.8309236e-12,2.0290487e-14
681.40000,7.8313569e-12,2.0281237e-14
681.41000,7.8329892e-12,2.0270714e-14
681.42000,7.8360792e-12,2.0263247e-14
681.43000,7.8402053e-12,2.0262663e-14
681.44000,7.8444299e-12,2.0273761e-14
681.45000,7.8480160e-12,2.0296850e-14
681.46000,7.8507024e-12,2.0330396e-14
681.47000,7.8522719e-12,2.0366248e-14
681.48000,7.8522535e-12,2.0392387e-14
681.49000,7.8496976e-12,2.0394249e-14
681.50000,7.8448959e-12,2.0374889e-14
681.51000,7.8383419e-12,2.0346374e-14
681.52000,7.8309504e-12,2.0323748e-14
681.53000,7.8235202e-12,2.0312948e-14
681.54000,7.8166465e-12,2.0309112e-14
681.55000,7.8106942e-12,2.0302771e-14
681.56000,7.8064482e-12,2.0293434e-14
681.57000,7.8046419e-12,2.0285909e-14
681.58000,7.8052370e-12,2.0282543e-14
681.59000,7.8071435e-12,2.0280516e-14
681.60000,7.8081255e-12,2.0276819e-14
681.61000,7.8071968e-12,2.0272923e-14
681.62000,7.8051331e-12,2.0271782e-14
681.63000,7.8035266e-12,2.0274080e-14
681.64000,7.8030333e-12,2.0277282e-14
681.65000,7.8025883e-12,2.0277485e-14
681.66000,7.8010654e-12,2.0272483e-14
681.67000,7.7979806e-12,2.0262573e-14
681.68000,7.7938218e-12,2.0250129e-14
681.69000,7.7895169e-12,2.0237489e-14
681.70000,7.7859100e-12,2.0226591e-14
681.71000,7.7833014e-12,2.0218783e-14
681.72000,7.7814461e-12,2.0214506e-14
681.73000,7.7796980e-12,2.0212373e-14
681.74000,7.7776629e-12,2.0210223e-14
681.75000,7.7757560e-12,2.0207113e-14
681.76000,7.7751572e-12,2.0204437e-14
681.77000,7.7772909e-12,2.0204648e-14
681.78000,7.7821993e-12,2.0207847e-14
681.79000,7.7885505e-12,2.0211049e-14
681.80000,7.7945882e-12,2.0211620e-14
681.81000,7.7992172e-12,2.0209040e-14
681.82000,7.8013393e-12,2.0203579e-14
681.83000,7.8002742e-12,2.0195771e-14
681.84000,7.7953555e-12,2.0185979e-14
681.85000,7.7877591e-12,2.0175891e-14
681.86000,7.7796555e-12,2.0165980e-14
681.87000,7.7733177e-12,2.0146687e-14
681.88000,7.7691740e-12,2.0089089e-14
681.89000,7.7665657e-12,1.9920264e-14
681.90000,7.7642623e-12,1.9557315e-14
681.91000,7.7610693e-12,1.8942000e-14
681.92000,7.7555745e-12,1.8048411e-14
681.93000,7.7476605e-12,1.7061326e-14
681.94000,7.7379478e-12,1.6184622e-14
681.95000,7.7283452e-12,1.5556479e-14
681.96000,7.7213490e-12,1.5186467e-14
681.97000,7.7199898e-12,1.5042636e-14
681.98000,7.7231056e-12,1.5000681e-14
681.99000,7.7277636e-12,1.5005766e-14
682.00000,7.7298753e-12,1.5021615e-14
682.01000,7.7272499e-12,1.5029660e-14
682.02000,7.7209683e-12,1.5024971e-14
682.03000,7.7158592e-12,1.5014669e-14
682.04000,7.7157703e-12,1.5005049e-14
682.05000,7.7219175e-12,1.4998882e-14
682.06000,7.7318533e-12,1.4993191e-14
682.07000,7.7422409e-12,1.4981949e-14
682.08000,7.7508344e-12,1.4963961e-14
682.09000,7.7568464e-12,1.4941936e-14
682.10000,7.7599827e-12,1.4920593e-14
682.11000,7.7602864e-12,1.4902009e-14
682.12000,7.7575469e-12,1.4883814e-14
682.13000,7.7527631e-12,1.4864565e-14
682.14000,7.7473427e-12,1.4846847e-14
682.15000,7.7428373e-12,1.4836876e-14
682.16000,7.7397758e-12,1.4837568e-14
682.17000,7.7376569e-12,1.4850973e-14
682.18000,7.7356481e-12,1.4877361e-14
682.19000,7.7334944e-12,1.4916332e-14
682.20000,7.7318777e-12,1.4965785e-14
682.21000,7.7316968e-12,1.5017029e-14
682.22000,7.7332891e-12,1.5063435e-14
682.23000,7.7357895e-12,1.5102428e-14
682.24000,7.7378880e-12,1.5134424e-14
682.25000,7.7386648e-12,1.5159424e-14
682.26000,7.7387792e-12,1.5179416e-14
682.27000,7.7392668e-12,1.5194797e-14
682.28000,7.7408707e-12,1.5206846e-14
682.29000,7.7437225e-12,1.5217970e-14
682.30000,7.7476818e-12,1.5230977e-14
682.31000,7.7517490e-12,1.5246183e-14
682.32000,7.7545675e-12,1.5261480e-14
682.33000,7.7546908e-12,1.5273587e-14
682.34000,7.7514549e-12,1.5280739e-14
682.35000,7.7445488e-12,1.5283301e-14
682.36000,7.7354181e-12,1.5284624e-14
682.37000,7.7254626e-12,1.5287167e-14
682.38000,7.7168176e-12,1.5292149e-14
682.39000,7.7118140e-12,1.5298261e-14
682.40000,7.7122191e-12,1.5302210e-14
682.41000,7.7164021e-12,1.5302345e-14
682.42000,7.7222505e-12,1.5299464e-14
682.43000,7.7277051e-12,1.5296262e-14
682.44000,7.7319678e-12,1.5295102e-14
682.45000,7.7354470e-12,1.5296176e-14
682.46000,7.7385831e-12,1.5298579e-14
682.47000,7.7411466e-12,1.5301665e-14
682.48000,7.7421307e-12,1.5304727e-14
682.49000,7.7412831e-12,1.5306304e-14
682.50000,7.7391443e-12,1.5304566e-14
682.51000,7.7370116e-12,1.5298909e-14
682.52000,7.7360753e-12,1.5290059e-14
682.53000,7.7372041e-12,1.5279247e-14
682.54000,7.7397387e-12,1.5268492e-14
682.55000,7.7428898e-12,1.5258860e-14
682.56000,7.7458748e-12,1.5250451e-14
682.57000,7.7482485e-12,1.5242618e-14
682.58000,7.7497304e-12,1.5234891e-14
682.59000,7.7505019e-12,1.5227304e-14
682.60000,7.7506575e-12,1.5219743e-14
682.61000,7.7503192e-12,1.5211294e-14
682.62000,7.7495538e-12,1.5200866e-14
682.63000,7.7480422e-12,1.5188548e-14
682.64000,7.7455924e-12,1.5176650e-14
682.65000,7.7423087e-12,1.5167083e-14
682.66000,7.7389287e-12,1.5159721e-14
682.67000,7.7363756e-12,1.5151185e-14
682.68000,7.7347191e-12,1.5136960e-14
682.69000,7.7331193e-12,1.5115397e-14
682.70000,7.7307375e-12,1.5085871e-14
682.71000,7.7270613e-12,1.5045041e-14
682.72000,7.7226993e-12,1.4992018e-14
682.73000,7.7187806e-12,1.4929104e-14
682.74000,7.7163146e-12,1.4865206e-14
682.75000,7.7157121e-12,1.4810155e-14
682.76000,7.7172761e-12,1.4773416e-14
682.77000,7.7207459e-12,1.4754476e-14
682.78000,7.7263183e-12,1.4754031e-14
682.79000,7.7332008e-12,1.4769770e-14
682.80000,7.7394000e-12,1.4796412e-14
682.81000,7.7421084e-12,1.4828272e-14
682.82000,7.7412470e-12,1.4858699e-14
682.83000,7.7380075e-12,1.4885162e-14
682.84000,7.7342938e-12,1.4907502e-14
682.85000,7.7311504e-12,1.4925368e-14
682.86000,7.7278561e-12,1.4933835e-14
682.87000,7.7231892e-12,1.4930235e-14
682.88000,7.7167957e-12,1.4914054e-14
682.89000,7.7098961e-12,1.4889697e-14
682.90000,7.7051534e-12,1.4865767e-14
682.91000,7.7049498e-12,1.4848649e-14
682.92000,7.7088264e-12,1.4839577e-14
682.93000,7.7147100e-12,1.4837918e-14
682.94000,7.7197224e-12,1.4846311e-14
682.95000,7.7219991e-12,1.4876587e-14
682.96000,7.7208659e-12,1.4979660e-14
682.97000,7.7165913e-12,1.5239578e-14
682.98000,7.7095872e-12,1.5764593e-14
682.99000,7.7003705e-12,1.6719874e-14
683.00000,7.6915851e-12,1.8002256e-14
683.01000,7.6869488e-12,1.9398637e-14
683.02000,7.6896769e-12,2.0624919e-14
683.03000,7.7005104e-12,2.1503230e-14
683.04000,7.7181796e-12,2.1965419e-14
683.05000,7.7369755e-12,2.2185360e-14
683.06000,7.7526511e-12,2.2264603e-14
683.07000,7.7628635e-12,2.2276886e-14
683.08000,7.7682013e-12,2.2265887e-14
683.09000,7.7700805e-12,2.2246268e-14
683.10000,7.7706277e-12,2.2228623e-14
683.11000,7.7707031e-12,2.2217343e-14
683.12000,7.7705862e-12,2.2211251e-14
683.13000,7.7702431e-12,2.2205849e-14
683.14000,7.7695386e-12,2.2198531e-14
683.15000,7.7684743e-12,2.2186283e-14
683.16000,7.7671670e-12,2.2165285e-14
683.17000,7.7659667e-12,2.2135169e-14
683.18000,7.7653793e-12,2.2105905e-14
683.19000,7.7656707e-12,2.2084373e-14
683.20000,7.7664418e-12,2.2068744e-14
683.21000,7.7669398e-12,2.2054437e-14
683.22000,7.7664982e-12,2.2043188e-14
683.23000,7.7653589e-12,2.2038001e-14
683.24000,7.7639264e-12,2.2036221e-14
683.25000,7.7626526e-12,2.2031512e-14
683.26000,7.7618225e-12,2.2023384e-14
683.27000,7.7613810e-12,2.2019978e-14
683.28000,7.7606469e-12,2.2022854e-14
683.29000,7.7586554e-12,2.2022670e-14
683.30000,7.7545612e-12,2.2007791e-14
683.31000,7.7486008e-12,2.1981286e-14
683.32000,7.7419531e-12,2.1960693e-14
683.33000,7.7360703e-12,2.1956073e-14
683.34000,7.7319844e-12,2.1962365e-14
683.35000,7.7308025e-12,2.1965435e-14
683.36000,7.7326900e-12,2.1961544e-14
683.37000,7.7377244e-12,2.1963031e-14
683.38000,7.7445618e-12,2.1980558e-14
683.39000,7.7508878e-12,2.2009295e-14
683.40000,7.7539991e-12,2.2027016e-14
683.41000,7.7541055e-12,2.2019857e-14
683.42000,7.7527964e-12,2.1994173e-14
683.43000,7.7520611e-12,2.1972620e-14
683.44000,7.7527306e-12,2.1974650e-14
683.45000,7.7542696e-12,2.2001286e-14
683.46000,7.7554051e-12,2.2026984e-14
683.47000,7.7552339e-12,2.2029531e-14
683.48000,7.7532741e-12,2.2001718e-14
683.49000,7.7497984e-12,2.1961616e-14
683.50000,7.7452545e-12,2.1935813e-14
683.51000,7.7403129e-12,2.1937262e-14
683.52000,7.7357578e-12,2.1963470e-14
683.53000,7.7329314e-12,2.1996747e-14
683.54000,7.7324241e-12,2.2009991e-14
683.55000,7.7337114e-12,2.1989720e-14
683.56000,7.7350124e-12,2.1946194e-14
683.57000,7.7346030e-12,2.1900359e-14
683.58000,7.7315234e-12,2.1872964e-14
683.59000,7.7272678e-12,2.1870767e-14
683.60000,7.7236326e-12,2.1899170e-14
683.61000,7.7222370e-12,2.1953591e-14
683.62000,7.7237225e-12,2.2012557e-14
683.63000,7.7276043e-12,2.2040020e-14
683.64000,7.7312352e-12,2.2021868e-14
683.65000,7.7321514e-12,2.1965308e-14
683.66000,7.7292352e-12,2.1896916e-14
683.67000,7.7241678e-12,2.1845285e-14
683.68000,7.7192879e-12,2.1817012e-14
683.69000,7.7153702e-12,2.1800343e-14
683.70000,7.7115571e-12,2.1786031e-14
683.71000,7.7060612e-12,2.1779147e-14
683.72000,7.6984277e-12,2.1794617e-14
683.73000,7.6897688e-12,2.1847020e-14
683.74000,7.6823436e-12,2.1933542e-14
683.75000,7.6782898e-12,2.2034569e-14
683.76000,7.6799142e-12,2.2115844e-14
683.77000,7.6862195e-12,2.2153589e-14
683.78000,7.6960206e-12,2.2136928e-14
683.79000,7.7069275e-12,2.2075199e-14
683.80000,7.7161260e-12,2.1993021e-14
683.81000,7.7213111e-12,2.1911662e-14
683.82000,7.7227965e-12,2.1842896e-14
683.83000,7.7213000e-12,2.1791638e-14
683.84000,7.7180674e-12,2.1759920e-14
683.85000,7.7147887e-12,2.1743948e-14
683.86000,7.7123996e-12,2.1739740e-14
683.87000,7.7109062e-12,2.1742078e-14
683.88000,7.7099454e-12,2.1747673e-14
683.89000,7.7093608e-12,2.1755524e-14
683.90000,7.7091618e-12,2.1764084e-14
683.91000,7.7093431e-12,2.1771174e-14
683.92000,7.7095311e-12,2.1774592e-14
683.93000,7.7090638e-12,2.1773132e-14
683.94000,7.7068615e-12,2.1765269e-14
683.95000,7.7026540e-12,2.1752208e-14
683.96000,7.6967182e-12,2.1735671e-14
683.97000,7.6907126e-12,2.1720294e-14
683.98000,7.6874144e-12,2.1712972e-14
683.99000,7.6891869e-12,2.1720744e-14
684.00000,7.6950480e-12,2.1743847e-14
684.01000,7.7025196e-12,2.1781044e-14
684.02000,7.7084925e-12,2.1834334e-14
684.03000,7.7116032e-12,2.1904408e-14
684.04000,7.7124059e-12,2.1994501e-14
684.05000,7.7125223e-12,2.2099558e-14
684.06000,7.7130569e-12,2.2204264e-14
684.07000,7.7138235e-12,2.2276664e-14
684.08000,7.7139565e-12,2.2297155e-14
684.09000,7.7132876e-12,2.2257542e-14
684.10000,7.7123977e-12,2.2174268e-14
684.11000,7.7119355e-12,2.2082123e-14
684.12000,7.7121736e-12,2.2014978e-14
684.13000,7.7129421e-12,2.1982509e-14
684.14000,7.7139494e-12,2.1980922e-14
684.15000,7.7142988e-12,2.1996304e-14
684.16000,7.7124430e-12,2.2012287e-14
684.17000,7.7068226e-12,2.2029516e-14
684.18000,7.6979177e-12,2.2059538e-14
684.19000,7.6881945e-12,2.2111322e-14
684.20000,7.6823433e-12,2.2179962e-14
684.21000,7.6828581e-12,2.2237396e-14
684.22000,7.6892290e-12,2.2259925e-14
684.23000,7.6976428e-12,2.2246085e-14
684.24000,7.7036977e-12,2.2216613e-14
684.25000,7.7043063e-12,2.2197599e-14
684.26000,7.7005203e-12,2.2200591e-14
684.27000,7.6937018e-12,2.2228848e-14
684.28000,7.6857402e-12,2.2279430e-14
684.29000,7.6787851e-12,2.2337237e-14
684.30000,7.6745485e-12,2.2379070e-14
684.31000,7.6734896e-12,2.2393335e-14
684.32000,7.6756036e-12,2.2386967e-14
684.33000,7.6812451e-12,2.2385242e-14
684.34000,7.6896034e-12,2.2412476e-14
684.35000,7.6999491e-12,2.2474803e-14
684.36000,7.7107913e-12,2.2554036e-14
684.37000,7.7202224e-12,2.2617254e-14
684.38000,7.7257144e-12,2.2622185e-14
684.39000,7.7269360e-12,2.2565599e-14
684.40000,7.7240832e-12,2.2455173e-14
684.41000,7.7183087e-12,2.2311108e-14
684.42000,7.7110813e-12,2.2160284e-14
684.43000,7.7028985e-12,2.2030104e-14
684.44000,7.6944501e-12,2.1945020e-14
684.45000,7.6871277e-12,2.1931625e-14
684.46000,7.6833803e-12,2.2027086e-14
684.47000,7.6836109e-12,2.2212025e-14
684.48000,7.6865995e-12,2.2443740e-14
684.49000,7.6900450e-12,2.2665476e-14
684.50000,7.6921006e-12,2.2840747e-14
684.51000,7.6912679e-12,2.2956333e-14
684.52000,7.6876141e-12,2.3038449e-14
684.53000,7.6812662e-12,2.3097356e-14
684.54000,7.6735576e-12,2.3137288e-14
684.55000,7.6670756e-12,2.3165757e-14
684.56000,7.6643842e-12,2.3195889e-14
684.57000,7.6650476e-12,2.3234952e-14
684.58000,7.6677336e-12,2.3277922e-14
684.59000,7.6713250e-12,2.3313874e-14
684.60000,7.6759978e-12,2.3341113e-14
684.61000,7.6829404e-12,2.3367977e-14
684.62000,7.6919067e-12,2.3399509e-14
684.63000,7.7009879e-12,2.3432652e-14
684.64000,7.7070537e-12,2.3461886e-14
684.65000,7.7092151e-12,2.3487494e-14
684.66000,7.7078823e-12,2.3509158e-14
684.67000,7.7047062e-12,2.3524470e-14
684.68000,7.7015087e-12,2.3533371e-14
684.69000,7.6988089e-12,2.3538708e-14
684.70000,7.6957614e-12,2.3540911e-14
684.71000,7.6914119e-12,2.3535527e-14
684.72000,7.6855024e-12,2.3519568e-14
684.73000,7.6793156e-12,2.3498695e-14
684.74000,7.6744926e-12,2.3478888e-14
684.75000,7.6721093e-12,2.3462045e-14
684.76000,7.6726413e-12,2.3447159e-14
684.77000,7.6764473e-12,2.3431515e-14
684.78000,7.6815491e-12,2.3411932e-14
684.79000,7.6859097e-12,2.3386711e-14
684.80000,7.6880842e-12,2.3356824e-14
684.81000,7.6882662e-12,2.3324670e-14
684.82000,7.6876049e-12,2.3291985e-14
684.83000,7.6872194e-12,2.3260443e-14
684.84000,7.6873146e-12,2.3230854e-14
684.85000,7.6874757e-12,2.3202644e-14
684.86000,7.6871864e-12,2.3173699e-14
684.87000,7.6866771e-12,2.3141742e-14
684.88000,7.6867657e-12,2.3105267e-14
684.89000,7.6881190e-12,2.3063188e-14
684.90000,7.6907611e-12,2.3009807e-14
684.91000,7.6932521e-12,2.2937578e-14
684.92000,7.6939690e-12,2.2830029e-14
684.93000,7.6917018e-12,2.2670970e-14
684.94000,7.6867165e-12,2.2460401e-14
684.95000,7.6806200e-12,2.2219717e-14
684.96000,7.6754605e-12,2.1990394e-14
684.97000,7.6724079e-12,2.1806894e-14
684.98000,7.6719111e-12,2.1697176e-14
684.99000,7.6730182e-12,2.1650229e-14
685.00000,7.6751224e-12,2.1661336e-14
685.01000,7.6776512e-12,2.1724551e-14
685.02000,7.6799374e-12,2.1831166e-14
685.03000,7.6809540e-12,2.1967948e-14
685.04000,7.6805162e-12,2.2100919e-14
685.05000,7.6792718e-12,2.2203814e-14
685.06000,7.6787991e-12,2.2261922e-14
685.07000,7.6805252e-12,2.2280405e-14
685.08000,7.6844786e-12,2.2271432e-14
685.09000,7.6892048e-12,2.2251632e-14
685.10000,7.6934568e-12,2.2231006e-14
685.11000,7.6964810e-12,2.2212648e-14
685.12000,7.6981647e-12,2.2194169e-14
685.13000,7.6979722e-12,2.2172836e-14
685.14000,7.6957159e-12,2.2147041e-14
685.15000,7.6919619e-12,2.2116679e-14
685.16000,7.6875684e-12,2.2083774e-14
685.17000,7.6833453e-12,2.2052898e-14
685.18000,7.6798111e-12,2.2026413e-14
685.19000,7.6777031e-12,2.2002966e-14
685.20000,7.6774829e-12,2.1977762e-14
685.21000,7.6786312e-12,2.1947800e-14
685.22000,7.6797947e-12,2.1915426e-14
685.23000,7.6801406e-12,2.1886376e-14
685.24000,7.6799266e-12,2.1869116e-14
685.25000,7.6797721e-12,2.1864606e-14
685.26000,7.6788789e-12,2.1870128e-14
685.27000,7.6757481e-12,2.1879360e-14
685.28000,7.6698128e-12,2.1885851e-14
685.29000,7.6620902e-12,2.1885066e-14
685.30000,7.6549017e-12,2.1877496e-14
685.31000,7.6497086e-12,2.1864390e-14
685.32000,7.6472696e-12,2.1847926e-14
685.33000,7.6473062e-12,2.1830840e-14
685.34000,7.6498432e-12,2.1813603e-14
685.35000,7.6545044e-12,2.1794743e-14
685.36000,7.6603538e-12,2.1772020e-14
685.37000,7.6658603e-12,2.1743133e-14
685.38000,7.6699259e-12,2.1710875e-14
685.39000,7.6722900e-12,2.1679322e-14
685.40000,7.6732135e-12,2.1652927e-14
685.41000,7.6729984e-12,2.1634316e-14
685.42000,7.6715762e-12,2.1624445e-14
685.43000,7.6694065e-12,2.1620093e-14
685.44000,7.6672182e-12,2.1616899e-14
685.45000,7.6657566e-12,2.1609681e-14
685.46000,7.6648029e-12,2.1597597e-14
685.47000,7.6635018e-12,2.1583754e-14
685.48000,7.6611411e-12,2.1571926e-14
685.49000,7.6578053e-12,2.1562999e-14
685.50000,7.6547955e-12,2.1555286e-14
685.51000,7.6538387e-12,2.1547919e-14
685.52000,7.6558555e-12,2.1542390e-14
685.53000,7.6599620e-12,2.1539329e-14
685.54000,7.6632012e-12,2.1535994e-14
685.55000,7.6630287e-12,2.1529181e-14
685.56000,7.6595275e-12,2.1519323e-14
685.57000,7.6544122e-12,2.1509145e-14
685.58000,7.6500608e-12,2.1501688e-14
685.59000,7.6480245e-12,2.1497021e-14
685.60000,7.6491381e-12,2.1494267e-14
685.61000,7.6532513e-12,2.1492541e-14
685.62000,7.6588953e-12,2.1491200e-14
685.63000,7.6636600e-12,2.1488855e-14
685.64000,7.6658612e-12,2.1483751e-14
685.65000,7.6651651e-12,2.1475135e-14
685.66000,7.6624928e-12,2.1464597e-14
685.67000,7.6596300e-12,2.1455838e-14
685.68000,7.6570546e-12,2.1450103e-14
685.69000,7.6544479e-12,2.1445062e-14
685.70000,7.6518640e-12,2.1437782e-14
685.71000,7.6507488e-12,2.1428427e-14
685.72000,7.6520306e-12,2.1421125e-14
685.73000,7.6553615e-12,2.1418738e-14
685.74000,7.6589915e-12,2.1421454e-14
685.75000,7.6611464e-12,2.1427127e-14
685.76000,7.6618367e-12,2.1433866e-14
685.77000,7.6621810e-12,2.1439169e-14
685.78000,7.6624827e-12,2.1439246e-14
685.79000,7.6610744e-12,2.1428069e-14
685.80000,7.6566759e-12,2.1406978e-14
685.81000,7.6501385e-12,2.1381339e-14
685.82000,7.6446764e-12,2.1359297e-14
685.83000,7.6435306e-12,2.1346769e-14
685.84000,7.6477094e-12,2.1345153e-14
685.85000,7.6540108e-12,2.1348604e-14
685.86000,7.6599609e-12,2.1352964e-14
685.87000,7.6645170e-12,2.1356285e-14
685.88000,7.6685928e-12,2.1359686e-14
685.89000,7.6727097e-12,2.1365142e-14
685.90000,7.6760024e-12,2.1373424e-14
685.91000,7.6770098e-12,2.1384210e-14
685.92000,7.6745283e-12,2.1396416e-14
685.93000,7.6699706e-12,2.1406786e-14
685.94000,7.6645159e-12,2.1410911e-14
685.95000,7.6588635e-12,2.1405219e-14
685.96000,7.6531039e-12,2.1391431e-14
685.97000,7.6474072e-12,2.1375656e-14
685.98000,7.6424697e-12,2.1364032e-14
685.99000,7.6391324e-12,2.1359513e-14
686.00000,7.6381673e-12,2.1362306e-14
686.01000,7.6388143e-12,2.1367558e-14
686.02000,7.6405417e-12,2.1371703e-14
686.03000,7.6428771e-12,2.1372955e-14
686.04000,7.6451530e-12,2.1372194e-14
686.05000,7.6463335e-12,2.1371814e-14
686.06000,7.6460114e-12,2.1373198e-14
686.07000,7.6444325e-12,2.1375916e-14
686.08000,7.6422785e-12,2.1377868e-14
686.09000,7.6403591e-12,2.1377218e-14
686.10000,7.6392067e-12,2.1373372e-14
686.11000,7.6392362e-12,2.1366891e-14
686.12000,7.6405803e-12,2.1358860e-14
686.13000,7.6428252e-12,2.1350839e-14
686.14000,7.6446988e-12,2.1344735e-14
686.15000,7.6453267e-12,2.1342056e-14
686.16000,7.6445645e-12,2.1343493e-14
686.17000,7.6432026e-12,2.1347440e-14
686.18000,7.6416044e-12,2.1350728e-14
686.19000,7.6394223e-12,2.1350297e-14
686.20000,7.6360911e-12,2.1345214e-14
686.21000,7.6310518e-12,2.1337132e-14
686.22000,7.6246560e-12,2.1329447e-14
686.23000,7.6167284e-12,2.1322076e-14
686.24000,7.6068460e-12,2.1311926e-14
686.25000,7.5948267e-12,2.1295501e-14
686.26000,7.5812884e-12,2.1272775e-14
686.27000,7.5684866e-12,2.1249037e-14
686.28000,7.5597728e-12,2.1231272e-14
686.29000,7.5603892e-12,2.1228157e-14
686.30000,7.5703572e-12,2.1239196e-14
686.31000,7.5874799e-12,2.1260689e-14
686.32000,7.6069471e-12,2.1285500e-14
686.33000,7.6238311e-12,2.1306500e-14
686.34000,7.6352039e-12,2.1319190e-14
686.35000,7.6416288e-12,2.1324113e-14
686.36000,7.6441195e-12,2.1322704e-14
686.37000,7.6435364e-12,2.1316463e-14
686.38000,7.6420182e-12,2.1308731e-14
686.39000,7.6415673e-12,2.1301996e-14
686.40000,7.6435650e-12,2.1297762e-14
686.41000,7.6479444e-12,2.1296109e-14
686.42000,7.6529678e-12,2.1295829e-14
686.43000,7.6560749e-12,2.1294386e-14
686.44000,7.6558273e-12,2.1289513e-14
686.45000,7.6523256e-12,2.1279529e-14
686.46000,7.6477348e-12,2.1265654e-14
686.47000,7.6437074e-12,2.1251173e-14
686.48000,7.6405919e-12,2.1239968e-14
686.49000,7.6379470e-12,2.1234733e-14
686.50000,7.6354316e-12,2.1236854e-14
686.51000,7.6329278e-12,2.1242030e-14
686.52000,7.6301905e-12,2.1245805e-14
686.53000,7.6269687e-12,2.1244304e-14
686.54000,7.6237524e-12,2.1236961e-14
686.55000,7.6218154e-12,2.1226801e-14
686.56000,7.6217372e-12,2.1217654e-14
686.57000,7.6229674e-12,2.1211116e-14
686.58000,7.6241981e-12,2.1208488e-14
686.59000,7.6250103e-12,2.1213577e-14
686.60000,7.6272403e-12,2.1239945e-14
686.61000,7.6343048e-12,2.1316606e-14
686.62000,7.6486586e-12,2.1499608e-14
686.63000,7.6679450e-12,2.1903512e-14
686.64000,7.6827934e-12,2.2593334e-14
686.65000,7.6816348e-12,2.3574690e-14
686.66000,7.6550827e-12,2.4739643e-14
686.67000,7.6175137e-12,2.5763681e-14
686.68000,7.5868550e-12,2.6326094e-14
686.69000,7.5746094e-12,2.6271699e-14
686.70000,7.5816803e-12,2.5739043e-14
686.71000,7.6035370e-12,2.5087390e-14
686.72000,7.6280626e-12,2.4720502e-14
686.73000,7.6429723e-12,2.4913968e-14
686.74000,7.6369455e-12,2.5866196e-14
686.75000,7.6148642e-12,2.7231982e-14
686.76000,7.5860708e-12,2.8458130e-14
686.77000,7.5600095e-12,2.9026292e-14
686.78000,7.5416972e-12,2.8802570e-14
686.79000,7.5334020e-12,2.8024004e-14
686.80000,7.5325053e-12,2.7231735e-14
686.81000,7.5324474e-12,2.6790791e-14
686.82000,7.5196449e-12,2.6938859e-14
686.83000,7.4905838e-12,2.7428535e-14
686.84000,7.4641162e-12,2.7685867e-14
686.85000,7.4642989e-12,2.7221188e-14
686.86000,7.4956351e-12,2.6013751e-14
686.87000,7.5397389e-12,2.4526517e-14
686.88000,7.5749186e-12,2.3381360e-14
686.89000,7.5955395e-12,2.2886399e-14
686.90000,7.6007006e-12,2.3160347e-14
686.91000,7.5908154e-12,2.4028423e-14
686.92000,7.5663823e-12,2.5212769e-14
686.93000,7.5378468e-12,2.6225871e-14
686.94000,7.5225661e-12,2.6542155e-14
686.95000,7.5356627e-12,2.5794926e-14
686.96000,7.5618939e-12,2.4514144e-14
686.97000,7.5826279e-12,2.3221693e-14
686.98000,7.5892176e-12,2.2317287e-14
686.99000,7.5896830e-12,2.1913860e-14
687.00000,7.5905979e-12,2.2019868e-14
687.01000,7.5891744e-12,2.2586100e-14
687.02000,7.5803383e-12,2.3545435e-14
687.03000,7.5653395e-12,2.4791049e-14
687.04000,7.5533704e-12,2.5986950e-14
687.05000,7.5461555e-12,2.6821763e-14
687.06000,7.5387174e-12,2.7038760e-14
687.07000,7.5303752e-12,2.6573337e-14
687.08000,7.5289114e-12,2.5520094e-14
687.09000,7.5349884e-12,2.4193771e-14
687.10000,7.5417802e-12,2.2951101e-14
687.11000,7.5459071e-12,2.2142842e-14
687.12000,7.5526443e-12,2.1799541e-14
687.13000,7.5637267e-12,2.1938955e-14
687.14000,7.5737215e-12,2.2543245e-14
687.15000,7.5760745e-12,2.3473753e-14
687.16000,7.5742791e-12,2.4431874e-14
687.17000,7.5790134e-12,2.5065400e-14
687.18000,7.5963513e-12,2.5200511e-14
687.19000,7.6179134e-12,2.4966242e-14
687.20000,7.6254615e-12,2.4828838e-14
687.21000,7.6144236e-12,2.4988881e-14
687.22000,7.5973284e-12,2.5289605e-14
687.23000,7.5930422e-12,2.5303057e-14
687.24000,7.6068373e-12,2.4762371e-14
687.25000,7.6261081e-12,2.3870391e-14
687.26000,7.6370097e-12,2.2983302e-14
687.27000,7.6352866e-12,2.2443838e-14
687.28000,7.6309004e-12,2.2298339e-14
687.29000,7.6263922e-12,2.2563593e-14
687.30000,7.6171371e-12,2.3203095e-14
687.31000,7.6015944e-12,2.4024718e-14
687.32000,7.5901235e-12,2.4636451e-14
687.33000,7.5917397e-12,2.4718372e-14
687.34000,7.6048633e-12,2.4217043e-14
687.35000,7.6187679e-12,2.3391774e-14
687.36000,7.6245685e-12,2.2743831e-14
687.37000,7.6208636e-12,2.2570029e-14
687.38000,7.6096320e-12,2.2969514e-14
687.39000,7.5936985e-12,2.3780593e-14
687.40000,7.5784925e-12,2.4601922e-14
687.41000,7.5732016e-12,2.4996612e-14
687.42000,7.5834883e-12,2.4743653e-14
687.43000,7.6021271e-12,2.3903480e-14
687.44000,7.6123445e-12,2.2981716e-14
687.45000,7.6110461e-12,2.2324744e-14
687.46000,7.6052651e-12,2.2116545e-14
687.47000,7.6005470e-12,2.2370056e-14
687.48000,7.5946511e-12,2.3019726e-14
687.49000,7.5873480e-12,2.3811230e-14
687.50000,7.5839725e-12,2.4404407e-14
687.51000,7.5913276e-12,2.4369078e-14
687.52000,7.6035563e-12,2.3784724e-14
687.53000,7.6111920e-12,2.2941361e-14
687.54000,7.6090319e-12,2.2177783e-14
687.55000,7.6006991e-12,2.1684798e-14
687.56000,7.5930525e-12,2.1508201e-14
687.57000,7.5886480e-12,2.1609846e-14
687.58000,7.5852621e-12,2.1993267e-14
687.59000,7.5783396e-12,2.2721438e-14
687.60000,7.5705691e-12,2.3615053e-14
687.61000,7.5715617e-12,2.4348727e-14
687.62000,7.5874223e-12,2.4546744e-14
687.63000,7.6109194e-12,2.4099811e-14
687.64000,7.6280114e-12,2.3272490e-14
687.65000,7.6329668e-12,2.2485382e-14
687.66000,7.6279967e-12,2.2000565e-14
687.67000,7.6166207e-12,2.1991746e-14
687.68000,7.6005124e-12,2.2359563e-14
687.69000,7.5793865e-12,2.2975752e-14
687.70000,7.5602186e-12,2.3571649e-14
687.71000,7.5569605e-12,2.3809032e-14
687.72000,7.5742724e-12,2.3509384e-14
687.73000,7.5978031e-12,2.2852532e-14
687.74000,7.6126149e-12,2.2123975e-14
687.75000,7.6133952e-12,2.1581758e-14
687.76000,7.6092792e-12,2.1252778e-14
687.77000,7.6056912e-12,2.1093871e-14
687.78000,7.6042990e-12,2.1047211e-14
687.79000,7.6039604e-12,2.1074171e-14
687.80000,7.6026697e-12,2.1205207e-14
687.81000,7.5983461e-12,2.1489687e-14
687.82000,7.5886544e-12,2.1970053e-14
687.83000,7.5735010e-12,2.2634498e-14
687.84000,7.5624882e-12,2.3244196e-14
687.85000,7.5650208e-12,2.3516145e-14
687.86000,7.5814279e-12,2.3279199e-14
687.87000,7.6002701e-12,2.2685281e-14
687.88000,7.6105861e-12,2.2058152e-14
687.89000,7.6096953e-12,2.1633316e-14
687.90000,7.5992975e-12,2.1499593e-14
687.91000,7.5800199e-12,2.1696449e-14
687.92000,7.5566885e-12,2.2057407e-14
687.93000,7.5371231e-12,2.2399330e-14
687.94000,7.5320964e-12,2.2510715e-14
687.95000,7.5433105e-12,2.2309102e-14
687.96000,7.5594464e-12,2.1895865e-14
687.97000,7.5693413e-12,2.1456018e-14
687.98000,7.5710667e-12,2.1119635e-14
687.99000,7.5691170e-12,2.0939578e-14
688.00000,7.5681469e-12,2.0852135e-14
688.01000,7.5689063e-12,2.0818759e-14
688.02000,7.5708584e-12,2.0812591e-14
688.03000,7.5730972e-12,2.0814057e-14
688.04000,7.5753648e-12,2.0815383e-14
688.05000,7.5776773e-12,2.0813568e-14
688.06000,7.5799418e-12,2.0808728e-14
688.07000,7.5817111e-12,2.0802947e-14
688.08000,7.5824346e-12,2.0798324e-14
688.09000,7.5812928e-12,2.0794729e-14
688.10000,7.5775617e-12,2.0790549e-14
688.11000,7.5719707e-12,2.0784530e-14
688.12000,7.5659907e-12,2.0776996e-14
688.13000,7.5611727e-12,2.0769264e-14
688.14000,7.5587587e-12,2.0763177e-14
688.15000,7.5601470e-12,2.0761769e-14
688.16000,7.5646146e-12,2.0765421e-14
688.17000,7.5707687e-12,2.0772158e-14
688.18000,7.5762691e-12,2.0777374e-14
688.19000,7.5792407e-12,2.0777667e-14
688.20000,7.5791910e-12,2.0773250e-14
688.21000,7.5764865e-12,2.0765614e-14
688.22000,7.5713335e-12,2.0755061e-14
688.23000,7.5627318e-12,2.0741057e-14
688.24000,7.5508106e-12,2.0726195e-14
688.25000,7.5367713e-12,2.0715607e-14
688.26000,7.5246652e-12,2.0723984e-14
688.27000,7.5200300e-12,2.0776590e-14
688.28000,7.5272033e-12,2.0930584e-14
688.29000,7.5450737e-12,2.1257353e-14
688.30000,7.5659502e-12,2.1798322e-14
688.31000,7.5815005e-12,2.2486648e-14
688.32000,7.5907564e-12,2.3086953e-14
688.33000,7.5974092e-12,2.3336663e-14
688.34000,7.6042342e-12,2.3022391e-14
688.35000,7.6079758e-12,2.2396817e-14
688.36000,7.6036373e-12,2.1731486e-14
688.37000,7.5907557e-12,2.1221904e-14
688.38000,7.5748261e-12,2.0912679e-14
688.39000,7.5613963e-12,2.0761289e-14
688.40000,7.5523460e-12,2.0700691e-14
688.41000,7.5476009e-12,2.0688446e-14
688.42000,7.5472729e-12,2.0707983e-14
688.43000,7.5494401e-12,2.0741150e-14
688.44000,7.5526640e-12,2.0781193e-14
688.45000,7.5557138e-12,2.0828341e-14
688.46000,7.5585398e-12,2.0899927e-14
688.47000,7.5620508e-12,2.1049280e-14
688.48000,7.5661223e-12,2.1343167e-14
688.49000,7.5690189e-12,2.1840766e-14
688.50000,7.5680841e-12,2.2547841e-14
688.51000,7.5651448e-12,2.3224233e-14
688.52000,7.5656990e-12,2.3575661e-14
688.53000,7.5754877e-12,2.3377623e-14
688.54000,7.5893816e-12,2.2786573e-14
688.55000,7.5954141e-12,2.2112443e-14
688.56000,7.5893586e-12,2.1617106e-14
688.57000,7.5776678e-12,2.1435216e-14
688.58000,7.5680808e-12,2.1669188e-14
688.59000,7.5602390e-12,2.2245895e-14
688.60000,7.5522615e-12,2.3061829e-14
688.61000,7.5481653e-12,2.3835921e-14
688.62000,7.5554367e-12,2.4179758e-14
688.63000,7.5751895e-12,2.3898533e-14
688.64000,7.5985024e-12,2.3145047e-14
688.65000,7.6128824e-12,2.2295067e-14
688.66000,7.6117072e-12,2.1633588e-14
688.67000,7.6000245e-12,2.1203218e-14
688.68000,7.5849965e-12,2.0953391e-14
688.69000,7.5730149e-12,2.0832813e-14
688.70000,7.5655073e-12,2.0767843e-14
688.71000,7.5612200e-12,2.0734826e-14
688.72000,7.5579889e-12,2.0723169e-14
688.73000,7.5544275e-12,2.0724992e-14
688.74000,7.5512308e-12,2.0732759e-14
688.75000,7.5495663e-12,2.0741158e-14
688.76000,7.5499490e-12,2.0753157e-14
688.77000,7.5528047e-12,2.0790256e-14
688.78000,7.5582106e-12,2.0880449e-14
688.79000,7.5673141e-12,2.1078847e-14
688.80000,7.5801566e-12,2.1473880e-14
688.81000,7.5915790e-12,2.2117305e-14
688.82000,7.5926822e-12,2.2943928e-14
688.83000,7.5812123e-12,2.3702279e-14
688.84000,7.5656985e-12,2.4057261e-14
688.85000,7.5579939e-12,2.3736890e-14
688.86000,7.5569161e-12,2.3022842e-14
688.87000,7.5576600e-12,2.2252143e-14
688.88000,7.5588798e-12,2.1756156e-14
688.89000,7.5629542e-12,2.1666219e-14
688.90000,7.5709416e-12,2.2033631e-14
688.91000,7.5804558e-12,2.2815421e-14
688.92000,7.5873388e-12,2.3784176e-14
688.93000,7.5897872e-12,2.4464705e-14
688.94000,7.5909489e-12,2.4515467e-14
688.95000,7.5924856e-12,2.3900969e-14
688.96000,7.5887277e-12,2.2887905e-14
688.97000,7.5765286e-12,2.1952174e-14
688.98000,7.5604152e-12,2.1291299e-14
688.99000,7.5475956e-12,2.0923579e-14
689.00000,7.5413940e-12,2.0747621e-14
689.01000,7.5406566e-12,2.0677614e-14
689.02000,7.5428661e-12,2.0653910e-14
689.03000,7.5462340e-12,2.0643107e-14
689.04000,7.5499802e-12,2.0629677e-14
689.05000,7.5536279e-12,2.0613005e-14
689.06000,7.5564759e-12,2.0598696e-14
689.07000,7.5573900e-12,2.0591740e-14
689.08000,7.5559695e-12,2.0592996e-14
689.09000,7.5527879e-12,2.0605420e-14
689.10000,7.5492028e-12,2.0633321e-14
689.11000,7.5468300e-12,2.0680626e-14
689.12000,7.5475480e-12,2.0765790e-14
689.13000,7.5515360e-12,2.0922367e-14
689.14000,7.5579309e-12,2.1220888e-14
689.15000,7.5635212e-12,2.1802440e-14
689.16000,7.5630574e-12,2.2637626e-14
689.17000,7.5538319e-12,2.3512923e-14
689.18000,7.5415396e-12,2.4054457e-14
689.19000,7.5374551e-12,2.3976030e-14
689.20000,7.5445436e-12,2.3337673e-14
689.21000,7.5565848e-12,2.2538115e-14
689.22000,7.5714589e-12,2.1937867e-14
689.23000,7.5934605e-12,2.1834144e-14
689.24000,7.6193889e-12,2.2189181e-14
689.25000,7.6409381e-12,2.2953988e-14
689.26000,7.6501285e-12,2.3928318e-14
689.27000,7.6467117e-12,2.4654163e-14
689.28000,7.6349827e-12,2.4682227e-14
689.29000,7.6200450e-12,2.3973160e-14
689.30000,7.6048291e-12,2.2879501e-14
689.31000,7.5893500e-12,2.1871864e-14
689.32000,7.5741327e-12,2.1161315e-14
689.33000,7.5611406e-12,2.0751766e-14
689.34000,7.5520887e-12,2.0583926e-14
689.35000,7.5452731e-12,2.0523540e-14
689.36000,7.5383857e-12,2.0506049e-14
689.37000,7.5304301e-12,2.0495086e-14
689.38000,7.5228874e-12,2.0478622e-14
689.39000,7.5195563e-12,2.0464986e-14
689.40000,7.5225676e-12,2.0463055e-14
689.41000,7.5316260e-12,2.0473332e-14
689.42000,7.5436654e-12,2.0486845e-14
689.43000,7.5533833e-12,2.0492830e-14
689.44000,7.5581674e-12,2.0489602e-14
689.45000,7.5579454e-12,2.0482811e-14
689.46000,7.5551993e-12,2.0482688e-14
689.47000,7.5520856e-12,2.0499807e-14
689.48000,7.5502271e-12,2.0545191e-14
689.49000,7.5511451e-12,2.0640875e-14
689.50000,7.5567569e-12,2.0862959e-14
689.51000,7.5655835e-12,2.1279355e-14
689.52000,7.5734133e-12,2.1950920e-14
689.53000,7.5726862e-12,2.2834441e-14
689.54000,7.5631190e-12,2.3610121e-14
689.55000,7.5545161e-12,2.3907769e-14
689.56000,7.5570652e-12,2.3570274e-14
689.57000,7.5696858e-12,2.2821777e-14
689.58000,7.5831033e-12,2.2075718e-14
689.59000,7.5922695e-12,2.1614858e-14
689.60000,7.5973889e-12,2.1537373e-14
689.61000,7.5994962e-12,2.1865930e-14
689.62000,7.5992150e-12,2.2304205e-14
689.63000,7.5947718e-12,2.2451499e-14
689.64000,7.5840567e-12,2.1839391e-14
689.65000,7.5685842e-12,2.0438188e-14
689.66000,7.5510474e-12,1.8686752e-14
689.67000,7.5321755e-12,1.7126114e-14
689.68000,7.5120624e-12,1.6049858e-14
689.69000,7.4942407e-12,1.5481938e-14
689.70000,7.4823124e-12,1.5205962e-14
689.71000,7.4771942e-12,1.5083643e-14
689.72000,7.4775551e-12,1.5037772e-14
689.73000,7.4797076e-12,1.5012152e-14
689.74000,7.4821069e-12,1.4992086e-14
689.75000,7.4841876e-12,1.4974686e-14
689.76000,7.4860666e-12,1.4962972e-14
689.77000,7.4880400e-12,1.4960640e-14
689.78000,7.4900401e-12,1.4966031e-14
689.79000,7.4916232e-12,1.4973617e-14
689.80000,7.4921027e-12,1.4975516e-14
689.81000,7.4916062e-12,1.4969587e-14
689.82000,7.4903462e-12,1.4957832e-14
689.83000,7.4882653e-12,1.4944967e-14
689.84000,7.4849667e-12,1.4935903e-14
689.85000,7.4799236e-12,1.4933416e-14
689.86000,7.4734477e-12,1.4939893e-14
689.87000,7.4670278e-12,1.4961410e-14
689.88000,7.4629658e-12,1.5022322e-14
689.89000,7.4620082e-12,1.5155777e-14
689.90000,7.4631751e-12,1.5411330e-14
689.91000,7.4643632e-12,1.5877937e-14
689.92000,7.4655064e-12,1.6494508e-14
689.93000,7.4687684e-12,1.7088377e-14
689.94000,7.4751983e-12,1.7379853e-14
689.95000,7.4826553e-12,1.7212889e-14
689.96000,7.4882656e-12,1.6707930e-14
689.97000,7.4901923e-12,1.6146988e-14
689.98000,7.4881388e-12,1.5771008e-14
689.99000,7.4838303e-12,1.5737889e-14
690.00000,7.4797274e-12,1.6017149e-14
690.01000,7.4767150e-12,1.6540731e-14
690.02000,7.4769669e-12,1.7114937e-14
690.03000,7.4836263e-12,1.7426820e-14
690.04000,7.4957567e-12,1.7284784e-14
690.05000,7.5053194e-12,1.6739040e-14
690.06000,7.5042364e-12,1.6074168e-14
690.07000,7.4938767e-12,1.5540378e-14
690.08000,7.4810995e-12,1.5205734e-14
690.09000,7.4703692e-12,1.5031189e-14
690.10000,7.4627854e-12,1.4961464e-14
690.11000,7.4570948e-12,1.4927885e-14
690.12000,7.4530454e-12,1.4908321e-14
690.13000,7.4508435e-12,1.4894357e-14
690.14000,7.4500380e-12,1.4884229e-14
690.15000,7.4497348e-12,1.4878883e-14
690.16000,7.4488536e-12,1.4877091e-14
690.17000,7.4469894e-12,1.4875431e-14
690.18000,7.4450292e-12,1.4871155e-14
690.19000,7.4441665e-12,1.4864885e-14
690.20000,7.4449492e-12,1.4859219e-14
690.21000,7.4471912e-12,1.4858067e-14
690.22000,7.4495744e-12,1.4861675e-14
690.23000,7.4512932e-12,1.4868222e-14
690.24000,7.4522645e-12,1.4873834e-14
690.25000,7.4535471e-12,1.4875037e-14
690.26000,7.4561893e-12,1.4872067e-14
690.27000,7.4600557e-12,1.4868800e-14
690.28000,7.4637327e-12,1.4871615e-14
690.29000,7.4656040e-12,1.4894917e-14
690.30000,7.4661252e-12,1.4959051e-14
690.31000,7.4671303e-12,1.5100601e-14
690.32000,7.4703357e-12,1.5403832e-14
690.33000,7.4738040e-12,1.5870765e-14
690.34000,7.4755624e-12,1.6429817e-14
690.35000,7.4756675e-12,1.6882403e-14
690.36000,7.4749130e-12,1.6995038e-14
690.37000,7.4726014e-12,1.6709722e-14
690.38000,7.4684677e-12,1.6205323e-14
690.39000,7.4629034e-12,1.5740079e-14
690.40000,7.4566929e-12,1.5523032e-14
690.41000,7.4514161e-12,1.5586748e-14
690.42000,7.4483307e-12,1.5918880e-14
690.43000,7.4479563e-12,1.6442860e-14
690.44000,7.4502543e-12,1.6890288e-14
690.45000,7.4566397e-12,1.7017537e-14
690.46000,7.4651975e-12,1.6726459e-14
690.47000,7.4686283e-12,1.6186906e-14
690.48000,7.4634344e-12,1.5649834e-14
690.49000,7.4542036e-12,1.5257439e-14
690.50000,7.4468579e-12,1.5028446e-14
690.51000,7.4434020e-12,1.4925782e-14
690.52000,7.4416778e-12,1.4880864e-14
690.53000,7.4399797e-12,1.4861586e-14
690.54000,7.4369699e-12,1.4849882e-14
690.55000,7.4314263e-12,1.4833337e-14
690.56000,7.4209422e-12,1.4808070e-14
690.57000,7.4033285e-12,1.4776395e-14
690.58000,7.3797681e-12,1.4746609e-14
690.59000,7.3567426e-12,1.4728126e-14
690.60000,7.3423888e-12,1.4724848e-14
690.61000,7.3423616e-12,1.4735053e-14
690.62000,7.3580981e-12,1.4753190e-14
690.63000,7.3802773e-12,1.4770508e-14
690.64000,7.4018894e-12,1.4782203e-14
690.65000,7.4175003e-12,1.4785315e-14
690.66000,7.4268526e-12,1.4782814e-14
690.67000,7.4312330e-12,1.4779159e-14
690.68000,7.4322634e-12,1.4778986e-14
690.69000,7.4315709e-12,1.4784801e-14
690.70000,7.4303319e-12,1.4795675e-14
690.71000,7.4295732e-12,1.4808415e-14
690.72000,7.4299824e-12,1.4820660e-14
690.73000,7.4318049e-12,1.4837072e-14
690.74000,7.4342685e-12,1.4874417e-14
690.75000,7.4366669e-12,1.4967568e-14
690.76000,7.4380279e-12,1.5183089e-14
690.77000,7.4376885e-12,1.5546794e-14
690.78000,7.4356540e-12,1.6016266e-14
690.79000,7.4329982e-12,1.6436073e-14
690.80000,7.4313643e-12,1.6587630e-14
690.81000,7.4308053e-12,1.6375559e-14
690.82000,7.4290624e-12,1.5938880e-14
690.83000,7.4232510e-12,1.5500036e-14
690.84000,7.4119887e-12,1.5275750e-14
690.85000,7.3988440e-12,1.5309313e-14
690.86000,7.3867283e-12,1.5598842e-14
690.87000,7.3783561e-12,1.6072144e-14
690.88000,7.3758472e-12,1.6489530e-14
690.89000,7.3812508e-12,1.6625103e-14
690.90000,7.3927776e-12,1.6387802e-14
690.91000,7.4041933e-12,1.5917585e-14
690.92000,7.4115456e-12,1.5445587e-14
690.93000,7.4156518e-12,1.5106163e-14
690.94000,7.4184604e-12,1.4918974e-14
690.95000,7.4209066e-12,1.4851612e-14
690.96000,7.4231499e-12,1.4830732e-14
690.97000,7.4249415e-12,1.4824105e-14
690.98000,7.4259414e-12,1.4813187e-14
690.99000,7.4264108e-12,1.4794825e-14
691.00000,7.4268231e-12,1.4774676e-14
691.01000,7.4275036e-12,1.4758989e-14
691.02000,7.4283494e-12,1.4751000e-14
691.03000,7.4289380e-12,1.4750145e-14
691.04000,7.4289296e-12,1.4753515e-14
691.05000,7.4281677e-12,1.4758359e-14
691.06000,7.4267231e-12,1.4763556e-14
691.07000,7.4250798e-12,1.4768903e-14
691.08000,7.4235973e-12,1.4774650e-14
691.09000,7.4224914e-12,1.4782686e-14
691.10000,7.4216590e-12,1.4795150e-14
691.11000,7.4208946e-12,1.4812345e-14
691.12000,7.4197231e-12,1.4832173e-14
691.13000,7.4174685e-12,1.4860541e-14
691.14000,7.4138102e-12,1.4945896e-14
691.15000,7.4093756e-12,1.5180099e-14
691.16000,7.4057240e-12,1.5689839e-14
691.17000,7.4053197e-12,1.6621944e-14
691.18000,7.4087792e-12,1.7878161e-14
691.19000,7.4155453e-12,1.9266414e-14
691.20000,7.4243528e-12,2.0488037e-14
691.21000,7.4334959e-12,2.1406685e-14
691.22000,7.4420716e-12,2.2056459e-14
691.23000,7.4483704e-12,2.2583303e-14
691.24000,7.4499276e-12,2.3143146e-14
691.25000,7.4463477e-12,2.3704777e-14
691.26000,7.4415710e-12,2.4095342e-14
691.27000,7.4403798e-12,2.4132492e-14
691.28000,7.4426690e-12,2.3777824e-14
691.29000,7.4448670e-12,2.3263184e-14
691.30000,7.4459682e-12,2.2825339e-14
691.31000,7.4475557e-12,2.2689687e-14
691.32000,7.4499518e-12,2.2857772e-14
691.33000,7.4516575e-12,2.3284017e-14
691.34000,7.4507269e-12,2.3812468e-14
691.35000,7.4465424e-12,2.4155655e-14
691.36000,7.4396865e-12,2.4104187e-14
691.37000,7.4312788e-12,2.3676159e-14
691.38000,7.4218810e-12,2.3092702e-14
691.39000,7.4119566e-12,2.2591625e-14
691.40000,7.4033953e-12,2.2261463e-14
691.41000,7.3984855e-12,2.2087568e-14
691.42000,7.3991336e-12,2.2022632e-14
691.43000,7.4036137e-12,2.1989618e-14
691.44000,7.4107219e-12,2.1966293e-14
691.45000,7.4188810e-12,2.1954106e-14
691.46000,7.4256581e-12,2.1960239e-14
691.47000,7.4287923e-12,2.1980863e-14
691.48000,7.4269050e-12,2.1999359e-14
691.49000,7.4202710e-12,2.1998351e-14
691.50000,7.4103846e-12,2.1977103e-14
691.51000,7.3993686e-12,2.1950470e-14
691.52000,7.3889358e-12,2.1932287e-14
691.53000,7.3805306e-12,2.1923972e-14
691.54000,7.3743716e-12,2.1912333e-14
691.55000,7.3706684e-12,2.1891146e-14
691.56000,7.3697492e-12,2.1868217e-14
691.57000,7.3707649e-12,2.1862780e-14
691.58000,7.3728474e-12,2.1884658e-14
691.59000,7.3749939e-12,2.1925351e-14
691.60000,7.3766436e-12,2.1957317e-14
691.61000,7.3781653e-12,2.1957445e-14
691.62000,7.3800707e-12,2.1925694e-14
691.63000,7.3822973e-12,2.1881117e-14
691.64000,7.3839684e-12,2.1851549e-14
691.65000,7.3845442e-12,2.1852152e-14
691.66000,7.3842079e-12,2.1887708e-14
691.67000,7.3839182e-12,2.1952422e-14
691.68000,7.3846643e-12,2.2013489e-14
691.69000,7.3869495e-12,2.2046954e-14
691.70000,7.3909057e-12,2.2055295e-14
691.71000,7.3959297e-12,2.2094116e-14
691.72000,7.4012101e-12,2.2246109e-14
691.73000,7.4055590e-12,2.2556698e-14
691.74000,7.4077926e-12,2.2975961e-14
691.75000,7.4086012e-12,2.3333291e-14
691.76000,7.4103244e-12,2.3474131e-14
691.77000,7.4137951e-12,2.3347996e-14
691.78000,7.4170585e-12,2.3025398e-14
691.79000,7.4187132e-12,2.2706737e-14
691.80000,7.4192587e-12,2.2510954e-14
691.81000,7.4192469e-12,2.2535932e-14
691.82000,7.4184333e-12,2.2766313e-14
691.83000,7.4166624e-12,2.3115102e-14
691.84000,7.4148717e-12,2.3401791e-14
691.85000,7.4145771e-12,2.3428330e-14
691.86000,7.4160851e-12,2.3156681e-14
691.87000,7.4179624e-12,2.2724190e-14
691.88000,7.4183395e-12,2.2305685e-14
691.89000,7.4164884e-12,2.2016263e-14
691.90000,7.4136661e-12,2.1848900e-14
691.91000,7.4111140e-12,2.1773992e-14
691.92000,7.4098570e-12,2.1770763e-14
691.93000,7.4096813e-12,2.1803871e-14
691.94000,7.4101010e-12,2.1861273e-14
691.95000,7.4106223e-12,2.1935930e-14
691.96000,7.4110621e-12,2.2020037e-14
691.97000,7.4116531e-12,2.2107708e-14
691.98000,7.4127202e-12,2.2192135e-14
691.99000,7.4145016e-12,2.2266409e-14
692.00000,7.4170725e-12,2.2325277e-14
692.01000,7.4202000e-12,2.2369291e-14
692.02000,7.4235039e-12,2.2399515e-14
692.03000,7.4260802e-12,2.2412679e-14
692.04000,7.4271108e-12,2.2410206e-14
692.05000,7.4261790e-12,2.2391773e-14
692.06000,7.4234970e-12,2.2357062e-14
692.07000,7.4204122e-12,2.2310495e-14
692.08000,7.4177223e-12,2.2252601e-14
692.09000,7.4154405e-12,2.2183522e-14
692.10000,7.4126978e-12,2.2106131e-14
692.11000,7.4085520e-12,2.2025592e-14
692.12000,7.4029513e-12,2.1948438e-14
692.13000,7.3967085e-12,2.1881709e-14
692.14000,7.3909736e-12,2.1834757e-14
692.15000,7.3862387e-12,2.1811124e-14
692.16000,7.3824960e-12,2.1813361e-14
692.17000,7.3793816e-12,2.1842726e-14
692.18000,7.3755146e-12,2.1879467e-14
692.19000,7.3686230e-12,2.1902434e-14
692.20000,7.3554098e-12,2.1891329e-14
692.21000,7.3354786e-12,2.1855679e-14
692.22000,7.3126098e-12,2.1841015e-14
692.23000,7.2947591e-12,2.1918841e-14
692.24000,7.2910917e-12,2.2162271e-14
692.25000,7.3061432e-12,2.2588336e-14
692.26000,7.3354655e-12,2.3092403e-14
692.27000,7.3699413e-12,2.3482845e-14
692.28000,7.3976687e-12,2.3531031e-14
692.29000,7.4135926e-12,2.3272834e-14
692.30000,7.4184712e-12,2.2862152e-14
692.31000,7.4164675e-12,2.2531907e-14
692.32000,7.4143481e-12,2.2408561e-14
692.33000,7.4150919e-12,2.2524906e-14
692.34000,7.4190415e-12,2.2853111e-14
692.35000,7.4230678e-12,2.3240461e-14
692.36000,7.4246619e-12,2.3495562e-14
692.37000,7.4245221e-12,2.3489410e-14
692.38000,7.4248653e-12,2.3238146e-14
692.39000,7.4253586e-12,2.2882594e-14
692.40000,7.4238256e-12,2.2565722e-14
692.41000,7.4186928e-12,2.2355137e-14
692.42000,7.4095904e-12,2.2266870e-14
692.43000,7.3990834e-12,2.2246870e-14
692.44000,7.3894282e-12,2.2261226e-14
692.45000,7.3828168e-12,2.2278340e-14
692.46000,7.3793533e-12,2.2279898e-14
692.47000,7.3787433e-12,2.2273448e-14
692.48000,7.3806630e-12,2.2279403e-14
692.49000,7.3842866e-12,2.2311858e-14
692.50000,7.3885193e-12,2.2363003e-14
692.51000,7.3920504e-12,2.2411314e-14
692.52000,7.3938558e-12,2.2437972e-14
692.53000,7.3936685e-12,2.2444499e-14
692.54000,7.3922165e-12,2.2450940e-14
692.55000,7.3903219e-12,2.2474012e-14
692.56000,7.3889137e-12,2.2515141e-14
692.57000,7.3886054e-12,2.2551746e-14
692.58000,7.3898032e-12,2.2564447e-14
692.59000,7.3927076e-12,2.2537586e-14
692.60000,7.3962532e-12,2.2475740e-14
692.61000,7.3988001e-12,2.2378843e-14
692.62000,7.3982506e-12,2.2247109e-14
692.63000,7.3931678e-12,2.2098869e-14
692.64000,7.3836610e-12,2.1973795e-14
692.65000,7.3719631e-12,2.1914347e-14
692.66000,7.3617326e-12,2.1948713e-14
692.67000,7.3564841e-12,2.2083990e-14
692.68000,7.3566882e-12,2.2287141e-14
692.69000,7.3613042e-12,2.2520220e-14
692.70000,7.3684644e-12,2.2736454e-14
692.71000,7.3751845e-12,2.2905717e-14
692.72000,7.3794729e-12,2.3018606e-14
692.73000,7.3796367e-12,2.3080891e-14
692.74000,7.3768074e-12,2.3124648e-14
692.75000,7.3730634e-12,2.3168254e-14
692.76000,7.3705648e-12,2.3225401e-14
692.77000,7.3700618e-12,2.3313962e-14
692.78000,7.3703670e-12,2.3461260e-14
692.79000,7.3692512e-12,2.3679532e-14
692.80000,7.3641792e-12,2.3940297e-14
692.81000,7.3543976e-12,2.4157484e-14
692.82000,7.3433023e-12,2.4259954e-14
692.83000,7.3354945e-12,2.4234320e-14
692.84000,7.3358424e-12,2.4143919e-14
692.85000,7.3440210e-12,2.4099353e-14
692.86000,7.3594930e-12,2.4150590e-14
692.87000,7.3804808e-12,2.4311042e-14
692.88000,7.4009588e-12,2.4522922e-14
692.89000,7.4152429e-12,2.4723883e-14
692.90000,7.4192953e-12,2.4834006e-14
692.91000,7.4143171e-12,2.4795742e-14
692.92000,7.4040787e-12,2.4609836e-14
692.93000,7.3922121e-12,2.4333337e-14
692.94000,7.3803099e-12,2.4041437e-14
692.95000,7.3675833e-12,2.3786394e-14
692.96000,7.3539187e-12,2.3586591e-14
692.97000,7.3414910e-12,2.3448742e-14
692.98000,7.3363927e-12,2.3381861e-14
692.99000,7.3413018e-12,2.3364038e-14
693.00000,7.3559919e-12,2.3375070e-14
693.01000,7.3764215e-12,2.3389590e-14
693.02000,7.3949481e-12,2.3389007e-14
693.03000,7.4076229e-12,2.3372119e-14
693.04000,7.4130092e-12,2.3348548e-14
693.05000,7.4131060e-12,2.3331027e-14
693.06000,7.4103744e-12,2.3319479e-14
693.07000,7.4073701e-12,2.3301958e-14
693.08000,7.4058167e-12,2.3261110e-14
693.09000,7.4050047e-12,2.3182518e-14
693.10000,7.4029562e-12,2.3063178e-14
693.11000,7.3984393e-12,2.2901663e-14
693.12000,7.3921425e-12,2.2697073e-14
693.13000,7.3863077e-12,2.2472694e-14
693.14000,7.3825820e-12,2.2255119e-14
693.15000,7.3823049e-12,2.2074169e-14
693.16000,7.3845325e-12,2.1928153e-14
693.17000,7.3882248e-12,2.1811642e-14
693.18000,7.3918386e-12,2.1723889e-14
693.19000,7.3936856e-12,2.1663960e-14
693.20000,7.3926028e-12,2.1637020e-14
693.21000,7.3882112e-12,2.1649497e-14
693.22000,7.3814660e-12,2.1708406e-14
693.23000,7.3747334e-12,2.1816740e-14
693.24000,7.3708035e-12,2.1960901e-14
693.25000,7.3718284e-12,2.2116364e-14
693.26000,7.3776705e-12,2.2261928e-14
693.27000,7.3845607e-12,2.2394144e-14
693.28000,7.3886482e-12,2.2515846e-14
693.29000,7.3870678e-12,2.2619307e-14
693.30000,7.3826613e-12,2.2692382e-14
693.31000,7.3790649e-12,2.2719275e-14
693.32000,7.3800754e-12,2.2683345e-14
693.33000,7.3855283e-12,2.2599838e-14
693.34000,7.3928731e-12,2.2497853e-14
693.35000,7.3991577e-12,2.2423842e-14
693.36000,7.4027469e-12,2.2416773e-14
693.37000,7.4031566e-12,2.2468161e-14
693.38000,7.4003563e-12,2.2523729e-14
693.39000,7.3951324e-12,2.2516420e-14
693.40000,7.3890212e-12,2.2420042e-14
693.41000,7.3836462e-12,2.2276155e-14
693.42000,7.3806203e-12,2.2145541e-14
693.43000,7.3820055e-12,2.2089855e-14
693.44000,7.3869876e-12,2.2114037e-14
693.45000,7.3934876e-12,2.2201591e-14
693.46000,7.3978047e-12,2.2304400e-14
693.47000,7.3979090e-12,2.2352884e-14
693.48000,7.3935513e-12,2.2309790e-14
693.49000,7.3862366e-12,2.2182079e-14
693.50000,7.3794029e-12,2.2039527e-14
693.51000,7.3749918e-12,2.1932332e-14
693.52000,7.3730484e-12,2.1870550e-14
693.53000,7.3725350e-12,2.1830266e-14
693.54000,7.3730840e-12,2.1788943e-14
693.55000,7.3750098e-12,2.1744184e-14
693.56000,7.3786346e-12,2.1705980e-14
693.57000,7.3834224e-12,2.1683603e-14
693.58000,7.3877211e-12,2.1672736e-14
693.59000,7.3898606e-12,2.1665355e-14
693.60000,7.3883342e-12,2.1655294e-14
693.61000,7.3844287e-12,2.1643260e-14
693.62000,7.3795200e-12,2.1631510e-14
693.63000,7.3747130e-12,2.1621463e-14
693.64000,7.3699545e-12,2.1612697e-14
693.65000,7.3646105e-12,2.1606454e-14
693.66000,7.3587863e-12,2.1609698e-14
693.67000,7.3540745e-12,2.1637495e-14
693.68000,7.3524843e-12,2.1709693e-14
693.69000,7.3549101e-12,2.1832166e-14
693.70000,7.3606514e-12,2.1977610e-14
693.71000,7.3679679e-12,2.2084973e-14
693.72000,7.3746206e-12,2.2109646e-14
693.73000,7.3781825e-12,2.2047812e-14
693.74000,7.3767982e-12,2.1942841e-14
693.75000,7.3722170e-12,2.1851092e-14
693.76000,7.3672076e-12,2.1793738e-14
693.77000,7.3648949e-12,2.1760319e-14
693.78000,7.3650625e-12,2.1721959e-14
693.79000,7.3659574e-12,2.1670018e-14
693.80000,7.3653902e-12,2.1608990e-14
693.81000,7.3628650e-12,2.1552354e-14
693.82000,7.3590893e-12,2.1507706e-14
693.83000,7.3549994e-12,2.1478158e-14
693.84000,7.3515692e-12,2.1463026e-14
693.85000,7.3495809e-12,2.1466267e-14
693.86000,7.3493170e-12,2.1496753e-14
693.87000,7.3502378e-12,2.1567591e-14
693.88000,7.3513435e-12,2.1687913e-14
693.89000,7.3523260e-12,2.1840200e-14
693.90000,7.3539779e-12,2.1985136e-14
693.91000,7.3569564e-12,2.2071343e-14
693.92000,7.3594645e-12,2.2099700e-14
693.93000,7.3587826e-12,2.2108080e-14
693.94000,7.3532034e-12,2.2163170e-14
693.95000,7.3468020e-12,2.2267873e-14
693.96000,7.3437712e-12,2.2369284e-14
693.97000,7.3466768e-12,2.2377670e-14
693.98000,7.3517991e-12,2.2260928e-14
693.99000,7.3542587e-12,2.2051792e-14
694.00000,7.3514363e-12,2.1823518e-14
694.01000,7.3449152e-12,2.1655055e-14
694.02000,7.3371953e-12,2.1582602e-14
694.03000,7.3298951e-12,2.1605671e-14
694.04000,7.3243737e-12,2.1698898e-14
694.05000,7.3224496e-12,2.1819072e-14
694.06000,7.3247747e-12,2.1912098e-14
694.07000,7.3304848e-12,2.1930247e-14
694.08000,7.3374267e-12,2.1853237e-14
694.09000,7.3434417e-12,2.1727575e-14
694.10000,7.3471589e-12,2.1604903e-14
694.11000,7.3468503e-12,2.1540054e-14
694.12000,7.3430268e-12,2.1544547e-14
694.13000,7.3365852e-12,2.1623017e-14
694.14000,7.3296550e-12,2.1770103e-14
694.15000,7.3253427e-12,2.1932917e-14
694.16000,7.3256354e-12,2.2052926e-14
694.17000,7.3306990e-12,2.2076151e-14
694.18000,7.3376359e-12,2.1997416e-14
694.19000,7.3436380e-12,2.1849285e-14
694.20000,7.3476401e-12,2.1680178e-14
694.21000,7.3505873e-12,2.1535949e-14
694.22000,7.3544450e-12,2.1438049e-14
694.23000,7.3603206e-12,2.1382803e-14
694.24000,7.3679667e-12,2.1357820e-14
694.25000,7.3755453e-12,2.1352833e-14
694.26000,7.3809887e-12,2.1360055e-14
694.27000,7.3828331e-12,2.1381046e-14
694.28000,7.3797721e-12,2.1433763e-14
694.29000,7.3735495e-12,2.1530191e-14
694.30000,7.3663709e-12,2.1675304e-14
694.31000,7.3618933e-12,2.1845711e-14
694.32000,7.3618621e-12,2.1969803e-14
694.33000,7.3650612e-12,2.1987065e-14
694.34000,7.3683503e-12,2.1876290e-14
694.35000,7.3689123e-12,2.1704639e-14
694.36000,7.3666441e-12,2.1542531e-14
694.37000,7.3633632e-12,2.1430333e-14
694.38000,7.3615488e-12,2.1370117e-14
694.39000,7.3619555e-12,2.1343344e-14
694.40000,7.3634186e-12,2.1332050e-14
694.41000,7.3638378e-12,2.1323862e-14
694.42000,7.3612632e-12,2.1312793e-14
694.43000,7.3555384e-12,2.1297249e-14
694.44000,7.3475439e-12,2.1278082e-14
694.45000,7.3390461e-12,2.1259105e-14
694.46000,7.3317313e-12,2.1244377e-14
694.47000,7.3264266e-12,2.1235845e-14
694.48000,7.3234922e-12,2.1233291e-14
694.49000,7.3218628e-12,2.1232478e-14
694.50000,7.3210832e-12,2.1231325e-14
694.51000,7.3210329e-12,2.1228936e-14
694.52000,7.3214492e-12,2.1225672e-14
694.53000,7.3220440e-12,2.1222149e-14
694.54000,7.3227206e-12,2.1219812e-14
694.55000,7.3240416e-12,2.1221835e-14
694.56000,7.3270273e-12,2.1233173e-14
694.57000,7.3321826e-12,2.1257925e-14
694.58000,7.3389372e-12,2.1295522e-14
694.59000,7.3457107e-12,2.1335764e-14
694.60000,7.3508651e-12,2.1363657e-14
694.61000,7.3532532e-12,2.1367290e-14
694.62000,7.3526359e-12,2.1346820e-14
694.63000,7.3503093e-12,2.1321014e-14
694.64000,7.3475298e-12,2.1314476e-14
694.65000,7.3448283e-12,2.1369745e-14
694.66000,7.3413690e-12,2.1505898e-14
694.67000,7.3357910e-12,2.1733861e-14
694.68000,7.3280532e-12,2.2028065e-14
694.69000,7.3226564e-12,2.2276392e-14
694.70000,7.3239597e-12,2.2375256e-14
694.71000,7.3328394e-12,2.2256191e-14
694.72000,7.3430877e-12,2.1997187e-14
694.73000,7.3494453e-12,2.1705940e-14
694.74000,7.3500207e-12,2.1472917e-14
694.75000,7.3469368e-12,2.1331224e-14
694.76000,7.3431385e-12,2.1259490e-14
694.77000,7.3403076e-12,2.1223427e-14
694.78000,7.3384971e-12,2.1203129e-14
694.79000,7.3367935e-12,2.1207639e-14
694.80000,7.3345547e-12,2.1246332e-14
694.81000,7.3315572e-12,2.1318901e-14
694.82000,7.3281914e-12,2.1422678e-14
694.83000,7.3257121e-12,2.1548435e-14
694.84000,7.3257781e-12,2.1677609e-14
694.85000,7.3299534e-12,2.1751171e-14
694.86000,7.3367086e-12,2.1730728e-14
694.87000,7.3440665e-12,2.1608088e-14
694.88000,7.3493428e-12,2.1419640e-14
694.89000,7.3518080e-12,2.1253587e-14
694.90000,7.3521171e-12,2.1162688e-14
694.91000,7.3515989e-12,2.1170332e-14
694.92000,7.3513480e-12,2.1229905e-14
694.93000,7.3512252e-12,2.1282943e-14
694.94000,7.3507671e-12,2.1280299e-14
694.95000,7.3498559e-12,2.1213180e-14
694.96000,7.3485853e-12,2.1113054e-14
694.97000,7.3465918e-12,2.1025103e-14
694.98000,7.3427911e-12,2.0991914e-14
694.99000,7.3363178e-12,2.1037222e-14
695.00000,7.3281886e-12,2.1154391e-14
695.01000,7.3211669e-12,2.1316807e-14
695.02000,7.3182979e-12,2.1479903e-14
695.03000,7.3189750e-12,2.1605433e-14
695.04000,7.3205531e-12,2.1673214e-14
695.05000,7.3203346e-12,2.1674209e-14
695.06000,7.3186928e-12,2.1629552e-14
695.07000,7.3171468e-12,2.1552203e-14
695.08000,7.3173062e-12,2.1454206e-14
695.09000,7.3188541e-12,2.1356849e-14
695.10000,7.3210784e-12,2.1273126e-14
695.11000,7.3232827e-12,2.1213102e-14
695.12000,7.3251597e-12,2.1175031e-14
695.13000,7.3267084e-12,2.1158683e-14
695.14000,7.3277386e-12,2.1166340e-14
695.15000,7.3278007e-12,2.1196973e-14
695.16000,7.3264986e-12,2.1249597e-14
695.17000,7.3239975e-12,2.1319723e-14
695.18000,7.3211874e-12,2.1396009e-14
695.19000,7.3190615e-12,2.1460724e-14
695.20000,7.3179897e-12,2.1495522e-14
695.21000,7.3176528e-12,2.1484072e-14
695.22000,7.3173740e-12,2.1418065e-14
695.23000,7.3167110e-12,2.1311348e-14
695.24000,7.3153173e-12,2.1185053e-14
695.25000,7.3120637e-12,2.1069730e-14
695.26000,7.3058897e-12,2.0993182e-14
695.27000,7.2958552e-12,2.0981799e-14
695.28000,7.2821823e-12,2.1069897e-14
695.29000,7.2693796e-12,2.1225275e-14
695.30000,7.2624641e-12,2.1400920e-14
695.31000,7.2672305e-12,2.1518463e-14
695.32000,7.2817328e-12,2.1531171e-14
695.33000,7.3015978e-12,2.1439523e-14
695.34000,7.3205445e-12,2.1284615e-14
695.35000,7.3333622e-12,2.1145898e-14
695.36000,7.3385425e-12,2.1067179e-14
695.37000,7.3370715e-12,2.1052793e-14
695.38000,7.3327350e-12,2.1061943e-14
695.39000,7.3289450e-12,2.1056943e-14
695.40000,7.3275403e-12,2.1029914e-14
695.41000,7.3283007e-12,2.1002891e-14
695.42000,7.3296039e-12,2.0999169e-14
695.43000,7.3303416e-12,2.1015732e-14
695.44000,7.3303768e-12,2.1032203e-14
695.45000,7.3297850e-12,2.1035166e-14
695.46000,7.3280991e-12,2.1032468e-14
695.47000,7.3243864e-12,2.1035058e-14
695.48000,7.3179351e-12,2.1041101e-14
695.49000,7.3098292e-12,2.1040992e-14
695.50000,7.3012967e-12,2.1032518e-14
695.51000,7.2936461e-12,2.1023169e-14
695.52000,7.2876386e-12,2.1022423e-14
695.53000,7.2841701e-12,2.1042557e-14
695.54000,7.2843994e-12,2.1119047e-14
695.55000,7.2871786e-12,2.1281810e-14
695.56000,7.2911852e-12,2.1547628e-14
695.57000,7.2955701e-12,2.1887076e-14
695.58000,7.3005098e-12,2.2176803e-14
695.59000,7.3067322e-12,2.2288600e-14
695.60000,7.3141141e-12,2.2154559e-14
695.61000,7.3204280e-12,2.1856231e-14
695.62000,7.3230607e-12,2.1525674e-14
695.63000,7.3214593e-12,2.1259902e-14
695.64000,7.3174039e-12,2.1095308e-14
695.65000,7.3126610e-12,2.1013184e-14
695.66000,7.3077048e-12,2.0980723e-14
695.67000,7.3025222e-12,2.0969650e-14
695.68000,7.2976616e-12,2.0963809e-14
695.69000,7.2940175e-12,2.0955764e-14
695.70000,7.2921798e-12,2.0943552e-14
695.71000,7.2918969e-12,2.0928766e-14
695.72000,7.2920483e-12,2.0914976e-14
695.73000,7.2919954e-12,2.0905391e-14
695.74000,7.2920660e-12,2.0903179e-14
695.75000,7.2930749e-12,2.0906588e-14
695.76000,7.2955378e-12,2.0912893e-14
695.77000,7.2992891e-12,2.0917572e-14
695.78000,7.3029643e-12,2.0918051e-14
695.79000,7.3056463e-12,2.0914649e-14
695.80000,7.3065873e-12,2.0909530e-14
695.81000,7.3057171e-12,2.0905296e-14
695.82000,7.3028264e-12,2.0902887e-14
695.83000,7.2978439e-12,2.0905214e-14
695.84000,7.2914783e-12,2.0921156e-14
695.85000,7.2840405e-12,2.0967050e-14
695.86000,7.2754569e-12,2.1057531e-14
695.87000,7.2667572e-12,2.1184743e-14
695.88000,7.2617413e-12,2.1309406e-14
695.89000,7.2645110e-12,2.1381245e-14
695.90000,7.2755508e-12,2.1365067e-14
695.91000,7.2897784e-12,2.1272981e-14
695.92000,7.3017469e-12,2.1151831e-14
695.93000,7.3091093e-12,2.1046284e-14
695.94000,7.3127719e-12,2.0976427e-14
695.95000,7.3148735e-12,2.0934398e-14
695.96000,7.3166280e-12,2.0909191e-14
695.97000,7.3185127e-12,2.0894864e-14
695.98000,7.3205028e-12,2.0887838e-14
695.99000,7.3221521e-12,2.0887127e-14
696.00000,7.3222809e-12,2.0892961e-14
696.01000,7.3205789e-12,2.0906729e-14
696.02000,7.3171226e-12,2.0937591e-14
696.03000,7.3116880e-12,2.1014126e-14
696.04000,7.3043349e-12,2.1146676e-14
696.05000,7.2955539e-12,2.1325835e-14
696.06000,7.2883541e-12,2.1499314e-14
696.07000,7.2868816e-12,2.1585860e-14
696.08000,7.2918387e-12,2.1540340e-14
696.09000,7.2991237e-12,2.1371064e-14
696.10000,7.3025160e-12,2.1164460e-14
696.11000,7.3006306e-12,2.0988609e-14
696.12000,7.2955894e-12,2.0874507e-14
696.13000,7.2906020e-12,2.0812778e-14
696.14000,7.2871781e-12,2.0782985e-14
696.15000,7.2858051e-12,2.0770270e-14
696.16000,7.2866397e-12,2.0765570e-14
696.17000,7.2895070e-12,2.0765766e-14
696.18000,7.2936459e-12,2.0769289e-14
696.19000,7.2979415e-12,2.0774445e-14
696.20000,7.3014180e-12,2.0778996e-14
696.21000,7.3038768e-12,2.0781238e-14
696.22000,7.3056136e-12,2.0780541e-14
696.23000,7.3070877e-12,2.0778125e-14
696.24000,7.3085550e-12,2.0776592e-14
696.25000,7.3100524e-12,2.0777774e-14
696.26000,7.3116353e-12,2.0782238e-14
696.27000,7.3132056e-12,2.0788711e-14
696.28000,7.3143160e-12,2.0796607e-14
696.29000,7.3139348e-12,2.0804202e-14
696.30000,7.3121968e-12,2.0807322e-14
696.31000,7.3099917e-12,2.0802250e-14
696.32000,7.3090659e-12,2.0788846e-14
696.33000,7.3104036e-12,2.0776874e-14
696.34000,7.3136430e-12,2.0775697e-14
696.35000,7.3171000e-12,2.0791962e-14
696.36000,7.3183158e-12,2.0821251e-14
696.37000,7.3159736e-12,2.0857476e-14
696.38000,7.3104302e-12,2.0893299e-14
696.39000,7.3046922e-12,2.0918130e-14
696.40000,7.3018432e-12,2.0921287e-14
696.41000,7.3033624e-12,2.0898844e-14
696.42000,7.3077115e-12,2.0862476e-14
696.43000,7.3117772e-12,2.0830657e-14
696.44000,7.3132258e-12,2.0814578e-14
696.45000,7.3112593e-12,2.0813346e-14
696.46000,7.3068200e-12,2.0818154e-14
696.47000,7.3016410e-12,2.0823093e-14
696.48000,7.2974817e-12,2.0827189e-14
696.49000,7.2955092e-12,2.0831215e-14
696.50000,7.2955681e-12,2.0833822e-14
696.51000,7.2967215e-12,2.0831396e-14
696.52000,7.2973936e-12,2.0818752e-14
696.53000,7.2967413e-12,2.0795430e-14
696.54000,7.2950579e-12,2.0763359e-14
696.55000,7.2938567e-12,2.0727699e-14
696.56000,7.2941621e-12,2.0694939e-14
696.57000,7.2959213e-12,2.0669248e-14
696.58000,7.2980871e-12,2.0654316e-14
696.59000,7.2996319e-12,2.0647620e-14
696.60000,7.3003707e-12,2.0647588e-14
696.61000,7.3001103e-12,2.0653017e-14
696.62000,7.2988088e-12,2.0660699e-14
696.63000,7.2965233e-12,2.0668396e-14
696.64000,7.2939861e-12,2.0672446e-14
696.65000,7.2922961e-12,2.0670178e-14
696.66000,7.2916156e-12,2.0661662e-14
696.67000,7.2911378e-12,2.0650253e-14
696.68000,7.2895473e-12,2.0641375e-14
696.69000,7.2862531e-12,2.0636749e-14
696.70000,7.2814408e-12,2.0634587e-14
696.71000,7.2760059e-12,2.0631283e-14
696.72000,7.2706183e-12,2.0625926e-14
696.73000,7.2658783e-12,2.0619948e-14
696.74000,7.2626510e-12,2.0614623e-14
696.75000,7.2617887e-12,2.0608905e-14
696.76000,7.2634818e-12,2.0601750e-14
696.77000,7.2672003e-12,2.0594279e-14
696.78000,7.2721017e-12,2.0589030e-14
696.79000,7.2772388e-12,2.0586661e-14
696.80000,7.2812928e-12,2.0585511e-14
696.81000,7.2825650e-12,2.0582817e-14
696.82000,7.2807222e-12,2.0577710e-14
696.83000,7.2768769e-12,2.0571738e-14
696.84000,7.2735015e-12,2.0568526e-14
696.85000,7.2721519e-12,2.0569505e-14
696.86000,7.2728232e-12,2.0573392e-14
696.87000,7.2743296e-12,2.0576348e-14
696.88000,7.2756507e-12,2.0575915e-14
696.89000,7.2768901e-12,2.0572015e-14
696.90000,7.2792018e-12,2.0566802e-14
696.91000,7.2831530e-12,2.0563004e-14
696.92000,7.2885979e-12,2.0561765e-14
696.93000,7.2939630e-12,2.0562445e-14
696.94000,7.2968774e-12,2.0562371e-14
696.95000,7.2957649e-12,2.0560687e-14
696.96000,7.2897814e-12,2.0559322e-14
696.97000,7.2813376e-12,2.0562215e-14
696.98000,7.2726935e-12,2.0571984e-14
696.99000,7.2662342e-12,2.0590367e-14
697.00000,7.2631476e-12,2.0616092e-14
697.01000,7.2637312e-12,2.0647979e-14
697.02000,7.2676916e-12,2.0680770e-14
697.03000,7.2730753e-12,2.0702088e-14
697.04000,7.2776473e-12,2.0700273e-14
697.05000,7.2794196e-12,2.0671892e-14
697.06000,7.2783263e-12,2.0629647e-14
697.07000,7.2762505e-12,2.0589268e-14
697.08000,7.2753379e-12,2.0561442e-14
697.09000,7.2765047e-12,2.0549568e-14
697.10000,7.2786242e-12,2.0549112e-14
697.11000,7.2799164e-12,2.0550983e-14
697.12000,7.2788906e-12,2.0545825e-14
697.13000,7.2751601e-12,2.0533200e-14
697.14000,7.2693640e-12,2.0519825e-14
697.15000,7.2628269e-12,2.0510784e-14
697.16000,7.2574912e-12,2.0501581e-14
697.17000,7.2547619e-12,2.0484459e-14
697.18000,7.2552191e-12,2.0456882e-14
697.19000,7.2583900e-12,2.0427202e-14
697.20000,7.2627210e-12,2.0407484e-14
697.21000,7.2667416e-12,2.0406243e-14
697.22000,7.2692441e-12,2.0426863e-14
697.23000,7.2704989e-12,2.0462317e-14
697.24000,7.2715665e-12,2.0506555e-14
697.25000,7.2738247e-12,2.0553357e-14
697.26000,7.2771860e-12,2.0596134e-14
697.27000,7.2807363e-12,2.0628605e-14
697.28000,7.2830716e-12,2.0640802e-14
697.29000,7.2838495e-12,2.0632878e-14
697.30000,7.2828580e-12,2.0605060e-14
697.31000,7.2789889e-12,2.0556742e-14
697.32000,7.2721387e-12,2.0497095e-14
697.33000,7.2626183e-12,2.0433019e-14
697.34000,7.2518752e-12,2.0375237e-14
697.35000,7.2425961e-12,2.0334162e-14
697.36000,7.2364844e-12,2.0317361e-14
697.37000,7.2347556e-12,2.0330274e-14
697.38000,7.2364741e-12,2.0361065e-14
697.39000,7.2408090e-12,2.0394596e-14
697.40000,7.2470800e-12,2.0414456e-14
697.41000,7.2542682e-12,2.0415895e-14
697.42000,7.2615237e-12,2.0406404e-14
697.43000,7.2674146e-12,2.0396628e-14
697.44000,7.2701965e-12,2.0391346e-14
697.45000,7.2689153e-12,2.0386502e-14
697.46000,7.2642035e-12,2.0378215e-14
697.47000,7.2588446e-12,2.0367817e-14
697.48000,7.2555617e-12,2.0357893e-14
697.49000,7.2555690e-12,2.0345385e-14
697.50000,7.2579660e-12,2.0314128e-14
697.51000,7.2603246e-12,2.0221409e-14
697.52000,7.2602697e-12,2.0000552e-14
697.53000,7.2558804e-12,1.9559780e-14
697.54000,7.2464754e-12,1.8841423e-14
697.55000,7.2330849e-12,1.7902734e-14
697.56000,7.2181470e-12,1.6910788e-14
697.57000,7.2048842e-12,1.6078059e-14
697.58000,7.1951966e-12,1.5502826e-14
697.59000,7.1895076e-12,1.5180274e-14
697.60000,7.1871120e-12,1.5039450e-14
697.61000,7.1867619e-12,1.4987896e-14
697.62000,7.1878679e-12,1.4973731e-14
697.63000,7.1901949e-12,1.4976194e-14
697.64000,7.1931026e-12,1.4987955e-14
697.65000,7.1958631e-12,1.5009166e-14
697.66000,7.1978372e-12,1.5043548e-14
697.67000,7.1992758e-12,1.5088451e-14
697.68000,7.2009178e-12,1.5135769e-14
697.69000,7.2037365e-12,1.5165274e-14
697.70000,7.2074013e-12,1.5165897e-14
697.71000,7.2106153e-12,1.5136410e-14
697.72000,7.2109987e-12,1.5087406e-14
697.73000,7.2085276e-12,1.5038893e-14
697.74000,7.2043840e-12,1.5001393e-14
697.75000,7.2008506e-12,1.4981341e-14
697.76000,7.1991875e-12,1.4972564e-14
697.77000,7.1993997e-12,1.4970811e-14
697.78000,7.2009292e-12,1.4972603e-14
697.79000,7.2026171e-12,1.4975128e-14
697.80000,7.2040880e-12,1.4978575e-14
697.81000,7.2052965e-12,1.4983904e-14
697.82000,7.2064322e-12,1.4990815e-14
697.83000,7.2077076e-12,1.4998446e-14
697.84000,7.2095175e-12,1.5005654e-14
697.85000,7.2120488e-12,1.5011267e-14
697.86000,7.2151314e-12,1.5014309e-14
697.87000,7.2183949e-12,1.5014213e-14
697.88000,7.2216412e-12,1.5012485e-14
697.89000,7.2250466e-12,1.5010873e-14
697.90000,7.2285103e-12,1.5009797e-14
697.91000,7.2309721e-12,1.5007479e-14
697.92000,7.2307736e-12,1.5002493e-14
697.93000,7.2265726e-12,1.4995818e-14
697.94000,7.2188330e-12,1.4990607e-14
697.95000,7.2093191e-12,1.4988710e-14
697.96000,7.2002985e-12,1.4989980e-14
697.97000,7.1940519e-12,1.4992896e-14
697.98000,7.1917260e-12,1.4995843e-14
697.99000,7.1930898e-12,1.4997219e-14
698.00000,7.1965489e-12,1.4996309e-14
698.01000,7.2003469e-12,1.4995618e-14
698.02000,7.2034129e-12,1.4999361e-14
698.03000,7.2050290e-12,1.5010647e-14
698.04000,7.2046098e-12,1.5028556e-14
698.05000,7.2019531e-12,1.5050624e-14
698.06000,7.1975704e-12,1.5076056e-14
698.07000,7.1932683e-12,1.5104821e-14
698.08000,7.1911621e-12,1.5132971e-14
698.09000,7.1926001e-12,1.5151580e-14
698.10000,7.1968160e-12,1.5152057e-14
698.11000,7.2013734e-12,1.5136490e-14
698.12000,7.2039156e-12,1.5112614e-14
698.13000,7.2030957e-12,1.5089020e-14
698.14000,7.1994779e-12,1.5070245e-14
698.15000,7.1940466e-12,1.5058401e-14
698.16000,7.1880754e-12,1.5054904e-14
698.17000,7.1828996e-12,1.5058077e-14
698.18000,7.1797363e-12,1.5065655e-14
698.19000,7.1798067e-12,1.5074642e-14
698.20000,7.1827839e-12,1.5082689e-14
698.21000,7.1880018e-12,1.5089151e-14
698.22000,7.1943323e-12,1.5094691e-14
698.23000,7.2004860e-12,1.5099443e-14
698.24000,7.2057670e-12,1.5100430e-14
698.25000,7.2095830e-12,1.5088317e-14
698.26000,7.2116848e-12,1.5059371e-14
698.27000,7.2113110e-12,1.5014330e-14
698.28000,7.2072760e-12,1.4962382e-14
698.29000,7.2006557e-12,1.4917368e-14
698.30000,7.1927550e-12,1.4888423e-14
698.31000,7.1853518e-12,1.4885683e-14
698.32000,7.1794044e-12,1.4905977e-14
698.33000,7.1751246e-12,1.4947875e-14
698.34000,7.1727287e-12,1.5008392e-14
698.35000,7.1717927e-12,1.5072654e-14
698.36000,7.1724087e-12,1.5131158e-14
698.37000,7.1748727e-12,1.5176964e-14
698.38000,7.1785280e-12,1.5214323e-14
698.39000,7.1827465e-12,1.5248836e-14
698.40000,7.1866784e-12,1.5286049e-14
698.41000,7.1897809e-12,1.5327160e-14
698.42000,7.1921588e-12,1.5368195e-14
698.43000,7.1941670e-12,1.5399218e-14
698.44000,7.1959082e-12,1.5411943e-14
698.45000,7.1968334e-12,1.5404605e-14
698.46000,7.1962183e-12,1.5383091e-14
698.47000,7.1942982e-12,1.5363144e-14
698.48000,7.1916974e-12,1.5354003e-14
698.49000,7.1891265e-12,1.5358766e-14
698.50000,7.1871063e-12,1.5370754e-14
698.51000,7.1857606e-12,1.5383680e-14
698.52000,7.1849250e-12,1.5393667e-14
698.53000,7.1839291e-12,1.5401121e-14
698.54000,7.1819992e-12,1.5409648e-14
698.55000,7.1783550e-12,1.5425875e-14
698.56000,7.1728396e-12,1.5459305e-14
698.57000,7.1660358e-12,1.5520242e-14
698.58000,7.1595463e-12,1.5611206e-14
698.59000,7.1559564e-12,1.5706663e-14
698.60000,7.1572721e-12,1.5763821e-14
698.61000,7.1636184e-12,1.5747187e-14
698.62000,7.1717163e-12,1.5662874e-14
698.63000,7.1781430e-12,1.5549672e-14
698.64000,7.1817818e-12,1.5448179e-14
698.65000,7.1838142e-12,1.5381837e-14
698.66000,7.1851217e-12,1.5347384e-14
698.67000,7.1854620e-12,1.5332670e-14
698.68000,7.1844001e-12,1.5325681e-14
698.69000,7.1821219e-12,1.5323322e-14
698.70000,7.1792830e-12,1.5326470e-14
698.71000,7.1768064e-12,1.5333927e-14
698.72000,7.1751980e-12,1.5338720e-14
698.73000,7.1740555e-12,1.5332242e-14
698.74000,7.1719548e-12,1.5309225e-14
698.75000,7.1676519e-12,1.5273895e-14
698.76000,7.1614209e-12,1.5234741e-14
698.77000,7.1550388e-12,1.5198447e-14
698.78000,7.1504118e-12,1.5165877e-14
698.79000,7.1479915e-12,1.5137984e-14
698.80000,7.1470389e-12,1.5124739e-14
698.81000,7.1468371e-12,1.5146675e-14
698.82000,7.1480027e-12,1.5212627e-14
698.83000,7.1526698e-12,1.5304194e-14
698.84000,7.1619431e-12,1.5365935e-14
698.85000,7.1728887e-12,1.5352916e-14
698.86000,7.1802911e-12,1.5259174e-14
698.87000,7.1810209e-12,1.5133368e-14
698.88000,7.1765450e-12,1.5031489e-14
698.89000,7.1694125e-12,1.4981382e-14
698.90000,7.1617219e-12,1.4974812e-14
698.91000,7.1548588e-12,1.4986314e-14
698.92000,7.1497142e-12,1.4998548e-14
698.93000,7.1463934e-12,1.5007924e-14
698.94000,7.1439706e-12,1.5019897e-14
698.95000,7.1413610e-12,1.5041150e-14
698.96000,7.1380650e-12,1.5073273e-14
698.97000,7.1349392e-12,1.5109213e-14
698.98000,7.1335434e-12,1.5145416e-14
698.99000,7.1348132e-12,1.5218015e-14
699.00000,7.1378006e-12,1.5407571e-14
699.01000,7.1418544e-12,1.5849840e-14
699.02000,7.1478940e-12,1.6715689e-14
699.03000,7.1567133e-12,1.7956572e-14
699.04000,7.1683418e-12,1.9394253e-14
699.05000,7.1813958e-12,2.0697214e-14
699.06000,7.1936809e-12,2.1657161e-14
699.07000,7.2033601e-12,2.2219164e-14
699.08000,7.2087525e-12,2.2454078e-14
699.09000,7.2100416e-12,2.2535788e-14
699.10000,7.2075539e-12,2.2558604e-14
699.11000,7.2024651e-12,2.2560724e-14
699.12000,7.1973029e-12,2.2550399e-14
699.13000,7.1940782e-12,2.2525684e-14
699.14000,7.1938819e-12,2.2488134e-14
699.15000,7.1956190e-12,2.2447430e-14
699.16000,7.1981123e-12,2.2411284e-14
699.17000,7.1999807e-12,2.2384882e-14
699.18000,7.2003771e-12,2.2366998e-14
699.19000,7.1989236e-12,2.2357453e-14
699.20000,7.1962267e-12,2.2358191e-14
699.21000,7.1941166e-12,2.2366310e-14
699.22000,7.1942327e-12,2.2377064e-14
699.23000,7.1973810e-12,2.2384284e-14
699.24000,7.2015604e-12,2.2389800e-14
699.25000,7.2042414e-12,2.2404190e-14
699.26000,7.2023967e-12,2.2450444e-14
699.27000,7.1964017e-12,2.2530999e-14
699.28000,7.1878556e-12,2.2631652e-14
699.29000,7.1801715e-12,2.2705131e-14
699.30000,7.1757188e-12,2.2719986e-14
699.31000,7.1750581e-12,2.2674501e-14
699.32000,7.1767337e-12,2.2608411e-14
699.33000,7.1779526e-12,2.2569153e-14
699.34000,7.1774456e-12,2.2568245e-14
699.35000,7.1756179e-12,2.2577208e-14
699.36000,7.1743192e-12,2.2559139e-14
699.37000,7.1748040e-12,2.2503976e-14
699.38000,7.1776381e-12,2.2430656e-14
699.39000,7.1817645e-12,2.2367672e-14
699.40000,7.1866203e-12,2.2323275e-14
699.41000,7.1916316e-12,2.2291192e-14
699.42000,7.1957675e-12,2.2259268e-14
699.43000,7.1977864e-12,2.2224299e-14
699.44000,7.1959670e-12,2.2189920e-14
699.45000,7.1909123e-12,2.2161021e-14
699.46000,7.1833146e-12,2.2139652e-14
699.47000,7.1747482e-12,2.2125131e-14
699.48000,7.1674373e-12,2.2113745e-14
699.49000,7.1630161e-12,2.2104723e-14
699.50000,7.1631782e-12,2.2097858e-14
699.51000,7.1664056e-12,2.2091651e-14
699.52000,7.1712176e-12,2.2085931e-14
699.53000,7.1759389e-12,2.2080648e-14
699.54000,7.1797353e-12,2.2074212e-14
699.55000,7.1829187e-12,2.2066059e-14
699.56000,7.1861058e-12,2.2059100e-14
699.57000,7.1894363e-12,2.2056416e-14
699.58000,7.1923606e-12,2.2056930e-14
699.59000,7.1938014e-12,2.2057889e-14
699.60000,7.1934740e-12,2.2059398e-14
699.61000,7.1913514e-12,2.2063018e-14
699.62000,7.1873699e-12,2.2066049e-14
699.63000,7.1825417e-12,2.2063457e-14
699.64000,7.1778901e-12,2.2056185e-14
699.65000,7.1750064e-12,2.2050883e-14
699.66000,7.1741778e-12,2.2049743e-14
699.67000,7.1745539e-12,2.2046922e-14
699.68000,7.1741103e-12,2.2036121e-14
699.69000,7.1712898e-12,2.2024927e-14
699.70000,7.1660274e-12,2.2024832e-14
699.71000,7.1591757e-12,2.2044498e-14
699.72000,7.1524791e-12,2.2072761e-14
699.73000,7.1465618e-12,2.2098564e-14
699.74000,7.1417507e-12,2.2113021e-14
699.75000,7.1377367e-12,2.2117018e-14
699.76000,7.1343625e-12,2.2111403e-14
699.77000,7.1316268e-12,2.2098323e-14
699.78000,7.1294082e-12,2.2092882e-14
699.79000,7.1275957e-12,2.2117216e-14
699.80000,7.1256691e-12,2.2205012e-14
699.81000,7.1230220e-12,2.2345683e-14
699.82000,7.1199204e-12,2.2506354e-14
699.83000,7.1182693e-12,2.2618275e-14
699.84000,7.1198813e-12,2.2632478e-14
699.85000,7.1248418e-12,2.2542989e-14
699.86000,7.1316555e-12,2.2381536e-14
699.87000,7.1377131e-12,2.2232168e-14
699.88000,7.1422639e-12,2.2130275e-14
699.89000,7.1455371e-12,2.2081680e-14
699.90000,7.1490104e-12,2.2046350e-14
699.91000,7.1535151e-12,2.2005610e-14
699.92000,7.1593487e-12,2.1960160e-14
699.93000,7.1653914e-12,2.1927910e-14
699.94000,7.1704522e-12,2.1921396e-14
699.95000,7.1727923e-12,2.1947766e-14
699.96000,7.1723217e-12,2.1985706e-14
699.97000,7.1697094e-12,2.2013478e-14
699.98000,7.1666173e-12,2.2006681e-14
699.99000,7.1651055e-12,2.1972913e-14
700.00000,7.1656861e-12,2.1929824e-14
700.01000,7.1675365e-12,2.1899110e-14
700.02000,7.1685779e-12,2.1887310e-14
700.03000,7.1674911e-12,2.1894175e-14
700.04000,7.1630235e-12,2.1923613e-14
700.05000,7.1558098e-12,2.1969528e-14
700.06000,7.1463500e-12,2.2021285e-14
700.07000,7.1361847e-12,2.2048021e-14
700.08000,7.1275197e-12,2.2032863e-14
700.09000,7.1217805e-12,2.1973994e-14
700.10000,7.1195111e-12,2.1892942e-14
700.11000,7.1185443e-12,2.1825879e-14
700.12000,7.1169305e-12,2.1793012e-14
700.13000,7.1124737e-12,2.1800533e-14
700.14000,7.1053158e-12,2.1822025e-14
700.15000,7.0961923e-12,2.1833752e-14
700.16000,7.0862476e-12,2.1813134e-14
700.17000,7.0759175e-12,2.1768187e-14
700.18000,7.0639184e-12,2.1713867e-14
700.19000,7.0464577e-12,2.1669996e-14
700.20000,7.0223963e-12,2.1642530e-14
700.21000,6.9917671e-12,2.1631265e-14
700.22000,6.9573756e-12,2.1638290e-14
700.23000,6.9253217e-12,2.1663639e-14
700.24000,6.9019072e-12,2.1712788e-14
700.25000,6.8970152e-12,2.1795492e-14
700.26000,6.9114772e-12,2.1904791e-14
700.27000,6.9445304e-12,2.2031558e-14
700.28000,6.9907599e-12,2.2155955e-14
700.29000,7.0381787e-12,2.2259654e-14
700.30000,7.0779470e-12,2.2331699e-14
700.31000,7.1025144e-12,2.2369136e-14
700.32000,7.1143350e-12,2.2389227e-14
700.33000,7.1169730e-12,2.2406931e-14
700.34000,7.1148900e-12,2.2435778e-14
700.35000,7.1121376e-12,2.2475483e-14
700.36000,7.1102109e-12,2.2517640e-14
700.37000,7.1092476e-12,2.2545887e-14
700.38000,7.1081320e-12,2.2554783e-14
700.39000,7.1054774e-12,2.2547811e-14
700.40000,7.1009606e-12,2.2531389e-14
700.41000,7.0971395e-12,2.2503845e-14
700.42000,7.0971283e-12,2.2451584e-14
700.43000,7.1017557e-12,2.2362561e-14
700.44000,7.1075196e-12,2.2253785e-14
700.45000,7.1112417e-12,2.2149381e-14
700.46000,7.1115697e-12,2.2070033e-14
700.47000,7.1096295e-12,2.2013922e-14
700.48000,7.1063741e-12,2.1972588e-14
700.49000,7.1027060e-12,2.1933794e-14
700.50000,7.0995565e-12,2.1889297e-14
700.51000,7.0975609e-12,2.1841145e-14
700.52000,7.0967991e-12,2.1810007e-14
700.53000,7.0968968e-12,2.1816331e-14
700.54000,7.0981983e-12,2.1870066e-14
700.55000,7.1022850e-12,2.1952102e-14
700.56000,7.1099416e-12,2.2020677e-14
700.57000,7.1208028e-12,2.2039243e-14
700.58000,7.1326101e-12,2.1998470e-14
700.59000,7.1427203e-12,2.1927884e-14
700.60000,7.1491275e-12,2.1861016e-14
700.61000,7.1507520e-12,2.1817873e-14
700.62000,7.1482643e-12,2.1797126e-14
700.63000,7.1428330e-12,2.1795262e-14
700.64000,7.1365856e-12,2.1812104e-14
700.65000,7.1319700e-12,2.1840979e-14
700.66000,7.1311029e-12,2.1865254e-14
700.67000,7.1343249e-12,2.1865573e-14
700.68000,7.1395399e-12,2.1840972e-14
700.69000,7.1436547e-12,2.1806890e-14
700.70000,7.1444176e-12,2.1785083e-14
700.71000,7.1419566e-12,2.1785255e-14
700.72000,7.1377799e-12,2.1804726e-14
700.73000,7.1338128e-12,2.1829031e-14
700.74000,7.1314208e-12,2.1843462e-14
700.75000,7.1316821e-12,2.1840143e-14
700.76000,7.1348459e-12,2.1825555e-14
700.77000,7.1399212e-12,2.1811924e-14
700.78000,7.1446702e-12,2.1808265e-14
700.79000,7.1469149e-12,2.1811166e-14
700.80000,7.1459776e-12,2.1810166e-14
700.81000,7.1426566e-12,2.1796123e-14
700.82000,7.1384253e-12,2.1774230e-14
700.83000,7.1344077e-12,2.1759420e-14
700.84000,7.1314551e-12,2.1764810e-14
700.85000,7.1299187e-12,2.1784845e-14
700.86000,7.1297308e-12,2.1802163e-14
700.87000,7.1303125e-12,2.1802298e-14
700.88000,7.1309489e-12,2.1791959e-14
700.89000,7.1309395e-12,2.1789405e-14
700.90000,7.1296404e-12,2.1807168e-14
700.91000,7.1270154e-12,2.1837416e-14
700.92000,7.1239668e-12,2.1862733e-14
700.93000,7.1222168e-12,2.1868609e-14
700.94000,7.1226470e-12,2.1853220e-14
700.95000,7.1249042e-12,2.1820920e-14
700.96000,7.1273750e-12,2.1782916e-14
700.97000,7.1288117e-12,2.1750334e-14
700.98000,7.1286400e-12,2.1734259e-14
700.99000,7.1274887e-12,2.1737485e-14
701.00000,7.1262987e-12,2.1755541e-14
701.01000,7.1255306e-12,2.1783348e-14
701.02000,7.1244424e-12,2.1817157e-14
701.03000,7.1218487e-12,2.1857827e-14
701.04000,7.1170050e-12,2.1906854e-14
701.05000,7.1111197e-12,2.1961504e-14
701.06000,7.1063497e-12,2.2014049e-14
701.07000,7.1055888e-12,2.2043886e-14
701.08000,7.1093999e-12,2.2030853e-14
701.09000,7.1163995e-12,2.1970857e-14
701.10000,7.1243192e-12,2.1879274e-14
701.11000,7.1309703e-12,2.1793973e-14
701.12000,7.1357126e-12,2.1733504e-14
701.13000,7.1381942e-12,2.1706765e-14
701.14000,7.1390075e-12,2.1700960e-14
701.15000,7.1383621e-12,2.1705707e-14
701.16000,7.1364166e-12,2.1711462e-14
701.17000,7.1340914e-12,2.1712182e-14
701.18000,7.1319353e-12,2.1707411e-14
701.19000,7.1302137e-12,2.1698413e-14
701.20000,7.1286963e-12,2.1689105e-14
701.21000,7.1272115e-12,2.1681826e-14
701.22000,7.1256932e-12,2.1677322e-14
701.23000,7.1240720e-12,2.1673450e-14
701.24000,7.1221215e-12,2.1668371e-14
701.25000,7.1194174e-12,2.1660886e-14
701.26000,7.1162084e-12,2.1652650e-14
701.27000,7.1133301e-12,2.1646477e-14
701.28000,7.1125662e-12,2.1646237e-14
701.29000,7.1143326e-12,2.1651561e-14
701.30000,7.1180333e-12,2.1660234e-14
701.31000,7.1218507e-12,2.1667603e-14
701.32000,7.1243558e-12,2.1670401e-14
701.33000,7.1251429e-12,2.1667134e-14
701.34000,7.1244851e-12,2.1657555e-14
701.35000,7.1229269e-12,2.1643881e-14
701.36000,7.1205389e-12,2.1628423e-14
701.37000,7.1174002e-12,2.1614401e-14
701.38000,7.1140217e-12,2.1603961e-14
701.39000,7.1108996e-12,2.1598288e-14
701.40000,7.1082797e-12,2.1598153e-14
701.41000,7.1062095e-12,2.1603566e-14
701.42000,7.1049388e-12,2.1615119e-14
701.43000,7.1044510e-12,2.1632582e-14
701.44000,7.1039065e-12,2.1653752e-14
701.45000,7.1021221e-12,2.1675673e-14
701.46000,7.0989386e-12,2.1694283e-14
701.47000,7.0956356e-12,2.1705947e-14
701.48000,7.0939087e-12,2.1708666e-14
701.49000,7.0940145e-12,2.1706952e-14
701.50000,7.0944730e-12,2.1710296e-14
701.51000,7.0931385e-12,2.1729566e-14
701.52000,7.0896059e-12,2.1765975e-14
701.53000,7.0855025e-12,2.1811211e-14
701.54000,7.0832967e-12,2.1856662e-14
701.55000,7.0836010e-12,2.1912072e-14
701.56000,7.0853602e-12,2.1999775e-14
701.57000,7.0879548e-12,2.2126620e-14
701.58000,7.0934035e-12,2.2254738e-14
701.59000,7.1039093e-12,2.2317431e-14
701.60000,7.1173069e-12,2.2267168e-14
701.61000,7.1283655e-12,2.2119237e-14
701.62000,7.1329974e-12,2.1927840e-14
701.63000,7.1318113e-12,2.1762320e-14
701.64000,7.1273524e-12,2.1649967e-14
701.65000,7.1215154e-12,2.1595296e-14
701.66000,7.1153362e-12,2.1575635e-14
701.67000,7.1088519e-12,2.1572195e-14
701.68000,7.1023943e-12,2.1569201e-14
701.69000,7.0971027e-12,2.1557209e-14
701.70000,7.0943198e-12,2.1538801e-14
701.71000,7.0954599e-12,2.1523701e-14
701.72000,7.0995875e-12,2.1520905e-14
701.73000,7.1050896e-12,2.1531707e-14
701.74000,7.1095214e-12,2.1552079e-14
701.75000,7.1110090e-12,2.1570325e-14
701.76000,7.1090027e-12,2.1579014e-14
701.77000,7.1033469e-12,2.1572358e-14
701.78000,7.0958289e-12,2.1556745e-14
701.79000,7.0875307e-12,2.1540352e-14
701.80000,7.0797075e-12,2.1534845e-14
701.81000,7.0731877e-12,2.1541263e-14
701.82000,7.0685642e-12,2.1555037e-14
701.83000,7.0660663e-12,2.1567823e-14
701.84000,7.0645451e-12,2.1577939e-14
701.85000,7.0630487e-12,2.1590763e-14
701.86000,7.0616849e-12,2.1612125e-14
701.87000,7.0619152e-12,2.1635616e-14
701.88000,7.0655487e-12,2.1648133e-14
701.89000,7.0730973e-12,2.1637165e-14
701.90000,7.0822226e-12,2.1608041e-14
701.91000,7.0902994e-12,2.1572972e-14
701.92000,7.0955515e-12,2.1546711e-14
701.93000,7.0985331e-12,2.1535593e-14
701.94000,7.1007078e-12,2.1540294e-14
701.95000,7.1032302e-12,2.1555261e-14
701.96000,7.1055645e-12,2.1571940e-14
701.97000,7.1055707e-12,2.1583918e-14
701.98000,7.1009322e-12,2.1590873e-14
701.99000,7.0914876e-12,2.1596149e-14
702.00000,7.0792169e-12,2.1600987e-14
702.01000,7.0675287e-12,2.1600883e-14
702.02000,7.0589159e-12,2.1590310e-14
702.03000,7.0543310e-12,2.1567928e-14
702.04000,7.0527285e-12,2.1540168e-14
702.05000,7.0524508e-12,2.1515990e-14
702.06000,7.0518291e-12,2.1502178e-14
702.07000,7.0505091e-12,2.1497773e-14
702.08000,7.0491790e-12,2.1497279e-14
702.09000,7.0490036e-12,2.1493741e-14
702.10000,7.0504456e-12,2.1484789e-14
702.11000,7.0531997e-12,2.1471082e-14
702.12000,7.0562822e-12,2.1455891e-14
702.13000,7.0592292e-12,2.1441734e-14
702.14000,7.0617743e-12,2.1431165e-14
702.15000,7.0635390e-12,2.1426284e-14
702.16000,7.0641110e-12,2.1429618e-14
702.17000,7.0634775e-12,2.1444464e-14
702.18000,7.0629568e-12,2.1466590e-14
702.19000,7.0639202e-12,2.1488029e-14
702.20000,7.0676565e-12,2.1495895e-14
702.21000,7.0731162e-12,2.1486311e-14
702.22000,7.0786000e-12,2.1463741e-14
702.23000,7.0816584e-12,2.1441028e-14
702.24000,7.0816568e-12,2.1434436e-14
702.25000,7.0788032e-12,2.1459127e-14
702.26000,7.0737794e-12,2.1535935e-14
702.27000,7.0680917e-12,2.1653286e-14
702.28000,7.0633673e-12,2.1784471e-14
702.29000,7.0626073e-12,2.1869209e-14
702.30000,7.0664479e-12,2.1874340e-14
702.31000,7.0733308e-12,2.1796830e-14
702.32000,7.0793558e-12,2.1672520e-14
702.33000,7.0826906e-12,2.1550654e-14
702.34000,7.0842781e-12,2.1459123e-14
702.35000,7.0864658e-12,2.1405158e-14
702.36000,7.0901159e-12,2.1379209e-14
702.37000,7.0943820e-12,2.1373027e-14
702.38000,7.0970107e-12,2.1379661e-14
702.39000,7.0961528e-12,2.1392821e-14
702.40000,7.0908778e-12,2.1407575e-14
702.41000,7.0826766e-12,2.1420412e-14
702.42000,7.0745884e-12,2.1428406e-14
702.43000,7.0698788e-12,2.1427545e-14
702.44000,7.0692252e-12,2.1415520e-14
702.45000,7.0710490e-12,2.1393695e-14
702.46000,7.0727516e-12,2.1368584e-14
702.47000,7.0735120e-12,2.1347079e-14
702.48000,7.0743539e-12,2.1334030e-14
702.49000,7.0771282e-12,2.1330639e-14
702.50000,7.0825975e-12,2.1335699e-14
702.51000,7.0901362e-12,2.1346472e-14
702.52000,7.0972374e-12,2.1357291e-14
702.53000,7.1017615e-12,2.1365560e-14
702.54000,7.1022533e-12,2.1373613e-14
702.55000,7.1000870e-12,2.1388503e-14
702.56000,7.0972479e-12,2.1414455e-14
702.57000,7.0959018e-12,2.1449405e-14
702.58000,7.0966976e-12,2.1480804e-14
702.59000,7.0989040e-12,2.1502292e-14
702.60000,7.1004799e-12,2.1518117e-14
702.61000,7.0994408e-12,2.1541582e-14
702.62000,7.0949723e-12,2.1578611e-14
702.63000,7.0883031e-12,2.1619873e-14
702.64000,7.0820350e-12,2.1651157e-14
702.65000,7.0767233e-12,2.1672838e-14
702.66000,7.0702002e-12,2.1709032e-14
702.67000,7.0610922e-12,2.1774353e-14
702.68000,7.0510464e-12,2.1856979e-14
702.69000,7.0455259e-12,2.1910053e-14
702.70000,7.0467687e-12,2.1903523e-14
702.71000,7.0526979e-12,2.1835522e-14
702.72000,7.0587225e-12,2.1733863e-14
702.73000,7.0631948e-12,2.1627776e-14
702.74000,7.0672969e-12,2.1531049e-14
702.75000,7.0720877e-12,2.1447452e-14
702.76000,7.0765183e-12,2.1378735e-14
702.77000,7.0780773e-12,2.1326664e-14
702.78000,7.0751220e-12,2.1288988e-14
702.79000,7.0680496e-12,2.1262593e-14
702.80000,7.0595699e-12,2.1245839e-14
702.81000,7.0529889e-12,2.1240454e-14
702.82000,7.0507512e-12,2.1248937e-14
702.83000,7.0533498e-12,2.1268528e-14
702.84000,7.0597827e-12,2.1292211e-14
702.85000,7.0684208e-12,2.1310747e-14
702.86000,7.0766263e-12,2.1316997e-14
702.87000,7.0828060e-12,2.1310685e-14
702.88000,7.0861723e-12,2.1296497e-14
702.89000,7.0876905e-12,2.1283415e-14
702.90000,7.0882359e-12,2.1274978e-14
702.91000,7.0885955e-12,2.1271999e-14
702.92000,7.0895149e-12,2.1270824e-14
702.93000,7.0911541e-12,2.1268573e-14
702.94000,7.0929147e-12,2.1264030e-14
702.95000,7.0935505e-12,2.1258689e-14
702.96000,7.0919165e-12,2.1252447e-14
702.97000,7.0872106e-12,2.1244416e-14
702.98000,7.0806971e-12,2.1237809e-14
702.99000,7.0737202e-12,2.1236390e-14
703.00000,7.0676262e-12,2.1236161e-14
703.01000,7.0627238e-12,2.1229394e-14
703.02000,7.0589786e-12,2.1216187e-14
703.03000,7.0566415e-12,2.1206145e-14
703.04000,7.0561181e-12,2.1201406e-14
703.05000,7.0579667e-12,2.1193219e-14
703.06000,7.0619159e-12,2.1177558e-14
703.07000,7.0666236e-12,2.1166672e-14
703.08000,7.0703429e-12,2.1176411e-14
703.09000,7.0720755e-12,2.1199311e-14
703.10000,7.0720436e-12,2.1210410e-14
703.11000,7.0714302e-12,2.1191245e-14
703.12000,7.0713950e-12,2.1157682e-14
703.13000,7.0724035e-12,2.1143472e-14
703.14000,7.0739548e-12,2.1170549e-14
703.15000,7.0750556e-12,2.1222187e-14
703.16000,7.0745315e-12,2.1256888e-14
703.17000,7.0716622e-12,2.1238078e-14
703.18000,7.0664084e-12,2.1166679e-14
703.19000,7.0595055e-12,2.1072714e-14
703.20000,7.0530822e-12,2.1008524e-14
703.21000,7.0484954e-12,2.1002386e-14
703.22000,7.0461363e-12,2.1070766e-14
703.23000,7.0439100e-12,2.1177065e-14
703.24000,7.0397597e-12,2.1284828e-14
703.25000,7.0317159e-12,2.1344967e-14
703.26000,7.0212769e-12,2.1340665e-14
703.27000,7.0115984e-12,2.1273033e-14
703.28000,7.0086865e-12,2.1164911e-14
703.29000,7.0144415e-12,2.1053475e-14
703.30000,7.0276919e-12,2.0960160e-14
703.31000,7.0427817e-12,2.0893437e-14
703.32000,7.0539968e-12,2.0845996e-14
703.33000,7.0584436e-12,2.0811102e-14
703.34000,7.0566049e-12,2.0784042e-14
703.35000,7.0510308e-12,2.0761793e-14
703.36000,7.0438910e-12,2.0742868e-14
703.37000,7.0368671e-12,2.0726896e-14
703.38000,7.0310915e-12,2.0714475e-14
703.39000,7.0273743e-12,2.0707198e-14
703.40000,7.0258401e-12,2.0707203e-14
703.41000,7.0262198e-12,2.0717379e-14
703.42000,7.0275713e-12,2.0740239e-14
703.43000,7.0289680e-12,2.0778536e-14
703.44000,7.0299867e-12,2.0837339e-14
703.45000,7.0311538e-12,2.0918266e-14
703.46000,7.0333944e-12,2.1020599e-14
703.47000,7.0374789e-12,2.1137629e-14
703.48000,7.0429675e-12,2.1245615e-14
703.49000,7.0493311e-12,2.1318874e-14
703.50000,7.0562283e-12,2.1323361e-14
703.51000,7.0629906e-12,2.1265961e-14
703.52000,7.0686987e-12,2.1165743e-14
703.53000,7.0715795e-12,2.1057119e-14
703.54000,7.0713415e-12,2.0978950e-14
703.55000,7.0682066e-12,2.0954583e-14
703.56000,7.0633256e-12,2.0992344e-14
703.57000,7.0585389e-12,2.1060261e-14
703.58000,7.0553390e-12,2.1119792e-14
703.59000,7.0549301e-12,2.1132517e-14
703.60000,7.0570598e-12,2.1100436e-14
703.61000,7.0608170e-12,2.1054237e-14
703.62000,7.0642648e-12,2.1039655e-14
703.63000,7.0654319e-12,2.1074164e-14
703.64000,7.0628847e-12,2.1143204e-14
703.65000,7.0574853e-12,2.1212443e-14
703.66000,7.0516630e-12,2.1264703e-14
703.67000,7.0481456e-12,2.1307557e-14
703.68000,7.0478316e-12,2.1351720e-14
703.69000,7.0505769e-12,2.1384673e-14
703.70000,7.0553339e-12,2.1377006e-14
703.71000,7.0610566e-12,2.1319025e-14
703.72000,7.0666300e-12,2.1228476e-14
703.73000,7.0713386e-12,2.1145151e-14
703.74000,7.0751640e-12,2.1084140e-14
703.75000,7.0778356e-12,2.1047432e-14
703.76000,7.0789015e-12,2.1025134e-14
703.77000,7.0776256e-12,2.1013785e-14
703.78000,7.0730650e-12,2.1009859e-14
703.79000,7.0663234e-12,2.1006964e-14
703.80000,7.0585945e-12,2.1003485e-14
703.81000,7.0517395e-12,2.1000382e-14
703.82000,7.0468737e-12,2.0999130e-14
703.83000,7.0445454e-12,2.1003143e-14
703.84000,7.0446675e-12,2.1018947e-14
703.85000,7.0464131e-12,2.1047773e-14
703.86000,7.0494363e-12,2.1087714e-14
703.87000,7.0535426e-12,2.1136192e-14
703.88000,7.0578456e-12,2.1195215e-14
703.89000,7.0601664e-12,2.1273338e-14
703.90000,7.0582401e-12,2.1369597e-14
703.91000,7.0520714e-12,2.1461485e-14
703.92000,7.0452086e-12,2.1505527e-14
703.93000,7.0419089e-12,2.1473664e-14
703.94000,7.0442203e-12,2.1368512e-14
703.95000,7.0504358e-12,2.1237427e-14
703.96000,7.0578687e-12,2.1121858e-14
703.97000,7.0638392e-12,2.1045975e-14
703.98000,7.0664488e-12,2.1002835e-14
703.99000,7.0652393e-12,2.0979882e-14
704.00000,7.0605675e-12,2.0967994e-14
704.01000,7.0549751e-12,2.0958468e-14
704.02000,7.0499489e-12,2.0949544e-14
704.03000,7.0465692e-12,2.0941559e-14
704.04000,7.0445070e-12,2.0935235e-14
704.05000,7.0431357e-12,2.0931115e-14
704.06000,7.0414077e-12,2.0929388e-14
704.07000,7.0386962e-12,2.0929894e-14
704.08000,7.0348258e-12,2.0933971e-14
704.09000,7.0300937e-12,2.0943442e-14
704.10000,7.0251089e-12,2.0956277e-14
704.11000,7.0205865e-12,2.0965823e-14
704.12000,7.0173103e-12,2.0963046e-14
704.13000,7.0155515e-12,2.0944971e-14
704.14000,7.0148131e-12,2.0915957e-14
704.15000,7.0138311e-12,2.0884957e-14
704.16000,7.0111282e-12,2.0857790e-14
704.17000,7.0047307e-12,2.0834247e-14
704.18000,6.9918518e-12,2.0808041e-14
704.19000,6.9680838e-12,2.0769593e-14
704.20000,6.9318195e-12,2.0712898e-14
704.21000,6.8844221e-12,2.0638850e-14
704.22000,6.8318543e-12,2.0556856e-14
704.23000,6.7883914e-12,2.0490001e-14
704.24000,6.7666250e-12,2.0458313e-14
704.25000,6.7811201e-12,2.0484080e-14
704.26000,6.8228406e-12,2.0551757e-14
704.27000,6.8807688e-12,2.0643091e-14
704.28000,6.9386418e-12,2.0732370e-14
704.29000,6.9863547e-12,2.0804995e-14
704.30000,7.0204960e-12,2.0856461e-14
704.31000,7.0418332e-12,2.0887196e-14
704.32000,7.0543470e-12,2.0901679e-14
704.33000,7.0598343e-12,2.0901515e-14
704.34000,7.0591196e-12,2.0889777e-14
704.35000,7.0537444e-12,2.0872669e-14
704.36000,7.0464439e-12,2.0858546e-14
704.37000,7.0405045e-12,2.0853423e-14
704.38000,7.0378676e-12,2.0858308e-14
704.39000,7.0381245e-12,2.0867981e-14
704.40000,7.0390533e-12,2.0875626e-14
704.41000,7.0381336e-12,2.0875496e-14
704.42000,7.0341014e-12,2.0865884e-14
704.43000,7.0274554e-12,2.0848057e-14
704.44000,7.0196203e-12,2.0825244e-14
704.45000,7.0127891e-12,2.0804185e-14
704.46000,7.0080735e-12,2.0788604e-14
704.47000,7.0064914e-12,2.0780938e-14
704.48000,7.0073178e-12,2.0778314e-14
704.49000,7.0100620e-12,2.0778307e-14
704.50000,7.0138560e-12,2.0777903e-14
704.51000,7.0174741e-12,2.0775763e-14
704.52000,7.0199185e-12,2.0772460e-14
704.53000,7.0203979e-12,2.0769306e-14
704.54000,7.0191057e-12,2.0766082e-14
704.55000,7.0168231e-12,2.0761703e-14
704.56000,7.0149347e-12,2.0757539e-14
704.57000,7.0142850e-12,2.0757957e-14
704.58000,7.0146372e-12,2.0768870e-14
704.59000,7.0147237e-12,2.0792201e-14
704.60000,7.0134031e-12,2.0824807e-14
704.61000,7.0106108e-12,2.0856243e-14
704.62000,7.0075296e-12,2.0875770e-14
704.63000,7.0058893e-12,2.0874514e-14
704.64000,7.0064195e-12,2.0855539e-14
704.65000,7.0083032e-12,2.0826349e-14
704.66000,7.0097590e-12,2.0795153e-14
704.67000,7.0094441e-12,2.0767817e-14
704.68000,7.0075618e-12,2.0744825e-14
704.69000,7.0055237e-12,2.0727145e-14
704.70000,7.0050060e-12,2.0715166e-14
704.71000,7.0066552e-12,2.0710673e-14
704.72000,7.0096326e-12,2.0713544e-14
704.73000,7.0121959e-12,2.0719208e-14
704.74000,7.0132805e-12,2.0722898e-14
704.75000,7.0133838e-12,2.0721153e-14
704.76000,7.0140772e-12,2.0714298e-14
704.77000,7.0170196e-12,2.0705242e-14
704.78000,7.0226193e-12,2.0698723e-14
704.79000,7.0298714e-12,2.0697996e-14
704.80000,7.0362896e-12,2.0702357e-14
704.81000,7.0393494e-12,2.0707334e-14
704.82000,7.0372729e-12,2.0708952e-14
704.83000,7.0312597e-12,2.0707851e-14
704.84000,7.0241058e-12,2.0707795e-14
704.85000,7.0194657e-12,2.0711479e-14
704.86000,7.0191979e-12,2.0715859e-14
704.87000,7.0227165e-12,2.0716374e-14
704.88000,7.0278308e-12,2.0709176e-14
704.89000,7.0313367e-12,2.0697316e-14
704.90000,7.0314300e-12,2.0684663e-14
704.91000,7.0275823e-12,2.0674604e-14
704.92000,7.0217485e-12,2.0666967e-14
704.93000,7.0159429e-12,2.0661196e-14
704.94000,7.0121458e-12,2.0659377e-14
704.95000,7.0110676e-12,2.0664956e-14
704.96000,7.0128417e-12,2.0681523e-14
704.97000,7.0166585e-12,2.0708985e-14
704.98000,7.0210548e-12,2.0744905e-14
704.99000,7.0237618e-12,2.0786973e-14
705.00000,7.0227757e-12,2.0833397e-14
705.01000,7.0171379e-12,2.0878666e-14
705.02000,7.0090651e-12,2.0908768e-14
705.03000,7.0019832e-12,2.0908969e-14
705.04000,6.9991240e-12,2.0868326e-14
705.05000,7.0004854e-12,2.0804525e-14
705.06000,7.0048030e-12,2.0738070e-14
705.07000,7.0107131e-12,2.0688724e-14
705.08000,7.0164160e-12,2.0658576e-14
705.09000,7.0208943e-12,2.0643762e-14
705.10000,7.0235234e-12,2.0637972e-14
705.11000,7.0249973e-12,2.0634906e-14
705.12000,7.0261236e-12,2.0632165e-14
705.13000,7.0273280e-12,2.0630338e-14
705.14000,7.0281808e-12,2.0632274e-14
705.15000,7.0277052e-12,2.0643099e-14
705.16000,7.0253581e-12,2.0667744e-14
705.17000,7.0215612e-12,2.0708132e-14
705.18000,7.0174434e-12,2.0762016e-14
705.19000,7.0139607e-12,2.0822328e-14
705.20000,7.0118758e-12,2.0877386e-14
705.21000,7.0119202e-12,2.0909830e-14
705.22000,7.0146960e-12,2.0905561e-14
705.23000,7.0202496e-12,2.0854953e-14
705.24000,7.0262119e-12,2.0779163e-14
705.25000,7.0303080e-12,2.0699553e-14
705.26000,7.0301585e-12,2.0636085e-14
705.27000,7.0261680e-12,2.0591716e-14
705.28000,7.0186941e-12,2.0562956e-14
705.29000,7.0082603e-12,2.0543278e-14
705.30000,6.9965566e-12,2.0526861e-14
705.31000,6.9856372e-12,2.0513075e-14
705.32000,6.9781372e-12,2.0503157e-14
705.33000,6.9751912e-12,2.0495894e-14
705.34000,6.9768897e-12,2.0489312e-14
705.35000,6.9817382e-12,2.0485715e-14
705.36000,6.9878563e-12,2.0490899e-14
705.37000,6.9931109e-12,2.0506829e-14
705.38000,6.9963809e-12,2.0525851e-14
705.39000,6.9975776e-12,2.0535741e-14
705.40000,6.9981044e-12,2.0529523e-14
705.41000,6.9990765e-12,2.0509618e-14
705.42000,7.0009017e-12,2.0483020e-14
705.43000,7.0028301e-12,2.0461233e-14
705.44000,7.0042200e-12,2.0450927e-14
705.45000,7.0045925e-12,2.0458477e-14
705.46000,7.0039863e-12,2.0479106e-14
705.47000,7.0020525e-12,2.0507043e-14
705.48000,6.9983627e-12,2.0533550e-14
705.49000,6.9935723e-12,2.0552396e-14
705.50000,6.9887871e-12,2.0558841e-14
705.51000,6.9847203e-12,2.0549531e-14
705.52000,6.9809616e-12,2.0524298e-14
705.53000,6.9766221e-12,2.0485683e-14
705.54000,6.9716179e-12,2.0440781e-14
705.55000,6.9669394e-12,2.0397955e-14
705.56000,6.9643095e-12,2.0366092e-14
705.57000,6.9648880e-12,2.0349921e-14
705.58000,6.9690485e-12,2.0348225e-14
705.59000,6.9745443e-12,2.0335706e-14
705.60000,6.9789279e-12,2.0263187e-14
705.61000,6.9787126e-12,2.0009281e-14
705.62000,6.9724930e-12,1.9517270e-14
705.63000,6.9585783e-12,1.8748942e-14
705.64000,6.9348116e-12,1.7768421e-14
705.65000,6.9025970e-12,1.6775399e-14
705.66000,6.8627469e-12,1.5945065e-14
705.67000,6.8188157e-12,1.5381695e-14
705.68000,6.7779992e-12,1.5050941e-14
705.69000,6.7510484e-12,1.4890954e-14
705.70000,6.7465962e-12,1.4835167e-14
705.71000,6.7668339e-12,1.4845346e-14
705.72000,6.8040465e-12,1.4889052e-14
705.73000,6.8460491e-12,1.4944976e-14
705.74000,6.8818406e-12,1.4997611e-14
705.75000,6.9061247e-12,1.5036553e-14
705.76000,6.9198694e-12,1.5059305e-14
705.77000,6.9251607e-12,1.5065093e-14
705.78000,6.9270638e-12,1.5062033e-14
705.79000,6.9277108e-12,1.5055274e-14
705.80000,6.9286382e-12,1.5048567e-14
705.81000,6.9305041e-12,1.5042556e-14
705.82000,6.9333300e-12,1.5036637e-14
705.83000,6.9363553e-12,1.5030238e-14
705.84000,6.9387319e-12,1.5023219e-14
705.85000,6.9400072e-12,1.5015837e-14
705.86000,6.9402900e-12,1.5009536e-14
705.87000,6.9397311e-12,1.5006013e-14
705.88000,6.9381454e-12,1.5005416e-14
705.89000,6.9351756e-12,1.5005186e-14
705.90000,6.9306268e-12,1.5002103e-14
705.91000,6.9251806e-12,1.4995204e-14
705.92000,6.9197060e-12,1.4986284e-14
705.93000,6.9152531e-12,1.4978711e-14
705.94000,6.9124251e-12,1.4975916e-14
705.95000,6.9114575e-12,1.4980197e-14
705.96000,6.9125423e-12,1.4993884e-14
705.97000,6.9148591e-12,1.5012930e-14
705.98000,6.9179470e-12,1.5031543e-14
705.99000,6.9214543e-12,1.5041206e-14
706.00000,6.9251095e-12,1.5038955e-14
706.01000,6.9286888e-12,1.5026088e-14
706.02000,6.9318453e-12,1.5008854e-14
706.03000,6.9341992e-12,1.4993320e-14
706.04000,6.9355413e-12,1.4983913e-14
706.05000,6.9362168e-12,1.4982521e-14
706.06000,6.9368128e-12,1.4990565e-14
706.07000,6.9378675e-12,1.5005339e-14
706.08000,6.9395701e-12,1.5021276e-14
706.09000,6.9421351e-12,1.5029972e-14
706.10000,6.9453010e-12,1.5027556e-14
706.11000,6.9485583e-12,1.5015863e-14
706.12000,6.9509389e-12,1.4999971e-14
706.13000,6.9519802e-12,1.4986278e-14
706.14000,6.9516221e-12,1.4977151e-14
706.15000,6.9501526e-12,1.4972314e-14
706.16000,6.9480982e-12,1.4969731e-14
706.17000,6.9460869e-12,1.4968142e-14
706.18000,6.9451546e-12,1.4967532e-14
706.19000,6.9460678e-12,1.4968761e-14
706.20000,6.9487005e-12,1.4972440e-14
706.21000,6.9517592e-12,1.4977234e-14
706.22000,6.9535650e-12,1.4979907e-14
706.23000,6.9529185e-12,1.4977318e-14
706.24000,6.9496949e-12,1.4970079e-14
706.25000,6.9443217e-12,1.4963939e-14
706.26000,6.9384220e-12,1.4965750e-14
706.27000,6.9330360e-12,1.4978639e-14
706.28000,6.9289906e-12,1.4998239e-14
706.29000,6.9261105e-12,1.5014060e-14
706.30000,6.9240687e-12,1.5018745e-14
706.31000,6.9221894e-12,1.5010553e-14
706.32000,6.9198176e-12,1.4994239e-14
706.33000,6.9162446e-12,1.4973393e-14
706.34000,6.9104979e-12,1.4949056e-14
706.35000,6.9015552e-12,1.4920963e-14
706.36000,6.8891467e-12,1.4890798e-14
706.37000,6.8747848e-12,1.4863313e-14
706.38000,6.8616167e-12,1.4845341e-14
706.39000,6.8537121e-12,1.4840389e-14
706.40000,6.8536833e-12,1.4847367e-14
706.41000,6.8638576e-12,1.4862434e-14
706.42000,6.8804025e-12,1.4877808e-14
706.43000,6.8997978e-12,1.4889824e-14
706.44000,6.9173790e-12,1.4897830e-14
706.45000,6.9306114e-12,1.4904477e-14
706.46000,6.9378654e-12,1.4912802e-14
706.47000,6.9376103e-12,1.4926849e-14
706.48000,6.9292275e-12,1.4947329e-14
706.49000,6.9108977e-12,1.4967608e-14
706.50000,6.8812602e-12,1.4970979e-14
706.51000,6.8389481e-12,1.4940164e-14
706.52000,6.7856798e-12,1.4872465e-14
706.53000,6.7264033e-12,1.4783478e-14
706.54000,6.6701201e-12,1.4696717e-14
706.55000,6.6287409e-12,1.4633821e-14
706.56000,6.6103695e-12,1.4601565e-14
706.57000,6.6229447e-12,1.4603770e-14
706.58000,6.6554683e-12,1.4626460e-14
706.59000,6.6983619e-12,1.4662638e-14
706.60000,6.7409683e-12,1.4706852e-14
706.61000,6.7785592e-12,1.4753404e-14
706.62000,6.8109682e-12,1.4796310e-14
706.63000,6.8398664e-12,1.4828357e-14
706.64000,6.8655674e-12,1.4846065e-14
706.65000,6.8864307e-12,1.4850708e-14
706.66000,6.9011034e-12,1.4848823e-14
706.67000,6.9090217e-12,1.4846609e-14
706.68000,6.9119790e-12,1.4847757e-14
706.69000,6.9116599e-12,1.4851903e-14
706.70000,6.9093497e-12,1.4858638e-14
706.71000,6.9067860e-12,1.4867766e-14
706.72000,6.9048100e-12,1.4880053e-14
706.73000,6.9038002e-12,1.4894532e-14
706.74000,6.9031935e-12,1.4907533e-14
706.75000,6.9022327e-12,1.4915705e-14
706.76000,6.9002448e-12,1.4918174e-14
706.77000,6.8974451e-12,1.4917508e-14
706.78000,6.8946252e-12,1.4915988e-14
706.79000,6.8924661e-12,1.4913556e-14
706.80000,6.8908063e-12,1.4908197e-14
706.81000,6.8886171e-12,1.4897774e-14
706.82000,6.8850828e-12,1.4881868e-14
706.83000,6.8803121e-12,1.4861209e-14
706.84000,6.8761156e-12,1.4839489e-14
706.85000,6.8741322e-12,1.4819856e-14
706.86000,6.8754048e-12,1.4805816e-14
706.87000,6.8782017e-12,1.4797227e-14
706.88000,6.8807744e-12,1.4793571e-14
706.89000,6.8819989e-12,1.4794128e-14
706.90000,6.8825239e-12,1.4797761e-14
706.91000,6.8835478e-12,1.4803993e-14
706.92000,6.8858758e-12,1.4811457e-14
706.93000,6.8892799e-12,1.4818007e-14
706.94000,6.8927719e-12,1.4821073e-14
706.95000,6.8953392e-12,1.4819641e-14
706.96000,6.8964466e-12,1.4814831e-14
706.97000,6.8965725e-12,1.4811269e-14
706.98000,6.8963539e-12,1.4812960e-14
706.99000,6.8960154e-12,1.4822658e-14
707.00000,6.8953632e-12,1.4838147e-14
707.01000,6.8940775e-12,1.4862683e-14
707.02000,6.8921961e-12,1.4933544e-14
707.03000,6.8905156e-12,1.5111858e-14
707.04000,6.8905311e-12,1.5514230e-14
707.05000,6.8946914e-12,1.6278790e-14
707.06000,6.9041707e-12,1.7406788e-14
707.07000,6.9182841e-12,1.8763054e-14
707.08000,6.9334348e-12,2.0074452e-14
707.09000,6.9458546e-12,2.1102901e-14
707.10000,6.9535243e-12,2.1765850e-14
707.11000,6.9569919e-12,2.2129550e-14
707.12000,6.9575275e-12,2.2271781e-14
707.13000,6.9576807e-12,2.2330849e-14
707.14000,6.9585485e-12,2.2354512e-14
707.15000,6.9602577e-12,2.2359667e-14
707.16000,6.9618870e-12,2.2357031e-14
707.17000,6.9630177e-12,2.2351467e-14
707.18000,6.9644360e-12,2.2347891e-14
707.19000,6.9669187e-12,2.2346326e-14
707.20000,6.9699465e-12,2.2342620e-14
707.21000,6.9714568e-12,2.2332597e-14
707.22000,6.9696159e-12,2.2315694e-14
707.23000,6.9641513e-12,2.2296043e-14
707.24000,6.9561902e-12,2.2278669e-14
707.25000,6.9471955e-12,2.2268261e-14
707.26000,6.9391912e-12,2.2265987e-14
707.27000,6.9334986e-12,2.2271112e-14
707.28000,6.9317429e-12,2.2280849e-14
707.29000,6.9334964e-12,2.2288562e-14
707.30000,6.9385089e-12,2.2288873e-14
707.31000,6.9460221e-12,2.2279453e-14
707.32000,6.9543396e-12,2.2264208e-14
707.33000,6.9610976e-12,2.2248008e-14
707.34000,6.9637107e-12,2.2234104e-14
707.35000,6.9608209e-12,2.2223060e-14
707.36000,6.9533390e-12,2.2214217e-14
707.37000,6.9436671e-12,2.2207071e-14
707.38000,6.9340449e-12,2.2201538e-14
707.39000,6.9258252e-12,2.2197271e-14
707.40000,6.9190835e-12,2.2194905e-14
707.41000,6.9141562e-12,2.2197062e-14
707.42000,6.9110334e-12,2.2204324e-14
707.43000,6.9101372e-12,2.2215720e-14
707.44000,6.9114260e-12,2.2226779e-14
707.45000,6.9139784e-12,2.2233475e-14
707.46000,6.9173006e-12,2.2234221e-14
707.47000,6.9215572e-12,2.2231252e-14
707.48000,6.9270852e-12,2.2227707e-14
707.49000,6.9335775e-12,2.2225513e-14
707.50000,6.9399545e-12,2.2223891e-14
707.51000,6.9448414e-12,2.2221055e-14
707.52000,6.9476330e-12,2.2216583e-14
707.53000,6.9485802e-12,2.2211669e-14
707.54000,6.9483538e-12,2.2207372e-14
707.55000,6.9481284e-12,2.2202863e-14
707.56000,6.9481650e-12,2.2196276e-14
707.57000,6.9475132e-12,2.2186972e-14
707.58000,6.9450906e-12,2.2177382e-14
707.59000,6.9403444e-12,2.2170585e-14
707.60000,6.9340334e-12,2.2166976e-14
707.61000,6.9272855e-12,2.2163642e-14
707.62000,6.9209722e-12,2.2156348e-14
707.63000,6.9153833e-12,2.2143865e-14
707.64000,6.9108662e-12,2.2128025e-14
707.65000,6.9075359e-12,2.2113806e-14
707.66000,6.9052616e-12,2.2104529e-14
707.67000,6.9035832e-12,2.2103688e-14
707.68000,6.9017977e-12,2.2110336e-14
707.69000,6.8999485e-12,2.2124123e-14
707.70000,6.8991806e-12,2.2143480e-14
707.71000,6.9005878e-12,2.2165071e-14
707.72000,6.9048947e-12,2.2186405e-14
707.73000,6.9113590e-12,2.2207595e-14
707.74000,6.9183318e-12,2.2230786e-14
707.75000,6.9239005e-12,2.2255893e-14
707.76000,6.9273767e-12,2.2276540e-14
707.77000,6.9288562e-12,2.2281364e-14
707.78000,6.9293564e-12,2.2267714e-14
707.79000,6.9292034e-12,2.2242364e-14
707.80000,6.9282388e-12,2.2218449e-14
707.81000,6.9265762e-12,2.2205525e-14
707.82000,6.9242039e-12,2.2202846e-14
707.83000,6.9209252e-12,2.2200157e-14
707.84000,6.9167527e-12,2.2190280e-14
707.85000,6.9121534e-12,2.2174989e-14
707.86000,6.9084009e-12,2.2164581e-14
707.87000,6.9068165e-12,2.2167975e-14
707.88000,6.9078048e-12,2.2185014e-14
707.89000,6.9105372e-12,2.2206331e-14
707.90000,6.9136691e-12,2.2218803e-14
707.91000,6.9158318e-12,2.2214768e-14
707.92000,6.9168389e-12,2.2194647e-14
707.93000,6.9171460e-12,2.2163439e-14
707.94000,6.9176247e-12,2.2132424e-14
707.95000,6.9187365e-12,2.2107861e-14
707.96000,6.9207845e-12,2.2091461e-14
707.97000,6.9237382e-12,2.2081434e-14
707.98000,6.9271090e-12,2.2076363e-14
707.99000,6.9296792e-12,2.2074463e-14
708.00000,6.9300757e-12,2.2075605e-14
708.01000,6.9277491e-12,2.2081200e-14
708.02000,6.9231862e-12,2.2091017e-14
708.03000,6.9172814e-12,2.2099635e-14
708.04000,6.9114345e-12,2.2100626e-14
708.05000,6.9063669e-12,2.2091371e-14
708.06000,6.9027070e-12,2.2074220e-14
708.07000,6.9006189e-12,2.2055384e-14
708.08000,6.9004882e-12,2.2040344e-14
708.09000,6.9020417e-12,2.2034217e-14
708.10000,6.9041476e-12,2.2036386e-14
708.11000,6.9055044e-12,2.2039512e-14
708.12000,6.9058797e-12,2.2037116e-14
708.13000,6.9061235e-12,2.2031347e-14
708.14000,6.9074326e-12,2.2031088e-14
708.15000,6.9096844e-12,2.2037972e-14
708.16000,6.9110642e-12,2.2044749e-14
708.17000,6.9097640e-12,2.2044385e-14
708.18000,6.9050414e-12,2.2038165e-14
708.19000,6.8981951e-12,2.2032738e-14
708.20000,6.8919404e-12,2.2028606e-14
708.21000,6.8888247e-12,2.2020077e-14
708.22000,6.8900928e-12,2.2005969e-14
708.23000,6.8952202e-12,2.1994376e-14
708.24000,6.9020007e-12,2.1994943e-14
708.25000,6.9082298e-12,2.2005368e-14
708.26000,6.9125504e-12,2.2014358e-14
708.27000,6.9152638e-12,2.2012881e-14
708.28000,6.9169144e-12,2.2004967e-14
708.29000,6.9174344e-12,2.2002047e-14
708.30000,6.9167659e-12,2.2008736e-14
708.31000,6.9146240e-12,2.2017592e-14
708.32000,6.9110525e-12,2.2012184e-14
708.33000,6.9065746e-12,2.1987972e-14
708.34000,6.9017286e-12,2.1955877e-14
708.35000,6.8969169e-12,2.1936842e-14
708.36000,6.8921725e-12,2.1944061e-14
708.37000,6.8872816e-12,2.1969637e-14
708.38000,6.8822836e-12,2.1993233e-14
708.39000,6.8778767e-12,2.1992566e-14
708.40000,6.8747030e-12,2.1968495e-14
708.41000,6.8730035e-12,2.1933773e-14
708.42000,6.8721408e-12,2.1911281e-14
708.43000,6.8710997e-12,2.1911686e-14
708.44000,6.8696020e-12,2.1936621e-14
708.45000,6.8683146e-12,2.1973093e-14
708.46000,6.8679881e-12,2.2000243e-14
708.47000,6.8688582e-12,2.1998343e-14
708.48000,6.8704394e-12,2.1967463e-14
708.49000,6.8720840e-12,2.1921533e-14
708.50000,6.8731672e-12,2.1882972e-14
708.51000,6.8733798e-12,2.1860360e-14
708.52000,6.8722371e-12,2.1860366e-14
708.53000,6.8698962e-12,2.1881858e-14
708.54000,6.8666288e-12,2.1929470e-14
708.55000,6.8634730e-12,2.1997919e-14
708.56000,6.8615834e-12,2.2063407e-14
708.57000,6.8618911e-12,2.2092276e-14
708.58000,6.8643393e-12,2.2066786e-14
708.59000,6.8684053e-12,2.1993634e-14
708.60000,6.8730419e-12,2.1908183e-14
708.61000,6.8773966e-12,2.1840417e-14
708.62000,6.8805365e-12,2.1809497e-14
708.63000,6.8821413e-12,2.1803747e-14
708.64000,6.8818679e-12,2.1807059e-14
708.65000,6.8793871e-12,2.1799889e-14
708.66000,6.8754961e-12,2.1777546e-14
708.67000,6.8715014e-12,2.1745956e-14
708.68000,6.8693300e-12,2.1719783e-14
708.69000,6.8699403e-12,2.1710655e-14
708.70000,6.8725860e-12,2.1724858e-14
708.71000,6.8749832e-12,2.1762055e-14
708.72000,6.8746274e-12,2.1823664e-14
708.73000,6.8709241e-12,2.1903421e-14
708.74000,6.8650773e-12,2.1993295e-14
708.75000,6.8592433e-12,2.2076815e-14
708.76000,6.8552862e-12,2.2137203e-14
708.77000,6.8540706e-12,2.2163061e-14
708.78000,6.8558684e-12,2.2156534e-14
708.79000,6.8601785e-12,2.2133487e-14
708.80000,6.8664522e-12,2.2107128e-14
708.81000,6.8734894e-12,2.2082204e-14
708.82000,6.8798794e-12,2.2056212e-14
708.83000,6.8841533e-12,2.2023934e-14
708.84000,6.8854939e-12,2.1981896e-14
708.85000,6.8831191e-12,2.1927081e-14
708.86000,6.8785325e-12,2.1864833e-14
708.87000,6.8734263e-12,2.1801874e-14
708.88000,6.8700282e-12,2.1749323e-14
708.89000,6.8686747e-12,2.1712483e-14
708.90000,6.8681793e-12,2.1693688e-14
708.91000,6.8666559e-12,2.1690067e-14
708.92000,6.8634634e-12,2.1697761e-14
708.93000,6.8594454e-12,2.1711453e-14
708.94000,6.8556201e-12,2.1724482e-14
708.95000,6.8522397e-12,2.1727641e-14
708.96000,6.8487955e-12,2.1717895e-14
708.97000,6.8451517e-12,2.1701776e-14
708.98000,6.8419606e-12,2.1697789e-14
708.99000,6.8399655e-12,2.1721342e-14
709.00000,6.8394878e-12,2.1778711e-14
709.01000,6.8399982e-12,2.1854261e-14
709.02000,6.8406360e-12,2.1919041e-14
709.03000,6.8406926e-12,2.1943400e-14
709.04000,6.8401381e-12,2.1920653e-14
709.05000,6.8396356e-12,2.1860977e-14
709.06000,6.8401410e-12,2.1795767e-14
709.07000,6.8417018e-12,2.1743234e-14
709.08000,6.8434117e-12,2.1714562e-14
709.09000,6.8442317e-12,2.1705967e-14
709.10000,6.8440769e-12,2.1718433e-14
709.11000,6.8438975e-12,2.1750450e-14
709.12000,6.8445119e-12,2.1788339e-14
709.13000,6.8461525e-12,2.1809683e-14
709.14000,6.8484734e-12,2.1801052e-14
709.15000,6.8513408e-12,2.1766463e-14
709.16000,6.8548432e-12,2.1730502e-14
709.17000,6.8590431e-12,2.1712832e-14
709.18000,6.8636607e-12,2.1726500e-14
709.19000,6.8679931e-12,2.1759165e-14
709.20000,6.8715580e-12,2.1793781e-14
709.21000,6.8741415e-12,2.1808318e-14
709.22000,6.8758707e-12,2.1799787e-14
709.23000,6.8765039e-12,2.1779983e-14
709.24000,6.8756683e-12,2.1768466e-14
709.25000,6.8731354e-12,2.1773436e-14
709.26000,6.8691989e-12,2.1785446e-14
709.27000,6.8643577e-12,2.1788796e-14
709.28000,6.8589697e-12,2.1772497e-14
709.29000,6.8534829e-12,2.1745753e-14
709.30000,6.8482598e-12,2.1723460e-14
709.31000,6.8440642e-12,2.1720311e-14
709.32000,6.8412576e-12,2.1731373e-14
709.33000,6.8399954e-12,2.1744072e-14
709.34000,6.8400359e-12,2.1747868e-14
709.35000,6.8411442e-12,2.1743954e-14
709.36000,6.8430619e-12,2.1740085e-14
709.37000,6.8453355e-12,2.1738929e-14
709.38000,6.8472262e-12,2.1736644e-14
709.39000,6.8479784e-12,2.1730267e-14
709.40000,6.8473118e-12,2.1723338e-14
709.41000,6.8454358e-12,2.1722175e-14
709.42000,6.8436152e-12,2.1726311e-14
709.43000,6.8431310e-12,2.1730017e-14
709.44000,6.8448318e-12,2.1728822e-14
709.45000,6.8485930e-12,2.1725025e-14
709.46000,6.8537357e-12,2.1723030e-14
709.47000,6.8591795e-12,2.1723411e-14
709.48000,6.8634304e-12,2.1724846e-14
709.49000,6.8650936e-12,2.1726594e-14
709.50000,6.8637329e-12,2.1728248e-14
709.51000,6.8596493e-12,2.1727282e-14
709.52000,6.8548788e-12,2.1722090e-14
709.53000,6.8507765e-12,2.1712866e-14
709.54000,6.8480393e-12,2.1701892e-14
709.55000,6.8468203e-12,2.1691619e-14
709.56000,6.8477500e-12,2.1685158e-14
709.57000,6.8514513e-12,2.1684721e-14
709.58000,6.8581096e-12,2.1690087e-14
709.59000,6.8658531e-12,2.1696419e-14
709.60000,6.8727125e-12,2.1700480e-14
709.61000,6.8769485e-12,2.1701158e-14
709.62000,6.8790265e-12,2.1700414e-14
709.63000,6.8798105e-12,2.1699896e-14
709.64000,6.8801378e-12,2.1700391e-14
709.65000,6.8802562e-12,2.1701106e-14
709.66000,6.8800566e-12,2.1700875e-14
709.67000,6.8792681e-12,2.1699677e-14
709.68000,6.8771621e-12,2.1697551e-14
709.69000,6.8729617e-12,2.1693428e-14
709.70000,6.8664610e-12,2.1685884e-14
709.71000,6.8580737e-12,2.1673886e-14
709.72000,6.8495328e-12,2.1659795e-14
709.73000,6.8420650e-12,2.1646193e-14
709.74000,6.8363081e-12,2.1635218e-14
709.75000,6.8318666e-12,2.1626439e-14
709.76000,6.8280555e-12,2.1618714e-14
709.77000,6.8243374e-12,2.1612336e-14
709.78000,6.8210061e-12,2.1609795e-14
709.79000,6.8192328e-12,2.1613305e-14
709.80000,6.8201809e-12,2.1623018e-14
709.81000,6.8250232e-12,2.1637898e-14
709.82000,6.8323736e-12,2.1653676e-14
709.83000,6.8408195e-12,2.1667042e-14
709.84000,6.8486688e-12,2.1675778e-14
709.85000,6.8550988e-12,2.1681129e-14
709.86000,6.8596606e-12,2.1685531e-14
709.87000,6.8621415e-12,2.1689816e-14
709.88000,6.8618209e-12,2.1691547e-14
709.89000,6.8585675e-12,2.1687430e-14
709.90000,6.8529349e-12,2.1677088e-14
709.91000,6.8456752e-12,2.1662844e-14
709.92000,6.8377854e-12,2.1649574e-14
709.93000,6.8290007e-12,2.1639304e-14
709.94000,6.8191843e-12,2.1631111e-14
709.95000,6.8098228e-12,2.1623541e-14
709.96000,6.8039810e-12,2.1617515e-14
709.97000,6.8036554e-12,2.1615114e-14
709.98000,6.8090414e-12,2.1617580e-14
709.99000,6.8171310e-12,2.1623661e-14
710.00000,6.8252715e-12,2.1631836e-14
710.01000,6.8315798e-12,2.1640227e-14
710.02000,6.8360938e-12,2.1646072e-14
710.03000,6.8392309e-12,2.1646106e-14
710.04000,6.8415767e-12,2.1637868e-14
710.05000,6.8436903e-12,2.1623281e-14
710.06000,6.8460199e-12,2.1606667e-14
710.07000,6.8487301e-12,2.1593269e-14
710.08000,6.8517378e-12,2.1587028e-14
710.09000,6.8547631e-12,2.1587959e-14
710.10000,6.8575541e-12,2.1593604e-14
710.11000,6.8594570e-12,2.1600556e-14
710.12000,6.8598393e-12,2.1605562e-14
710.13000,6.8577076e-12,2.1607848e-14
710.14000,6.8522688e-12,2.1608730e-14
710.15000,6.8440615e-12,2.1609246e-14
710.16000,6.8343784e-12,2.1607396e-14
710.17000,6.8249782e-12,2.1599101e-14
710.18000,6.8170921e-12,2.1581147e-14
710.19000,6.8107497e-12,2.1557376e-14
710.20000,6.8055382e-12,2.1534822e-14
710.21000,6.8016736e-12,2.1523126e-14
710.22000,6.7993130e-12,2.1524840e-14
710.23000,6.7988719e-12,2.1538797e-14
710.24000,6.8002240e-12,2.1556953e-14
710.25000,6.8026466e-12,2.1569798e-14
710.26000,6.8053773e-12,2.1570959e-14
710.27000,6.8080574e-12,2.1563128e-14
710.28000,6.8110486e-12,2.1553658e-14
710.29000,6.8151976e-12,2.1550117e-14
710.30000,6.8209970e-12,2.1552894e-14
710.31000,6.8283975e-12,2.1558671e-14
710.32000,6.8360144e-12,2.1562803e-14
710.33000,6.8423859e-12,2.1563353e-14
710.34000,6.8461889e-12,2.1559536e-14
710.35000,6.8471823e-12,2.1551398e-14
710.36000,6.8461494e-12,2.1540522e-14
710.37000,6.8445896e-12,2.1530082e-14
710.38000,6.8435884e-12,2.1522550e-14
710.39000,6.8430389e-12,2.1517149e-14
710.40000,6.8422174e-12,2.1512096e-14
710.41000,6.8408461e-12,2.1506489e-14
710.42000,6.8398155e-12,2.1501078e-14
710.43000,6.8403868e-12,2.1497201e-14
710.44000,6.8428059e-12,2.1495566e-14
710.45000,6.8459084e-12,2.1495861e-14
710.46000,6.8478082e-12,2.1496640e-14
710.47000,6.8473610e-12,2.1495681e-14
710.48000,6.8439922e-12,2.1490667e-14
710.49000,6.8389955e-12,2.1482971e-14
710.50000,6.8335874e-12,2.1476203e-14
710.51000,6.8289141e-12,2.1476571e-14
710.52000,6.8249421e-12,2.1485587e-14
710.53000,6.8210617e-12,2.1501805e-14
710.54000,6.8169498e-12,2.1519302e-14
710.55000,6.8133188e-12,2.1531610e-14
710.56000,6.8117224e-12,2.1534408e-14
710.57000,6.8132204e-12,2.1528066e-14
710.58000,6.8184873e-12,2.1514110e-14
710.59000,6.8258198e-12,2.1497159e-14
710.60000,6.8336165e-12,2.1479529e-14
710.61000,6.8399172e-12,2.1463586e-14
710.62000,6.8439565e-12,2.1450754e-14
710.63000,6.8455865e-12,2.1441766e-14
710.64000,6.8453912e-12,2.1435168e-14
710.65000,6.8436823e-12,2.1428900e-14
710.66000,6.8409654e-12,2.1421830e-14
710.67000,6.8379282e-12,2.1415257e-14
710.68000,6.8358139e-12,2.1412096e-14
710.69000,6.8353026e-12,2.1412524e-14
710.70000,6.8363649e-12,2.1414478e-14
710.71000,6.8379379e-12,2.1414096e-14
710.72000,6.8390036e-12,2.1410541e-14
710.73000,6.8393141e-12,2.1406829e-14
710.74000,6.8394864e-12,2.1407242e-14
710.75000,6.8402007e-12,2.1413635e-14
710.76000,6.8416037e-12,2.1422022e-14
710.77000,6.8433485e-12,2.1427353e-14
710.78000,6.8447882e-12,2.1425104e-14
710.79000,6.8453276e-12,2.1417216e-14
710.80000,6.8444195e-12,2.1407874e-14
710.81000,6.8419007e-12,2.1402678e-14
710.82000,6.8380867e-12,2.1404314e-14
710.83000,6.8332386e-12,2.1411850e-14
710.84000,6.8273512e-12,2.1420816e-14
710.85000,6.8204410e-12,2.1425083e-14
710.86000,6.8135351e-12,2.1421653e-14
710.87000,6.8081021e-12,2.1409998e-14
710.88000,6.8058309e-12,2.1392891e-14
710.89000,6.8060087e-12,2.1375197e-14
710.90000,6.8068476e-12,2.1359702e-14
710.91000,6.8063121e-12,2.1346804e-14
710.92000,6.8038811e-12,2.1335875e-14
710.93000,6.8005409e-12,2.1326449e-14
710.94000,6.7971749e-12,2.1318929e-14
710.95000,6.7938798e-12,2.1314791e-14
710.96000,6.7904397e-12,2.1313932e-14
710.97000,6.7870105e-12,2.1315808e-14
710.98000,6.7843165e-12,2.1318207e-14
710.99000,6.7827466e-12,2.1318759e-14
711.00000,6.7822993e-12,2.1316032e-14
711.01000,6.7823461e-12,2.1311118e-14
711.02000,6.7821611e-12,2.1306455e-14
711.03000,6.7811531e-12,2.1304577e-14
711.04000,6.7792256e-12,2.1305687e-14
711.05000,6.7766028e-12,2.1308194e-14
711.06000,6.7741319e-12,2.1309523e-14
711.07000,6.7726888e-12,2.1308767e-14
711.08000,6.7728032e-12,2.1307135e-14
711.09000,6.7739716e-12,2.1306409e-14
711.10000,6.7749242e-12,2.1307595e-14
711.11000,6.7746241e-12,2.1310114e-14
711.12000,6.7728292e-12,2.1312305e-14
711.13000,6.7708108e-12,2.1311540e-14
711.14000,6.7697714e-12,2.1305779e-14
711.15000,6.7707079e-12,2.1293375e-14
711.16000,6.7731555e-12,2.1277125e-14
711.17000,6.7762829e-12,2.1260630e-14
711.18000,6.7791038e-12,2.1247548e-14
711.19000,6.7811100e-12,2.1239598e-14
711.20000,6.7823507e-12,2.1236073e-14
711.21000,6.7832414e-12,2.1235182e-14
711.22000,6.7843973e-12,2.1235800e-14
711.23000,6.7862813e-12,2.1237142e-14
711.24000,6.7891012e-12,2.1239383e-14
711.25000,6.7925549e-12,2.1242135e-14
711.26000,6.7960319e-12,2.1244225e-14
711.27000,6.7991898e-12,2.1244956e-14
711.28000,6.8021510e-12,2.1245760e-14
711.29000,6.8049826e-12,2.1249253e-14
711.30000,6.8074114e-12,2.1256883e-14
711.31000,6.8091042e-12,2.1267728e-14
711.32000,6.8097585e-12,2.1278438e-14
711.33000,6.8095387e-12,2.1284607e-14
711.34000,6.8081989e-12,2.1282315e-14
711.35000,6.8054500e-12,2.1270184e-14
711.36000,6.8015157e-12,2.1251195e-14
711.37000,6.7970644e-12,2.1231622e-14
711.38000,6.7924764e-12,2.1215215e-14
711.39000,6.7874503e-12,2.1202188e-14
711.40000,6.7816523e-12,2.1190921e-14
711.41000,6.7750040e-12,2.1181646e-14
711.42000,6.7683707e-12,2.1173737e-14
711.43000,6.7631927e-12,2.1166258e-14
711.44000,6.7612223e-12,2.1163258e-14
711.45000,6.7630287e-12,2.1170098e-14
711.46000,6.7681740e-12,2.1184771e-14
711.47000,6.7749025e-12,2.1197326e-14
711.48000,6.7821074e-12,2.1206017e-14
711.49000,6.7892539e-12,2.1218438e-14
711.50000,6.7959808e-12,2.1236593e-14
711.51000,6.8016895e-12,2.1248253e-14
711.52000,6.8056507e-12,2.1236655e-14
711.53000,6.8077841e-12,2.1207658e-14
711.54000,6.8084081e-12,2.1188175e-14
711.55000,6.8078839e-12,2.1195670e-14
711.56000,6.8059903e-12,2.1219746e-14
711.57000,6.8029275e-12,2.1227157e-14
711.58000,6.7989891e-12,2.1195070e-14
711.59000,6.7951935e-12,2.1132097e-14
711.60000,6.7925829e-12,2.1079763e-14
711.61000,6.7919233e-12,2.1078135e-14
711.62000,6.7929529e-12,2.1132989e-14
711.63000,6.7947951e-12,2.1217090e-14
711.64000,6.7962229e-12,2.1278342e-14
711.65000,6.7966329e-12,2.1284729e-14
711.66000,6.7955859e-12,2.1218034e-14
711.67000,6.7933823e-12,2.1112452e-14
711.68000,6.7900050e-12,2.1000478e-14
711.69000,6.7855733e-12,2.0916052e-14
711.70000,6.7806545e-12,2.0873536e-14
711.71000,6.7761867e-12,2.0876838e-14
711.72000,6.7729494e-12,2.0919148e-14
711.73000,6.7715733e-12,2.0999855e-14
711.74000,6.7716861e-12,2.1106266e-14
711.75000,6.7729959e-12,2.1231287e-14
711.76000,6.7751293e-12,2.1359563e-14
711.77000,6.7776131e-12,2.1472227e-14
711.78000,6.7803341e-12,2.1551631e-14
711.79000,6.7835040e-12,2.1594161e-14
711.80000,6.7872767e-12,2.1605278e-14
711.81000,6.7910150e-12,2.1597258e-14
711.82000,6.7934908e-12,2.1575036e-14
711.83000,6.7929348e-12,2.1534497e-14
711.84000,6.7896781e-12,2.1477552e-14
711.85000,6.7849025e-12,2.1404547e-14
711.86000,6.7807776e-12,2.1319138e-14
711.87000,6.7783997e-12,2.1226399e-14
711.88000,6.7774803e-12,2.1131112e-14
711.89000,6.7770202e-12,2.1038696e-14
711.90000,6.7766368e-12,2.0958398e-14
711.91000,6.7765568e-12,2.0896471e-14
711.92000,6.7771859e-12,2.0861490e-14
711.93000,6.7784415e-12,2.0866330e-14
711.94000,6.7796154e-12,2.0910101e-14
711.95000,6.7801634e-12,2.0990157e-14
711.96000,6.7803256e-12,2.1084833e-14
711.97000,6.7807699e-12,2.1161078e-14
711.98000,6.7818548e-12,2.1186128e-14
711.99000,6.7831891e-12,2.1153195e-14
712.00000,6.7839140e-12,2.1075636e-14
712.01000,6.7835175e-12,2.1001071e-14
712.02000,6.7816931e-12,2.0966232e-14
712.03000,6.7784030e-12,2.0981365e-14
712.04000,6.7738282e-12,2.1021332e-14
712.05000,6.7680968e-12,2.1045877e-14
712.06000,6.7611700e-12,2.1036119e-14
712.07000,6.7527585e-12,2.0999873e-14
712.08000,6.7435160e-12,2.0968763e-14
712.09000,6.7343428e-12,2.0960696e-14
712.10000,6.7262981e-12,2.0967682e-14
712.11000,6.7194368e-12,2.0967456e-14
712.12000,6.7134786e-12,2.0951012e-14
712.13000,6.7083525e-12,2.0932234e-14
712.14000,6.7047524e-12,2.0925838e-14
712.15000,6.7032278e-12,2.0930784e-14
712.16000,6.7038739e-12,2.0938707e-14
712.17000,6.7070358e-12,2.0946785e-14
712.18000,6.7123256e-12,2.0957330e-14
712.19000,6.7200207e-12,2.0970659e-14
712.20000,6.7296494e-12,2.0982344e-14
712.21000,6.7397045e-12,2.0989866e-14
712.22000,6.7478180e-12,2.0993399e-14
712.23000,6.7523342e-12,2.0992247e-14
712.24000,6.7515953e-12,2.0983966e-14
712.25000,6.7469293e-12,2.0970787e-14
712.26000,6.7395351e-12,2.0955176e-14
712.27000,6.7313623e-12,2.0939571e-14
712.28000,6.7240168e-12,2.0925692e-14
712.29000,6.7185107e-12,2.0915454e-14
712.30000,6.7149410e-12,2.0909701e-14
712.31000,6.7134623e-12,2.0909402e-14
712.32000,6.7135869e-12,2.0913186e-14
712.33000,6.7152908e-12,2.0919868e-14
712.34000,6.7184151e-12,2.0926985e-14
712.35000,6.7220459e-12,2.0932051e-14
712.36000,6.7250436e-12,2.0932917e-14
712.37000,6.7264662e-12,2.0929006e-14
712.38000,6.7260079e-12,2.0920812e-14
712.39000,6.7245670e-12,2.0910823e-14
712.40000,6.7234506e-12,2.0901474e-14
712.41000,6.7244758e-12,2.0895539e-14
712.42000,6.7282587e-12,2.0893661e-14
712.43000,6.7348212e-12,2.0895645e-14
712.44000,6.7427035e-12,2.0899497e-14
712.45000,6.7499484e-12,2.0903054e-14
712.46000,6.7549459e-12,2.0905107e-14
712.47000,6.7574633e-12,2.0905832e-14
712.48000,6.7578613e-12,2.0905626e-14
712.49000,6.7577144e-12,2.0905212e-14
712.50000,6.7580348e-12,2.0905060e-14
712.51000,6.7590007e-12,2.0905408e-14
712.52000,6.7596596e-12,2.0905814e-14
712.53000,6.7586030e-12,2.0905350e-14
712.54000,6.7553368e-12,2.0903474e-14
712.55000,6.7501415e-12,2.0900172e-14
712.56000,6.7445165e-12,2.0896265e-14
712.57000,6.7394080e-12,2.0892060e-14
712.58000,6.7354360e-12,2.0887148e-14
712.59000,6.7324828e-12,2.0881109e-14
712.60000,6.7306886e-12,2.0873813e-14
712.61000,6.7303207e-12,2.0865828e-14
712.62000,6.7314860e-12,2.0857477e-14
712.63000,6.7333873e-12,2.0848733e-14
712.64000,6.7352782e-12,2.0839934e-14
712.65000,6.7370605e-12,2.0833042e-14
712.66000,6.7392104e-12,2.0830041e-14
712.67000,6.7418504e-12,2.0832577e-14
712.68000,6.7436604e-12,2.0839579e-14
712.69000,6.7427406e-12,2.0847827e-14
712.70000,6.7382633e-12,2.0853601e-14
712.71000,6.7317386e-12,2.0856197e-14
712.72000,6.7262673e-12,2.0858721e-14
712.73000,6.7243043e-12,2.0866085e-14
712.74000,6.7268576e-12,2.0881165e-14
712.75000,6.7328428e-12,2.0900198e-14
712.76000,6.7399440e-12,2.0914762e-14
712.77000,6.7459122e-12,2.0916883e-14
712.78000,6.7492501e-12,2.0906035e-14
712.79000,6.7484557e-12,2.0885603e-14
712.80000,6.7442322e-12,2.0864022e-14
712.81000,6.7375983e-12,2.0847137e-14
712.82000,6.7310710e-12,2.0839635e-14
712.83000,6.7271502e-12,2.0840476e-14
712.84000,6.7278489e-12,2.0846306e-14
712.85000,6.7325527e-12,2.0851265e-14
712.86000,6.7390958e-12,2.0850831e-14
712.87000,6.7440815e-12,2.0844764e-14
712.88000,6.7462168e-12,2.0835571e-14
712.89000,6.7457339e-12,2.0826314e-14
712.90000,6.7447880e-12,2.0819384e-14
712.91000,6.7446246e-12,2.0816362e-14
712.92000,6.7449560e-12,2.0817847e-14
712.93000,6.7447516e-12,2.0822886e-14
712.94000,6.7435298e-12,2.0827454e-14
712.95000,6.7419581e-12,2.0827792e-14
712.96000,6.7415774e-12,2.0822116e-14
712.97000,6.7434745e-12,2.0814909e-14
712.98000,6.7483926e-12,2.0811738e-14
712.99000,6.7557393e-12,2.0815302e-14
713.00000,6.7637197e-12,2.0822680e-14
713.01000,6.7700280e-12,2.0828305e-14
713.02000,6.7736058e-12,2.0829452e-14
713.03000,6.7742528e-12,2.0825867e-14
713.04000,6.7736320e-12,2.0820876e-14
713.05000,6.7727891e-12,2.0817836e-14
713.06000,6.7721440e-12,2.0820931e-14
713.07000,6.7715044e-12,2.0831549e-14
713.08000,6.7707996e-12,2.0847664e-14
713.09000,6.7704422e-12,2.0863498e-14
713.10000,6.7711202e-12,2.0871784e-14
713.11000,6.7728345e-12,2.0870155e-14
713.12000,6.7753058e-12,2.0858698e-14
713.13000,6.7778438e-12,2.0841262e-14
713.14000,6.7797818e-12,2.0823433e-14
713.15000,6.7805749e-12,2.0809580e-14
713.16000,6.7803600e-12,2.0801742e-14
713.17000,6.7797723e-12,2.0801976e-14
713.18000,6.7798673e-12,2.0809830e-14
713.19000,6.7810716e-12,2.0823585e-14
713.20000,6.7831303e-12,2.0838070e-14
713.21000,6.7847866e-12,2.0844762e-14
713.22000,6.7845234e-12,2.0834913e-14
713.23000,6.7814130e-12,2.0807372e-14
713.24000,6.7751733e-12,2.0767006e-14
713.25000,6.7670985e-12,2.0725823e-14
713.26000,6.7588699e-12,2.0692350e-14
713.27000,6.7526632e-12,2.0674422e-14
713.28000,6.7494243e-12,2.0670665e-14
713.29000,6.7491645e-12,2.0678297e-14
713.30000,6.7501210e-12,2.0690179e-14
713.31000,6.7502717e-12,2.0700688e-14
713.32000,6.7485142e-12,2.0708977e-14
713.33000,6.7452818e-12,2.0717814e-14
713.34000,6.7413438e-12,2.0726964e-14
713.35000,6.7373885e-12,2.0730650e-14
713.36000,6.7332663e-12,2.0720709e-14
713.37000,6.7286675e-12,2.0696251e-14
713.38000,6.7238504e-12,2.0665821e-14
713.39000,6.7197325e-12,2.0640363e-14
713.40000,6.7171432e-12,2.0623501e-14
713.41000,6.7168119e-12,2.0615336e-14
713.42000,6.7178743e-12,2.0611371e-14
713.43000,6.7191195e-12,2.0609149e-14
713.44000,6.7187841e-12,2.0605723e-14
713.45000,6.7158632e-12,2.0598807e-14
713.46000,6.7101867e-12,2.0587346e-14
713.47000,6.7028706e-12,2.0572780e-14
713.48000,6.6963142e-12,2.0558481e-14
713.49000,6.6931784e-12,2.0548329e-14
713.50000,6.6954312e-12,2.0544962e-14
713.51000,6.7021383e-12,2.0547522e-14
713.52000,6.7093549e-12,2.0551491e-14
713.53000,6.7134204e-12,2.0552530e-14
713.54000,6.7142175e-12,2.0550170e-14
713.55000,6.7140762e-12,2.0547233e-14
713.56000,6.7157887e-12,2.0547268e-14
713.57000,6.7204495e-12,2.0551777e-14
713.58000,6.7273227e-12,2.0559191e-14
713.59000,6.7346292e-12,2.0566361e-14
713.60000,6.7409679e-12,2.0571305e-14
713.61000,6.7457130e-12,2.0574475e-14
713.62000,6.7484592e-12,2.0577843e-14
713.63000,6.7497303e-12,2.0583865e-14
713.64000,6.7497168e-12,2.0595006e-14
713.65000,6.7480246e-12,2.0613304e-14
713.66000,6.7443454e-12,2.0636335e-14
713.67000,6.7384991e-12,2.0658704e-14
713.68000,6.7319703e-12,2.0672772e-14
713.69000,6.7272428e-12,2.0671309e-14
713.70000,6.7261075e-12,2.0655059e-14
713.71000,6.7282260e-12,2.0629331e-14
713.72000,6.7317695e-12,2.0601760e-14
713.73000,6.7337779e-12,2.0579406e-14
713.74000,6.7320966e-12,2.0562462e-14
713.75000,6.7266704e-12,2.0543878e-14
713.76000,6.7188653e-12,2.0518737e-14
713.77000,6.7116935e-12,2.0493112e-14
713.78000,6.7073328e-12,2.0477875e-14
713.79000,6.7077074e-12,2.0481655e-14
713.80000,6.7117835e-12,2.0495309e-14
713.81000,6.7180655e-12,2.0502798e-14
713.82000,6.7244406e-12,2.0491527e-14
713.83000,6.7295504e-12,2.0460851e-14
713.84000,6.7328407e-12,2.0422860e-14
713.85000,6.7339561e-12,2.0385869e-14
713.86000,6.7314833e-12,2.0342469e-14
713.87000,6.7253941e-12,2.0265697e-14
713.88000,6.7161722e-12,2.0091000e-14
713.89000,6.7063854e-12,1.9729254e-14
713.90000,6.6989064e-12,1.9105962e-14
713.91000,6.6953479e-12,1.8255376e-14
713.92000,6.6953341e-12,1.7306314e-14
713.93000,6.6980992e-12,1.6449114e-14
713.94000,6.7017090e-12,1.5807945e-14
713.95000,6.7051451e-12,1.5430091e-14
713.96000,6.7079317e-12,1.5253415e-14
713.97000,6.7099816e-12,1.5195110e-14
713.98000,6.7111824e-12,1.5177866e-14
713.99000,6.7112825e-12,1.5169065e-14
714.00000,6.7099409e-12,1.5156751e-14
714.01000,6.7078213e-12,1.5139724e-14
714.02000,6.7057062e-12,1.5121498e-14
714.03000,6.7041759e-12,1.5107677e-14
714.04000,6.7030774e-12,1.5100893e-14
714.05000,6.7018777e-12,1.5098407e-14
714.06000,6.7005483e-12,1.5095593e-14
714.07000,6.6998661e-12,1.5090074e-14
714.08000,6.7004159e-12,1.5083960e-14
714.09000,6.7021083e-12,1.5080105e-14
714.10000,6.7036843e-12,1.5079270e-14
714.11000,6.7039953e-12,1.5080675e-14
714.12000,6.7029113e-12,1.5084427e-14
714.13000,6.7011625e-12,1.5091111e-14
714.14000,6.6993750e-12,1.5100170e-14
714.15000,6.6977956e-12,1.5108366e-14
714.16000,6.6963687e-12,1.5112347e-14
714.17000,6.6949475e-12,1.5109924e-14
714.18000,6.6932696e-12,1.5101371e-14
714.19000,6.6909477e-12,1.5089741e-14
714.20000,6.6879446e-12,1.5079930e-14
714.21000,6.6848827e-12,1.5078730e-14
714.22000,6.6828642e-12,1.5086956e-14
714.23000,6.6828248e-12,1.5101312e-14
714.24000,6.6844953e-12,1.5111988e-14
714.25000,6.6863802e-12,1.5111007e-14
714.26000,6.6867352e-12,1.5097380e-14
714.27000,6.6852186e-12,1.5077602e-14
714.28000,6.6825997e-12,1.5059996e-14
714.29000,6.6804512e-12,1.5049321e-14
714.30000,6.6794855e-12,1.5045680e-14
714.31000,6.6793307e-12,1.5044681e-14
714.32000,6.6792626e-12,1.5041978e-14
714.33000,6.6789480e-12,1.5035740e-14
714.34000,6.6785771e-12,1.5027209e-14
714.35000,6.6785129e-12,1.5018651e-14
714.36000,6.6789362e-12,1.5012256e-14
714.37000,6.6800185e-12,1.5009602e-14
714.38000,6.6818036e-12,1.5010985e-14
714.39000,6.6840979e-12,1.5014990e-14
714.40000,6.6865284e-12,1.5019417e-14
714.41000,6.6887929e-12,1.5023340e-14
714.42000,6.6905451e-12,1.5027303e-14
714.43000,6.6916124e-12,1.5031980e-14
714.44000,6.6917142e-12,1.5036691e-14
714.45000,6.6907910e-12,1.5039065e-14
714.46000,6.6890650e-12,1.5037509e-14
714.47000,6.6868245e-12,1.5032836e-14
714.48000,6.6842281e-12,1.5027642e-14
714.49000,6.6813422e-12,1.5024432e-14
714.50000,6.6784008e-12,1.5023254e-14
714.51000,6.6755719e-12,1.5022664e-14
714.52000,6.6729537e-12,1.5020821e-14
714.53000,6.6707510e-12,1.5017618e-14
714.54000,6.6695576e-12,1.5014639e-14
714.55000,6.6699220e-12,1.5013244e-14
714.56000,6.6722447e-12,1.5013941e-14
714.57000,6.6755219e-12,1.5015477e-14
714.58000,6.6788499e-12,1.5016783e-14
714.59000,6.6816997e-12,1.5017173e-14
714.60000,6.6841543e-12,1.5016540e-14
714.61000,6.6864168e-12,1.5015103e-14
714.62000,6.6884777e-12,1.5012999e-14
714.63000,6.6901839e-12,1.5009925e-14
714.64000,6.6915832e-12,1.5006410e-14
714.65000,6.6926630e-12,1.5005018e-14
714.66000,6.6931816e-12,1.5012002e-14
714.67000,6.6926856e-12,1.5034010e-14
714.68000,6.6909258e-12,1.5072107e-14
714.69000,6.6880958e-12,1.5117713e-14
714.70000,6.6841823e-12,1.5152065e-14
714.71000,6.6794025e-12,1.5160357e-14
714.72000,6.6739994e-12,1.5136040e-14
714.73000,6.6690637e-12,1.5091192e-14
714.74000,6.6656998e-12,1.5042882e-14
714.75000,6.6641022e-12,1.5003564e-14
714.76000,6.6637631e-12,1.4974743e-14
714.77000,6.6645438e-12,1.4956489e-14
714.78000,6.6662811e-12,1.4945329e-14
714.79000,6.6692407e-12,1.4940880e-14
714.80000,6.6732523e-12,1.4941398e-14
714.81000,6.6776743e-12,1.4944450e-14
714.82000,6.6813924e-12,1.4947473e-14
714.83000,6.6836232e-12,1.4949822e-14
714.84000,6.6837661e-12,1.4951975e-14
714.85000,6.6825642e-12,1.4954925e-14
714.86000,6.6808096e-12,1.4959703e-14
714.87000,6.6793068e-12,1.4967000e-14
714.88000,6.6784506e-12,1.4977321e-14
714.89000,6.6780732e-12,1.4989919e-14
714.90000,6.6776484e-12,1.5002953e-14
714.91000,6.6763080e-12,1.5012595e-14
714.92000,6.6736188e-12,1.5015970e-14
714.93000,6.6695175e-12,1.5011576e-14
714.94000,6.6648032e-12,1.5001972e-14
714.95000,6.6605035e-12,1.4990295e-14
714.96000,6.6574954e-12,1.4980077e-14
714.97000,6.6561813e-12,1.4974190e-14
714.98000,6.6572768e-12,1.4977799e-14
714.99000,6.6605969e-12,1.4991792e-14
715.00000,6.6657404e-12,1.5013616e-14
715.01000,6.6710147e-12,1.5035041e-14
715.02000,6.6741953e-12,1.5049320e-14
715.03000,6.6744312e-12,1.5056894e-14
715.04000,6.6717788e-12,1.5059841e-14
715.05000,6.6676283e-12,1.5056689e-14
715.06000,6.6637704e-12,1.5043895e-14
715.07000,6.6610651e-12,1.5018313e-14
715.08000,6.6589813e-12,1.4984932e-14
715.09000,6.6566443e-12,1.4952246e-14
715.10000,6.6537887e-12,1.4927104e-14
715.11000,6.6509586e-12,1.4912217e-14
715.12000,6.6494710e-12,1.4906057e-14
715.13000,6.6499736e-12,1.4904058e-14
715.14000,6.6521897e-12,1.4902827e-14
715.15000,6.6545725e-12,1.4900519e-14
715.16000,6.6551505e-12,1.4896451e-14
715.17000,6.6532546e-12,1.4891640e-14
715.18000,6.6489854e-12,1.4887487e-14
715.19000,6.6434861e-12,1.4885042e-14
715.20000,6.6381537e-12,1.4884055e-14
715.21000,6.6341456e-12,1.4884789e-14
715.22000,6.6318446e-12,1.4890103e-14
715.23000,6.6313233e-12,1.4915276e-14
715.24000,6.6316420e-12,1.4984705e-14
715.25000,6.6323250e-12,1.5162707e-14
715.26000,6.6336454e-12,1.5573326e-14
715.27000,6.6364829e-12,1.6322019e-14
715.28000,6.6416061e-12,1.7433988e-14
715.29000,6.6486809e-12,1.8770971e-14
715.30000,6.6568124e-12,2.0093741e-14
715.31000,6.6645016e-12,2.1171184e-14
715.32000,6.6707485e-12,2.1869695e-14
715.33000,6.6751729e-12,2.2218308e-14
715.34000,6.6779809e-12,2.2327867e-14
715.35000,6.6797133e-12,2.2332836e-14
715.36000,6.6806923e-12,2.2307324e-14
715.37000,6.6810286e-12,2.2285556e-14
715.38000,6.6813555e-12,2.2279531e-14
715.39000,6.6826090e-12,2.2291203e-14
715.40000,6.6852400e-12,2.2317843e-14
715.41000,6.6886167e-12,2.2356668e-14
715.42000,6.6914151e-12,2.2402502e-14
715.43000,6.6931965e-12,2.2451494e-14
715.44000,6.6943058e-12,2.2499653e-14
715.45000,6.6956558e-12,2.2543038e-14
715.46000,6.6979090e-12,2.2578047e-14
715.47000,6.7012863e-12,2.2603975e-14
715.48000,6.7056087e-12,2.2619422e-14
715.49000,6.7096291e-12,2.2623226e-14
715.50000,6.7119940e-12,2.2612772e-14
715.51000,6.7114243e-12,2.2584294e-14
715.52000,6.7085284e-12,2.2543600e-14
715.53000,6.7042868e-12,2.2498571e-14
715.54000,6.6997677e-12,2.2459125e-14
715.55000,6.6956125e-12,2.2435145e-14
715.56000,6.6920864e-12,2.2426716e-14
715.57000,6.6893031e-12,2.2429044e-14
715.58000,6.6871366e-12,2.2428028e-14
715.59000,6.6851873e-12,2.2413240e-14
715.60000,6.6829691e-12,2.2385266e-14
715.61000,6.6800191e-12,2.2356326e-14
715.62000,6.6751947e-12,2.2337261e-14
715.63000,6.6674329e-12,2.2324892e-14
715.64000,6.6545949e-12,2.2306285e-14
715.65000,6.6343835e-12,2.2265329e-14
715.66000,6.6063049e-12,2.2199683e-14
715.67000,6.5716441e-12,2.2121754e-14
715.68000,6.5342063e-12,2.2050044e-14
715.69000,6.5019564e-12,2.2005665e-14
715.70000,6.4832640e-12,2.1992699e-14
715.71000,6.4875505e-12,2.2012695e-14
715.72000,6.5164202e-12,2.2057725e-14
715.73000,6.5621390e-12,2.2117579e-14
715.74000,6.6093574e-12,2.2179470e-14
715.75000,6.6477196e-12,2.2234224e-14
715.76000,6.6710350e-12,2.2274631e-14
715.77000,6.6840585e-12,2.2305973e-14
715.78000,6.6919080e-12,2.2340880e-14
715.79000,6.6993492e-12,2.2392621e-14
715.80000,6.7077809e-12,2.2461559e-14
715.81000,6.7158221e-12,2.2525888e-14
715.82000,6.7213439e-12,2.2563449e-14
715.83000,6.7219725e-12,2.2558295e-14
715.84000,6.7181232e-12,2.2526356e-14
715.85000,6.7109326e-12,2.2489477e-14
715.86000,6.7027525e-12,2.2461635e-14
715.87000,6.6955358e-12,2.2441043e-14
715.88000,6.6900261e-12,2.2417439e-14
715.89000,6.6861861e-12,2.2385395e-14
715.90000,6.6836494e-12,2.2349434e-14
715.91000,6.6820664e-12,2.2318340e-14
715.92000,6.6809785e-12,2.2297102e-14
715.93000,6.6793418e-12,2.2283217e-14
715.94000,6.6756671e-12,2.2272691e-14
715.95000,6.6697656e-12,2.2261386e-14
715.96000,6.6619938e-12,2.2248351e-14
715.97000,6.6537328e-12,2.2234755e-14
715.98000,6.6465140e-12,2.2222073e-14
715.99000,6.6415375e-12,2.2211065e-14
716.00000,6.6390619e-12,2.2201732e-14
716.01000,6.6395533e-12,2.2194762e-14
716.02000,6.6423327e-12,2.2190284e-14
716.03000,6.6473916e-12,2.2188873e-14
716.04000,6.6542128e-12,2.2190268e-14
716.05000,6.6619800e-12,2.2194180e-14
716.06000,6.6694808e-12,2.2200354e-14
716.07000,6.6757644e-12,2.2208818e-14
716.08000,6.6793420e-12,2.2219859e-14
716.09000,6.6796548e-12,2.2233026e-14
716.10000,6.6761285e-12,2.2250338e-14
716.11000,6.6699676e-12,2.2275965e-14
716.12000,6.6633513e-12,2.2314530e-14
716.13000,6.6587911e-12,2.2360160e-14
716.14000,6.6581839e-12,2.2399734e-14
716.15000,6.6623152e-12,2.2412473e-14
716.16000,6.6694493e-12,2.2394183e-14
716.17000,6.6770093e-12,2.2355051e-14
716.18000,6.6826119e-12,2.2315100e-14
716.19000,6.6841655e-12,2.2289588e-14
716.20000,6.6818932e-12,2.2277945e-14
716.21000,6.6759321e-12,2.2272390e-14
716.22000,6.6671471e-12,2.2261797e-14
716.23000,6.6567878e-12,2.2242423e-14
716.24000,6.6462579e-12,2.2217941e-14
716.25000,6.6366989e-12,2.2193517e-14
716.26000,6.6296652e-12,2.2172989e-14
716.27000,6.6256110e-12,2.2158216e-14
716.28000,6.6251190e-12,2.2154417e-14
716.29000,6.6278180e-12,2.2168189e-14
716.30000,6.6330544e-12,2.2203213e-14
716.31000,6.6393694e-12,2.2251133e-14
716.32000,6.6453500e-12,2.2299752e-14
716.33000,6.6491827e-12,2.2339549e-14
716.34000,6.6501484e-12,2.2372803e-14
716.35000,6.6482654e-12,2.2407316e-14
716.36000,6.6453103e-12,2.2443160e-14
716.37000,6.6434107e-12,2.2464523e-14
716.38000,6.6434574e-12,2.2457596e-14
716.39000,6.6449751e-12,2.2415509e-14
716.40000,6.6460925e-12,2.2351165e-14
716.41000,6.6452543e-12,2.2288062e-14
716.42000,6.6415359e-12,2.2241455e-14
716.43000,6.6352448e-12,2.2209257e-14
716.44000,6.6272410e-12,2.2184865e-14
716.45000,6.6197337e-12,2.2161668e-14
716.46000,6.6150843e-12,2.2142082e-14
716.47000,6.6153123e-12,2.2134376e-14
716.48000,6.6207796e-12,2.2145121e-14
716.49000,6.6294795e-12,2.2172757e-14
716.50000,6.6386385e-12,2.2208588e-14
716.51000,6.6458475e-12,2.2242673e-14
716.52000,6.6508063e-12,2.2270027e-14
716.53000,6.6543385e-12,2.2293405e-14
716.54000,6.6575296e-12,2.2317952e-14
716.55000,6.6603158e-12,2.2340199e-14
716.56000,6.6621681e-12,2.2351567e-14
716.57000,6.6625638e-12,2.2344037e-14
716.58000,6.6616460e-12,2.2318227e-14
716.59000,6.6603598e-12,2.2286921e-14
716.60000,6.6595510e-12,2.2265188e-14
716.61000,6.6595666e-12,2.2264084e-14
716.62000,6.6607853e-12,2.2298607e-14
716.63000,6.6630876e-12,2.2369064e-14
716.64000,6.6662346e-12,2.2477135e-14
716.65000,6.6693526e-12,2.2607794e-14
716.66000,6.6717396e-12,2.2732500e-14
716.67000,6.6734785e-12,2.2821670e-14
716.68000,6.6752377e-12,2.2873648e-14
716.69000,6.6777026e-12,2.2924909e-14
716.70000,6.6810056e-12,2.3037160e-14
716.71000,6.6849810e-12,2.3253760e-14
716.72000,6.6879222e-12,2.3509377e-14
716.73000,6.6861495e-12,2.3650465e-14
716.74000,6.6773953e-12,2.3559055e-14
716.75000,6.6630926e-12,2.3261336e-14
716.76000,6.6464088e-12,2.2862464e-14
716.77000,6.6312922e-12,2.2513725e-14
716.78000,6.6200000e-12,2.2286105e-14
716.79000,6.6128233e-12,2.2165006e-14
716.80000,6.6099342e-12,2.2133061e-14
716.81000,6.6096398e-12,2.2144673e-14
716.82000,6.6111785e-12,2.2178429e-14
716.83000,6.6141880e-12,2.2215251e-14
716.84000,6.6185475e-12,2.2241500e-14
716.85000,6.6238787e-12,2.2244746e-14
716.86000,6.6294798e-12,2.2220552e-14
716.87000,6.6346764e-12,2.2172591e-14
716.88000,6.6393346e-12,2.2126950e-14
716.89000,6.6437044e-12,2.2115284e-14
716.90000,6.6480417e-12,2.2158583e-14
716.91000,6.6520850e-12,2.2261565e-14
716.92000,6.6550936e-12,2.2399538e-14
716.93000,6.6561501e-12,2.2547392e-14
716.94000,6.6536469e-12,2.2682107e-14
716.95000,6.6474957e-12,2.2794065e-14
716.96000,6.6384936e-12,2.2887803e-14
716.97000,6.6288755e-12,2.2975454e-14
716.98000,6.6214086e-12,2.3052559e-14
716.99000,6.6179224e-12,2.3100933e-14
717.00000,6.6197814e-12,2.3090187e-14
717.01000,6.6257214e-12,2.3006615e-14
717.02000,6.6322748e-12,2.2868629e-14
717.03000,6.6361880e-12,2.2706284e-14
717.04000,6.6370430e-12,2.2536151e-14
717.05000,6.6356269e-12,2.2368459e-14
717.06000,6.6337844e-12,2.2217836e-14
717.07000,6.6324088e-12,2.2109408e-14
717.08000,6.6318904e-12,2.2058921e-14
717.09000,6.6325891e-12,2.2070951e-14
717.10000,6.6342697e-12,2.2117327e-14
717.11000,6.6363572e-12,2.2171719e-14
717.12000,6.6374391e-12,2.2204833e-14
717.13000,6.6366089e-12,2.2206495e-14
717.14000,6.6338324e-12,2.2179675e-14
717.15000,6.6302783e-12,2.2147405e-14
717.16000,6.6272026e-12,2.2158692e-14
717.17000,6.6250672e-12,2.2256229e-14
717.18000,6.6234955e-12,2.2484340e-14
717.19000,6.6215564e-12,2.2830199e-14
717.20000,6.6189438e-12,2.3207475e-14
717.21000,6.6163652e-12,2.3473859e-14
717.22000,6.6144702e-12,2.3543764e-14
717.23000,6.6137080e-12,2.3389436e-14
717.24000,6.6145394e-12,2.3156858e-14
717.25000,6.6188514e-12,2.3015092e-14
717.26000,6.6272961e-12,2.3056994e-14
717.27000,6.6386289e-12,2.3268291e-14
717.28000,6.6497548e-12,2.3507823e-14
717.29000,6.6585679e-12,2.3657695e-14
717.30000,6.6637508e-12,2.3666281e-14
717.31000,6.6655014e-12,2.3586450e-14
717.32000,6.6649174e-12,2.3490944e-14
717.33000,6.6633703e-12,2.3415262e-14
717.34000,6.6610835e-12,2.3353843e-14
717.35000,6.6578358e-12,2.3267242e-14
717.36000,6.6531975e-12,2.3104548e-14
717.37000,6.6475458e-12,2.2850770e-14
717.38000,6.6416846e-12,2.2540623e-14
717.39000,6.6364151e-12,2.2248563e-14
717.40000,6.6319048e-12,2.2016648e-14
717.41000,6.6279891e-12,2.1868492e-14
717.42000,6.6241208e-12,2.1780712e-14
717.43000,6.6199711e-12,2.1735084e-14
717.44000,6.6156299e-12,2.1714463e-14
717.45000,6.6113852e-12,2.1713640e-14
717.46000,6.6073365e-12,2.1722047e-14
717.47000,6.6033332e-12,2.1732988e-14
717.48000,6.5995020e-12,2.1743873e-14
717.49000,6.5967206e-12,2.1764447e-14
717.50000,6.5959972e-12,2.1819411e-14
717.51000,6.5971125e-12,2.1933364e-14
717.52000,6.5991569e-12,2.2135792e-14
717.53000,6.6012282e-12,2.2399477e-14
717.54000,6.6040953e-12,2.2666480e-14
717.55000,6.6088602e-12,2.2853012e-14
717.56000,6.6154474e-12,2.2887737e-14
717.57000,6.6220213e-12,2.2802714e-14
717.58000,6.6267085e-12,2.2654550e-14
717.59000,6.6280376e-12,2.2521783e-14
717.60000,6.6260299e-12,2.2445626e-14
717.61000,6.6212851e-12,2.2446106e-14
717.62000,6.6149181e-12,2.2537148e-14
717.63000,6.6086937e-12,2.2774236e-14
717.64000,6.6051358e-12,2.3152369e-14
717.65000,6.6068129e-12,2.3664036e-14
717.66000,6.6128971e-12,2.4222611e-14
717.67000,6.6191977e-12,2.4688046e-14
717.68000,6.6208826e-12,2.4910439e-14
717.69000,6.6178976e-12,2.4822770e-14
717.70000,6.6138368e-12,2.4402208e-14
717.71000,6.6132924e-12,2.3815888e-14
717.72000,6.6168363e-12,2.3232961e-14
717.73000,6.6211182e-12,2.2763025e-14
717.74000,6.6229119e-12,2.2471681e-14
717.75000,6.6217620e-12,2.2315901e-14
717.76000,6.6179194e-12,2.2266197e-14
717.77000,6.6116402e-12,2.2268904e-14
717.78000,6.6031974e-12,2.2269991e-14
717.79000,6.5942637e-12,2.2229453e-14
717.80000,6.5867005e-12,2.2151212e-14
717.81000,6.5818712e-12,2.2064244e-14
717.82000,6.5790980e-12,2.2001976e-14
717.83000,6.5775728e-12,2.1973974e-14
717.84000,6.5767364e-12,2.1966226e-14
717.85000,6.5767106e-12,2.1970414e-14
717.86000,6.5774848e-12,2.1979987e-14
717.87000,6.5792323e-12,2.1990977e-14
717.88000,6.5819616e-12,2.1994436e-14
717.89000,6.5853722e-12,2.1982527e-14
717.90000,6.5888267e-12,2.1951555e-14
717.91000,6.5917172e-12,2.1904207e-14
717.92000,6.5933446e-12,2.1849523e-14
717.93000,6.5936293e-12,2.1805609e-14
717.94000,6.5924902e-12,2.1788070e-14
717.95000,6.5903821e-12,2.1792162e-14
717.96000,6.5879064e-12,2.1800252e-14
717.97000,6.5858623e-12,2.1795276e-14
717.98000,6.5849939e-12,2.1775015e-14
717.99000,6.5860550e-12,2.1755786e-14
718.00000,6.5893088e-12,2.1753606e-14
718.01000,6.5945149e-12,2.1771423e-14
718.02000,6.6008147e-12,2.1803129e-14
718.03000,6.6072533e-12,2.1860582e-14
718.04000,6.6131754e-12,2.1968706e-14
718.05000,6.6189595e-12,2.2190871e-14
718.06000,6.6257774e-12,2.2585346e-14
718.07000,6.6342590e-12,2.3201474e-14
718.08000,6.6428308e-12,2.3942608e-14
718.09000,6.6479302e-12,2.4629260e-14
718.10000,6.6448947e-12,2.4957487e-14
718.11000,6.6341351e-12,2.4794597e-14
718.12000,6.6202298e-12,2.4223113e-14
718.13000,6.6071998e-12,2.3492205e-14
718.14000,6.5963558e-12,2.2824453e-14
718.15000,6.5868346e-12,2.2329834e-14
718.16000,6.5785448e-12,2.2032231e-14
718.17000,6.5720236e-12,2.1876191e-14
718.18000,6.5680727e-12,2.1816378e-14
718.19000,6.5663216e-12,2.1796775e-14
718.20000,6.5665401e-12,2.1795075e-14
718.21000,6.5684371e-12,2.1799497e-14
718.22000,6.5715859e-12,2.1803805e-14
718.23000,6.5755752e-12,2.1801550e-14
718.24000,6.5796651e-12,2.1789810e-14
718.25000,6.5828659e-12,2.1769978e-14
718.26000,6.5849139e-12,2.1750259e-14
718.27000,6.5862311e-12,2.1737635e-14
718.28000,6.5879358e-12,2.1735679e-14
718.29000,6.5909853e-12,2.1746576e-14
718.30000,6.5954362e-12,2.1768598e-14
718.31000,6.6013358e-12,2.1805546e-14
718.32000,6.6093452e-12,2.1877763e-14
718.33000,6.6206034e-12,2.2018339e-14
718.34000,6.6370531e-12,2.2299782e-14
718.35000,6.6585030e-12,2.2797288e-14
718.36000,6.6817070e-12,2.3642726e-14
718.37000,6.7002319e-12,2.4751213e-14
718.38000,6.7082738e-12,2.5900034e-14
718.39000,6.7054079e-12,2.6642673e-14
718.40000,6.6930616e-12,2.6558675e-14
718.41000,6.6749140e-12,2.5781762e-14
718.42000,6.6531642e-12,2.4627790e-14
718.43000,6.6313706e-12,2.3559189e-14
718.44000,6.6116591e-12,2.2786308e-14
718.45000,6.5942410e-12,2.2314588e-14
718.46000,6.5785121e-12,2.2034998e-14
718.47000,6.5649861e-12,2.1894556e-14
718.48000,6.5538485e-12,2.1818016e-14
718.49000,6.5458832e-12,2.1790411e-14
718.50000,6.5407714e-12,2.1814597e-14
718.51000,6.5377185e-12,2.1932529e-14
718.52000,6.5354798e-12,2.2177290e-14
718.53000,6.5334801e-12,2.2606732e-14
718.54000,6.5314654e-12,2.3252134e-14
718.55000,6.5301875e-12,2.4018180e-14
718.56000,6.5323055e-12,2.4702931e-14
718.57000,6.5402476e-12,2.5097272e-14
718.58000,6.5551591e-12,2.4988147e-14
718.59000,6.5716874e-12,2.4506726e-14
718.60000,6.5825556e-12,2.3860250e-14
718.61000,6.5835443e-12,2.3338543e-14
718.62000,6.5759599e-12,2.3139223e-14
718.63000,6.5659049e-12,2.3232824e-14
718.64000,6.5569573e-12,2.3555039e-14
718.65000,6.5494575e-12,2.4006609e-14
718.66000,6.5416790e-12,2.4485080e-14
718.67000,6.5344182e-12,2.4848773e-14
718.68000,6.5316850e-12,2.4942894e-14
718.69000,6.5367737e-12,2.4591707e-14
718.70000,6.5447747e-12,2.3928238e-14
718.71000,6.5494300e-12,2.3158200e-14
718.72000,6.5497129e-12,2.2510465e-14
718.73000,6.5494163e-12,2.2095287e-14
718.74000,6.5516446e-12,2.1854982e-14
718.75000,6.5563666e-12,2.1731108e-14
718.76000,6.5612225e-12,2.1666744e-14
718.77000,6.5644940e-12,2.1630576e-14
718.78000,6.5660686e-12,2.1612847e-14
718.79000,6.5671693e-12,2.1611195e-14
718.80000,6.5694278e-12,2.1628291e-14
718.81000,6.5734702e-12,2.1659087e-14
718.82000,6.5786853e-12,2.1698865e-14
718.83000,6.5831644e-12,2.1736134e-14
718.84000,6.5852051e-12,2.1754856e-14
718.85000,6.5851730e-12,2.1748858e-14
718.86000,6.5844416e-12,2.1717479e-14
718.87000,6.5851220e-12,2.1671862e-14
718.88000,6.5878909e-12,2.1626049e-14
718.89000,6.5915299e-12,2.1589787e-14
718.90000,6.5941670e-12,2.1565344e-14
718.91000,6.5942490e-12,2.1554154e-14
718.92000,6.5924033e-12,2.1551143e-14
718.93000,6.5901633e-12,2.1552151e-14
718.94000,6.5889581e-12,2.1553033e-14
718.95000,6.5890998e-12,2.1552800e-14
718.96000,6.5897451e-12,2.1553205e-14
718.97000,6.5903969e-12,2.1556839e-14
718.98000,6.5911816e-12,2.1565437e-14
718.99000,6.5923022e-12,2.1579747e-14
719.00000,6.5933448e-12,2.1601242e-14
719.01000,6.5937246e-12,2.1633286e-14
719.02000,6.5934389e-12,2.1690490e-14
719.03000,6.5936589e-12,2.1793231e-14
719.04000,6.5958912e-12,2.2000063e-14
719.05000,6.6000399e-12,2.2379271e-14
719.06000,6.6042108e-12,2.3041062e-14
719.07000,6.6056062e-12,2.3919648e-14
719.08000,6.6023597e-12,2.4837059e-14
719.09000,6.5974638e-12,2.5449237e-14
719.10000,6.5960089e-12,2.5501733e-14
719.11000,6.5981851e-12,2.5066984e-14
719.12000,6.5997791e-12,2.4378713e-14
719.13000,6.5973977e-12,2.3645875e-14
719.14000,6.5915588e-12,2.3021912e-14
719.15000,6.5833624e-12,2.2568125e-14
719.16000,6.5735860e-12,2.2282292e-14
719.17000,6.5636372e-12,2.2169303e-14
719.18000,6.5559739e-12,2.2136686e-14
719.19000,6.5531706e-12,2.2107470e-14
719.20000,6.5555715e-12,2.2029500e-14
719.21000,6.5616959e-12,2.1908281e-14
719.22000,6.5682339e-12,2.1789819e-14
719.23000,6.5727347e-12,2.1717202e-14
719.24000,6.5737952e-12,2.1731770e-14
719.25000,6.5718145e-12,2.1859702e-14
719.26000,6.5676030e-12,2.2146038e-14
719.27000,6.5621117e-12,2.2616887e-14
719.28000,6.5562487e-12,2.3288609e-14
719.29000,6.5511463e-12,2.4016629e-14
719.30000,6.5481841e-12,2.4564634e-14
719.31000,6.5486954e-12,2.4725954e-14
719.32000,6.5535339e-12,2.4384451e-14
719.33000,6.5600220e-12,2.3743359e-14
719.34000,6.5646052e-12,2.3014152e-14
719.35000,6.5651933e-12,2.2409204e-14
719.36000,6.5635012e-12,2.2009738e-14
719.37000,6.5629063e-12,2.1789559e-14
719.38000,6.5646643e-12,2.1686554e-14
719.39000,6.5682762e-12,2.1670831e-14
719.40000,6.5716600e-12,2.1709323e-14
719.41000,6.5729201e-12,2.1813917e-14
719.42000,6.5713870e-12,2.1985620e-14
719.43000,6.5675057e-12,2.2198122e-14
719.44000,6.5639881e-12,2.2372877e-14
719.45000,6.5634115e-12,2.2421792e-14
719.46000,6.5654426e-12,2.2317925e-14
719.47000,6.5667928e-12,2.2111535e-14
719.48000,6.5643293e-12,2.1915228e-14
719.49000,6.5580372e-12,2.1794258e-14
719.50000,6.5492472e-12,2.1776519e-14
719.51000,6.5406637e-12,2.1812740e-14
719.52000,6.5345229e-12,2.1835841e-14
719.53000,6.5320454e-12,2.1807639e-14
719.54000,6.5343909e-12,2.1721065e-14
719.55000,6.5399101e-12,2.1616659e-14
719.56000,6.5472454e-12,2.1530940e-14
719.57000,6.5550121e-12,2.1479945e-14
719.58000,6.5622236e-12,2.1463255e-14
719.59000,6.5680669e-12,2.1462904e-14
719.60000,6.5716113e-12,2.1470228e-14
719.61000,6.5727436e-12,2.1490506e-14
719.62000,6.5724840e-12,2.1544211e-14
719.63000,6.5718228e-12,2.1656261e-14
719.64000,6.5704943e-12,2.1829594e-14
719.65000,6.5676480e-12,2.2041179e-14
719.66000,6.5639502e-12,2.2224522e-14
719.67000,6.5611933e-12,2.2310733e-14
719.68000,6.5597917e-12,2.2294758e-14
719.69000,6.5579528e-12,2.2216526e-14
719.70000,6.5541183e-12,2.2159253e-14
719.71000,6.5493641e-12,2.2169876e-14
719.72000,6.5477233e-12,2.2224491e-14
719.73000,6.5523760e-12,2.2264551e-14
719.74000,6.5612876e-12,2.2269190e-14
719.75000,6.5699545e-12,2.2272219e-14
719.76000,6.5716654e-12,2.2337993e-14
719.77000,6.5648043e-12,2.2461611e-14
719.78000,6.5542035e-12,2.2556176e-14
719.79000,6.5471790e-12,2.2535033e-14
719.80000,6.5484953e-12,2.2348876e-14
719.81000,6.5549108e-12,2.2077144e-14
719.82000,6.5617990e-12,2.1811552e-14
719.83000,6.5665663e-12,2.1611607e-14
719.84000,6.5689659e-12,2.1495497e-14
719.85000,6.5701172e-12,2.1431234e-14
719.86000,6.5705630e-12,2.1399898e-14
719.87000,6.5707555e-12,2.1386336e-14
719.88000,6.5708710e-12,2.1383635e-14
719.89000,6.5708031e-12,2.1388241e-14
719.90000,6.5705228e-12,2.1400969e-14
719.91000,6.5705244e-12,2.1429336e-14
719.92000,6.5716351e-12,2.1481956e-14
719.93000,6.5744098e-12,2.1581750e-14
719.94000,6.5781748e-12,2.1760078e-14
719.95000,6.5810492e-12,2.2093981e-14
719.96000,6.5806112e-12,2.2590357e-14
719.97000,6.5736050e-12,2.3216159e-14
719.98000,6.5604307e-12,2.3796770e-14
719.99000,6.5465124e-12,2.4084552e-14
720.00000,6.5384680e-12,2.4021236e-14
720.01000,6.5387824e-12,2.3685769e-14
720.02000,6.5424516e-12,2.3376476e-14
720.03000,6.5432728e-12,2.3364778e-14
720.04000,6.5400764e-12,2.3715047e-14
720.05000,6.5362779e-12,2.4232403e-14
720.06000,6.5347716e-12,2.4571075e-14
720.07000,6.5344747e-12,2.4473371e-14
720.08000,6.5322117e-12,2.3914692e-14
720.09000,6.5273862e-12,2.3164867e-14
720.10000,6.5216798e-12,2.2479527e-14
720.11000,6.5174503e-12,2.1973869e-14
720.12000,6.5162220e-12,2.1654224e-14
720.13000,6.5180161e-12,2.1460352e-14
720.14000,6.5222533e-12,2.1366128e-14
720.15000,6.5275456e-12,2.1333275e-14
720.16000,6.5330795e-12,2.1337745e-14
720.17000,6.5380956e-12,2.1342957e-14
720.18000,6.5419773e-12,2.1331292e-14
720.19000,6.5440727e-12,2.1316786e-14
720.20000,6.5440464e-12,2.1322861e-14
720.21000,6.5414091e-12,2.1358938e-14
720.22000,6.5369900e-12,2.1398158e-14
720.23000,6.5318104e-12,2.1399098e-14
720.24000,6.5270628e-12,2.1346402e-14
720.25000,6.5236894e-12,2.1252890e-14
720.26000,6.5216883e-12,2.1168630e-14
720.27000,6.5208818e-12,2.1144794e-14
720.28000,6.5203262e-12,2.1211437e-14
720.29000,6.5185541e-12,2.1379648e-14
720.30000,6.5149300e-12,2.1613338e-14
720.31000,6.5100462e-12,2.1881598e-14
720.32000,6.5067263e-12,2.2158725e-14
720.33000,6.5066924e-12,2.2457273e-14
720.34000,6.5071286e-12,2.2822916e-14
720.35000,6.5030715e-12,2.3258883e-14
720.36000,6.4931127e-12,2.3658845e-14
720.37000,6.4843581e-12,2.3837859e-14
720.38000,6.4847950e-12,2.3615015e-14
720.39000,6.4930060e-12,2.3062353e-14
720.40000,6.5032176e-12,2.2359660e-14
720.41000,6.5105879e-12,2.1743370e-14
720.42000,6.5147651e-12,2.1325370e-14
720.43000,6.5176363e-12,2.1084168e-14
720.44000,6.5201874e-12,2.0969639e-14
720.45000,6.5225711e-12,2.0912814e-14
720.46000,6.5242881e-12,2.0887744e-14
720.47000,6.5242805e-12,2.0879335e-14
720.48000,6.5217225e-12,2.0880206e-14
720.49000,6.5166306e-12,2.0889646e-14
720.50000,6.5103741e-12,2.0913894e-14
720.51000,6.5052699e-12,2.0976280e-14
720.52000,6.5033348e-12,2.1101116e-14
720.53000,6.5055805e-12,2.1342697e-14
720.54000,6.5099103e-12,2.1746130e-14
720.55000,6.5112906e-12,2.2385770e-14
720.56000,6.5055180e-12,2.3184277e-14
720.57000,6.4922831e-12,2.3965688e-14
720.58000,6.4811148e-12,2.4427807e-14
720.59000,6.4837051e-12,2.4299566e-14
720.60000,6.4988021e-12,2.3699716e-14
720.61000,6.5177533e-12,2.2861954e-14
720.62000,6.5306597e-12,2.2122853e-14
720.63000,6.5362718e-12,2.1647449e-14
720.64000,6.5380645e-12,2.1411201e-14
720.65000,6.5380457e-12,2.1303223e-14
720.66000,6.5356693e-12,2.1241415e-14
720.67000,6.5307605e-12,2.1171208e-14
720.68000,6.5240028e-12,2.1103206e-14
720.69000,6.5171648e-12,2.1064749e-14
720.70000,6.5117646e-12,2.1071749e-14
720.71000,6.5078423e-12,2.1098673e-14
720.72000,6.5048243e-12,2.1115728e-14
720.73000,6.5020677e-12,2.1111039e-14
720.74000,6.5000004e-12,2.1096000e-14
720.75000,6.4993739e-12,2.1087492e-14
720.76000,6.5011030e-12,2.1087937e-14
720.77000,6.5052528e-12,2.1087115e-14
720.78000,6.5110378e-12,2.1080319e-14
720.79000,6.5172983e-12,2.1073180e-14
720.80000,6.5234581e-12,2.1070092e-14
720.81000,6.5292642e-12,2.1071912e-14
720.82000,6.5345888e-12,2.1079399e-14
720.83000,6.5389173e-12,2.1102159e-14
720.84000,6.5414528e-12,2.1154017e-14
720.85000,6.5402042e-12,2.1266688e-14
720.86000,6.5343149e-12,2.1450938e-14
720.87000,6.5224699e-12,2.1707955e-14
720.88000,6.5066383e-12,2.1971833e-14
720.89000,6.4918591e-12,2.2127199e-14
720.90000,6.4835721e-12,2.2117345e-14
720.91000,6.4846563e-12,2.1933606e-14
720.92000,6.4914945e-12,2.1666152e-14
720.93000,6.4986428e-12,2.1417401e-14
720.94000,6.5032112e-12,2.1237517e-14
720.95000,6.5049820e-12,2.1135889e-14
720.96000,6.5050346e-12,2.1093371e-14
720.97000,6.5044164e-12,2.1081571e-14
720.98000,6.5036925e-12,2.1079341e-14
720.99000,6.5029065e-12,2.1075914e-14
721.00000,6.5017393e-12,2.1068980e-14
721.01000,6.5000381e-12,2.1065506e-14
721.02000,6.4978897e-12,2.1080252e-14
721.03000,6.4954891e-12,2.1122173e-14
721.04000,6.4929499e-12,2.1192701e-14
721.05000,6.4908571e-12,2.1267344e-14
721.06000,6.4907519e-12,2.1312661e-14
721.07000,6.4939817e-12,2.1306225e-14
721.08000,6.5010560e-12,2.1247417e-14
721.09000,6.5102393e-12,2.1169669e-14
721.10000,6.5197656e-12,2.1103379e-14
721.11000,6.5274517e-12,2.1069057e-14
721.12000,6.5317793e-12,2.1066719e-14
721.13000,6.5326016e-12,2.1080430e-14
721.14000,6.5308991e-12,2.1093237e-14
721.15000,6.5276461e-12,2.1089816e-14
721.16000,6.5241239e-12,2.1066463e-14
721.17000,6.5209530e-12,2.1029907e-14
721.18000,6.5184551e-12,2.0992218e-14
721.19000,6.5171972e-12,2.0963301e-14
721.20000,6.5173277e-12,2.0945153e-14
721.21000,6.5191728e-12,2.0936984e-14
721.22000,6.5223111e-12,2.0934758e-14
721.23000,6.5259552e-12,2.0936551e-14
721.24000,6.5289583e-12,2.0939832e-14
721.25000,6.5306054e-12,2.0943484e-14
721.26000,6.5311806e-12,2.0946607e-14
721.27000,6.5311527e-12,2.0948268e-14
721.28000,6.5305148e-12,2.0947928e-14
721.29000,6.5282172e-12,2.0944740e-14
721.30000,6.5230785e-12,2.0938370e-14
721.31000,6.5156082e-12,2.0929667e-14
721.32000,6.5082688e-12,2.0920366e-14
721.33000,6.5034839e-12,2.0911820e-14
721.34000,6.5031322e-12,2.0905068e-14
721.35000,6.5061811e-12,2.0900509e-14
721.36000,6.5107582e-12,2.0899342e-14
721.37000,6.5151825e-12,2.0902410e-14
721.38000,6.5186460e-12,2.0910257e-14
721.39000,6.5213513e-12,2.0919791e-14
721.40000,6.5236476e-12,2.0926829e-14
721.41000,6.5256709e-12,2.0928337e-14
721.42000,6.5268785e-12,2.0922802e-14
721.43000,6.5269371e-12,2.0913252e-14
721.44000,6.5257943e-12,2.0903241e-14
721.45000,6.5241693e-12,2.0897445e-14
721.46000,6.5226102e-12,2.0899768e-14
721.47000,6.5209623e-12,2.0908747e-14
721.48000,6.5184653e-12,2.0920121e-14
721.49000,6.5143145e-12,2.0925860e-14
721.50000,6.5083970e-12,2.0921114e-14
721.51000,6.5010338e-12,2.0907716e-14
721.52000,6.4927829e-12,2.0893610e-14
721.53000,6.4845785e-12,2.0893301e-14
721.54000,6.4777855e-12,2.0922039e-14
721.55000,6.4735491e-12,2.1001656e-14
721.56000,6.4715567e-12,2.1143115e-14
721.57000,6.4711452e-12,2.1351051e-14
721.58000,6.4715119e-12,2.1572662e-14
721.59000,6.4741836e-12,2.1721193e-14
721.60000,6.4810240e-12,2.1734195e-14
721.61000,6.4920652e-12,2.1587247e-14
721.62000,6.5031554e-12,2.1363498e-14
721.63000,6.5100420e-12,2.1140688e-14
721.64000,6.5115625e-12,2.0975747e-14
721.65000,6.5089065e-12,2.0886608e-14
721.66000,6.5044378e-12,2.0848972e-14
721.67000,6.4990107e-12,2.0845043e-14
721.68000,6.4931797e-12,2.0855795e-14
721.69000,6.4876342e-12,2.0869525e-14
721.70000,6.4830505e-12,2.0882987e-14
721.71000,6.4794621e-12,2.0899806e-14
721.72000,6.4766011e-12,2.0923897e-14
721.73000,6.4741455e-12,2.0949769e-14
721.74000,6.4729110e-12,2.0961999e-14
721.75000,6.4739849e-12,2.0949841e-14
721.76000,6.4780831e-12,2.0910510e-14
721.77000,6.4835519e-12,2.0862189e-14
721.78000,6.4883182e-12,2.0823298e-14
721.79000,6.4911995e-12,2.0801630e-14
721.80000,6.4919720e-12,2.0799364e-14
721.81000,6.4918484e-12,2.0809351e-14
721.82000,6.4915317e-12,2.0828763e-14
721.83000,6.4908411e-12,2.0850139e-14
721.84000,6.4887548e-12,2.0859351e-14
721.85000,6.4850073e-12,2.0846976e-14
721.86000,6.4799729e-12,2.0809267e-14
721.87000,6.4752385e-12,2.0758935e-14
721.88000,6.4727324e-12,2.0715070e-14
721.89000,6.4737006e-12,2.0690876e-14
721.90000,6.4779693e-12,2.0686084e-14
721.91000,6.4846670e-12,2.0695702e-14
721.92000,6.4915199e-12,2.0707769e-14
721.93000,6.4967637e-12,2.0714914e-14
721.94000,6.4997972e-12,2.0716241e-14
721.95000,6.5001574e-12,2.0712923e-14
721.96000,6.4985224e-12,2.0707735e-14
721.97000,6.4954172e-12,2.0701180e-14
721.98000,6.4917630e-12,2.0693620e-14
721.99000,6.4884623e-12,2.0686517e-14
722.00000,6.4859309e-12,2.0681138e-14
722.01000,6.4838508e-12,2.0676377e-14
722.02000,6.4813167e-12,2.0668710e-14
722.03000,6.4776562e-12,2.0655375e-14
722.04000,6.4731629e-12,2.0638599e-14
722.05000,6.4682634e-12,2.0622119e-14
722.06000,6.4632831e-12,2.0609387e-14
722.07000,6.4584522e-12,2.0601633e-14
722.08000,6.4542433e-12,2.0596942e-14
722.09000,6.4516876e-12,2.0593305e-14
722.10000,6.4519793e-12,2.0589010e-14
722.11000,6.4554805e-12,2.0584178e-14
722.12000,6.4613224e-12,2.0580125e-14
722.13000,6.4680939e-12,2.0577459e-14
722.14000,6.4742943e-12,2.0576017e-14
722.15000,6.4787792e-12,2.0574994e-14
722.16000,6.4810639e-12,2.0574342e-14
722.17000,6.4812285e-12,2.0574370e-14
722.18000,6.4787064e-12,2.0575593e-14
722.19000,6.4737605e-12,2.0578661e-14
722.20000,6.4665028e-12,2.0586284e-14
722.21000,6.4578791e-12,2.0601008e-14
722.22000,6.4490080e-12,2.0625379e-14
722.23000,6.4413472e-12,2.0655858e-14
722.24000,6.4365916e-12,2.0692784e-14
722.25000,6.4353214e-12,2.0748142e-14
722.26000,6.4374629e-12,2.0862983e-14
722.27000,6.4409140e-12,2.1062622e-14
722.28000,6.4435955e-12,2.1359881e-14
722.29000,6.4441387e-12,2.1681738e-14
722.30000,6.4434844e-12,2.1884552e-14
722.31000,6.4438678e-12,2.1888143e-14
722.32000,6.4457616e-12,2.1670792e-14
722.33000,6.4456910e-12,2.1322657e-14
722.34000,6.4402196e-12,2.0945750e-14
722.35000,6.4301772e-12,2.0570570e-14
722.36000,6.4188550e-12,2.0142588e-14
722.37000,6.4088284e-12,1.9554335e-14
722.38000,6.4007360e-12,1.8761701e-14
722.39000,6.3941274e-12,1.7820130e-14
722.40000,6.3890687e-12,1.6876193e-14
722.41000,6.3868063e-12,1.6103945e-14
722.42000,6.3874392e-12,1.5574397e-14
722.43000,6.3900021e-12,1.5286352e-14
722.44000,6.3922020e-12,1.5148838e-14
722.45000,6.3917987e-12,1.5108380e-14
722.46000,6.3888942e-12,1.5100413e-14
722.47000,6.3852950e-12,1.5107546e-14
722.48000,6.3838857e-12,1.5123221e-14
722.49000,6.3870216e-12,1.5145309e-14
722.50000,6.3936133e-12,1.5167469e-14
722.51000,6.4014879e-12,1.5182719e-14
722.52000,6.4077575e-12,1.5186622e-14
722.53000,6.4106547e-12,1.5176833e-14
722.54000,6.4108907e-12,1.5157210e-14
722.55000,6.4096510e-12,1.5130828e-14
722.56000,6.4086235e-12,1.5103789e-14
722.57000,6.4088641e-12,1.5083698e-14
722.58000,6.4102859e-12,1.5074367e-14
722.59000,6.4124967e-12,1.5077797e-14
722.60000,6.4149953e-12,1.5091191e-14
722.61000,6.4176284e-12,1.5108982e-14
722.62000,6.4204832e-12,1.5128957e-14
722.63000,6.4234678e-12,1.5157169e-14
722.64000,6.4258196e-12,1.5214448e-14
722.65000,6.4261001e-12,1.5321204e-14
722.66000,6.4223024e-12,1.5491037e-14
722.67000,6.4143787e-12,1.5699815e-14
722.68000,6.4049099e-12,1.5887180e-14
722.69000,6.3992462e-12,1.5983200e-14
722.70000,6.4014795e-12,1.5937039e-14
722.71000,6.4093389e-12,1.5784311e-14
722.72000,6.4184348e-12,1.5584377e-14
722.73000,6.4250784e-12,1.5412951e-14
722.74000,6.4288581e-12,1.5307432e-14
722.75000,6.4314924e-12,1.5255064e-14
722.76000,6.4340280e-12,1.5234012e-14
722.77000,6.4367900e-12,1.5215704e-14
722.78000,6.4395352e-12,1.5189714e-14
722.79000,6.4418275e-12,1.5159024e-14
722.80000,6.4432278e-12,1.5131708e-14
722.81000,6.4437387e-12,1.5111845e-14
722.82000,6.4432995e-12,1.5099406e-14
722.83000,6.4419800e-12,1.5090437e-14
722.84000,6.4399585e-12,1.5082411e-14
722.85000,6.4376625e-12,1.5075623e-14
722.86000,6.4353735e-12,1.5072559e-14
722.87000,6.4331301e-12,1.5075127e-14
722.88000,6.4308740e-12,1.5082094e-14
722.89000,6.4288920e-12,1.5090439e-14
722.90000,6.4276811e-12,1.5097807e-14
722.91000,6.4277074e-12,1.5102278e-14
722.92000,6.4285489e-12,1.5103335e-14
722.93000,6.4291487e-12,1.5101360e-14
722.94000,6.4283147e-12,1.5097771e-14
722.95000,6.4245342e-12,1.5093895e-14
722.96000,6.4177500e-12,1.5091155e-14
722.97000,6.4085968e-12,1.5091314e-14
722.98000,6.3987776e-12,1.5095565e-14
722.99000,6.3899070e-12,1.5104650e-14
723.00000,6.3827654e-12,1.5115547e-14
723.01000,6.3777305e-12,1.5124175e-14
723.02000,6.3743014e-12,1.5127832e-14
723.03000,6.3724148e-12,1.5124701e-14
723.04000,6.3717572e-12,1.5116538e-14
723.05000,6.3727615e-12,1.5104417e-14
723.06000,6.3753664e-12,1.5090955e-14
723.07000,6.3789550e-12,1.5078928e-14
723.08000,6.3823379e-12,1.5069741e-14
723.09000,6.3848333e-12,1.5064352e-14
723.10000,6.3865828e-12,1.5064895e-14
723.11000,6.3877012e-12,1.5080594e-14
723.12000,6.3879734e-12,1.5120947e-14
723.13000,6.3867022e-12,1.5202029e-14
723.14000,6.3839268e-12,1.5327868e-14
723.15000,6.3815359e-12,1.5473284e-14
723.16000,6.3820945e-12,1.5597554e-14
723.17000,6.3881866e-12,1.5670200e-14
723.18000,6.3994768e-12,1.5712914e-14
723.19000,6.4109879e-12,1.5804592e-14
723.20000,6.4162941e-12,1.6028398e-14
723.21000,6.4139080e-12,1.6381190e-14
723.22000,6.4070896e-12,1.6763110e-14
723.23000,6.4032365e-12,1.6978368e-14
723.24000,6.4050976e-12,1.6877990e-14
723.25000,6.4091112e-12,1.6514849e-14
723.26000,6.4111148e-12,1.6023446e-14
723.27000,6.4097992e-12,1.5592486e-14
723.28000,6.4062224e-12,1.5306719e-14
723.29000,6.4021517e-12,1.5141631e-14
723.30000,6.3986327e-12,1.5072322e-14
723.31000,6.3958757e-12,1.5046832e-14
723.32000,6.3939582e-12,1.5050978e-14
723.33000,6.3931291e-12,1.5083111e-14
723.34000,6.3939289e-12,1.5167580e-14
723.35000,6.3955491e-12,1.5315578e-14
723.36000,6.3962947e-12,1.5554857e-14
723.37000,6.3944843e-12,1.5890322e-14
723.38000,6.3889832e-12,1.6333021e-14
723.39000,6.3812173e-12,1.6832873e-14
723.40000,6.3745472e-12,1.7294012e-14
723.41000,6.3746003e-12,1.7555026e-14
723.42000,6.3845156e-12,1.7451143e-14
723.43000,6.3983361e-12,1.7044001e-14
723.44000,6.4071982e-12,1.6465858e-14
723.45000,6.4060128e-12,1.5922678e-14
723.46000,6.3977563e-12,1.5537700e-14
723.47000,6.3894340e-12,1.5299238e-14
723.48000,6.3853110e-12,1.5175292e-14
723.49000,6.3857996e-12,1.5122520e-14
723.50000,6.3890748e-12,1.5125001e-14
723.51000,6.3933683e-12,1.5190660e-14
723.52000,6.3979772e-12,1.5334292e-14
723.53000,6.4025382e-12,1.5565923e-14
723.54000,6.4071710e-12,1.5829345e-14
723.55000,6.4127090e-12,1.6023950e-14
723.56000,6.4190547e-12,1.6077155e-14
723.57000,6.4237379e-12,1.5947549e-14
723.58000,6.4234313e-12,1.5708651e-14
723.59000,6.4169471e-12,1.5453366e-14
723.60000,6.4066519e-12,1.5239482e-14
723.61000,6.3947193e-12,1.5094877e-14
723.62000,6.3828344e-12,1.5004983e-14
723.63000,6.3710099e-12,1.4957249e-14
723.64000,6.3588374e-12,1.4943425e-14
723.65000,6.3463633e-12,1.4994624e-14
723.66000,6.3347510e-12,1.5156187e-14
723.67000,6.3268932e-12,1.5546536e-14
723.68000,6.3254083e-12,1.6245364e-14
723.69000,6.3338372e-12,1.7346866e-14
723.70000,6.3502518e-12,1.8688458e-14
723.71000,6.3723772e-12,2.0048178e-14
723.72000,6.3956708e-12,2.1190475e-14
723.73000,6.4164899e-12,2.1937036e-14
723.74000,6.4333958e-12,2.2362098e-14
723.75000,6.4456663e-12,2.2537060e-14
723.76000,6.4542007e-12,2.2588571e-14
723.77000,6.4592159e-12,2.2580053e-14
723.78000,6.4618275e-12,2.2558797e-14
723.79000,6.4623540e-12,2.2538669e-14
723.80000,6.4616491e-12,2.2526351e-14
723.81000,6.4606090e-12,2.2526641e-14
723.82000,6.4600697e-12,2.2537716e-14
723.83000,6.4605559e-12,2.2555940e-14
723.84000,6.4619743e-12,2.2573149e-14
723.85000,6.4637227e-12,2.2583825e-14
723.86000,6.4650496e-12,2.2591650e-14
723.87000,6.4652634e-12,2.2609246e-14
723.88000,6.4637550e-12,2.2656498e-14
723.89000,6.4600551e-12,2.2748229e-14
723.90000,6.4547474e-12,2.2873729e-14
723.91000,6.4492289e-12,2.3009084e-14
723.92000,6.4465552e-12,2.3108127e-14
723.93000,6.4487825e-12,2.3142425e-14
723.94000,6.4548698e-12,2.3134393e-14
723.95000,6.4616567e-12,2.3153651e-14
723.96000,6.4655564e-12,2.3324459e-14
723.97000,6.4643553e-12,2.3761340e-14
723.98000,6.4582299e-12,2.4527548e-14
723.99000,6.4498545e-12,2.5532786e-14
724.00000,6.4428511e-12,2.6525728e-14
724.01000,6.4400032e-12,2.7109627e-14
724.02000,6.4417503e-12,2.6990854e-14
724.03000,6.4458792e-12,2.6272774e-14
724.04000,6.4485734e-12,2.5195996e-14
724.05000,6.4462879e-12,2.4164577e-14
724.06000,6.4381612e-12,2.3395962e-14
724.07000,6.4269194e-12,2.2891293e-14
724.08000,6.4155577e-12,2.2626954e-14
724.09000,6.4067467e-12,2.2488196e-14
724.10000,6.4022810e-12,2.2419735e-14
724.11000,6.4019413e-12,2.2385618e-14
724.12000,6.4052128e-12,2.2377673e-14
724.13000,6.4097457e-12,2.2382343e-14
724.14000,6.4139761e-12,2.2389220e-14
724.15000,6.4172673e-12,2.2390023e-14
724.16000,6.4195469e-12,2.2384194e-14
724.17000,6.4214685e-12,2.2380057e-14
724.18000,6.4236681e-12,2.2386422e-14
724.19000,6.4264104e-12,2.2402306e-14
724.20000,6.4294933e-12,2.2419912e-14
724.21000,6.4324583e-12,2.2431366e-14
724.22000,6.4352173e-12,2.2439662e-14
724.23000,6.4382161e-12,2.2466711e-14
724.24000,6.4425394e-12,2.2566975e-14
724.25000,6.4491528e-12,2.2785639e-14
724.26000,6.4595476e-12,2.3206155e-14
724.27000,6.4732584e-12,2.3861138e-14
724.28000,6.4872869e-12,2.4724050e-14
724.29000,6.4975900e-12,2.5607200e-14
724.30000,6.5009602e-12,2.6234470e-14
724.31000,6.4984414e-12,2.6354908e-14
724.32000,6.4922880e-12,2.5864897e-14
724.33000,6.4839630e-12,2.5023339e-14
724.34000,6.4720341e-12,2.4103212e-14
724.35000,6.4562872e-12,2.3354980e-14
724.36000,6.4389102e-12,2.2879883e-14
724.37000,6.4226254e-12,2.2609297e-14
724.38000,6.4091670e-12,2.2485723e-14
724.39000,6.3993065e-12,2.2440848e-14
724.40000,6.3934121e-12,2.2433151e-14
724.41000,6.3905593e-12,2.2435819e-14
724.42000,6.3901939e-12,2.2441714e-14
724.43000,6.3916276e-12,2.2454034e-14
724.44000,6.3947800e-12,2.2485501e-14
724.45000,6.3995169e-12,2.2547415e-14
724.46000,6.4057865e-12,2.2660860e-14
724.47000,6.4128172e-12,2.2853636e-14
724.48000,6.4197782e-12,2.3131937e-14
724.49000,6.4266689e-12,2.3449455e-14
724.50000,6.4338897e-12,2.3712613e-14
724.51000,6.4409325e-12,2.3790038e-14
724.52000,6.4459598e-12,2.3634949e-14
724.53000,6.4469343e-12,2.3323165e-14
724.54000,6.4434111e-12,2.2982436e-14
724.55000,6.4356344e-12,2.2711003e-14
724.56000,6.4262633e-12,2.2538699e-14
724.57000,6.4175708e-12,2.2443051e-14
724.58000,6.4101118e-12,2.2392973e-14
724.59000,6.4036282e-12,2.2383437e-14
724.60000,6.3977575e-12,2.2411607e-14
724.61000,6.3934497e-12,2.2486068e-14
724.62000,6.3919946e-12,2.2607872e-14
724.63000,6.3949359e-12,2.2781601e-14
724.64000,6.4014715e-12,2.2981289e-14
724.65000,6.4099517e-12,2.3156303e-14
724.66000,6.4186894e-12,2.3250225e-14
724.67000,6.4269435e-12,2.3204866e-14
724.68000,6.4343719e-12,2.3045739e-14
724.69000,6.4400745e-12,2.2831286e-14
724.70000,6.4434816e-12,2.2629960e-14
724.71000,6.4443270e-12,2.2486069e-14
724.72000,6.4439242e-12,2.2397163e-14
724.73000,6.4434708e-12,2.2348568e-14
724.74000,6.4435187e-12,2.2320025e-14
724.75000,6.4439116e-12,2.2304979e-14
724.76000,6.4440953e-12,2.2298328e-14
724.77000,6.4438876e-12,2.2304273e-14
724.78000,6.4438092e-12,2.2329667e-14
724.79000,6.4445111e-12,2.2391760e-14
724.80000,6.4456548e-12,2.2492401e-14
724.81000,6.4459194e-12,2.2625920e-14
724.82000,6.4446468e-12,2.2758035e-14
724.83000,6.4429073e-12,2.2836630e-14
724.84000,6.4428383e-12,2.2839537e-14
724.85000,6.4455752e-12,2.2763949e-14
724.86000,6.4495013e-12,2.2654008e-14
724.87000,6.4524948e-12,2.2548854e-14
724.88000,6.4535879e-12,2.2469722e-14
724.89000,6.4525962e-12,2.2420385e-14
724.90000,6.4501731e-12,2.2393352e-14
724.91000,6.4467082e-12,2.2398943e-14
724.92000,6.4429646e-12,2.2445459e-14
724.93000,6.4393155e-12,2.2553469e-14
724.94000,6.4358633e-12,2.2712126e-14
724.95000,6.4331430e-12,2.2880451e-14
724.96000,6.4318053e-12,2.2996172e-14
724.97000,6.4321224e-12,2.3000908e-14
724.98000,6.4321678e-12,2.2904535e-14
724.99000,6.4289066e-12,2.2749443e-14
725.00000,6.4217953e-12,2.2600089e-14
725.01000,6.4119230e-12,2.2487031e-14
725.02000,6.4019935e-12,2.2404058e-14
725.03000,6.3941181e-12,2.2339299e-14
725.04000,6.3887628e-12,2.2282757e-14
725.05000,6.3861155e-12,2.2237987e-14
725.06000,6.3855448e-12,2.2208887e-14
725.07000,6.3868730e-12,2.2198877e-14
725.08000,6.3896597e-12,2.2203509e-14
725.09000,6.3941711e-12,2.2222617e-14
725.10000,6.4004209e-12,2.2257730e-14
725.11000,6.4084762e-12,2.2325373e-14
725.12000,6.4176562e-12,2.2444024e-14
725.13000,6.4270303e-12,2.2661764e-14
725.14000,6.4343220e-12,2.3024853e-14
725.15000,6.4352538e-12,2.3564073e-14
725.16000,6.4278607e-12,2.4190061e-14
725.17000,6.4117449e-12,2.4731323e-14
725.18000,6.3937834e-12,2.4980046e-14
725.19000,6.3832329e-12,2.4837238e-14
725.20000,6.3818932e-12,2.4470701e-14
725.21000,6.3861975e-12,2.4078113e-14
725.22000,6.3901087e-12,2.3824504e-14
725.23000,6.3908007e-12,2.3762015e-14
725.24000,6.3884189e-12,2.3823831e-14
725.25000,6.3841602e-12,2.3945198e-14
725.26000,6.3823509e-12,2.4048290e-14
725.27000,6.3881061e-12,2.4098644e-14
725.28000,6.4009220e-12,2.4131477e-14
725.29000,6.4170506e-12,2.4204747e-14
725.30000,6.4302592e-12,2.4310448e-14
725.31000,6.4372884e-12,2.4323336e-14
725.32000,6.4398783e-12,2.4147602e-14
725.33000,6.4395211e-12,2.3753310e-14
725.34000,6.4362085e-12,2.3259197e-14
725.35000,6.4288330e-12,2.2815420e-14
725.36000,6.4183945e-12,2.2489428e-14
725.37000,6.4064427e-12,2.2294655e-14
725.38000,6.3949904e-12,2.2193808e-14
725.39000,6.3849680e-12,2.2149851e-14
725.40000,6.3757143e-12,2.2126492e-14
725.41000,6.3657063e-12,2.2105718e-14
725.42000,6.3533020e-12,2.2076821e-14
725.43000,6.3384572e-12,2.2039598e-14
725.44000,6.3232119e-12,2.2000894e-14
725.45000,6.3104117e-12,2.1968368e-14
725.46000,6.3029513e-12,2.1948389e-14
725.47000,6.3029329e-12,2.1944478e-14
725.48000,6.3096267e-12,2.1954161e-14
725.49000,6.3228747e-12,2.1977101e-14
725.50000,6.3407658e-12,2.2010989e-14
725.51000,6.3599817e-12,2.2051645e-14
725.52000,6.3769488e-12,2.2092251e-14
725.53000,6.3883823e-12,2.2124468e-14
725.54000,6.3925503e-12,2.2138961e-14
725.55000,6.3897448e-12,2.2131842e-14
725.56000,6.3828727e-12,2.2111494e-14
725.57000,6.3743169e-12,2.2087907e-14
725.58000,6.3668588e-12,2.2071409e-14
725.59000,6.3627830e-12,2.2070072e-14
725.60000,6.3626082e-12,2.2088080e-14
725.61000,6.3666563e-12,2.2135197e-14
725.62000,6.3739820e-12,2.2220147e-14
725.63000,6.3833125e-12,2.2348641e-14
725.64000,6.3934543e-12,2.2510792e-14
725.65000,6.4037758e-12,2.2693139e-14
725.66000,6.4130700e-12,2.2859702e-14
725.67000,6.4193815e-12,2.2962951e-14
725.68000,6.4218684e-12,2.2991006e-14
725.69000,6.4197983e-12,2.2957854e-14
725.70000,6.4134282e-12,2.2928409e-14
725.71000,6.4032773e-12,2.2961826e-14
725.72000,6.3911705e-12,2.3046922e-14
725.73000,6.3798795e-12,2.3120415e-14
725.74000,6.3732350e-12,2.3091363e-14
725.75000,6.3722898e-12,2.2927248e-14
725.76000,6.3737940e-12,2.2690858e-14
725.77000,6.3740876e-12,2.2462794e-14
725.78000,6.3711019e-12,2.2313252e-14
725.79000,6.3655842e-12,2.2251235e-14
725.80000,6.3596387e-12,2.2230408e-14
725.81000,6.3550074e-12,2.2210277e-14
725.82000,6.3527282e-12,2.2173058e-14
725.83000,6.3528859e-12,2.2134209e-14
725.84000,6.3546951e-12,2.2110865e-14
725.85000,6.3578655e-12,2.2105836e-14
725.86000,6.3619766e-12,2.2103428e-14
725.87000,6.3663074e-12,2.2091769e-14
725.88000,6.3701803e-12,2.2075921e-14
725.89000,6.3733477e-12,2.2070202e-14
725.90000,6.3761514e-12,2.2085402e-14
725.91000,6.3786127e-12,2.2117481e-14
725.92000,6.3800794e-12,2.2151457e-14
725.93000,6.3790184e-12,2.2174382e-14
725.94000,6.3743615e-12,2.2182345e-14
725.95000,6.3669112e-12,2.2184050e-14
725.96000,6.3594230e-12,2.2194933e-14
725.97000,6.3547947e-12,2.2234897e-14
725.98000,6.3541594e-12,2.2317007e-14
725.99000,6.3560412e-12,2.2429395e-14
726.00000,6.3580633e-12,2.2532025e-14
726.01000,6.3596011e-12,2.2574264e-14
726.02000,6.3617939e-12,2.2528610e-14
726.03000,6.3650143e-12,2.2413950e-14
726.04000,6.3676325e-12,2.2290545e-14
726.05000,6.3672782e-12,2.2217084e-14
726.06000,6.3637260e-12,2.2226925e-14
726.07000,6.3597267e-12,2.2309200e-14
726.08000,6.3584287e-12,2.2407258e-14
726.09000,6.3617169e-12,2.2465823e-14
726.10000,6.3682104e-12,2.2464003e-14
726.11000,6.3745151e-12,2.2430354e-14
726.12000,6.3777115e-12,2.2410290e-14
726.13000,6.3761066e-12,2.2420404e-14
726.14000,6.3711569e-12,2.2428118e-14
726.15000,6.3659470e-12,2.2383203e-14
726.16000,6.3629115e-12,2.2278850e-14
726.17000,6.3632701e-12,2.2140576e-14
726.18000,6.3666965e-12,2.2026917e-14
726.19000,6.3721448e-12,2.1993982e-14
726.20000,6.3772787e-12,2.2051289e-14
726.21000,6.3794078e-12,2.2203620e-14
726.22000,6.3774905e-12,2.2415120e-14
726.23000,6.3728084e-12,2.2625528e-14
726.24000,6.3683832e-12,2.2774411e-14
726.25000,6.3663164e-12,2.2814060e-14
726.26000,6.3663796e-12,2.2754054e-14
726.27000,6.3671345e-12,2.2623816e-14
726.28000,6.3672745e-12,2.2471843e-14
726.29000,6.3662140e-12,2.2322948e-14
726.30000,6.3639422e-12,2.2191442e-14
726.31000,6.3608282e-12,2.2091787e-14
726.32000,6.3579433e-12,2.2028481e-14
726.33000,6.3562005e-12,2.2018082e-14
726.34000,6.3551766e-12,2.2074992e-14
726.35000,6.3532637e-12,2.2239885e-14
726.36000,6.3491787e-12,2.2517245e-14
726.37000,6.3419758e-12,2.2912499e-14
726.38000,6.3327842e-12,2.3349201e-14
726.39000,6.3254743e-12,2.3689532e-14
726.40000,6.3245723e-12,2.3836189e-14
726.41000,6.3337919e-12,2.3730953e-14
726.42000,6.3493776e-12,2.3471337e-14
726.43000,6.3654337e-12,2.3184518e-14
726.44000,6.3781774e-12,2.2988299e-14
726.45000,6.3884468e-12,2.2972699e-14
726.46000,6.3989387e-12,2.3166635e-14
726.47000,6.4087023e-12,2.3626142e-14
726.48000,6.4142775e-12,2.4244302e-14
726.49000,6.4113027e-12,2.4807914e-14
726.50000,6.4016004e-12,2.5048222e-14
726.51000,6.3902681e-12,2.4744806e-14
726.52000,6.3827401e-12,2.4080928e-14
726.53000,6.3799368e-12,2.3311164e-14
726.54000,6.3787825e-12,2.2664767e-14
726.55000,6.3777572e-12,2.2252319e-14
726.56000,6.3767337e-12,2.2021012e-14
726.57000,6.3759468e-12,2.1928931e-14
726.58000,6.3750374e-12,2.1912524e-14
726.59000,6.3735254e-12,2.1935812e-14
726.60000,6.3715325e-12,2.1952767e-14
726.61000,6.3697666e-12,2.1935953e-14
726.62000,6.3690795e-12,2.1888220e-14
726.63000,6.3701081e-12,2.1826151e-14
726.64000,6.3721150e-12,2.1775348e-14
726.65000,6.3737013e-12,2.1751099e-14
726.66000,6.3737638e-12,2.1752591e-14
726.67000,6.3717256e-12,2.1778520e-14
726.68000,6.3683693e-12,2.1814811e-14
726.69000,6.3644531e-12,2.1843698e-14
726.70000,6.3603494e-12,2.1851915e-14
726.71000,6.3560112e-12,2.1835563e-14
726.72000,6.3515443e-12,2.1812828e-14
726.73000,6.3473831e-12,2.1806991e-14
726.74000,6.3438760e-12,2.1826960e-14
726.75000,6.3410660e-12,2.1868695e-14
726.76000,6.3384237e-12,2.1908780e-14
726.77000,6.3357162e-12,2.1925397e-14
726.78000,6.3335913e-12,2.1915714e-14
726.79000,6.3336352e-12,2.1888104e-14
726.80000,6.3367645e-12,2.1862899e-14
726.81000,6.3423925e-12,2.1850471e-14
726.82000,6.3486198e-12,2.1846164e-14
726.83000,6.3535995e-12,2.1840999e-14
726.84000,6.3564827e-12,2.1830653e-14
726.85000,6.3576767e-12,2.1825934e-14
726.86000,6.3578833e-12,2.1843125e-14
726.87000,6.3572468e-12,2.1901613e-14
726.88000,6.3553921e-12,2.2008129e-14
726.89000,6.3517882e-12,2.2150614e-14
726.90000,6.3456764e-12,2.2312234e-14
726.91000,6.3372379e-12,2.2456447e-14
726.92000,6.3279397e-12,2.2543497e-14
726.93000,6.3193124e-12,2.2566142e-14
726.94000,6.3124246e-12,2.2526956e-14
726.95000,6.3082145e-12,2.2445581e-14
726.96000,6.3079709e-12,2.2336151e-14
726.97000,6.3114475e-12,2.2211283e-14
726.98000,6.3178083e-12,2.2081219e-14
726.99000,6.3249780e-12,2.1965790e-14
727.00000,6.3319224e-12,2.1885301e-14
727.01000,6.3388849e-12,2.1839109e-14
727.02000,6.3463437e-12,2.1820584e-14
727.03000,6.3537305e-12,2.1814188e-14
727.04000,6.3595056e-12,2.1811501e-14
727.05000,6.3629409e-12,2.1809340e-14
727.06000,6.3636679e-12,2.1807500e-14
727.07000,6.3623003e-12,2.1805758e-14
727.08000,6.3591716e-12,2.1803716e-14
727.09000,6.3549643e-12,2.1800576e-14
727.10000,6.3500159e-12,2.1795273e-14
727.11000,6.3448863e-12,2.1789300e-14
727.12000,6.3401960e-12,2.1786688e-14
727.13000,6.3364492e-12,2.1789586e-14
727.14000,6.3344159e-12,2.1798989e-14
727.15000,6.3342884e-12,2.1814071e-14
727.16000,6.3361859e-12,2.1840904e-14
727.17000,6.3392713e-12,2.1890004e-14
727.18000,6.3431031e-12,2.2000704e-14
727.19000,6.3468263e-12,2.2222564e-14
727.20000,6.3473841e-12,2.2652831e-14
727.21000,6.3408556e-12,2.3280674e-14
727.22000,6.3229708e-12,2.4017116e-14
727.23000,6.2996513e-12,2.4622136e-14
727.24000,6.2844904e-12,2.4786543e-14
727.25000,6.2863714e-12,2.4472383e-14
727.26000,6.3029696e-12,2.3806619e-14
727.27000,6.3210456e-12,2.3079319e-14
727.28000,6.3305739e-12,2.2497574e-14
727.29000,6.3306285e-12,2.2118564e-14
727.30000,6.3248891e-12,2.1913827e-14
727.31000,6.3175791e-12,2.1806481e-14
727.32000,6.3106497e-12,2.1757284e-14
727.33000,6.3049468e-12,2.1726429e-14
727.34000,6.3008134e-12,2.1701707e-14
727.35000,6.2983303e-12,2.1681151e-14
727.36000,6.2977396e-12,2.1666162e-14
727.37000,6.2983160e-12,2.1655781e-14
727.38000,6.2990022e-12,2.1648575e-14
727.39000,6.2991600e-12,2.1644208e-14
727.40000,6.2988741e-12,2.1645559e-14
727.41000,6.2989181e-12,2.1658278e-14
727.42000,6.2996984e-12,2.1695747e-14
727.43000,6.3007718e-12,2.1779390e-14
727.44000,6.3013221e-12,2.1954266e-14
727.45000,6.3006754e-12,2.2254636e-14
727.46000,6.2991330e-12,2.2648552e-14
727.47000,6.2975569e-12,2.3050272e-14
727.48000,6.2973883e-12,2.3299135e-14
727.49000,6.2991620e-12,2.3277241e-14
727.50000,6.3014583e-12,2.3042171e-14
727.51000,6.3021189e-12,2.2698048e-14
727.52000,6.3005052e-12,2.2383103e-14
727.53000,6.2982186e-12,2.2181405e-14
727.54000,6.2967541e-12,2.2096900e-14
727.55000,6.2960147e-12,2.2132317e-14
727.56000,6.2953479e-12,2.2252966e-14
727.57000,6.2956342e-12,2.2414237e-14
727.58000,6.2978651e-12,2.2560890e-14
727.59000,6.3020011e-12,2.2655964e-14
727.60000,6.3058670e-12,2.2701749e-14
727.61000,6.3075584e-12,2.2721040e-14
727.62000,6.3078429e-12,2.2754219e-14
727.63000,6.3091741e-12,2.2854417e-14
727.64000,6.3125927e-12,2.3065824e-14
727.65000,6.3156761e-12,2.3432470e-14
727.66000,6.3153823e-12,2.3876802e-14
727.67000,6.3127646e-12,2.4232076e-14
727.68000,6.3143064e-12,2.4330459e-14
727.69000,6.3257222e-12,2.4055954e-14
727.70000,6.3428543e-12,2.3562680e-14
727.71000,6.3569073e-12,2.3062593e-14
727.72000,6.3629832e-12,2.2712130e-14
727.73000,6.3605245e-12,2.2569407e-14
727.74000,6.3541353e-12,2.2534526e-14
727.75000,6.3470288e-12,2.2489213e-14
727.76000,6.3408125e-12,2.2374997e-14
727.77000,6.3363374e-12,2.2198377e-14
727.78000,6.3333969e-12,2.2026331e-14
727.79000,6.3312763e-12,2.1911082e-14
727.80000,6.3295494e-12,2.1853915e-14
727.81000,6.3290358e-12,2.1837418e-14
727.82000,6.3309936e-12,2.1823382e-14
727.83000,6.3355360e-12,2.1790622e-14
727.84000,6.3409272e-12,2.1741161e-14
727.85000,6.3448304e-12,2.1687944e-14
727.86000,6.3452834e-12,2.1654165e-14
727.87000,6.3423964e-12,2.1649879e-14
727.88000,6.3361583e-12,2.1680767e-14
727.89000,6.3270399e-12,2.1734839e-14
727.90000,6.3160181e-12,2.1783393e-14
727.91000,6.3049165e-12,2.1800732e-14
727.92000,6.2956024e-12,2.1769015e-14
727.93000,6.2888809e-12,2.1700129e-14
727.94000,6.2843510e-12,2.1622214e-14
727.95000,6.2808201e-12,2.1562293e-14
727.96000,6.2779773e-12,2.1538285e-14
727.97000,6.2757228e-12,2.1550210e-14
727.98000,6.2739965e-12,2.1595081e-14
727.99000,6.2727950e-12,2.1656357e-14
728.00000,6.2731109e-12,2.1719872e-14
728.01000,6.2758223e-12,2.1770667e-14
728.02000,6.2810706e-12,2.1793352e-14
728.03000,6.2868198e-12,2.1786559e-14
728.04000,6.2907204e-12,2.1747154e-14
728.05000,6.2917930e-12,2.1686676e-14
728.06000,6.2897457e-12,2.1619175e-14
728.07000,6.2860242e-12,2.1562287e-14
728.08000,6.2818173e-12,2.1524787e-14
728.09000,6.2779489e-12,2.1500747e-14
728.10000,6.2744500e-12,2.1484256e-14
728.11000,6.2703617e-12,2.1472721e-14
728.12000,6.2638695e-12,2.1477327e-14
728.13000,6.2537477e-12,2.1511881e-14
728.14000,6.2391714e-12,2.1590607e-14
728.15000,6.2224518e-12,2.1697900e-14
728.16000,6.2082211e-12,2.1791218e-14
728.17000,6.2009101e-12,2.1829128e-14
728.18000,6.2047423e-12,2.1782936e-14
728.19000,6.2187588e-12,2.1679563e-14
728.20000,6.2379728e-12,2.1568769e-14
728.21000,6.2578158e-12,2.1489670e-14
728.22000,6.2742757e-12,2.1459483e-14
728.23000,6.2855037e-12,2.1474309e-14
728.24000,6.2924066e-12,2.1514256e-14
728.25000,6.2959790e-12,2.1561996e-14
728.26000,6.2984813e-12,2.1595233e-14
728.27000,6.3019175e-12,2.1596194e-14
728.28000,6.3067732e-12,2.1568334e-14
728.29000,6.3121949e-12,2.1521515e-14
728.30000,6.3165583e-12,2.1474069e-14
728.31000,6.3188366e-12,2.1439132e-14
728.32000,6.3197432e-12,2.1418674e-14
728.33000,6.3205350e-12,2.1412299e-14
728.34000,6.3222998e-12,2.1414193e-14
728.35000,6.3251247e-12,2.1419736e-14
728.36000,6.3278449e-12,2.1423217e-14
728.37000,6.3290179e-12,2.1420417e-14
728.38000,6.3281143e-12,2.1411003e-14
728.39000,6.3250342e-12,2.1396124e-14
728.40000,6.3211685e-12,2.1380827e-14
728.41000,6.3184795e-12,2.1370710e-14
728.42000,6.3185153e-12,2.1368857e-14
728.43000,6.3221221e-12,2.1377677e-14
728.44000,6.3273546e-12,2.1394367e-14
728.45000,6.3309395e-12,2.1414864e-14
728.46000,6.3304992e-12,2.1433898e-14
728.47000,6.3243148e-12,2.1444128e-14
728.48000,6.3136178e-12,2.1439373e-14
728.49000,6.3011894e-12,2.1418989e-14
728.50000,6.2898468e-12,2.1389607e-14
728.51000,6.2822980e-12,2.1360096e-14
728.52000,6.2802682e-12,2.1340428e-14
728.53000,6.2830552e-12,2.1331875e-14
728.54000,6.2900508e-12,2.1333725e-14
728.55000,6.2993474e-12,2.1342253e-14
728.56000,6.3088553e-12,2.1354071e-14
728.57000,6.3169743e-12,2.1365587e-14
728.58000,6.3226320e-12,2.1373990e-14
728.59000,6.3258272e-12,2.1378750e-14
728.60000,6.3264650e-12,2.1383436e-14
728.61000,6.3253390e-12,2.1396285e-14
728.62000,6.3229807e-12,2.1438570e-14
728.63000,6.3202049e-12,2.1537561e-14
728.64000,6.3163628e-12,2.1745452e-14
728.65000,6.3097893e-12,2.2060526e-14
728.66000,6.2983816e-12,2.2444190e-14
728.67000,6.2844828e-12,2.2777923e-14
728.68000,6.2737982e-12,2.2908691e-14
728.69000,6.2703928e-12,2.2802007e-14
728.70000,6.2727361e-12,2.2528387e-14
728.71000,6.2747135e-12,2.2245076e-14
728.72000,6.2718807e-12,2.2083326e-14
728.73000,6.2649368e-12,2.2078373e-14
728.74000,6.2583776e-12,2.2165361e-14
728.75000,6.2561982e-12,2.2237661e-14
728.76000,6.2608405e-12,2.2203967e-14
728.77000,6.2700374e-12,2.2045261e-14
728.78000,6.2795866e-12,2.1824913e-14
728.79000,6.2860087e-12,2.1610144e-14
728.80000,6.2876387e-12,2.1448459e-14
728.81000,6.2844622e-12,2.1347406e-14
728.82000,6.2781954e-12,2.1284696e-14
728.83000,6.2702817e-12,2.1247996e-14
728.84000,6.2630825e-12,2.1227782e-14
728.85000,6.2591785e-12,2.1223426e-14
728.86000,6.2592422e-12,2.1231088e-14
728.87000,6.2632437e-12,2.1251276e-14
728.88000,6.2687493e-12,2.1284338e-14
728.89000,6.2726601e-12,2.1333931e-14
728.90000,6.2730238e-12,2.1394596e-14
728.91000,6.2694900e-12,2.1464561e-14
728.92000,6.2652413e-12,2.1554043e-14
728.93000,6.2645803e-12,2.1712327e-14
728.94000,6.2688868e-12,2.1990385e-14
728.95000,6.2743359e-12,2.2448576e-14
728.96000,6.2741660e-12,2.3045985e-14
728.97000,6.2647645e-12,2.3637730e-14
728.98000,6.2529362e-12,2.3975924e-14
728.99000,6.2494245e-12,2.3880185e-14
729.00000,6.2564577e-12,2.3432355e-14
729.01000,6.2693572e-12,2.2819940e-14
729.02000,6.2786837e-12,2.2338804e-14
729.03000,6.2822431e-12,2.2074090e-14
729.04000,6.2819073e-12,2.1998754e-14
729.05000,6.2815114e-12,2.1977618e-14
729.06000,6.2829030e-12,2.1903510e-14
729.07000,6.2856673e-12,2.1764429e-14
729.08000,6.2891285e-12,2.1605016e-14
729.09000,6.2929411e-12,2.1493013e-14
729.10000,6.2971720e-12,2.1474412e-14
729.11000,6.3015034e-12,2.1534361e-14
729.12000,6.3048411e-12,2.1650406e-14
729.13000,6.3058326e-12,2.1775886e-14
729.14000,6.3034347e-12,2.1862692e-14
729.15000,6.2994953e-12,2.1883279e-14
729.16000,6.2967886e-12,2.1819940e-14
729.17000,6.2961807e-12,2.1706610e-14
729.18000,6.2958724e-12,2.1592052e-14
729.19000,6.2933163e-12,2.1522391e-14
729.20000,6.2883093e-12,2.1500730e-14
729.21000,6.2831013e-12,2.1487493e-14
729.22000,6.2799478e-12,2.1448902e-14
729.23000,6.2793175e-12,2.1388158e-14
729.24000,6.2793235e-12,2.1343648e-14
729.25000,6.2775528e-12,2.1340391e-14
729.26000,6.2725867e-12,2.1379618e-14
729.27000,6.2664478e-12,2.1420530e-14
729.28000,6.2624605e-12,2.1427394e-14
729.29000,6.2633532e-12,2.1378709e-14
729.30000,6.2685182e-12,2.1288461e-14
729.31000,6.2754124e-12,2.1187129e-14
729.32000,6.2816293e-12,2.1101532e-14
729.33000,6.2861671e-12,2.1048268e-14
729.34000,6.2892176e-12,2.1029179e-14
729.35000,6.2908958e-12,2.1048391e-14
729.36000,6.2917647e-12,2.1094505e-14
729.37000,6.2922667e-12,2.1161677e-14
729.38000,6.2930432e-12,2.1244605e-14
729.39000,6.2944963e-12,2.1359991e-14
729.40000,6.2959956e-12,2.1521596e-14
729.41000,6.2955352e-12,2.1732683e-14
729.42000,6.2914464e-12,2.1950812e-14
729.43000,6.2829636e-12,2.2097898e-14
729.44000,6.2726306e-12,2.2109042e-14
729.45000,6.2635805e-12,2.1974951e-14
729.46000,6.2566775e-12,2.1765695e-14
729.47000,6.2510501e-12,2.1566730e-14
729.48000,6.2452036e-12,2.1453897e-14
729.49000,6.2394794e-12,2.1413184e-14
729.50000,6.2356850e-12,2.1397403e-14
729.51000,6.2355384e-12,2.1354732e-14
729.52000,6.2395712e-12,2.1285717e-14
729.53000,6.2462629e-12,2.1228832e-14
729.54000,6.2542258e-12,2.1220899e-14
729.55000,6.2617912e-12,2.1252598e-14
729.56000,6.2675845e-12,2.1285434e-14
729.57000,6.2712015e-12,2.1287032e-14
729.58000,6.2718163e-12,2.1250159e-14
729.59000,6.2695089e-12,2.1197903e-14
729.60000,6.2641039e-12,2.1147045e-14
729.61000,6.2571059e-12,2.1105644e-14
729.62000,6.2501662e-12,2.1077416e-14
729.63000,6.2447003e-12,2.1062775e-14
729.64000,6.2419614e-12,2.1060138e-14
729.65000,6.2420425e-12,2.1059786e-14
729.66000,6.2446429e-12,2.1055657e-14
729.67000,6.2490901e-12,2.1049184e-14
729.68000,6.2551737e-12,2.1044013e-14
729.69000,6.2623225e-12,2.1043896e-14
729.70000,6.2698097e-12,2.1050177e-14
729.71000,6.2766555e-12,2.1065579e-14
729.72000,6.2816813e-12,2.1091443e-14
729.73000,6.2839595e-12,2.1127066e-14
729.74000,6.2839762e-12,2.1165440e-14
729.75000,6.2824086e-12,2.1193916e-14
729.76000,6.2805189e-12,2.1199826e-14
729.77000,6.2790701e-12,2.1174666e-14
729.78000,6.2782290e-12,2.1130641e-14
729.79000,6.2782186e-12,2.1083345e-14
729.80000,6.2791509e-12,2.1046906e-14
729.81000,6.2810509e-12,2.1029170e-14
729.82000,6.2831669e-12,2.1026142e-14
729.83000,6.2847359e-12,2.1033728e-14
729.84000,6.2857336e-12,2.1049488e-14
729.85000,6.2867254e-12,2.1080296e-14
729.86000,6.2883158e-12,2.1137134e-14
729.87000,6.2899858e-12,2.1234395e-14
729.88000,6.2904268e-12,2.1375691e-14
729.89000,6.2882419e-12,2.1559371e-14
729.90000,6.2831825e-12,2.1752967e-14
729.91000,6.2761483e-12,2.1917040e-14
729.92000,6.2674535e-12,2.1999264e-14
729.93000,6.2576734e-12,2.1965041e-14
729.94000,6.2479846e-12,2.1803635e-14
729.95000,6.2397229e-12,2.1574392e-14
729.96000,6.2341888e-12,2.1342310e-14
729.97000,6.2315709e-12,2.1163165e-14
729.98000,6.2325580e-12,2.1070100e-14
729.99000,6.2362466e-12,2.1041677e-14
730.00000,6.2415783e-12,2.1056082e-14
730.01000,6.2468290e-12,2.1083505e-14
730.02000,6.2508853e-12,2.1105033e-14
730.03000,6.2538198e-12,2.1109835e-14
730.04000,6.2562331e-12,2.1097330e-14
730.05000,6.2584104e-12,2.1074390e-14
730.06000,6.2601773e-12,2.1046021e-14
730.07000,6.2614987e-12,2.1017439e-14
730.08000,6.2626837e-12,2.0991406e-14
730.09000,6.2640466e-12,2.0973283e-14
730.10000,6.2654898e-12,2.0973199e-14
730.11000,6.2662618e-12,2.1007228e-14
730.12000,6.2656883e-12,2.1079208e-14
730.13000,6.2630567e-12,2.1190315e-14
730.14000,6.2588306e-12,2.1314295e-14
730.15000,6.2544458e-12,2.1410932e-14
730.16000,6.2517916e-12,2.1458060e-14
730.17000,6.2523354e-12,2.1452629e-14
730.18000,6.2552762e-12,2.1425874e-14
730.19000,6.2598262e-12,2.1404179e-14
730.20000,6.2654255e-12,2.1405445e-14
730.21000,6.2726742e-12,2.1448106e-14
730.22000,6.2808625e-12,2.1553871e-14
730.23000,6.2871504e-12,2.1757953e-14
730.24000,6.2875979e-12,2.2034745e-14
730.25000,6.2820945e-12,2.2298968e-14
730.26000,6.2729135e-12,2.2426545e-14
730.27000,6.2647169e-12,2.2331965e-14
730.28000,6.2599461e-12,2.2051132e-14
730.29000,6.2577384e-12,2.1725718e-14
730.30000,6.2573601e-12,2.1492576e-14
730.31000,6.2585153e-12,2.1435207e-14
730.32000,6.2605202e-12,2.1612829e-14
730.33000,6.2609816e-12,2.1967446e-14
730.34000,6.2565524e-12,2.2413201e-14
730.35000,6.2483627e-12,2.2775395e-14
730.36000,6.2414415e-12,2.2858594e-14
730.37000,6.2403535e-12,2.2636113e-14
730.38000,6.2439903e-12,2.2197290e-14
730.39000,6.2469417e-12,2.1723849e-14
730.40000,6.2459493e-12,2.1349243e-14
730.41000,6.2427504e-12,2.1127330e-14
730.42000,6.2408124e-12,2.1015281e-14
730.43000,6.2425735e-12,2.0969117e-14
730.44000,6.2477181e-12,2.0942690e-14
730.45000,6.2538719e-12,2.0917146e-14
730.46000,6.2587342e-12,2.0893536e-14
730.47000,6.2607119e-12,2.0883329e-14
730.48000,6.2597768e-12,2.0893690e-14
730.49000,6.2565495e-12,2.0925025e-14
730.50000,6.2527938e-12,2.0964145e-14
730.51000,6.2501134e-12,2.0995173e-14
730.52000,6.2492382e-12,2.1006657e-14
730.53000,6.2505309e-12,2.0989986e-14
730.54000,6.2532658e-12,2.0952085e-14
730.55000,6.2567507e-12,2.0901744e-14
730.56000,6.2601100e-12,2.0849550e-14
730.57000,6.2625622e-12,2.0803676e-14
730.58000,6.2638857e-12,2.0770829e-14
730.59000,6.2645853e-12,2.0752189e-14
730.60000,6.2652720e-12,2.0749835e-14
730.61000,6.2664700e-12,2.0762196e-14
730.62000,6.2682083e-12,2.0784012e-14
730.63000,6.2699200e-12,2.0806000e-14
730.64000,6.2703398e-12,2.0817387e-14
730.65000,6.2679645e-12,2.0811125e-14
730.66000,6.2612249e-12,2.0784416e-14
730.67000,6.2510435e-12,2.0746767e-14
730.68000,6.2389204e-12,2.0708131e-14
730.69000,6.2273463e-12,2.0676822e-14
730.70000,6.2184106e-12,2.0658340e-14
730.71000,6.2126059e-12,2.0650907e-14
730.72000,6.2097608e-12,2.0650797e-14
730.73000,6.2091723e-12,2.0652913e-14
730.74000,6.2110727e-12,2.0655743e-14
730.75000,6.2152052e-12,2.0664676e-14
730.76000,6.2204247e-12,2.0688685e-14
730.77000,6.2246416e-12,2.0743688e-14
730.78000,6.2245980e-12,2.0841664e-14
730.79000,6.2169336e-12,2.0978870e-14
730.80000,6.2021408e-12,2.1122225e-14
730.81000,6.1825192e-12,2.1219228e-14
730.82000,6.1647142e-12,2.1234402e-14
730.83000,6.1566584e-12,2.1166730e-14
730.84000,6.1602784e-12,2.1086707e-14
730.85000,6.1748128e-12,2.1084412e-14
730.86000,6.1933631e-12,2.1205313e-14
730.87000,6.2087497e-12,2.1455803e-14
730.88000,6.2156760e-12,2.1735899e-14
730.89000,6.2133648e-12,2.1907046e-14
730.90000,6.2057162e-12,2.1895135e-14
730.91000,6.1964158e-12,2.1685831e-14
730.92000,6.1890955e-12,2.1401004e-14
730.93000,6.1842372e-12,2.1157466e-14
730.94000,6.1812396e-12,2.1021860e-14
730.95000,6.1788721e-12,2.0976688e-14
730.96000,6.1771969e-12,2.0972148e-14
730.97000,6.1768542e-12,2.0959974e-14
730.98000,6.1783152e-12,2.0925450e-14
730.99000,6.1799980e-12,2.0883172e-14
731.00000,6.1790071e-12,2.0848704e-14
731.01000,6.1737885e-12,2.0820720e-14
731.02000,6.1646937e-12,2.0766397e-14
731.03000,6.1550019e-12,2.0630418e-14
731.04000,6.1486120e-12,2.0311456e-14
731.05000,6.1480610e-12,1.9745699e-14
731.06000,6.1534346e-12,1.8934352e-14
731.07000,6.1628291e-12,1.7982803e-14
731.08000,6.1742659e-12,1.7035060e-14
731.09000,6.1844720e-12,1.6276653e-14
731.10000,6.1917743e-12,1.5746093e-14
731.11000,6.1951774e-12,1.5446119e-14
731.12000,6.1958177e-12,1.5293548e-14
731.13000,6.1952562e-12,1.5240678e-14
731.14000,6.1951598e-12,1.5232839e-14
731.15000,6.1960430e-12,1.5259046e-14
731.16000,6.1971062e-12,1.5314666e-14
731.17000,6.1972750e-12,1.5407068e-14
731.18000,6.1963362e-12,1.5524382e-14
731.19000,6.1953101e-12,1.5637179e-14
731.20000,6.1953166e-12,1.5710437e-14
731.21000,6.1965450e-12,1.5714485e-14
731.22000,6.1975691e-12,1.5660172e-14
731.23000,6.1972709e-12,1.5585502e-14
731.24000,6.1953423e-12,1.5520940e-14
731.25000,6.1927712e-12,1.5475591e-14
731.26000,6.1908279e-12,1.5439925e-14
731.27000,6.1901651e-12,1.5401378e-14
731.28000,6.1912186e-12,1.5356367e-14
731.29000,6.1938777e-12,1.5310669e-14
731.30000,6.1985816e-12,1.5272568e-14
731.31000,6.2048712e-12,1.5246340e-14
731.32000,6.2117758e-12,1.5233720e-14
731.33000,6.2178907e-12,1.5231067e-14
731.34000,6.2220047e-12,1.5235724e-14
731.35000,6.2237257e-12,1.5243046e-14
731.36000,6.2234378e-12,1.5250676e-14
731.37000,6.2211981e-12,1.5257611e-14
731.38000,6.2176265e-12,1.5262422e-14
731.39000,6.2139437e-12,1.5262128e-14
731.40000,6.2112734e-12,1.5255801e-14
731.41000,6.2103025e-12,1.5244381e-14
731.42000,6.2106805e-12,1.5233692e-14
731.43000,6.2121742e-12,1.5232406e-14
731.44000,6.2142219e-12,1.5246548e-14
731.45000,6.2162077e-12,1.5286892e-14
731.46000,6.2173571e-12,1.5357040e-14
731.47000,6.2172310e-12,1.5456165e-14
731.48000,6.2167347e-12,1.5557284e-14
731.49000,6.2174161e-12,1.5621329e-14
731.50000,6.2195479e-12,1.5627971e-14
731.51000,6.2218927e-12,1.5571354e-14
731.52000,6.2220032e-12,1.5480339e-14
731.53000,6.2193776e-12,1.5385718e-14
731.54000,6.2145454e-12,1.5304707e-14
731.55000,6.2090656e-12,1.5241165e-14
731.56000,6.2039579e-12,1.5198360e-14
731.57000,6.1995929e-12,1.5173843e-14
731.58000,6.1960887e-12,1.5171360e-14
731.59000,6.1932432e-12,1.5188653e-14
731.60000,6.1912486e-12,1.5226881e-14
731.61000,6.1906425e-12,1.5280015e-14
731.62000,6.1929141e-12,1.5345776e-14
731.63000,6.1987949e-12,1.5425076e-14
731.64000,6.2079588e-12,1.5522444e-14
731.65000,6.2171635e-12,1.5626719e-14
731.66000,6.2239271e-12,1.5712059e-14
731.67000,6.2269790e-12,1.5736898e-14
731.68000,6.2269352e-12,1.5682893e-14
731.69000,6.2239726e-12,1.5562611e-14
731.70000,6.2189450e-12,1.5430837e-14
731.71000,6.2123287e-12,1.5339700e-14
731.72000,6.2053023e-12,1.5309974e-14
731.73000,6.1990032e-12,1.5351271e-14
731.74000,6.1942590e-12,1.5436813e-14
731.75000,6.1914494e-12,1.5541048e-14
731.76000,6.1901335e-12,1.5648248e-14
731.77000,6.1897768e-12,1.5759547e-14
731.78000,6.1892883e-12,1.5879934e-14
731.79000,6.1881638e-12,1.5998153e-14
731.80000,6.1866118e-12,1.6072979e-14
731.81000,6.1855459e-12,1.6054535e-14
731.82000,6.1852694e-12,1.5913037e-14
731.83000,6.1847773e-12,1.5697468e-14
731.84000,6.1824723e-12,1.5469991e-14
731.85000,6.1783202e-12,1.5284620e-14
731.86000,6.1732176e-12,1.5168337e-14
731.87000,6.1686220e-12,1.5104765e-14
731.88000,6.1655309e-12,1.5074418e-14
731.89000,6.1644290e-12,1.5060156e-14
731.90000,6.1658782e-12,1.5055933e-14
731.91000,6.1690042e-12,1.5055503e-14
731.92000,6.1721053e-12,1.5054540e-14
731.93000,6.1734959e-12,1.5049555e-14
731.94000,6.1728822e-12,1.5040450e-14
731.95000,6.1714802e-12,1.5030929e-14
731.96000,6.1709966e-12,1.5025941e-14
731.97000,6.1723534e-12,1.5031319e-14
731.98000,6.1745230e-12,1.5048687e-14
731.99000,6.1758020e-12,1.5081214e-14
732.00000,6.1750372e-12,1.5125288e-14
732.01000,6.1723776e-12,1.5172876e-14
732.02000,6.1690788e-12,1.5209902e-14
732.03000,6.1659028e-12,1.5218273e-14
732.04000,6.1625295e-12,1.5189686e-14
732.05000,6.1580884e-12,1.5136217e-14
732.06000,6.1519303e-12,1.5074628e-14
732.07000,6.1448548e-12,1.5022984e-14
732.08000,6.1386219e-12,1.4990149e-14
732.09000,6.1347407e-12,1.4971896e-14
732.10000,6.1349782e-12,1.4964911e-14
732.11000,6.1391106e-12,1.4964376e-14
732.12000,6.1463846e-12,1.4969175e-14
732.13000,6.1540159e-12,1.4976699e-14
732.14000,6.1595006e-12,1.4984622e-14
732.15000,6.1619420e-12,1.4990937e-14
732.16000,6.1610587e-12,1.4993830e-14
732.17000,6.1581628e-12,1.4992620e-14
732.18000,6.1548699e-12,1.4988717e-14
732.19000,6.1525180e-12,1.4984784e-14
732.20000,6.1517004e-12,1.4984693e-14
732.21000,6.1522313e-12,1.4991260e-14
732.22000,6.1530707e-12,1.5002162e-14
732.23000,6.1533846e-12,1.5012770e-14
732.24000,6.1531578e-12,1.5019886e-14
732.25000,6.1531170e-12,1.5030644e-14
732.26000,6.1542696e-12,1.5071134e-14
732.27000,6.1572398e-12,1.5208281e-14
732.28000,6.1619832e-12,1.5529364e-14
732.29000,6.1689348e-12,1.6180803e-14
732.30000,6.1783563e-12,1.7242560e-14
732.31000,6.1895575e-12,1.8600839e-14
732.32000,6.2011937e-12,2.0060727e-14
732.33000,6.2113452e-12,2.1334043e-14
732.34000,6.2181151e-12,2.2176545e-14
732.35000,6.2210531e-12,2.2622003e-14
732.36000,6.2192670e-12,2.2752787e-14
732.37000,6.2140339e-12,2.2749998e-14
732.38000,6.2070659e-12,2.2709925e-14
732.39000,6.2009802e-12,2.2693655e-14
732.40000,6.1972051e-12,2.2699079e-14
732.41000,6.1958662e-12,2.2703648e-14
732.42000,6.1972534e-12,2.2689489e-14
732.43000,6.2011473e-12,2.2654469e-14
732.44000,6.2067076e-12,2.2613112e-14
732.45000,6.2130999e-12,2.2580746e-14
732.46000,6.2190715e-12,2.2563797e-14
732.47000,6.2232956e-12,2.2562002e-14
732.48000,6.2252567e-12,2.2565820e-14
732.49000,6.2243638e-12,2.2567719e-14
732.50000,6.2208024e-12,2.2564949e-14
732.51000,6.2144072e-12,2.2558721e-14
732.52000,6.2064766e-12,2.2553480e-14
732.53000,6.1989185e-12,2.2550866e-14
732.54000,6.1941736e-12,2.2549906e-14
732.55000,6.1941468e-12,2.2548664e-14
732.56000,6.1996114e-12,2.2548995e-14
732.57000,6.2085629e-12,2.2554717e-14
732.58000,6.2186650e-12,2.2570648e-14
732.59000,6.2270324e-12,2.2595794e-14
732.60000,6.2311725e-12,2.2630836e-14
732.61000,6.2309887e-12,2.2676998e-14
732.62000,6.2274734e-12,2.2742860e-14
732.63000,6.2227771e-12,2.2832008e-14
732.64000,6.2184171e-12,2.2943091e-14
732.65000,6.2151749e-12,2.3053660e-14
732.66000,6.2127374e-12,2.3138843e-14
732.67000,6.2110685e-12,2.3166698e-14
732.68000,6.2104903e-12,2.3123231e-14
732.69000,6.2113145e-12,2.3009424e-14
732.70000,6.2127909e-12,2.2865681e-14
732.71000,6.2137658e-12,2.2733043e-14
732.72000,6.2135158e-12,2.2637152e-14
732.73000,6.2119390e-12,2.2589886e-14
732.74000,6.2100343e-12,2.2576359e-14
732.75000,6.2089476e-12,2.2578451e-14
732.76000,6.2089392e-12,2.2581072e-14
732.77000,6.2093114e-12,2.2574995e-14
732.78000,6.2080676e-12,2.2557156e-14
732.79000,6.2042177e-12,2.2532336e-14
732.80000,6.1977193e-12,2.2506481e-14
732.81000,6.1907332e-12,2.2485805e-14
732.82000,6.1859089e-12,2.2475242e-14
732.83000,6.1843031e-12,2.2473488e-14
732.84000,6.1856560e-12,2.2477854e-14
732.85000,6.1880606e-12,2.2483620e-14
732.86000,6.1897808e-12,2.2487041e-14
732.87000,6.1893586e-12,2.2485071e-14
732.88000,6.1867263e-12,2.2477529e-14
732.89000,6.1819464e-12,2.2464441e-14
732.90000,6.1757192e-12,2.2447889e-14
732.91000,6.1687228e-12,2.2430469e-14
732.92000,6.1617088e-12,2.2414416e-14
732.93000,6.1552987e-12,2.2401152e-14
732.94000,6.1498816e-12,2.2390840e-14
732.95000,6.1461079e-12,2.2385752e-14
732.96000,6.1442095e-12,2.2389141e-14
732.97000,6.1446072e-12,2.2409452e-14
732.98000,6.1472458e-12,2.2455651e-14
732.99000,6.1521428e-12,2.2541474e-14
733.00000,6.1583819e-12,2.2663704e-14
733.01000,6.1651022e-12,2.2795690e-14
733.02000,6.1723321e-12,2.2892840e-14
733.03000,6.1804986e-12,2.2918404e-14
733.04000,6.1894930e-12,2.2853932e-14
733.05000,6.1980002e-12,2.2739909e-14
733.06000,6.2042937e-12,2.2619949e-14
733.07000,6.2080560e-12,2.2525338e-14
733.08000,6.2095964e-12,2.2469639e-14
733.09000,6.2102640e-12,2.2444548e-14
733.10000,6.2107404e-12,2.2435528e-14
733.11000,6.2108401e-12,2.2433811e-14
733.12000,6.2099077e-12,2.2432944e-14
733.13000,6.2074170e-12,2.2429813e-14
733.14000,6.2038087e-12,2.2423911e-14
733.15000,6.1998411e-12,2.2416291e-14
733.16000,6.1965242e-12,2.2410029e-14
733.17000,6.1948363e-12,2.2410088e-14
733.18000,6.1951135e-12,2.2422165e-14
733.19000,6.1975710e-12,2.2456261e-14
733.20000,6.2017906e-12,2.2517400e-14
733.21000,6.2072875e-12,2.2608014e-14
733.22000,6.2127028e-12,2.2710625e-14
733.23000,6.2169663e-12,2.2801615e-14
733.24000,6.2190390e-12,2.2854108e-14
733.25000,6.2190575e-12,2.2862040e-14
733.26000,6.2179699e-12,2.2839710e-14
733.27000,6.2176209e-12,2.2830575e-14
733.28000,6.2192125e-12,2.2878747e-14
733.29000,6.2218372e-12,2.2982695e-14
733.30000,6.2234670e-12,2.3102449e-14
733.31000,6.2220452e-12,2.3152886e-14
733.32000,6.2176680e-12,2.3099491e-14
733.33000,6.2109208e-12,2.2940698e-14
733.34000,6.2031749e-12,2.2737530e-14
733.35000,6.1955876e-12,2.2552554e-14
733.36000,6.1888982e-12,2.2415438e-14
733.37000,6.1837574e-12,2.2337297e-14
733.38000,6.1801153e-12,2.2301553e-14
733.39000,6.1777844e-12,2.2302479e-14
733.40000,6.1757559e-12,2.2325872e-14
733.41000,6.1731992e-12,2.2366213e-14
733.42000,6.1700637e-12,2.2422464e-14
733.43000,6.1667688e-12,2.2501867e-14
733.44000,6.1638720e-12,2.2609644e-14
733.45000,6.1612102e-12,2.2736122e-14
733.46000,6.1581604e-12,2.2855272e-14
733.47000,6.1546857e-12,2.2929180e-14
733.48000,6.1520533e-12,2.2921036e-14
733.49000,6.1517193e-12,2.2846470e-14
733.50000,6.1543216e-12,2.2740778e-14
733.51000,6.1585358e-12,2.2642963e-14
733.52000,6.1627564e-12,2.2573615e-14
733.53000,6.1651645e-12,2.2531636e-14
733.54000,6.1653247e-12,2.2502593e-14
733.55000,6.1628934e-12,2.2474690e-14
733.56000,6.1583449e-12,2.2439451e-14
733.57000,6.1521031e-12,2.2393029e-14
733.58000,6.1452924e-12,2.2339281e-14
733.59000,6.1389390e-12,2.2284399e-14
733.60000,6.1338312e-12,2.2236353e-14
733.61000,6.1309455e-12,2.2204724e-14
733.62000,6.1310536e-12,2.2196279e-14
733.63000,6.1342609e-12,2.2209552e-14
733.64000,6.1409913e-12,2.2241921e-14
733.65000,6.1503195e-12,2.2280896e-14
733.66000,6.1600787e-12,2.2309773e-14
733.67000,6.1677296e-12,2.2319082e-14
733.68000,6.1709144e-12,2.2305271e-14
733.69000,6.1701924e-12,2.2281600e-14
733.70000,6.1666417e-12,2.2262344e-14
733.71000,6.1623825e-12,2.2256427e-14
733.72000,6.1581249e-12,2.2259785e-14
733.73000,6.1536084e-12,2.2261459e-14
733.74000,6.1487148e-12,2.2253854e-14
733.75000,6.1444723e-12,2.2239330e-14
733.76000,6.1420995e-12,2.2226766e-14
733.77000,6.1427435e-12,2.2222946e-14
733.78000,6.1454877e-12,2.2225528e-14
733.79000,6.1489011e-12,2.2230108e-14
733.80000,6.1516123e-12,2.2233753e-14
733.81000,6.1536587e-12,2.2237557e-14
733.82000,6.1559843e-12,2.2242894e-14
733.83000,6.1593659e-12,2.2250684e-14
733.84000,6.1636553e-12,2.2261547e-14
733.85000,6.1679860e-12,2.2274839e-14
733.86000,6.1714715e-12,2.2287835e-14
733.87000,6.1738344e-12,2.2295732e-14
733.88000,6.1748752e-12,2.2293936e-14
733.89000,6.1746716e-12,2.2284181e-14
733.90000,6.1727203e-12,2.2270083e-14
733.91000,6.1690852e-12,2.2256997e-14
733.92000,6.1640477e-12,2.2249601e-14
733.93000,6.1587370e-12,2.2250384e-14
733.94000,6.1539467e-12,2.2257276e-14
733.95000,6.1502128e-12,2.2266206e-14
733.96000,6.1475533e-12,2.2270763e-14
733.97000,6.1458089e-12,2.2265967e-14
733.98000,6.1444508e-12,2.2253775e-14
733.99000,6.1431972e-12,2.2238788e-14
734.00000,6.1418810e-12,2.2226143e-14
734.01000,6.1401767e-12,2.2217970e-14
734.02000,6.1376301e-12,2.2212968e-14
734.03000,6.1343291e-12,2.2209895e-14
734.04000,6.1309690e-12,2.2210505e-14
734.05000,6.1288484e-12,2.2217491e-14
734.06000,6.1292182e-12,2.2230815e-14
734.07000,6.1320407e-12,2.2245041e-14
734.08000,6.1372469e-12,2.2253112e-14
734.09000,6.1437207e-12,2.2253125e-14
734.10000,6.1505793e-12,2.2247098e-14
734.11000,6.1568180e-12,2.2241459e-14
734.12000,6.1621160e-12,2.2238837e-14
734.13000,6.1661488e-12,2.2238295e-14
734.14000,6.1684686e-12,2.2235624e-14
734.15000,6.1681197e-12,2.2226927e-14
734.16000,6.1650101e-12,2.2212377e-14
734.17000,6.1590213e-12,2.2193492e-14
734.18000,6.1515294e-12,2.2174040e-14
734.19000,6.1436033e-12,2.2156641e-14
734.20000,6.1360695e-12,2.2141982e-14
734.21000,6.1290447e-12,2.2129471e-14
734.22000,6.1224251e-12,2.2118206e-14
734.23000,6.1163511e-12,2.2107898e-14
734.24000,6.1111811e-12,2.2098727e-14
734.25000,6.1071779e-12,2.2091607e-14
734.26000,6.1050341e-12,2.2089994e-14
734.27000,6.1049205e-12,2.2097703e-14
734.28000,6.1072982e-12,2.2122698e-14
734.29000,6.1117032e-12,2.2169038e-14
734.30000,6.1177686e-12,2.2241737e-14
734.31000,6.1248719e-12,2.2335102e-14
734.32000,6.1327315e-12,2.2435447e-14
734.33000,6.1409571e-12,2.2509681e-14
734.34000,6.1491823e-12,2.2538534e-14
734.35000,6.1567769e-12,2.2510280e-14
734.36000,6.1630545e-12,2.2449086e-14
734.37000,6.1672190e-12,2.2386168e-14
734.38000,6.1694947e-12,2.2351823e-14
734.39000,6.1700171e-12,2.2361534e-14
734.40000,6.1689908e-12,2.2401988e-14
734.41000,6.1661514e-12,2.2448171e-14
734.42000,6.1618542e-12,2.2460609e-14
734.43000,6.1569386e-12,2.2428164e-14
734.44000,6.1522343e-12,2.2354600e-14
734.45000,6.1484796e-12,2.2268476e-14
734.46000,6.1465747e-12,2.2194189e-14
734.47000,6.1466339e-12,2.2142293e-14
734.48000,6.1485152e-12,2.2113494e-14
734.49000,6.1512967e-12,2.2099503e-14
734.50000,6.1542753e-12,2.2095430e-14
734.51000,6.1569615e-12,2.2095222e-14
734.52000,6.1594258e-12,2.2096580e-14
734.53000,6.1616746e-12,2.2099840e-14
734.54000,6.1633361e-12,2.2104497e-14
734.55000,6.1635039e-12,2.2108098e-14
734.56000,6.1619260e-12,2.2108101e-14
734.57000,6.1588159e-12,2.2103364e-14
734.58000,6.1552816e-12,2.2095939e-14
734.59000,6.1521992e-12,2.2087984e-14
734.60000,6.1495130e-12,2.2080957e-14
734.61000,6.1461718e-12,2.2074301e-14
734.62000,6.1407082e-12,2.2067621e-14
734.63000,6.1330161e-12,2.2061851e-14
734.64000,6.1242369e-12,2.2058317e-14
734.65000,6.1165713e-12,2.2056803e-14
734.66000,6.1122465e-12,2.2057147e-14
734.67000,6.1119898e-12,2.2058867e-14
734.68000,6.1163591e-12,2.2061953e-14
734.69000,6.1238954e-12,2.2068730e-14
734.70000,6.1324466e-12,2.2083380e-14
734.71000,6.1399357e-12,2.2112811e-14
734.72000,6.1449009e-12,2.2155659e-14
734.73000,6.1466054e-12,2.2203311e-14
734.74000,6.1464205e-12,2.2241611e-14
734.75000,6.1458287e-12,2.2255659e-14
734.76000,6.1455601e-12,2.2241140e-14
734.77000,6.1450167e-12,2.2197087e-14
734.78000,6.1428108e-12,2.2140322e-14
734.79000,6.1385758e-12,2.2088427e-14
734.80000,6.1324360e-12,2.2054082e-14
734.81000,6.1254326e-12,2.2038769e-14
734.82000,6.1184107e-12,2.2049125e-14
734.83000,6.1119624e-12,2.2089461e-14
734.84000,6.1065213e-12,2.2169956e-14
734.85000,6.1022687e-12,2.2279121e-14
734.86000,6.0996380e-12,2.2395452e-14
734.87000,6.0985770e-12,2.2481790e-14
734.88000,6.0984385e-12,2.2521327e-14
734.89000,6.0985766e-12,2.2500101e-14
734.90000,6.0987525e-12,2.2431890e-14
734.91000,6.0995403e-12,2.2339205e-14
734.92000,6.1011903e-12,2.2258265e-14
734.93000,6.1030439e-12,2.2214827e-14
734.94000,6.1041263e-12,2.2204720e-14
734.95000,6.1045204e-12,2.2210782e-14
734.96000,6.1062794e-12,2.2201144e-14
734.97000,6.1110193e-12,2.2164793e-14
734.98000,6.1195249e-12,2.2105465e-14
734.99000,6.1295495e-12,2.2045848e-14
735.00000,6.1375321e-12,2.2007997e-14
735.01000,6.1409075e-12,2.1995910e-14
735.02000,6.1383815e-12,2.1999608e-14
735.03000,6.1315507e-12,2.1999006e-14
735.04000,6.1221031e-12,2.1978815e-14
735.05000,6.1129341e-12,2.1939494e-14
735.06000,6.1053545e-12,2.1896555e-14
735.07000,6.0994889e-12,2.1868836e-14
735.08000,6.0939340e-12,2.1865186e-14
735.09000,6.0874085e-12,2.1885451e-14
735.10000,6.0799045e-12,2.1911720e-14
735.11000,6.0728010e-12,2.1922438e-14
735.12000,6.0678285e-12,2.1907626e-14
735.13000,6.0666017e-12,2.1868260e-14
735.14000,6.0690056e-12,2.1824204e-14
735.15000,6.0730722e-12,2.1791160e-14
735.16000,6.0765044e-12,2.1778523e-14
735.17000,6.0778574e-12,2.1786069e-14
735.18000,6.0772133e-12,2.1821087e-14
735.19000,6.0765551e-12,2.1883168e-14
735.20000,6.0778223e-12,2.1964412e-14
735.21000,6.0811441e-12,2.2040908e-14
735.22000,6.0854693e-12,2.2083668e-14
735.23000,6.0885197e-12,2.2073751e-14
735.24000,6.0894359e-12,2.2025490e-14
735.25000,6.0881506e-12,2.1961362e-14
735.26000,6.0856438e-12,2.1907177e-14
735.27000,6.0821989e-12,2.1875523e-14
735.28000,6.0782199e-12,2.1861335e-14
735.29000,6.0744101e-12,2.1854666e-14
735.30000,6.0715980e-12,2.1847353e-14
735.31000,6.0703396e-12,2.1834655e-14
735.32000,6.0703123e-12,2.1813591e-14
735.33000,6.0708052e-12,2.1785166e-14
735.34000,6.0717096e-12,2.1752075e-14
735.35000,6.0732485e-12,2.1722639e-14
735.36000,6.0757109e-12,2.1708074e-14
735.37000,6.0786824e-12,2.1714964e-14
735.38000,6.0815506e-12,2.1739122e-14
735.39000,6.0839131e-12,2.1772163e-14
735.40000,6.0860282e-12,2.1800016e-14
735.41000,6.0883433e-12,2.1811868e-14
735.42000,6.0907298e-12,2.1808221e-14
735.43000,6.0921408e-12,2.1791933e-14
735.44000,6.0915592e-12,2.1769866e-14
735.45000,6.0880301e-12,2.1744282e-14
735.46000,6.0820251e-12,2.1716362e-14
735.47000,6.0748913e-12,2.1686648e-14
735.48000,6.0681623e-12,2.1656367e-14
735.49000,6.0630585e-12,2.1628567e-14
735.50000,6.0596333e-12,2.1608316e-14
735.51000,6.0564788e-12,2.1598964e-14
735.52000,6.0519606e-12,2.1607433e-14
735.53000,6.0456433e-12,2.1635843e-14
735.54000,6.0379908e-12,2.1686438e-14
735.55000,6.0309692e-12,2.1746498e-14
735.56000,6.0262127e-12,2.1798327e-14
735.57000,6.0257598e-12,2.1822211e-14
735.58000,6.0302552e-12,2.1816745e-14
735.59000,6.0398262e-12,2.1800000e-14
735.60000,6.0518900e-12,2.1804082e-14
735.61000,6.0636383e-12,2.1858835e-14
735.62000,6.0727008e-12,2.1962256e-14
735.63000,6.0772918e-12,2.2094279e-14
735.64000,6.0774856e-12,2.2196249e-14
735.65000,6.0748886e-12,2.2229231e-14
735.66000,6.0705889e-12,2.2166505e-14
735.67000,6.0655926e-12,2.2042360e-14
735.68000,6.0603432e-12,2.1903544e-14
735.69000,6.0556207e-12,2.1795615e-14
735.70000,6.0529330e-12,2.1738169e-14
735.71000,6.0535703e-12,2.1724208e-14
735.72000,6.0590102e-12,2.1750272e-14
735.73000,6.0691320e-12,2.1799668e-14
735.74000,6.0819864e-12,2.1851296e-14
735.75000,6.0954882e-12,2.1881713e-14
735.76000,6.1074361e-12,2.1882842e-14
735.77000,6.1158595e-12,2.1860385e-14
735.78000,6.1200124e-12,2.1839129e-14
735.79000,6.1192565e-12,2.1840237e-14
735.80000,6.1141059e-12,2.1866235e-14
735.81000,6.1051293e-12,2.1908271e-14
735.82000,6.0948180e-12,2.1937904e-14
735.83000,6.0854286e-12,2.1936685e-14
735.84000,6.0782217e-12,2.1897025e-14
735.85000,6.0724864e-12,2.1841560e-14
735.86000,6.0675659e-12,2.1795102e-14
735.87000,6.0633699e-12,2.1774778e-14
735.88000,6.0604400e-12,2.1773694e-14
735.89000,6.0594869e-12,2.1777340e-14
735.90000,6.0601412e-12,2.1773714e-14
735.91000,6.0617179e-12,2.1767865e-14
735.92000,6.0634725e-12,2.1775035e-14
735.93000,6.0651240e-12,2.1811514e-14
735.94000,6.0665008e-12,2.1875541e-14
735.95000,6.0675075e-12,2.1959922e-14
735.96000,6.0688805e-12,2.2041907e-14
735.97000,6.0717716e-12,2.2102685e-14
735.98000,6.0776342e-12,2.2120313e-14
735.99000,6.0859863e-12,2.2093052e-14
736.00000,6.0953489e-12,2.2032142e-14
736.01000,6.1038465e-12,2.1971524e-14
736.02000,6.1104875e-12,2.1937831e-14
736.03000,6.1152735e-12,2.1930673e-14
736.04000,6.1179639e-12,2.1936104e-14
736.05000,6.1187422e-12,2.1932030e-14
736.06000,6.1183081e-12,2.1916488e-14
736.07000,6.1173379e-12,2.1900325e-14
736.08000,6.1165237e-12,2.1892692e-14
736.09000,6.1159781e-12,2.1891957e-14
736.10000,6.1150399e-12,2.1888283e-14
736.11000,6.1129610e-12,2.1877061e-14
736.12000,6.1088990e-12,2.1856800e-14
736.13000,6.1028798e-12,2.1829768e-14
736.14000,6.0956701e-12,2.1799398e-14
736.15000,6.0884941e-12,2.1770258e-14
736.16000,6.0822493e-12,2.1746710e-14
736.17000,6.0770423e-12,2.1730041e-14
736.18000,6.0728366e-12,2.1720799e-14
736.19000,6.0693868e-12,2.1714992e-14
736.20000,6.0666734e-12,2.1708179e-14
736.21000,6.0652574e-12,2.1697655e-14
736.22000,6.0655499e-12,2.1685115e-14
736.23000,6.0676370e-12,2.1673885e-14
736.24000,6.0703601e-12,2.1666226e-14
736.25000,6.0724461e-12,2.1665710e-14
736.26000,6.0733344e-12,2.1677703e-14
736.27000,6.0728269e-12,2.1713841e-14
736.28000,6.0708555e-12,2.1782730e-14
736.29000,6.0672999e-12,2.1876093e-14
736.30000,6.0619206e-12,2.1971370e-14
736.31000,6.0561368e-12,2.2032720e-14
736.32000,6.0522209e-12,2.2025784e-14
736.33000,6.0514960e-12,2.1957154e-14
736.34000,6.0537100e-12,2.1857183e-14
736.35000,6.0573924e-12,2.1761253e-14
736.36000,6.0615547e-12,2.1691178e-14
736.37000,6.0655514e-12,2.1653320e-14
736.38000,6.0695671e-12,2.1636862e-14
736.39000,6.0743255e-12,2.1635901e-14
736.40000,6.0804129e-12,2.1643841e-14
736.41000,6.0883154e-12,2.1659326e-14
736.42000,6.0973932e-12,2.1680291e-14
736.43000,6.1064179e-12,2.1705545e-14
736.44000,6.1138383e-12,2.1735394e-14
736.45000,6.1188198e-12,2.1768295e-14
736.46000,6.1212289e-12,2.1801286e-14
736.47000,6.1223414e-12,2.1831444e-14
736.48000,6.1229089e-12,2.1857445e-14
736.49000,6.1228986e-12,2.1878933e-14
736.50000,6.1214646e-12,2.1890932e-14
736.51000,6.1178556e-12,2.1884538e-14
736.52000,6.1124131e-12,2.1857589e-14
736.53000,6.1057406e-12,2.1810850e-14
736.54000,6.0991400e-12,2.1757343e-14
736.55000,6.0939328e-12,2.1708911e-14
736.56000,6.0910660e-12,2.1673480e-14
736.57000,6.0905087e-12,2.1650320e-14
736.58000,6.0922711e-12,2.1638518e-14
736.59000,6.0957983e-12,2.1635692e-14
736.60000,6.1003545e-12,2.1640111e-14
736.61000,6.1047687e-12,2.1647023e-14
736.62000,6.1077664e-12,2.1650096e-14
736.63000,6.1089256e-12,2.1644554e-14
736.64000,6.1082940e-12,2.1627703e-14
736.65000,6.1069912e-12,2.1603850e-14
736.66000,6.1058558e-12,2.1579283e-14
736.67000,6.1050322e-12,2.1558984e-14
736.68000,6.1038640e-12,2.1543804e-14
736.69000,6.1012904e-12,2.1532509e-14
736.70000,6.0968383e-12,2.1522250e-14
736.71000,6.0902357e-12,2.1512070e-14
736.72000,6.0819645e-12,2.1503115e-14
736.73000,6.0724085e-12,2.1499238e-14
736.74000,6.0625188e-12,2.1508483e-14
736.75000,6.0531241e-12,2.1536106e-14
736.76000,6.0453141e-12,2.1589394e-14
736.77000,6.0398036e-12,2.1658317e-14
736.78000,6.0378669e-12,2.1724213e-14
736.79000,6.0399781e-12,2.1761472e-14
736.80000,6.0455267e-12,2.1766157e-14
736.81000,6.0540698e-12,2.1749652e-14
736.82000,6.0641877e-12,2.1744310e-14
736.83000,6.0742257e-12,2.1780385e-14
736.84000,6.0825146e-12,2.1854910e-14
736.85000,6.0875798e-12,2.1939414e-14
736.86000,6.0896275e-12,2.1991588e-14
736.87000,6.0890237e-12,2.1977938e-14
736.88000,6.0869423e-12,2.1902508e-14
736.89000,6.0842268e-12,2.1800951e-14
736.90000,6.0813721e-12,2.1706863e-14
736.91000,6.0788621e-12,2.1637583e-14
736.92000,6.0769944e-12,2.1597733e-14
736.93000,6.0757895e-12,2.1577383e-14
736.94000,6.0752967e-12,2.1566549e-14
736.95000,6.0760073e-12,2.1559192e-14
736.96000,6.0781983e-12,2.1552009e-14
736.97000,6.0814699e-12,2.1545810e-14
736.98000,6.0845595e-12,2.1542135e-14
736.99000,6.0859094e-12,2.1541571e-14
737.00000,6.0848503e-12,2.1541878e-14
737.01000,6.0809707e-12,2.1540174e-14
737.02000,6.0750769e-12,2.1534166e-14
737.03000,6.0683259e-12,2.1525052e-14
737.04000,6.0616872e-12,2.1517686e-14
737.05000,6.0560215e-12,2.1520183e-14
737.06000,6.0522486e-12,2.1541615e-14
737.07000,6.0505186e-12,2.1578826e-14
737.08000,6.0507694e-12,2.1617597e-14
737.09000,6.0525640e-12,2.1640176e-14
737.10000,6.0559194e-12,2.1632847e-14
737.11000,6.0605210e-12,2.1597530e-14
737.12000,6.0655562e-12,2.1551235e-14
737.13000,6.0700189e-12,2.1509847e-14
737.14000,6.0734332e-12,2.1481214e-14
737.15000,6.0757274e-12,2.1467792e-14
737.16000,6.0772977e-12,2.1463899e-14
737.17000,6.0784219e-12,2.1462662e-14
737.18000,6.0791377e-12,2.1459202e-14
737.19000,6.0796509e-12,2.1452284e-14
737.20000,6.0801325e-12,2.1443580e-14
737.21000,6.0805196e-12,2.1436312e-14
737.22000,6.0804101e-12,2.1432766e-14
737.23000,6.0796597e-12,2.1433275e-14
737.24000,6.0784999e-12,2.1438545e-14
737.25000,6.0775749e-12,2.1448613e-14
737.26000,6.0769178e-12,2.1462167e-14
737.27000,6.0754627e-12,2.1477555e-14
737.28000,6.0719273e-12,2.1491665e-14
737.29000,6.0653792e-12,2.1500384e-14
737.30000,6.0569404e-12,2.1499248e-14
737.31000,6.0486168e-12,2.1487559e-14
737.32000,6.0426294e-12,2.1465772e-14
737.33000,6.0400537e-12,2.1440491e-14
737.34000,6.0415995e-12,2.1419624e-14
737.35000,6.0462418e-12,2.1408283e-14
737.36000,6.0533139e-12,2.1408387e-14
737.37000,6.0618263e-12,2.1416474e-14
737.38000,6.0709613e-12,2.1428612e-14
737.39000,6.0788749e-12,2.1437468e-14
737.40000,6.0840270e-12,2.1438803e-14
737.41000,6.0842744e-12,2.1429304e-14
737.42000,6.0797837e-12,2.1411783e-14
737.43000,6.0708066e-12,2.1388832e-14
737.44000,6.0595551e-12,2.1365139e-14
737.45000,6.0479954e-12,2.1343335e-14
737.46000,6.0377818e-12,2.1325584e-14
737.47000,6.0299888e-12,2.1312517e-14
737.48000,6.0256990e-12,2.1304897e-14
737.49000,6.0244978e-12,2.1301484e-14
737.50000,6.0259433e-12,2.1301988e-14
737.51000,6.0290901e-12,2.1306262e-14
737.52000,6.0334502e-12,2.1315510e-14
737.53000,6.0380748e-12,2.1330035e-14
737.54000,6.0421172e-12,2.1347867e-14
737.55000,6.0449415e-12,2.1366204e-14
737.56000,6.0472311e-12,2.1381983e-14
737.57000,6.0504222e-12,2.1392558e-14
737.58000,6.0558326e-12,2.1396715e-14
737.59000,6.0629827e-12,2.1395285e-14
737.60000,6.0702912e-12,2.1388741e-14
737.61000,6.0756458e-12,2.1379366e-14
737.62000,6.0771542e-12,2.1368590e-14
737.63000,6.0747623e-12,2.1357245e-14
737.64000,6.0687566e-12,2.1344599e-14
737.65000,6.0604880e-12,2.1330310e-14
737.66000,6.0514809e-12,2.1315622e-14
737.67000,6.0447341e-12,2.1305856e-14
737.68000,6.0420232e-12,2.1306028e-14
737.69000,6.0446767e-12,2.1322788e-14
737.70000,6.0510216e-12,2.1354374e-14
737.71000,6.0594993e-12,2.1396517e-14
737.72000,6.0678728e-12,2.1436695e-14
737.73000,6.0751557e-12,2.1467083e-14
737.74000,6.0804283e-12,2.1483912e-14
737.75000,6.0831873e-12,2.1492047e-14
737.76000,6.0826986e-12,2.1493049e-14
737.77000,6.0798569e-12,2.1484723e-14
737.78000,6.0761968e-12,2.1464860e-14
737.79000,6.0732181e-12,2.1433129e-14
737.80000,6.0716715e-12,2.1397114e-14
737.81000,6.0713503e-12,2.1365337e-14
737.82000,6.0714370e-12,2.1340978e-14
737.83000,6.0715644e-12,2.1324028e-14
737.84000,6.0718109e-12,2.1311643e-14
737.85000,6.0722486e-12,2.1302683e-14
737.86000,6.0722372e-12,2.1295373e-14
737.87000,6.0708649e-12,2.1288263e-14
737.88000,6.0667712e-12,2.1279973e-14
737.89000,6.0599765e-12,2.1270390e-14
737.90000,6.0510328e-12,2.1260496e-14
737.91000,6.0421443e-12,2.1251459e-14
737.92000,6.0350828e-12,2.1243633e-14
737.93000,6.0316749e-12,2.1238826e-14
737.94000,6.0323421e-12,2.1239272e-14
737.95000,6.0369412e-12,2.1244968e-14
737.96000,6.0435553e-12,2.1252417e-14
737.97000,6.0503938e-12,2.1260730e-14
737.98000,6.0558651e-12,2.1269741e-14
737.99000,6.0585821e-12,2.1274550e-14
738.00000,6.0577918e-12,2.1266371e-14
738.01000,6.0541627e-12,2.1247160e-14
738.02000,6.0484109e-12,2.1230303e-14
738.03000,6.0422267e-12,2.1227675e-14
738.04000,6.0369209e-12,2.1236805e-14
738.05000,6.0335794e-12,2.1240574e-14
738.06000,6.0323945e-12,2.1233996e-14
738.07000,6.0337415e-12,2.1229995e-14
738.08000,6.0369191e-12,2.1247691e-14
738.09000,6.0407557e-12,2.1288614e-14
738.10000,6.0436734e-12,2.1324934e-14
738.11000,6.0448970e-12,2.1323333e-14
738.12000,6.0451074e-12,2.1280072e-14
738.13000,6.0454178e-12,2.1212329e-14
738.14000,6.0470967e-12,2.1168738e-14
738.15000,6.0500787e-12,2.1178968e-14
738.16000,6.0536148e-12,2.1257690e-14
738.17000,6.0566551e-12,2.1374225e-14
738.18000,6.0585214e-12,2.1489607e-14
738.19000,6.0591374e-12,2.1551481e-14
738.20000,6.0589212e-12,2.1544464e-14
738.21000,6.0581397e-12,2.1463267e-14
738.22000,6.0570470e-12,2.1341934e-14
738.23000,6.0555777e-12,2.1210225e-14
738.24000,6.0537964e-12,2.1099619e-14
738.25000,6.0520778e-12,2.1019672e-14
738.26000,6.0512661e-12,2.0978316e-14
738.27000,6.0520237e-12,2.0973893e-14
738.28000,6.0542843e-12,2.1007545e-14
738.29000,6.0567600e-12,2.1063673e-14
738.30000,6.0579396e-12,2.1118705e-14
738.31000,6.0570882e-12,2.1144548e-14
738.32000,6.0537840e-12,2.1117917e-14
738.33000,6.0485967e-12,2.1043160e-14
738.34000,6.0426378e-12,2.0950852e-14
738.35000,6.0369820e-12,2.0872479e-14
738.36000,6.0322924e-12,2.0823091e-14
738.37000,6.0287112e-12,2.0809637e-14
738.38000,6.0255774e-12,2.0828032e-14
738.39000,6.0223387e-12,2.0872110e-14
738.40000,6.0190158e-12,2.0944517e-14
738.41000,6.0163941e-12,2.1039305e-14
738.42000,6.0158593e-12,2.1145844e-14
738.43000,6.0183920e-12,2.1236447e-14
738.44000,6.0238089e-12,2.1290179e-14
738.45000,6.0315161e-12,2.1284886e-14
738.46000,6.0395136e-12,2.1224325e-14
738.47000,6.0454630e-12,2.1131714e-14
738.48000,6.0483297e-12,2.1046790e-14
738.49000,6.0476370e-12,2.1004173e-14
738.50000,6.0442553e-12,2.1008767e-14
738.51000,6.0385825e-12,2.1051172e-14
738.52000,6.0319607e-12,2.1093219e-14
738.53000,6.0258625e-12,2.1108305e-14
738.54000,6.0220257e-12,2.1086104e-14
738.55000,6.0208570e-12,2.1051969e-14
738.56000,6.0222952e-12,2.1033389e-14
738.57000,6.0247380e-12,2.1042441e-14
738.58000,6.0267255e-12,2.1063438e-14
738.59000,6.0271821e-12,2.1073017e-14
738.60000,6.0263524e-12,2.1063772e-14
738.61000,6.0251480e-12,2.1047265e-14
738.62000,6.0246260e-12,2.1040319e-14
738.63000,6.0250327e-12,2.1044507e-14
738.64000,6.0257263e-12,2.1049817e-14
738.65000,6.0258436e-12,2.1049951e-14
738.66000,6.0244878e-12,2.1045434e-14
738.67000,6.0217893e-12,2.1039816e-14
738.68000,6.0182500e-12,2.1033007e-14
738.69000,6.0144540e-12,2.1024635e-14
738.70000,6.0102014e-12,2.1015327e-14
738.71000,6.0048282e-12,2.1005450e-14
738.72000,5.9983353e-12,2.0994525e-14
738.73000,5.9914995e-12,2.0983298e-14
738.74000,5.9856649e-12,2.0974452e-14
738.75000,5.9819862e-12,2.0970914e-14
738.76000,5.9808962e-12,2.0974057e-14
738.77000,5.9821145e-12,2.0982962e-14
738.78000,5.9859259e-12,2.0995944e-14
738.79000,5.9920488e-12,2.1008098e-14
738.80000,6.0004656e-12,2.1014500e-14
738.81000,6.0101051e-12,2.1013919e-14
738.82000,6.0196850e-12,2.1008953e-14
738.83000,6.0274147e-12,2.1002768e-14
738.84000,6.0315668e-12,2.0997853e-14
738.85000,6.0306656e-12,2.0994582e-14
738.86000,6.0256003e-12,2.0991891e-14
738.87000,6.0176909e-12,2.0988525e-14
738.88000,6.0094659e-12,2.0983672e-14
738.89000,6.0032121e-12,2.0977400e-14
738.90000,6.0008638e-12,2.0972919e-14
738.91000,6.0021925e-12,2.0974651e-14
738.92000,6.0068824e-12,2.0990505e-14
738.93000,6.0133272e-12,2.1022416e-14
738.94000,6.0205635e-12,2.1069724e-14
738.95000,6.0274899e-12,2.1118676e-14
738.96000,6.0337363e-12,2.1154912e-14
738.97000,6.0390103e-12,2.1163360e-14
738.98000,6.0431520e-12,2.1145787e-14
738.99000,6.0455560e-12,2.1109659e-14
739.00000,6.0458781e-12,2.1072096e-14
739.01000,6.0441611e-12,2.1042975e-14
739.02000,6.0399978e-12,2.1030761e-14
739.03000,6.0334745e-12,2.1039067e-14
739.04000,6.0249698e-12,2.1069991e-14
739.05000,6.0162073e-12,2.1111948e-14
739.06000,6.0093550e-12,2.1147012e-14
739.07000,6.0055805e-12,2.1160902e-14
739.08000,6.0052953e-12,2.1147118e-14
739.09000,6.0069619e-12,2.1115881e-14
739.10000,6.0086106e-12,2.1082274e-14
739.11000,6.0091479e-12,2.1053426e-14
739.12000,6.0089513e-12,2.1027646e-14
739.13000,6.0088101e-12,2.1002812e-14
739.14000,6.0096346e-12,2.0979577e-14
739.15000,6.0115875e-12,2.0960468e-14
739.16000,6.0147197e-12,2.0948712e-14
739.17000,6.0185179e-12,2.0942973e-14
739.18000,6.0226211e-12,2.0941504e-14
739.19000,6.0266013e-12,2.0941315e-14
739.20000,6.0302131e-12,2.0941142e-14
739.21000,6.0329674e-12,2.0940443e-14
739.22000,6.0344845e-12,2.0938635e-14
739.23000,6.0345006e-12,2.0934652e-14
739.24000,6.0335947e-12,2.0928156e-14
739.25000,6.0324343e-12,2.0919827e-14
739.26000,6.0314818e-12,2.0910853e-14
739.27000,6.0308180e-12,2.0902990e-14
739.28000,6.0303925e-12,2.0897448e-14
739.29000,6.0303193e-12,2.0893674e-14
739.30000,6.0311961e-12,2.0890276e-14
739.31000,6.0333081e-12,2.0885790e-14
739.32000,6.0365381e-12,2.0879568e-14
739.33000,6.0397217e-12,2.0872569e-14
739.34000,6.0418556e-12,2.0866352e-14
739.35000,6.0423478e-12,2.0862363e-14
739.36000,6.0417404e-12,2.0860618e-14
739.37000,6.0403882e-12,2.0860634e-14
739.38000,6.0384481e-12,2.0859869e-14
739.39000,6.0357642e-12,2.0855904e-14
739.40000,6.0319725e-12,2.0846663e-14
739.41000,6.0274328e-12,2.0834392e-14
739.42000,6.0229262e-12,2.0822360e-14
739.43000,6.0197756e-12,2.0813104e-14
739.44000,6.0185078e-12,2.0805922e-14
739.45000,6.0190453e-12,2.0799432e-14
739.46000,6.0196403e-12,2.0793416e-14
739.47000,6.0180117e-12,2.0790204e-14
739.48000,6.0129136e-12,2.0793069e-14
739.49000,6.0050310e-12,2.0803435e-14
739.50000,5.9957017e-12,2.0823315e-14
739.51000,5.9869859e-12,2.0851845e-14
739.52000,5.9805722e-12,2.0885506e-14
739.53000,5.9768321e-12,2.0915672e-14
739.54000,5.9760885e-12,2.0929943e-14
739.55000,5.9778974e-12,2.0923079e-14
739.56000,5.9822443e-12,2.0894969e-14
739.57000,5.9883443e-12,2.0859610e-14
739.58000,5.9950156e-12,2.0831323e-14
739.59000,6.0009784e-12,2.0819294e-14
739.60000,6.0053202e-12,2.0819659e-14
739.61000,6.0073278e-12,2.0826805e-14
739.62000,6.0072003e-12,2.0832673e-14
739.63000,6.0058334e-12,2.0834584e-14
739.64000,6.0041405e-12,2.0831594e-14
739.65000,6.0030890e-12,2.0824582e-14
739.66000,6.0030889e-12,2.0813719e-14
739.67000,6.0031618e-12,2.0801090e-14
739.68000,6.0018204e-12,2.0788029e-14
739.69000,5.9972230e-12,2.0772840e-14
739.70000,5.9895768e-12,2.0752506e-14
739.71000,5.9803668e-12,2.0726142e-14
739.72000,5.9725671e-12,2.0699721e-14
739.73000,5.9675657e-12,2.0679208e-14
739.74000,5.9659146e-12,2.0669349e-14
739.75000,5.9661672e-12,2.0667576e-14
739.76000,5.9665041e-12,2.0667772e-14
739.77000,5.9654267e-12,2.0663364e-14
739.78000,5.9623532e-12,2.0651895e-14
739.79000,5.9579478e-12,2.0636661e-14
739.80000,5.9531492e-12,2.0621967e-14
739.81000,5.9496491e-12,2.0612601e-14
739.82000,5.9483574e-12,2.0609059e-14
739.83000,5.9498154e-12,2.0611028e-14
739.84000,5.9531226e-12,2.0616384e-14
739.85000,5.9574233e-12,2.0623191e-14
739.86000,5.9614883e-12,2.0627502e-14
739.87000,5.9647510e-12,2.0626808e-14
739.88000,5.9667193e-12,2.0618774e-14
739.89000,5.9674744e-12,2.0603707e-14
739.90000,5.9671873e-12,2.0575218e-14
739.91000,5.9666780e-12,2.0507834e-14
739.92000,5.9665323e-12,2.0366881e-14
739.93000,5.9669130e-12,2.0061511e-14
739.94000,5.9673946e-12,1.9542499e-14
739.95000,5.9676579e-12,1.8768005e-14
739.96000,5.9678329e-12,1.7847092e-14
739.97000,5.9683596e-12,1.6936335e-14
739.98000,5.9698881e-12,1.6203144e-14
739.99000,5.9725369e-12,1.5703802e-14
740.00000,5.9759120e-12,1.5443714e-14
740.01000,5.9786992e-12,1.5328619e-14
740.02000,5.9800425e-12,1.5281345e-14
740.03000,5.9795097e-12,1.5263255e-14
740.04000,5.9781205e-12,1.5253992e-14
740.05000,5.9774598e-12,1.5251046e-14
740.06000,5.9785774e-12,1.5253136e-14
740.07000,5.9814794e-12,1.5257643e-14
740.08000,5.9849350e-12,1.5259847e-14
740.09000,5.9876182e-12,1.5255806e-14
740.10000,5.9882974e-12,1.5244803e-14
740.11000,5.9871498e-12,1.5230906e-14
740.12000,5.9846488e-12,1.5218833e-14
740.13000,5.9815045e-12,1.5211132e-14
740.14000,5.9779569e-12,1.5208648e-14
740.15000,5.9742685e-12,1.5209905e-14
740.16000,5.9707352e-12,1.5212872e-14
740.17000,5.9677541e-12,1.5215925e-14
740.18000,5.9652981e-12,1.5216701e-14
740.19000,5.9630302e-12,1.5212268e-14
740.20000,5.9603332e-12,1.5202355e-14
740.21000,5.9571115e-12,1.5190797e-14
740.22000,5.9538514e-12,1.5183259e-14
740.23000,5.9514469e-12,1.5181734e-14
740.24000,5.9508420e-12,1.5184847e-14
740.25000,5.9523637e-12,1.5186915e-14
740.26000,5.9554290e-12,1.5184463e-14
740.27000,5.9592347e-12,1.5175839e-14
740.28000,5.9625362e-12,1.5163877e-14
740.29000,5.9642424e-12,1.5151874e-14
740.30000,5.9638401e-12,1.5143210e-14
740.31000,5.9616712e-12,1.5138162e-14
740.32000,5.9581811e-12,1.5135692e-14
740.33000,5.9544840e-12,1.5133578e-14
740.34000,5.9515669e-12,1.5131108e-14
740.35000,5.9498999e-12,1.5129433e-14
740.36000,5.9492398e-12,1.5130109e-14
740.37000,5.9493341e-12,1.5135156e-14
740.38000,5.9497516e-12,1.5144342e-14
740.39000,5.9499447e-12,1.5154865e-14
740.40000,5.9493228e-12,1.5161410e-14
740.41000,5.9476277e-12,1.5159077e-14
740.42000,5.9455438e-12,1.5148639e-14
740.43000,5.9441938e-12,1.5133714e-14
740.44000,5.9449297e-12,1.5122253e-14
740.45000,5.9476806e-12,1.5117764e-14
740.46000,5.9517233e-12,1.5119059e-14
740.47000,5.9559351e-12,1.5121289e-14
740.48000,5.9597267e-12,1.5121541e-14
740.49000,5.9629640e-12,1.5119834e-14
740.50000,5.9658781e-12,1.5118493e-14
740.51000,5.9683924e-12,1.5119500e-14
740.52000,5.9702004e-12,1.5123283e-14
740.53000,5.9707694e-12,1.5130656e-14
740.54000,5.9699140e-12,1.5141713e-14
740.55000,5.9681608e-12,1.5154798e-14
740.56000,5.9662331e-12,1.5166448e-14
740.57000,5.9646930e-12,1.5172814e-14
740.58000,5.9633975e-12,1.5170370e-14
740.59000,5.9612456e-12,1.5159214e-14
740.60000,5.9574009e-12,1.5143123e-14
740.61000,5.9511915e-12,1.5126157e-14
740.62000,5.9434876e-12,1.5111868e-14
740.63000,5.9351986e-12,1.5102254e-14
740.64000,5.9277568e-12,1.5097097e-14
740.65000,5.9219597e-12,1.5094707e-14
740.66000,5.9188364e-12,1.5093725e-14
740.67000,5.9182676e-12,1.5092681e-14
740.68000,5.9200545e-12,1.5090806e-14
740.69000,5.9227879e-12,1.5088067e-14
740.70000,5.9252524e-12,1.5085182e-14
740.71000,5.9266803e-12,1.5083672e-14
740.72000,5.9274507e-12,1.5084833e-14
740.73000,5.9284453e-12,1.5089095e-14
740.74000,5.9306126e-12,1.5094153e-14
740.75000,5.9340810e-12,1.5097469e-14
740.76000,5.9386259e-12,1.5096759e-14
740.77000,5.9431379e-12,1.5092400e-14
740.78000,5.9461161e-12,1.5085503e-14
740.79000,5.9465835e-12,1.5077919e-14
740.80000,5.9449921e-12,1.5070621e-14
740.81000,5.9425988e-12,1.5064788e-14
740.82000,5.9413619e-12,1.5061786e-14
740.83000,5.9425940e-12,1.5062907e-14
740.84000,5.9456507e-12,1.5066670e-14
740.85000,5.9488709e-12,1.5069733e-14
740.86000,5.9505571e-12,1.5068907e-14
740.87000,5.9495328e-12,1.5062588e-14
740.88000,5.9458710e-12,1.5053301e-14
740.89000,5.9410704e-12,1.5045788e-14
740.90000,5.9363333e-12,1.5043440e-14
740.91000,5.9319187e-12,1.5045397e-14
740.92000,5.9273981e-12,1.5049859e-14
740.93000,5.9222334e-12,1.5054318e-14
740.94000,5.9167269e-12,1.5058315e-14
740.95000,5.9117769e-12,1.5062996e-14
740.96000,5.9079360e-12,1.5069545e-14
740.97000,5.9052737e-12,1.5078603e-14
740.98000,5.9030552e-12,1.5088803e-14
740.99000,5.9005593e-12,1.5097320e-14
741.00000,5.8975208e-12,1.5099781e-14
741.01000,5.8944276e-12,1.5094652e-14
741.02000,5.8921345e-12,1.5082540e-14
741.03000,5.8915806e-12,1.5069598e-14
741.04000,5.8927123e-12,1.5060770e-14
741.05000,5.8951971e-12,1.5057266e-14
741.06000,5.8982335e-12,1.5055615e-14
741.07000,5.9014651e-12,1.5057956e-14
741.08000,5.9046275e-12,1.5088897e-14
741.09000,5.9077223e-12,1.5188469e-14
741.10000,5.9112304e-12,1.5466945e-14
741.11000,5.9159647e-12,1.6006967e-14
741.12000,5.9227866e-12,1.6915062e-14
741.13000,5.9312293e-12,1.8136145e-14
741.14000,5.9397753e-12,1.9476984e-14
741.15000,5.9466192e-12,2.0690670e-14
741.16000,5.9513590e-12,2.1622990e-14
741.17000,5.9541827e-12,2.2192218e-14
741.18000,5.9561955e-12,2.2473381e-14
741.19000,5.9583339e-12,2.2591682e-14
741.20000,5.9617945e-12,2.2619647e-14
741.21000,5.9675857e-12,2.2622238e-14
741.22000,5.9767395e-12,2.2623503e-14
741.23000,5.9884763e-12,2.2636350e-14
741.24000,6.0007980e-12,2.2660259e-14
741.25000,6.0109698e-12,2.2692508e-14
741.26000,6.0172929e-12,2.2724606e-14
741.27000,6.0189383e-12,2.2746044e-14
741.28000,6.0174764e-12,2.2748289e-14
741.29000,6.0148555e-12,2.2732819e-14
741.30000,6.0123257e-12,2.2704783e-14
741.31000,6.0102914e-12,2.2676209e-14
741.32000,6.0088113e-12,2.2656202e-14
741.33000,6.0079605e-12,2.2647699e-14
741.34000,6.0078065e-12,2.2647006e-14
741.35000,6.0084490e-12,2.2649872e-14
741.36000,6.0095572e-12,2.2652870e-14
741.37000,6.0106750e-12,2.2656179e-14
741.38000,6.0110994e-12,2.2660712e-14
741.39000,6.0103670e-12,2.2665420e-14
741.40000,6.0077389e-12,2.2666457e-14
741.41000,6.0030252e-12,2.2660439e-14
741.42000,5.9961067e-12,2.2646374e-14
741.43000,5.9878070e-12,2.2628731e-14
741.44000,5.9789877e-12,2.2611730e-14
741.45000,5.9703827e-12,2.2598449e-14
741.46000,5.9625549e-12,2.2589116e-14
741.47000,5.9561063e-12,2.2582617e-14
741.48000,5.9513659e-12,2.2575763e-14
741.49000,5.9482719e-12,2.2566243e-14
741.50000,5.9468308e-12,2.2552170e-14
741.51000,5.9464784e-12,2.2534693e-14
741.52000,5.9466269e-12,2.2516917e-14
741.53000,5.9465648e-12,2.2502578e-14
741.54000,5.9457603e-12,2.2494804e-14
741.55000,5.9440609e-12,2.2493874e-14
741.56000,5.9414271e-12,2.2499478e-14
741.57000,5.9382986e-12,2.2507908e-14
741.58000,5.9353497e-12,2.2514394e-14
741.59000,5.9331830e-12,2.2515123e-14
741.60000,5.9318743e-12,2.2510250e-14
741.61000,5.9312198e-12,2.2501818e-14
741.62000,5.9305804e-12,2.2496143e-14
741.63000,5.9296605e-12,2.2498523e-14
741.64000,5.9287435e-12,2.2512399e-14
741.65000,5.9282747e-12,2.2533393e-14
741.66000,5.9285778e-12,2.2553733e-14
741.67000,5.9299630e-12,2.2561489e-14
741.68000,5.9326832e-12,2.2554272e-14
741.69000,5.9373328e-12,2.2536729e-14
741.70000,5.9436407e-12,2.2519313e-14
741.71000,5.9509163e-12,2.2509580e-14
741.72000,5.9571999e-12,2.2510798e-14
741.73000,5.9609045e-12,2.2518963e-14
741.74000,5.9606656e-12,2.2528927e-14
741.75000,5.9571734e-12,2.2535126e-14
741.76000,5.9516148e-12,2.2532640e-14
741.77000,5.9469547e-12,2.2520151e-14
741.78000,5.9453804e-12,2.2503608e-14
741.79000,5.9484074e-12,2.2492451e-14
741.80000,5.9548468e-12,2.2492386e-14
741.81000,5.9630206e-12,2.2504585e-14
741.82000,5.9700271e-12,2.2521299e-14
741.83000,5.9746451e-12,2.2533339e-14
741.84000,5.9768684e-12,2.2535028e-14
741.85000,5.9779840e-12,2.2529866e-14
741.86000,5.9786260e-12,2.2523371e-14
741.87000,5.9786867e-12,2.2521101e-14
741.88000,5.9774203e-12,2.2521551e-14
741.89000,5.9735643e-12,2.2518799e-14
741.90000,5.9669028e-12,2.2508974e-14
741.91000,5.9573412e-12,2.2491622e-14
741.92000,5.9462880e-12,2.2471869e-14
741.93000,5.9358563e-12,2.2454827e-14
741.94000,5.9287221e-12,2.2443615e-14
741.95000,5.9261136e-12,2.2437814e-14
741.96000,5.9288944e-12,2.2437973e-14
741.97000,5.9358716e-12,2.2444190e-14
741.98000,5.9447508e-12,2.2455124e-14
741.99000,5.9537520e-12,2.2469376e-14
742.00000,5.9616430e-12,2.2484885e-14
742.01000,5.9674618e-12,2.2500734e-14
742.02000,5.9704691e-12,2.2514810e-14
742.03000,5.9707339e-12,2.2524114e-14
742.04000,5.9679038e-12,2.2523269e-14
742.05000,5.9626028e-12,2.2511619e-14
742.06000,5.9551783e-12,2.2490043e-14
742.07000,5.9469105e-12,2.2464552e-14
742.08000,5.9390440e-12,2.2440467e-14
742.09000,5.9325999e-12,2.2420699e-14
742.10000,5.9276894e-12,2.2404425e-14
742.11000,5.9244187e-12,2.2390991e-14
742.12000,5.9226812e-12,2.2380580e-14
742.13000,5.9222707e-12,2.2374264e-14
742.14000,5.9231795e-12,2.2373960e-14
742.15000,5.9246557e-12,2.2378344e-14
742.16000,5.9257113e-12,2.2385598e-14
742.17000,5.9250395e-12,2.2392114e-14
742.18000,5.9223618e-12,2.2395827e-14
742.19000,5.9177836e-12,2.2395506e-14
742.20000,5.9123389e-12,2.2391828e-14
742.21000,5.9068408e-12,2.2384664e-14
742.22000,5.9021927e-12,2.2374192e-14
742.23000,5.8986161e-12,2.2361333e-14
742.24000,5.8960792e-12,2.2347508e-14
742.25000,5.8940198e-12,2.2334860e-14
742.26000,5.8921055e-12,2.2325162e-14
742.27000,5.8902729e-12,2.2319032e-14
742.28000,5.8887883e-12,2.2315378e-14
742.29000,5.8880814e-12,2.2313288e-14
742.30000,5.8881878e-12,2.2311753e-14
742.31000,5.8891634e-12,2.2310245e-14
742.32000,5.8909434e-12,2.2308342e-14
742.33000,5.8933233e-12,2.2306140e-14
742.34000,5.8958059e-12,2.2303943e-14
742.35000,5.8973695e-12,2.2301952e-14
742.36000,5.8968608e-12,2.2300574e-14
742.37000,5.8941988e-12,2.2301497e-14
742.38000,5.8911367e-12,2.2306692e-14
742.39000,5.8907868e-12,2.2318887e-14
742.40000,5.8952207e-12,2.2336960e-14
742.41000,5.9056783e-12,2.2358621e-14
742.42000,5.9202501e-12,2.2378617e-14
742.43000,5.9351988e-12,2.2393584e-14
742.44000,5.9466786e-12,2.2400959e-14
742.45000,5.9530612e-12,2.2401874e-14
742.46000,5.9533450e-12,2.2397582e-14
742.47000,5.9485076e-12,2.2391383e-14
742.48000,5.9407605e-12,2.2385401e-14
742.49000,5.9317635e-12,2.2379991e-14
742.50000,5.9231805e-12,2.2374521e-14
742.51000,5.9163583e-12,2.2368119e-14
742.52000,5.9123070e-12,2.2359855e-14
742.53000,5.9106055e-12,2.2350292e-14
742.54000,5.9106234e-12,2.2341506e-14
742.55000,5.9115115e-12,2.2334888e-14
742.56000,5.9131812e-12,2.2329818e-14
742.57000,5.9156560e-12,2.2324060e-14
742.58000,5.9186310e-12,2.2317885e-14
742.59000,5.9215834e-12,2.2315069e-14
742.60000,5.9242741e-12,2.2317642e-14
742.61000,5.9269745e-12,2.2324028e-14
742.62000,5.9301543e-12,2.2327034e-14
742.63000,5.9334713e-12,2.2322270e-14
742.64000,5.9355407e-12,2.2311150e-14
742.65000,5.9353043e-12,2.2301799e-14
742.66000,5.9323030e-12,2.2302332e-14
742.67000,5.9276594e-12,2.2316398e-14
742.68000,5.9230761e-12,2.2336744e-14
742.69000,5.9195155e-12,2.2351119e-14
742.70000,5.9166646e-12,2.2350464e-14
742.71000,5.9138020e-12,2.2329556e-14
742.72000,5.9100231e-12,2.2292409e-14
742.73000,5.9053165e-12,2.2250158e-14
742.74000,5.9002597e-12,2.2212450e-14
742.75000,5.8957479e-12,2.2183957e-14
742.76000,5.8926752e-12,2.2167420e-14
742.77000,5.8919083e-12,2.2162803e-14
742.78000,5.8934892e-12,2.2166833e-14
742.79000,5.8976970e-12,2.2177544e-14
742.80000,5.9043539e-12,2.2192288e-14
742.81000,5.9135987e-12,2.2209516e-14
742.82000,5.9246908e-12,2.2226366e-14
742.83000,5.9357398e-12,2.2239575e-14
742.84000,5.9450988e-12,2.2247312e-14
742.85000,5.9508137e-12,2.2247403e-14
742.86000,5.9523436e-12,2.2240557e-14
742.87000,5.9497925e-12,2.2228181e-14
742.88000,5.9449422e-12,2.2214276e-14
742.89000,5.9391239e-12,2.2201899e-14
742.90000,5.9327586e-12,2.2194274e-14
742.91000,5.9255587e-12,2.2192984e-14
742.92000,5.9170649e-12,2.2199700e-14
742.93000,5.9079944e-12,2.2213577e-14
742.94000,5.8996104e-12,2.2232010e-14
742.95000,5.8936305e-12,2.2250228e-14
742.96000,5.8906606e-12,2.2260870e-14
742.97000,5.8908954e-12,2.2257277e-14
742.98000,5.8936177e-12,2.2242040e-14
742.99000,5.8982140e-12,2.2223946e-14
743.00000,5.9045119e-12,2.2214434e-14
743.01000,5.9115712e-12,2.2218423e-14
743.02000,5.9183064e-12,2.2233354e-14
743.03000,5.9237546e-12,2.2247647e-14
743.04000,5.9278360e-12,2.2254159e-14
743.05000,5.9303646e-12,2.2250307e-14
743.06000,5.9312482e-12,2.2242090e-14
743.07000,5.9297036e-12,2.2234373e-14
743.08000,5.9253663e-12,2.2227811e-14
743.09000,5.9186820e-12,2.2219611e-14
743.10000,5.9101579e-12,2.2207709e-14
743.11000,5.9011988e-12,2.2194992e-14
743.12000,5.8931362e-12,2.2185223e-14
743.13000,5.8874409e-12,2.2179832e-14
743.14000,5.8846738e-12,2.2177408e-14
743.15000,5.8857665e-12,2.2177659e-14
743.16000,5.8898001e-12,2.2180283e-14
743.17000,5.8957304e-12,2.2184397e-14
743.18000,5.9014054e-12,2.2187387e-14
743.19000,5.9056915e-12,2.2188279e-14
743.20000,5.9083369e-12,2.2188018e-14
743.21000,5.9106925e-12,2.2188872e-14
743.22000,5.9140204e-12,2.2192106e-14
743.23000,5.9187644e-12,2.2197060e-14
743.24000,5.9240529e-12,2.2202076e-14
743.25000,5.9285218e-12,2.2205779e-14
743.26000,5.9314228e-12,2.2208160e-14
743.27000,5.9322323e-12,2.2208997e-14
743.28000,5.9307254e-12,2.2207160e-14
743.29000,5.9269685e-12,2.2201503e-14
743.30000,5.9204693e-12,2.2190408e-14
743.31000,5.9118350e-12,2.2175161e-14
743.32000,5.9016885e-12,2.2157305e-14
743.33000,5.8916607e-12,2.2139951e-14
743.34000,5.8830439e-12,2.2124994e-14
743.35000,5.8771087e-12,2.2113788e-14
743.36000,5.8740672e-12,2.2106169e-14
743.37000,5.8745853e-12,2.2102990e-14
743.38000,5.8787669e-12,2.2105061e-14
743.39000,5.8854451e-12,2.2111505e-14
743.40000,5.8926434e-12,2.2119946e-14
743.41000,5.8980849e-12,2.2126566e-14
743.42000,5.9005686e-12,2.2128976e-14
743.43000,5.9011268e-12,2.2128099e-14
743.44000,5.9019727e-12,2.2127334e-14
743.45000,5.9042081e-12,2.2128847e-14
743.46000,5.9070723e-12,2.2131947e-14
743.47000,5.9096021e-12,2.2135339e-14
743.48000,5.9113518e-12,2.2137659e-14
743.49000,5.9129878e-12,2.2138568e-14
743.50000,5.9149651e-12,2.2138109e-14
743.51000,5.9171932e-12,2.2136039e-14
743.52000,5.9189987e-12,2.2132869e-14
743.53000,5.9197676e-12,2.2129906e-14
743.54000,5.9196515e-12,2.2128825e-14
743.55000,5.9192516e-12,2.2129840e-14
743.56000,5.9192941e-12,2.2131929e-14
743.57000,5.9200746e-12,2.2132933e-14
743.58000,5.9212618e-12,2.2131713e-14
743.59000,5.9218000e-12,2.2129429e-14
743.60000,5.9209631e-12,2.2127715e-14
743.61000,5.9180166e-12,2.2127504e-14
743.62000,5.9132552e-12,2.2127342e-14
743.63000,5.9069932e-12,2.2124214e-14
743.64000,5.8999741e-12,2.2115491e-14
743.65000,5.8927157e-12,2.2101584e-14
743.66000,5.8857121e-12,2.2084217e-14
743.67000,5.8795532e-12,2.2067335e-14
743.68000,5.8749956e-12,2.2054128e-14
743.69000,5.8722003e-12,2.2046013e-14
743.70000,5.8705264e-12,2.2041848e-14
743.71000,5.8693253e-12,2.2040868e-14
743.72000,5.8682634e-12,2.2041962e-14
743.73000,5.8676593e-12,2.2044987e-14
743.74000,5.8678817e-12,2.2048445e-14
743.75000,5.8688007e-12,2.2050347e-14
743.76000,5.8700053e-12,2.2048214e-14
743.77000,5.8707723e-12,2.2042130e-14
743.78000,5.8703148e-12,2.2032724e-14
743.79000,5.8681866e-12,2.2022226e-14
743.80000,5.8649534e-12,2.2012364e-14
743.81000,5.8618347e-12,2.2004279e-14
743.82000,5.8601303e-12,2.1998212e-14
743.83000,5.8607584e-12,2.1995000e-14
743.84000,5.8636004e-12,2.1995405e-14
743.85000,5.8675151e-12,2.1998860e-14
743.86000,5.8713746e-12,2.2004136e-14
743.87000,5.8745316e-12,2.2009160e-14
743.88000,5.8768744e-12,2.2012603e-14
743.89000,5.8789243e-12,2.2014415e-14
743.90000,5.8812629e-12,2.2015748e-14
743.91000,5.8841247e-12,2.2017085e-14
743.92000,5.8872710e-12,2.2018184e-14
743.93000,5.8904266e-12,2.2018882e-14
743.94000,5.8932439e-12,2.2019350e-14
743.95000,5.8953397e-12,2.2019912e-14
743.96000,5.8963292e-12,2.2020903e-14
743.97000,5.8954311e-12,2.2022871e-14
743.98000,5.8926308e-12,2.2025781e-14
743.99000,5.8885037e-12,2.2029556e-14
744.00000,5.8844379e-12,2.2034034e-14
744.01000,5.8810519e-12,2.2038175e-14
744.02000,5.8781408e-12,2.2037958e-14
744.03000,5.8746815e-12,2.2029602e-14
744.04000,5.8699266e-12,2.2011801e-14
744.05000,5.8643993e-12,2.1989224e-14
744.06000,5.8592833e-12,2.1966493e-14
744.07000,5.8559641e-12,2.1947419e-14
744.08000,5.8544866e-12,2.1934472e-14
744.09000,5.8545435e-12,2.1930234e-14
744.10000,5.8556456e-12,2.1932375e-14
744.11000,5.8578343e-12,2.1935928e-14
744.12000,5.8618400e-12,2.1938595e-14
744.13000,5.8673193e-12,2.1943418e-14
744.14000,5.8733541e-12,2.1953218e-14
744.15000,5.8778221e-12,2.1963196e-14
744.16000,5.8793402e-12,2.1965564e-14
744.17000,5.8765091e-12,2.1955668e-14
744.18000,5.8700699e-12,2.1940685e-14
744.19000,5.8605948e-12,2.1926992e-14
744.20000,5.8493679e-12,2.1914117e-14
744.21000,5.8369407e-12,2.1894306e-14
744.22000,5.8223180e-12,2.1860704e-14
744.23000,5.8048879e-12,2.1819359e-14
744.24000,5.7849632e-12,2.1780065e-14
744.25000,5.7665690e-12,2.1753455e-14
744.26000,5.7549651e-12,2.1739191e-14
744.27000,5.7558523e-12,2.1735382e-14
744.28000,5.7689022e-12,2.1742260e-14
744.29000,5.7921475e-12,2.1766016e-14
744.30000,5.8186750e-12,2.1811073e-14
744.31000,5.8423912e-12,2.1868636e-14
744.32000,5.8618726e-12,2.1924271e-14
744.33000,5.8773601e-12,2.1959273e-14
744.34000,5.8904827e-12,2.1966944e-14
744.35000,5.9009522e-12,2.1951681e-14
744.36000,5.9076238e-12,2.1933787e-14
744.37000,5.9099997e-12,2.1927475e-14
744.38000,5.9073495e-12,2.1941424e-14
744.39000,5.9012233e-12,2.1965990e-14
744.40000,5.8927651e-12,2.1983772e-14
744.41000,5.8836060e-12,2.1975137e-14
744.42000,5.8745177e-12,2.1939172e-14
744.43000,5.8659946e-12,2.1884653e-14
744.44000,5.8585381e-12,2.1832586e-14
744.45000,5.8531839e-12,2.1798610e-14
744.46000,5.8507146e-12,2.1794349e-14
744.47000,5.8506288e-12,2.1820035e-14
744.48000,5.8518537e-12,2.1875278e-14
744.49000,5.8526522e-12,2.1940334e-14
744.50000,5.8519075e-12,2.1990397e-14
744.51000,5.8494344e-12,2.1996727e-14
744.52000,5.8461575e-12,2.1958886e-14
744.53000,5.8432654e-12,2.1892612e-14
744.54000,5.8418169e-12,2.1828238e-14
744.55000,5.8429287e-12,2.1786936e-14
744.56000,5.8471677e-12,2.1776969e-14
744.57000,5.8532585e-12,2.1783166e-14
744.58000,5.8592071e-12,2.1788765e-14
744.59000,5.8623692e-12,2.1780259e-14
744.60000,5.8612390e-12,2.1757313e-14
744.61000,5.8557165e-12,2.1729007e-14
744.62000,5.8486357e-12,2.1711262e-14
744.63000,5.8427566e-12,2.1712265e-14
744.64000,5.8407158e-12,2.1739562e-14
744.65000,5.8423902e-12,2.1788103e-14
744.66000,5.8462894e-12,2.1852082e-14
744.67000,5.8496496e-12,2.1920234e-14
744.68000,5.8513677e-12,2.1985878e-14
744.69000,5.8514274e-12,2.2044244e-14
744.70000,5.8510874e-12,2.2094347e-14
744.71000,5.8512796e-12,2.2133646e-14
744.72000,5.8525574e-12,2.2160418e-14
744.73000,5.8546783e-12,2.2174950e-14
744.74000,5.8568708e-12,2.2173910e-14
744.75000,5.8578869e-12,2.2158082e-14
744.76000,5.8564723e-12,2.2124877e-14
744.77000,5.8523700e-12,2.2075222e-14
744.78000,5.8469280e-12,2.2014046e-14
744.79000,5.8421816e-12,2.1945947e-14
744.80000,5.8396456e-12,2.1877439e-14
744.81000,5.8401083e-12,2.1813697e-14
744.82000,5.8429223e-12,2.1760304e-14
744.83000,5.8464706e-12,2.1719071e-14
744.84000,5.8493719e-12,2.1692986e-14
744.85000,5.8508670e-12,2.1681297e-14
744.86000,5.8503663e-12,2.1684101e-14
744.87000,5.8478592e-12,2.1695734e-14
744.88000,5.8443641e-12,2.1706568e-14
744.89000,5.8410603e-12,2.1711081e-14
744.90000,5.8391309e-12,2.1708408e-14
744.91000,5.8385155e-12,2.1707874e-14
744.92000,5.8382389e-12,2.1722944e-14
744.93000,5.8369723e-12,2.1760828e-14
744.94000,5.8347240e-12,2.1814012e-14
744.95000,5.8329439e-12,2.1863852e-14
744.96000,5.8337104e-12,2.1889276e-14
744.97000,5.8388562e-12,2.1876897e-14
744.98000,5.8482546e-12,2.1835821e-14
744.99000,5.8598716e-12,2.1787655e-14
745.00000,5.8712457e-12,2.1753063e-14
745.01000,5.8804947e-12,2.1739002e-14
745.02000,5.8864381e-12,2.1748248e-14
745.03000,5.8887268e-12,2.1775907e-14
745.04000,5.8879606e-12,2.1811144e-14
745.05000,5.8845743e-12,2.1838109e-14
745.06000,5.8802541e-12,2.1844164e-14
745.07000,5.8768946e-12,2.1823726e-14
745.08000,5.8767245e-12,2.1788904e-14
745.09000,5.8798094e-12,2.1762750e-14
745.10000,5.8846408e-12,2.1756518e-14
745.11000,5.8891643e-12,2.1773941e-14
745.12000,5.8917231e-12,2.1800561e-14
745.13000,5.8917137e-12,2.1817463e-14
745.14000,5.8901320e-12,2.1812095e-14
745.15000,5.8882965e-12,2.1789958e-14
745.16000,5.8875840e-12,2.1766694e-14
745.17000,5.8884748e-12,2.1758169e-14
745.18000,5.8906633e-12,2.1767928e-14
745.19000,5.8925292e-12,2.1782172e-14
745.20000,5.8926674e-12,2.1787471e-14
745.21000,5.8893105e-12,2.1776974e-14
745.22000,5.8823412e-12,2.1759319e-14
745.23000,5.8715539e-12,2.1741915e-14
745.24000,5.8583778e-12,2.1727216e-14
745.25000,5.8449554e-12,2.1711170e-14
745.26000,5.8336924e-12,2.1691507e-14
745.27000,5.8258050e-12,2.1673132e-14
745.28000,5.8221198e-12,2.1662274e-14
745.29000,5.8221443e-12,2.1660898e-14
745.30000,5.8244140e-12,2.1663548e-14
745.31000,5.8277804e-12,2.1666428e-14
745.32000,5.8315480e-12,2.1669782e-14
745.33000,5.8350961e-12,2.1674992e-14
745.34000,5.8378362e-12,2.1679780e-14
745.35000,5.8394126e-12,2.1679928e-14
745.36000,5.8399704e-12,2.1675390e-14
745.37000,5.8398116e-12,2.1669106e-14
745.38000,5.8394972e-12,2.1664092e-14
745.39000,5.8392918e-12,2.1660344e-14
745.40000,5.8395006e-12,2.1657394e-14
745.41000,5.8405075e-12,2.1656146e-14
745.42000,5.8431819e-12,2.1658464e-14
745.43000,5.8473110e-12,2.1663287e-14
745.44000,5.8519132e-12,2.1668915e-14
745.45000,5.8547174e-12,2.1673053e-14
745.46000,5.8544833e-12,2.1674870e-14
745.47000,5.8507533e-12,2.1674101e-14
745.48000,5.8451215e-12,2.1671613e-14
745.49000,5.8389237e-12,2.1667166e-14
745.50000,5.8336851e-12,2.1659645e-14
745.51000,5.8300819e-12,2.1648967e-14
745.52000,5.8281465e-12,2.1636800e-14
745.53000,5.8281154e-12,2.1625881e-14
745.54000,5.8296762e-12,2.1618684e-14
745.55000,5.8325594e-12,2.1617249e-14
745.56000,5.8361783e-12,2.1621736e-14
745.57000,5.8401587e-12,2.1630755e-14
745.58000,5.8441933e-12,2.1642458e-14
745.59000,5.8477384e-12,2.1653155e-14
745.60000,5.8499410e-12,2.1659210e-14
745.61000,5.8500328e-12,2.1658529e-14
745.62000,5.8480513e-12,2.1652320e-14
745.63000,5.8440241e-12,2.1642088e-14
745.64000,5.8388885e-12,2.1630418e-14
745.65000,5.8333722e-12,2.1618415e-14
745.66000,5.8289043e-12,2.1607678e-14
745.67000,5.8266960e-12,2.1599900e-14
745.68000,5.8282768e-12,2.1597807e-14
745.69000,5.8333761e-12,2.1601375e-14
745.70000,5.8413305e-12,2.1609610e-14
745.71000,5.8498904e-12,2.1618800e-14
745.72000,5.8569484e-12,2.1625696e-14
745.73000,5.8619638e-12,2.1629816e-14
745.74000,5.8649917e-12,2.1632134e-14
745.75000,5.8669924e-12,2.1634765e-14
745.76000,5.8682216e-12,2.1638189e-14
745.77000,5.8681425e-12,2.1640205e-14
745.78000,5.8660407e-12,2.1638421e-14
745.79000,5.8608192e-12,2.1630276e-14
745.80000,5.8533292e-12,2.1617612e-14
745.81000,5.8450460e-12,2.1603418e-14
745.82000,5.8382753e-12,2.1591888e-14
745.83000,5.8337320e-12,2.1583824e-14
745.84000,5.8312072e-12,2.1577580e-14
745.85000,5.8295858e-12,2.1570917e-14
745.86000,5.8287500e-12,2.1564592e-14
745.87000,5.8292706e-12,2.1562353e-14
745.88000,5.8315882e-12,2.1565865e-14
745.89000,5.8359558e-12,2.1573230e-14
745.90000,5.8416946e-12,2.1579333e-14
745.91000,5.8480886e-12,2.1580170e-14
745.92000,5.8537708e-12,2.1574662e-14
745.93000,5.8575442e-12,2.1566594e-14
745.94000,5.8590594e-12,2.1559570e-14
745.95000,5.8579251e-12,2.1556158e-14
745.96000,5.8548431e-12,2.1555618e-14
745.97000,5.8501459e-12,2.1556107e-14
745.98000,5.8441861e-12,2.1554730e-14
745.99000,5.8370692e-12,2.1550015e-14
746.00000,5.8287340e-12,2.1540554e-14
746.01000,5.8202628e-12,2.1527844e-14
746.02000,5.8134663e-12,2.1513864e-14
746.03000,5.8107194e-12,2.1502203e-14
746.04000,5.8123748e-12,2.1494632e-14
746.05000,5.8173581e-12,2.1491559e-14
746.06000,5.8222722e-12,2.1490721e-14
746.07000,5.8238072e-12,2.1490024e-14
746.08000,5.8190693e-12,2.1486754e-14
746.09000,5.8087070e-12,2.1479096e-14
746.10000,5.7950181e-12,2.1466355e-14
746.11000,5.7803615e-12,2.1447186e-14
746.12000,5.7669545e-12,2.1423733e-14
746.13000,5.7563120e-12,2.1400311e-14
746.14000,5.7491943e-12,2.1383034e-14
746.15000,5.7453293e-12,2.1373573e-14
746.16000,5.7446052e-12,2.1371212e-14
746.17000,5.7451074e-12,2.1370359e-14
746.18000,5.7447519e-12,2.1366652e-14
746.19000,5.7410142e-12,2.1356689e-14
746.20000,5.7334521e-12,2.1340701e-14
746.21000,5.7225732e-12,2.1319583e-14
746.22000,5.7103056e-12,2.1295992e-14
746.23000,5.6976061e-12,2.1271197e-14
746.24000,5.6850927e-12,2.1246267e-14
746.25000,5.6733820e-12,2.1222719e-14
746.26000,5.6636431e-12,2.1203025e-14
746.27000,5.6592014e-12,2.1193425e-14
746.28000,5.6630236e-12,2.1198733e-14
746.29000,5.6774784e-12,2.1222014e-14
746.30000,5.6996847e-12,2.1257276e-14
746.31000,5.7246330e-12,2.1296129e-14
746.32000,5.7471191e-12,2.1330736e-14
746.33000,5.7645986e-12,2.1357606e-14
746.34000,5.7760844e-12,2.1374624e-14
746.35000,5.7826217e-12,2.1382036e-14
746.36000,5.7858037e-12,2.1382073e-14
746.37000,5.7859450e-12,2.1376355e-14
746.38000,5.7837486e-12,2.1368168e-14
746.39000,5.7795430e-12,2.1359794e-14
746.40000,5.7747536e-12,2.1354675e-14
746.41000,5.7710745e-12,2.1355604e-14
746.42000,5.7690501e-12,2.1362824e-14
746.43000,5.7684930e-12,2.1375253e-14
746.44000,5.7683204e-12,2.1388478e-14
746.45000,5.7681555e-12,2.1398866e-14
746.46000,5.7684690e-12,2.1405166e-14
746.47000,5.7697376e-12,2.1408687e-14
746.48000,5.7721720e-12,2.1410904e-14
746.49000,5.7749786e-12,2.1412976e-14
746.50000,5.7772338e-12,2.1414395e-14
746.51000,5.7779318e-12,2.1412871e-14
746.52000,5.7769613e-12,2.1406446e-14
746.53000,5.7749138e-12,2.1393403e-14
746.54000,5.7735133e-12,2.1376368e-14
746.55000,5.7745757e-12,2.1358812e-14
746.56000,5.7793815e-12,2.1345837e-14
746.57000,5.7871056e-12,2.1339865e-14
746.58000,5.7961950e-12,2.1340354e-14
746.59000,5.8051365e-12,2.1347007e-14
746.60000,5.8127687e-12,2.1357668e-14
746.61000,5.8181664e-12,2.1370141e-14
746.62000,5.8208378e-12,2.1379985e-14
746.63000,5.8209390e-12,2.1383999e-14
746.64000,5.8182405e-12,2.1378625e-14
746.65000,5.8134486e-12,2.1366048e-14
746.66000,5.8064393e-12,2.1348259e-14
746.67000,5.7972581e-12,2.1328310e-14
746.68000,5.7865207e-12,2.1307809e-14
746.69000,5.7755858e-12,2.1288501e-14
746.70000,5.7664433e-12,2.1272903e-14
746.71000,5.7609650e-12,2.1264046e-14
746.72000,5.7600171e-12,2.1263034e-14
746.73000,5.7620674e-12,2.1266361e-14
746.74000,5.7651397e-12,2.1270018e-14
746.75000,5.7673732e-12,2.1270210e-14
746.76000,5.7678195e-12,2.1265737e-14
746.77000,5.7661180e-12,2.1256719e-14
746.78000,5.7625110e-12,2.1245371e-14
746.79000,5.7572340e-12,2.1233494e-14
746.80000,5.7492112e-12,2.1220519e-14
746.81000,5.7373657e-12,2.1202857e-14
746.82000,5.7196260e-12,2.1174318e-14
746.83000,5.6954146e-12,2.1130715e-14
746.84000,5.6673521e-12,2.1076505e-14
746.85000,5.6407235e-12,2.1022859e-14
746.86000,5.6218630e-12,2.0983720e-14
746.87000,5.6173735e-12,2.0972317e-14
746.88000,5.6308382e-12,2.0995083e-14
746.89000,5.6575292e-12,2.1042256e-14
746.90000,5.6900036e-12,2.1099622e-14
746.91000,5.7209781e-12,2.1153694e-14
746.92000,5.7459954e-12,2.1196609e-14
746.93000,5.7631129e-12,2.1225070e-14
746.94000,5.7732458e-12,2.1241190e-14
746.95000,5.7785365e-12,2.1249212e-14
746.96000,5.7799636e-12,2.1251099e-14
746.97000,5.7791384e-12,2.1248906e-14
746.98000,5.7766013e-12,2.1242362e-14
746.99000,5.7732750e-12,2.1232269e-14
747.00000,5.7701618e-12,2.1221538e-14
747.01000,5.7679111e-12,2.1212944e-14
747.02000,5.7672824e-12,2.1209294e-14
747.03000,5.7685955e-12,2.1210832e-14
747.04000,5.7723404e-12,2.1217192e-14
747.05000,5.7784286e-12,2.1226561e-14
747.06000,5.7862651e-12,2.1237222e-14
747.07000,5.7951273e-12,2.1247232e-14
747.08000,5.8036832e-12,2.1254806e-14
747.09000,5.8106952e-12,2.1258374e-14
747.10000,5.8148720e-12,2.1257139e-14
747.11000,5.8157289e-12,2.1251242e-14
747.12000,5.8122811e-12,2.1239634e-14
747.13000,5.8050283e-12,2.1223089e-14
747.14000,5.7942057e-12,2.1202070e-14
747.15000,5.7812497e-12,2.1178701e-14
747.16000,5.7682786e-12,2.1156406e-14
747.17000,5.7568603e-12,2.1137777e-14
747.18000,5.7492532e-12,2.1126051e-14
747.19000,5.7465023e-12,2.1122177e-14
747.20000,5.7492325e-12,2.1128097e-14
747.21000,5.7555280e-12,2.1141571e-14
747.22000,5.7627605e-12,2.1156668e-14
747.23000,5.7685006e-12,2.1166827e-14
747.24000,5.7717994e-12,2.1172381e-14
747.25000,5.7722232e-12,2.1175522e-14
747.26000,5.7702130e-12,2.1174984e-14
747.27000,5.7666589e-12,2.1166229e-14
747.28000,5.7623327e-12,2.1151135e-14
747.29000,5.7578175e-12,2.1139584e-14
747.30000,5.7536161e-12,2.1139631e-14
747.31000,5.7500539e-12,2.1144342e-14
747.32000,5.7472863e-12,2.1135803e-14
747.33000,5.7453600e-12,2.1110527e-14
747.34000,5.7448292e-12,2.1084291e-14
747.35000,5.7460818e-12,2.1082417e-14
747.36000,5.7497757e-12,2.1116460e-14
747.37000,5.7557128e-12,2.1164765e-14
747.38000,5.7627464e-12,2.1193119e-14
747.39000,5.7693667e-12,2.1173080e-14
747.40000,5.7743489e-12,2.1115731e-14
747.41000,5.7767228e-12,2.1044703e-14
747.42000,5.7761384e-12,2.1002551e-14
747.43000,5.7733969e-12,2.1014398e-14
747.44000,5.7695799e-12,2.1077180e-14
747.45000,5.7658025e-12,2.1179439e-14
747.46000,5.7631455e-12,2.1286066e-14
747.47000,5.7626169e-12,2.1363848e-14
747.48000,5.7646569e-12,2.1386353e-14
747.49000,5.7686927e-12,2.1355642e-14
747.50000,5.7737222e-12,2.1279495e-14
747.51000,5.7779940e-12,2.1183916e-14
747.52000,5.7796028e-12,2.1083392e-14
747.53000,5.7764683e-12,2.0990564e-14
747.54000,5.7683240e-12,2.0909351e-14
747.55000,5.7568219e-12,2.0839938e-14
747.56000,5.7448686e-12,2.0786656e-14
747.57000,5.7362045e-12,2.0751642e-14
747.58000,5.7334149e-12,2.0738905e-14
747.59000,5.7359107e-12,2.0746647e-14
747.60000,5.7410956e-12,2.0769852e-14
747.61000,5.7463475e-12,2.0808212e-14
747.62000,5.7500192e-12,2.0859526e-14
747.63000,5.7514694e-12,2.0927022e-14
747.64000,5.7506044e-12,2.1010650e-14
747.65000,5.7476156e-12,2.1102897e-14
747.66000,5.7425211e-12,2.1188219e-14
747.67000,5.7366708e-12,2.1248372e-14
747.68000,5.7322199e-12,2.1263468e-14
747.69000,5.7323819e-12,2.1223442e-14
747.70000,5.7384270e-12,2.1142908e-14
747.71000,5.7487294e-12,2.1047197e-14
747.72000,5.7600470e-12,2.0966501e-14
747.73000,5.7681517e-12,2.0921335e-14
747.74000,5.7699429e-12,2.0924581e-14
747.75000,5.7649133e-12,2.0966293e-14
747.76000,5.7556764e-12,2.1018924e-14
747.77000,5.7455426e-12,2.1050089e-14
747.78000,5.7375994e-12,2.1046823e-14
747.79000,5.7338301e-12,2.1012747e-14
747.80000,5.7346901e-12,2.0977239e-14
747.81000,5.7384751e-12,2.0967188e-14
747.82000,5.7433103e-12,2.0982578e-14
747.83000,5.7476110e-12,2.1006174e-14
747.84000,5.7507598e-12,2.1015547e-14
747.85000,5.7530325e-12,2.1005898e-14
747.86000,5.7554789e-12,2.0992201e-14
747.87000,5.7585374e-12,2.0986994e-14
747.88000,5.7613686e-12,2.0989257e-14
747.89000,5.7622417e-12,2.0988040e-14
747.90000,5.7593199e-12,2.0978158e-14
747.91000,5.7516892e-12,2.0962611e-14
747.92000,5.7408824e-12,2.0947091e-14
747.93000,5.7290481e-12,2.0932774e-14
747.94000,5.7186535e-12,2.0920211e-14
747.95000,5.7111823e-12,2.0910825e-14
747.96000,5.7072278e-12,2.0905443e-14
747.97000,5.7057942e-12,2.0901869e-14
747.98000,5.7054909e-12,2.0897994e-14
747.99000,5.7054958e-12,2.0893374e-14
748.00000,5.7056502e-12,2.0888841e-14
748.01000,5.7065110e-12,2.0885619e-14
748.02000,5.7091501e-12,2.0885699e-14
748.03000,5.7140273e-12,2.0889943e-14
748.04000,5.7205233e-12,2.0897390e-14
748.05000,5.7272347e-12,2.0906376e-14
748.06000,5.7324042e-12,2.0914614e-14
748.07000,5.7350935e-12,2.0920633e-14
748.08000,5.7358374e-12,2.0923727e-14
748.09000,5.7356662e-12,2.0923892e-14
748.10000,5.7349918e-12,2.0920256e-14
748.11000,5.7339025e-12,2.0913483e-14
748.12000,5.7325180e-12,2.0904493e-14
748.13000,5.7315661e-12,2.0895991e-14
748.14000,5.7319088e-12,2.0890619e-14
748.15000,5.7337386e-12,2.0889097e-14
748.16000,5.7369397e-12,2.0891462e-14
748.17000,5.7404599e-12,2.0895352e-14
748.18000,5.7430035e-12,2.0898170e-14
748.19000,5.7431102e-12,2.0897364e-14
748.20000,5.7403169e-12,2.0892322e-14
748.21000,5.7342816e-12,2.0882174e-14
748.22000,5.7265438e-12,2.0868046e-14
748.23000,5.7185620e-12,2.0850645e-14
748.24000,5.7123021e-12,2.0832572e-14
748.25000,5.7087009e-12,2.0816965e-14
748.26000,5.7074948e-12,2.0805182e-14
748.27000,5.7083150e-12,2.0798022e-14
748.28000,5.7101221e-12,2.0793964e-14
748.29000,5.7122587e-12,2.0791690e-14
748.30000,5.7140674e-12,2.0789637e-14
748.31000,5.7153014e-12,2.0787287e-14
748.32000,5.7159799e-12,2.0785219e-14
748.33000,5.7167532e-12,2.0784703e-14
748.34000,5.7183451e-12,2.0786987e-14
748.35000,5.7211617e-12,2.0792189e-14
748.36000,5.7245733e-12,2.0798905e-14
748.37000,5.7277294e-12,2.0805896e-14
748.38000,5.7298698e-12,2.0812480e-14
748.39000,5.7312124e-12,2.0818572e-14
748.40000,5.7325415e-12,2.0823951e-14
748.41000,5.7348579e-12,2.0828236e-14
748.42000,5.7383987e-12,2.0831275e-14
748.43000,5.7430560e-12,2.0832355e-14
748.44000,5.7480909e-12,2.0830850e-14
748.45000,5.7530715e-12,2.0825667e-14
748.46000,5.7576010e-12,2.0817140e-14
748.47000,5.7611176e-12,2.0807290e-14
748.48000,5.7629634e-12,2.0797490e-14
748.49000,5.7618197e-12,2.0787874e-14
748.50000,5.7577509e-12,2.0777758e-14
748.51000,5.7518173e-12,2.0767425e-14
748.52000,5.7465885e-12,2.0758897e-14
748.53000,5.7436262e-12,2.0753794e-14
748.54000,5.7440223e-12,2.0753557e-14
748.55000,5.7470270e-12,2.0756658e-14
748.56000,5.7523952e-12,2.0761858e-14
748.57000,5.7594119e-12,2.0767560e-14
748.58000,5.7669292e-12,2.0773212e-14
748.59000,5.7738699e-12,2.0778802e-14
748.60000,5.7789569e-12,2.0784163e-14
748.61000,5.7819815e-12,2.0788945e-14
748.62000,5.7832432e-12,2.0792483e-14
748.63000,5.7835761e-12,2.0793577e-14
748.64000,5.7832392e-12,2.0791303e-14
748.65000,5.7812768e-12,2.0784235e-14
748.66000,5.7767566e-12,2.0773130e-14
748.67000,5.7687540e-12,2.0757896e-14
748.68000,5.7577862e-12,2.0738680e-14
748.69000,5.7461536e-12,2.0716984e-14
748.70000,5.7357786e-12,2.0695587e-14
748.71000,5.7284723e-12,2.0679697e-14
748.72000,5.7243335e-12,2.0673177e-14
748.73000,5.7235648e-12,2.0678758e-14
748.74000,5.7260759e-12,2.0693862e-14
748.75000,5.7315413e-12,2.0712445e-14
748.76000,5.7397975e-12,2.0726408e-14
748.77000,5.7491015e-12,2.0730261e-14
748.78000,5.7575123e-12,2.0720655e-14
748.79000,5.7622352e-12,2.0699236e-14
748.80000,5.7619026e-12,2.0672531e-14
748.81000,5.7570599e-12,2.0645802e-14
748.82000,5.7486308e-12,2.0623808e-14
748.83000,5.7391630e-12,2.0607964e-14
748.84000,5.7304185e-12,2.0598389e-14
748.85000,5.7237182e-12,2.0592824e-14
748.86000,5.7190700e-12,2.0589081e-14
748.87000,5.7160094e-12,2.0586326e-14
748.88000,5.7130802e-12,2.0584235e-14
748.89000,5.7089197e-12,2.0582847e-14
748.90000,5.7026352e-12,2.0582299e-14
748.91000,5.6954882e-12,2.0582834e-14
748.92000,5.6894714e-12,2.0584339e-14
748.93000,5.6872301e-12,2.0585969e-14
748.94000,5.6888131e-12,2.0586087e-14
748.95000,5.6931048e-12,2.0583358e-14
748.96000,5.6973859e-12,2.0578328e-14
748.97000,5.7002595e-12,2.0573369e-14
748.98000,5.7019374e-12,2.0571246e-14
748.99000,5.7037062e-12,2.0571425e-14
749.00000,5.7062669e-12,2.0568998e-14
749.01000,5.7092362e-12,2.0547696e-14
749.02000,5.7113338e-12,2.0473625e-14
749.03000,5.7121121e-12,2.0312351e-14
749.04000,5.7123461e-12,1.9973264e-14
749.05000,5.7141470e-12,1.9425753e-14
749.06000,5.7194716e-12,1.8646486e-14
749.07000,5.7287422e-12,1.7734226e-14
749.08000,5.7398279e-12,1.6866734e-14
749.09000,5.7502390e-12,1.6155701e-14
749.10000,5.7573114e-12,1.5688023e-14
749.11000,5.7603395e-12,1.5421295e-14
749.12000,5.7598047e-12,1.5305080e-14
749.13000,5.7577233e-12,1.5260794e-14
749.14000,5.7554095e-12,1.5244367e-14
749.15000,5.7529160e-12,1.5237782e-14
749.16000,5.7493959e-12,1.5232160e-14
749.17000,5.7438512e-12,1.5224973e-14
749.18000,5.7359797e-12,1.5215222e-14
749.19000,5.7267909e-12,1.5204093e-14
749.20000,5.7174695e-12,1.5193089e-14
749.21000,5.7092548e-12,1.5183516e-14
749.22000,5.7026770e-12,1.5175342e-14
749.23000,5.6978856e-12,1.5168257e-14
749.24000,5.6943805e-12,1.5162143e-14
749.25000,5.6916034e-12,1.5157226e-14
749.26000,5.6893776e-12,1.5153925e-14
749.27000,5.6876867e-12,1.5151881e-14
749.28000,5.6869229e-12,1.5151227e-14
749.29000,5.6877948e-12,1.5152626e-14
749.30000,5.6907730e-12,1.5156585e-14
749.31000,5.6957331e-12,1.5162613e-14
749.32000,5.7026158e-12,1.5169518e-14
749.33000,5.7104422e-12,1.5175415e-14
749.34000,5.7180610e-12,1.5178785e-14
749.35000,5.7234237e-12,1.5178689e-14
749.36000,5.7253249e-12,1.5175549e-14
749.37000,5.7232357e-12,1.5170160e-14
749.38000,5.7189336e-12,1.5164087e-14
749.39000,5.7140271e-12,1.5158417e-14
749.40000,5.7100798e-12,1.5154284e-14
749.41000,5.7070524e-12,1.5151976e-14
749.42000,5.7042932e-12,1.5150597e-14
749.43000,5.7016650e-12,1.5147770e-14
749.44000,5.6998783e-12,1.5141864e-14
749.45000,5.7000392e-12,1.5133360e-14
749.46000,5.7027322e-12,1.5126584e-14
749.47000,5.7071157e-12,1.5126486e-14
749.48000,5.7119272e-12,1.5134220e-14
749.49000,5.7159070e-12,1.5149464e-14
749.50000,5.7186027e-12,1.5167367e-14
749.51000,5.7201718e-12,1.5183034e-14
749.52000,5.7213422e-12,1.5192022e-14
749.53000,5.7225697e-12,1.5193930e-14
749.54000,5.7237510e-12,1.5189825e-14
749.55000,5.7242312e-12,1.5183631e-14
749.56000,5.7229648e-12,1.5177596e-14
749.57000,5.7186815e-12,1.5172621e-14
749.58000,5.7111376e-12,1.5166701e-14
749.59000,5.7012335e-12,1.5157692e-14
749.60000,5.6907325e-12,1.5143093e-14
749.61000,5.6822876e-12,1.5124176e-14
749.62000,5.6782318e-12,1.5103490e-14
749.63000,5.6795703e-12,1.5086066e-14
749.64000,5.6850546e-12,1.5075240e-14
749.65000,5.6929735e-12,1.5073660e-14
749.66000,5.7009965e-12,1.5079275e-14
749.67000,5.7074334e-12,1.5089375e-14
749.68000,5.7110215e-12,1.5098214e-14
749.69000,5.7119309e-12,1.5101897e-14
749.70000,5.7112387e-12,1.5100935e-14
749.71000,5.7101931e-12,1.5097983e-14
749.72000,5.7098766e-12,1.5096135e-14
749.73000,5.7105620e-12,1.5095889e-14
749.74000,5.7115146e-12,1.5095565e-14
749.75000,5.7116674e-12,1.5093384e-14
749.76000,5.7108041e-12,1.5089250e-14
749.77000,5.7094506e-12,1.5083959e-14
749.78000,5.7088086e-12,1.5079316e-14
749.79000,5.7096921e-12,1.5076801e-14
749.80000,5.7117783e-12,1.5076671e-14
749.81000,5.7138738e-12,1.5077674e-14
749.82000,5.7144843e-12,1.5078115e-14
749.83000,5.7132626e-12,1.5077127e-14
749.84000,5.7105492e-12,1.5074583e-14
749.85000,5.7078751e-12,1.5071310e-14
749.86000,5.7067634e-12,1.5068808e-14
749.87000,5.7075911e-12,1.5068278e-14
749.88000,5.7103633e-12,1.5071616e-14
749.89000,5.7138479e-12,1.5078514e-14
749.90000,5.7169346e-12,1.5087911e-14
749.91000,5.7182631e-12,1.5096601e-14
749.92000,5.7171262e-12,1.5101414e-14
749.93000,5.7137532e-12,1.5101304e-14
749.94000,5.7085638e-12,1.5095259e-14
749.95000,5.7028099e-12,1.5084582e-14
749.96000,5.6973198e-12,1.5070168e-14
749.97000,5.6925101e-12,1.5054128e-14
749.98000,5.6883074e-12,1.5038517e-14
749.99000,5.6848059e-12,1.5025870e-14
750.00000,5.6820854e-12,1.5017282e-14
750.01000,5.6805043e-12,1.5013555e-14
750.02000,5.6805333e-12,1.5014248e-14
750.03000,5.6824674e-12,1.5018178e-14
750.04000,5.6861633e-12,1.5024398e-14
750.05000,5.6913983e-12,1.5032339e-14
750.06000,5.6969697e-12,1.5040221e-14
750.07000,5.7016524e-12,1.5045792e-14
750.08000,5.7040537e-12,1.5046627e-14
750.09000,5.7035320e-12,1.5042895e-14
750.10000,5.7004451e-12,1.5038055e-14
750.11000,5.6953438e-12,1.5044077e-14
750.12000,5.6901659e-12,1.5090460e-14
750.13000,5.6876542e-12,1.5248344e-14
750.14000,5.6910347e-12,1.5631095e-14
750.15000,5.7012544e-12,1.6306537e-14
750.16000,5.7182898e-12,1.7355022e-14
750.17000,5.7376577e-12,1.8636080e-14
750.18000,5.7548951e-12,1.9979881e-14
750.19000,5.7651459e-12,2.1114254e-14
750.20000,5.7680025e-12,2.1900957e-14
750.21000,5.7660185e-12,2.2376732e-14
750.22000,5.7620410e-12,2.2593654e-14
750.23000,5.7589005e-12,2.2689390e-14
750.24000,5.7580283e-12,2.2718390e-14
750.25000,5.7600673e-12,2.2725255e-14
750.26000,5.7647825e-12,2.2727638e-14
750.27000,5.7714332e-12,2.2732028e-14
750.28000,5.7792410e-12,2.2741762e-14
750.29000,5.7867634e-12,2.2754355e-14
750.30000,5.7926186e-12,2.2764681e-14
750.31000,5.7958639e-12,2.2767974e-14
750.32000,5.7966514e-12,2.2764242e-14
750.33000,5.7954086e-12,2.2755308e-14
750.34000,5.7936899e-12,2.2745643e-14
750.35000,5.7928325e-12,2.2738612e-14
750.36000,5.7938161e-12,2.2736545e-14
750.37000,5.7956730e-12,2.2737617e-14
750.38000,5.7967555e-12,2.2738645e-14
750.39000,5.7949199e-12,2.2736196e-14
750.40000,5.7900544e-12,2.2730219e-14
750.41000,5.7825939e-12,2.2721797e-14
750.42000,5.7739059e-12,2.2712230e-14
750.43000,5.7650991e-12,2.2701133e-14
750.44000,5.7567764e-12,2.2688348e-14
750.45000,5.7498112e-12,2.2675145e-14
750.46000,5.7446931e-12,2.2663937e-14
750.47000,5.7415797e-12,2.2655916e-14
750.48000,5.7398659e-12,2.2650587e-14
750.49000,5.7390451e-12,2.2647202e-14
750.50000,5.7394336e-12,2.2645878e-14
750.51000,5.7413424e-12,2.2646041e-14
750.52000,5.7451868e-12,2.2647554e-14
750.53000,5.7507911e-12,2.2650720e-14
750.54000,5.7572559e-12,2.2655662e-14
750.55000,5.7636164e-12,2.2661371e-14
750.56000,5.7684603e-12,2.2665660e-14
750.57000,5.7709548e-12,2.2667533e-14
750.58000,5.7703482e-12,2.2666961e-14
750.59000,5.7670070e-12,2.2664266e-14
750.60000,5.7626202e-12,2.2658978e-14
750.61000,5.7588441e-12,2.2651317e-14
750.62000,5.7576133e-12,2.2643833e-14
750.63000,5.7594606e-12,2.2641449e-14
750.64000,5.7641123e-12,2.2647502e-14
750.65000,5.7695428e-12,2.2658670e-14
750.66000,5.7737822e-12,2.2667760e-14
750.67000,5.7754443e-12,2.2668237e-14
750.68000,5.7750995e-12,2.2661837e-14
750.69000,5.7736162e-12,2.2653445e-14
750.70000,5.7724364e-12,2.2650603e-14
750.71000,5.7723605e-12,2.2655039e-14
750.72000,5.7733608e-12,2.2662541e-14
750.73000,5.7752744e-12,2.2666225e-14
750.74000,5.7775390e-12,2.2663282e-14
750.75000,5.7796689e-12,2.2654681e-14
750.76000,5.7808947e-12,2.2645990e-14
750.77000,5.7808660e-12,2.2642878e-14
750.78000,5.7799551e-12,2.2647309e-14
750.79000,5.7791603e-12,2.2660382e-14
750.80000,5.7795407e-12,2.2676626e-14
750.81000,5.7814882e-12,2.2688794e-14
750.82000,5.7841694e-12,2.2689253e-14
750.83000,5.7859259e-12,2.2677838e-14
750.84000,5.7856489e-12,2.2659822e-14
750.85000,5.7820358e-12,2.2640610e-14
750.86000,5.7752010e-12,2.2622745e-14
750.87000,5.7655410e-12,2.2605158e-14
750.88000,5.7546941e-12,2.2587369e-14
750.89000,5.7443915e-12,2.2572193e-14
750.90000,5.7369462e-12,2.2567596e-14
750.91000,5.7336576e-12,2.2578405e-14
750.92000,5.7357658e-12,2.2607969e-14
750.93000,5.7426960e-12,2.2650728e-14
750.94000,5.7515918e-12,2.2692216e-14
750.95000,5.7596546e-12,2.2720905e-14
750.96000,5.7638775e-12,2.2724236e-14
750.97000,5.7638931e-12,2.2705678e-14
750.98000,5.7597402e-12,2.2669343e-14
750.99000,5.7527467e-12,2.2625857e-14
751.00000,5.7442924e-12,2.2583828e-14
751.01000,5.7350459e-12,2.2546143e-14
751.02000,5.7252085e-12,2.2514331e-14
751.03000,5.7151978e-12,2.2487420e-14
751.04000,5.7055600e-12,2.2465815e-14
751.05000,5.6970487e-12,2.2449811e-14
751.06000,5.6902266e-12,2.2440218e-14
751.07000,5.6851648e-12,2.2437429e-14
751.08000,5.6822301e-12,2.2444122e-14
751.09000,5.6813262e-12,2.2460924e-14
751.10000,5.6827520e-12,2.2488584e-14
751.11000,5.6866005e-12,2.2523824e-14
751.12000,5.6927016e-12,2.2561441e-14
751.13000,5.7012555e-12,2.2594083e-14
751.14000,5.7115858e-12,2.2615853e-14
751.15000,5.7232501e-12,2.2621406e-14
751.16000,5.7351517e-12,2.2610027e-14
751.17000,5.7458953e-12,2.2587906e-14
751.18000,5.7545456e-12,2.2562216e-14
751.19000,5.7596987e-12,2.2539647e-14
751.20000,5.7618347e-12,2.2523165e-14
751.21000,5.7614587e-12,2.2513741e-14
751.22000,5.7600104e-12,2.2509686e-14
751.23000,5.7585870e-12,2.2508994e-14
751.24000,5.7574516e-12,2.2511497e-14
751.25000,5.7566591e-12,2.2519766e-14
751.26000,5.7562605e-12,2.2533300e-14
751.27000,5.7562624e-12,2.2547862e-14
751.28000,5.7557997e-12,2.2553681e-14
751.29000,5.7529078e-12,2.2543376e-14
751.30000,5.7461248e-12,2.2517820e-14
751.31000,5.7332401e-12,2.2480128e-14
751.32000,5.7144415e-12,2.2438382e-14
751.33000,5.6906412e-12,2.2398012e-14
751.34000,5.6659644e-12,2.2364079e-14
751.35000,5.6450341e-12,2.2338911e-14
751.36000,5.6337645e-12,2.2325744e-14
751.37000,5.6330971e-12,2.2323480e-14
751.38000,5.6428046e-12,2.2332757e-14
751.39000,5.6581247e-12,2.2352096e-14
751.40000,5.6733186e-12,2.2377669e-14
751.41000,5.6855360e-12,2.2404410e-14
751.42000,5.6930613e-12,2.2424802e-14
751.43000,5.6969229e-12,2.2434705e-14
751.44000,5.6976884e-12,2.2432858e-14
751.45000,5.6967860e-12,2.2424542e-14
751.46000,5.6956375e-12,2.2417245e-14
751.47000,5.6949080e-12,2.2413476e-14
751.48000,5.6950597e-12,2.2412604e-14
751.49000,5.6961119e-12,2.2412379e-14
751.50000,5.6980604e-12,2.2412939e-14
751.51000,5.7000933e-12,2.2414609e-14
751.52000,5.7007322e-12,2.2414843e-14
751.53000,5.6992922e-12,2.2410788e-14
751.54000,5.6959819e-12,2.2401101e-14
751.55000,5.6930725e-12,2.2391218e-14
751.56000,5.6927318e-12,2.2387224e-14
751.57000,5.6955352e-12,2.2390761e-14
751.58000,5.6996517e-12,2.2396853e-14
751.59000,5.7021582e-12,2.2398687e-14
751.60000,5.7014061e-12,2.2393710e-14
751.61000,5.6969496e-12,2.2382064e-14
751.62000,5.6905928e-12,2.2368243e-14
751.63000,5.6849413e-12,2.2357828e-14
751.64000,5.6812111e-12,2.2353074e-14
751.65000,5.6797222e-12,2.2353924e-14
751.66000,5.6796410e-12,2.2357034e-14
751.67000,5.6806135e-12,2.2360370e-14
751.68000,5.6820378e-12,2.2362362e-14
751.69000,5.6831957e-12,2.2362844e-14
751.70000,5.6836553e-12,2.2362323e-14
751.71000,5.6831775e-12,2.2361223e-14
751.72000,5.6822161e-12,2.2359594e-14
751.73000,5.6812216e-12,2.2356906e-14
751.74000,5.6809856e-12,2.2353251e-14
751.75000,5.6822602e-12,2.2350436e-14
751.76000,5.6852377e-12,2.2350079e-14
751.77000,5.6897471e-12,2.2353266e-14
751.78000,5.6942855e-12,2.2357532e-14
751.79000,5.6974193e-12,2.2359737e-14
751.80000,5.6980863e-12,2.2356996e-14
751.81000,5.6966915e-12,2.2350023e-14
751.82000,5.6943940e-12,2.2341624e-14
751.83000,5.6929559e-12,2.2336132e-14
751.84000,5.6940570e-12,2.2336860e-14
751.85000,5.6988492e-12,2.2345630e-14
751.86000,5.7064547e-12,2.2359823e-14
751.87000,5.7137441e-12,2.2372904e-14
751.88000,5.7179162e-12,2.2379685e-14
751.89000,5.7158100e-12,2.2374821e-14
751.90000,5.7077954e-12,2.2359678e-14
751.91000,5.6958906e-12,2.2338173e-14
751.92000,5.6846693e-12,2.2317995e-14
751.93000,5.6772432e-12,2.2303892e-14
751.94000,5.6754776e-12,2.2298353e-14
751.95000,5.6776483e-12,2.2298529e-14
751.96000,5.6819244e-12,2.2301738e-14
751.97000,5.6855061e-12,2.2304321e-14
751.98000,5.6870180e-12,2.2304963e-14
751.99000,5.6867845e-12,2.2304449e-14
752.00000,5.6855344e-12,2.2303936e-14
752.01000,5.6840490e-12,2.2303536e-14
752.02000,5.6824988e-12,2.2302451e-14
752.03000,5.6810049e-12,2.2300071e-14
752.04000,5.6801008e-12,2.2297423e-14
752.05000,5.6805583e-12,2.2296003e-14
752.06000,5.6841106e-12,2.2298405e-14
752.07000,5.6911185e-12,2.2305910e-14
752.08000,5.7014714e-12,2.2319108e-14
752.09000,5.7128825e-12,2.2334271e-14
752.10000,5.7220617e-12,2.2345177e-14
752.11000,5.7274168e-12,2.2349608e-14
752.12000,5.7277006e-12,2.2348085e-14
752.13000,5.7246201e-12,2.2344093e-14
752.14000,5.7192106e-12,2.2336766e-14
752.15000,5.7126928e-12,2.2322990e-14
752.16000,5.7055746e-12,2.2303702e-14
752.17000,5.6980772e-12,2.2284282e-14
752.18000,5.6905262e-12,2.2272993e-14
752.19000,5.6833401e-12,2.2270460e-14
752.20000,5.6767503e-12,2.2270675e-14
752.21000,5.6708238e-12,2.2262390e-14
752.22000,5.6658444e-12,2.2241535e-14
752.23000,5.6622216e-12,2.2213518e-14
752.24000,5.6609285e-12,2.2189576e-14
752.25000,5.6618760e-12,2.2180132e-14
752.26000,5.6644543e-12,2.2191045e-14
752.27000,5.6671326e-12,2.2219603e-14
752.28000,5.6687948e-12,2.2257366e-14
752.29000,5.6693379e-12,2.2295994e-14
752.30000,5.6690013e-12,2.2326575e-14
752.31000,5.6683079e-12,2.2343244e-14
752.32000,5.6673111e-12,2.2342043e-14
752.33000,5.6657941e-12,2.2325057e-14
752.34000,5.6636354e-12,2.2298289e-14
752.35000,5.6609375e-12,2.2267920e-14
752.36000,5.6583602e-12,2.2240203e-14
752.37000,5.6568556e-12,2.2219885e-14
752.38000,5.6577462e-12,2.2210890e-14
752.39000,5.6618606e-12,2.2214714e-14
752.40000,5.6688509e-12,2.2229962e-14
752.41000,5.6779403e-12,2.2256055e-14
752.42000,5.6873989e-12,2.2288198e-14
752.43000,5.6960950e-12,2.2322448e-14
752.44000,5.7032074e-12,2.2351417e-14
752.45000,5.7086574e-12,2.2367308e-14
752.46000,5.7126111e-12,2.2366586e-14
752.47000,5.7144732e-12,2.2344404e-14
752.48000,5.7139901e-12,2.2306690e-14
752.49000,5.7106151e-12,2.2258570e-14
752.50000,5.7047830e-12,2.2211671e-14
752.51000,5.6981328e-12,2.2177664e-14
752.52000,5.6920900e-12,2.2161283e-14
752.53000,5.6881272e-12,2.2166535e-14
752.54000,5.6864006e-12,2.2183475e-14
752.55000,5.6870651e-12,2.2202711e-14
752.56000,5.6897015e-12,2.2212435e-14
752.57000,5.6935099e-12,2.2211011e-14
752.58000,5.6978386e-12,2.2204469e-14
752.59000,5.7021350e-12,2.2201619e-14
752.60000,5.7059997e-12,2.2205455e-14
752.61000,5.7091850e-12,2.2213159e-14
752.62000,5.7115977e-12,2.2217764e-14
752.63000,5.7133263e-12,2.2216910e-14
752.64000,5.7145383e-12,2.2213521e-14
752.65000,5.7153594e-12,2.2212002e-14
752.66000,5.7160433e-12,2.2213187e-14
752.67000,5.7166631e-12,2.2215298e-14
752.68000,5.7171203e-12,2.2216127e-14
752.69000,5.7171314e-12,2.2215434e-14
752.70000,5.7164944e-12,2.2213509e-14
752.71000,5.7148665e-12,2.2209550e-14
752.72000,5.7123605e-12,2.2203424e-14
752.73000,5.7090936e-12,2.2195716e-14
752.74000,5.7052775e-12,2.2187897e-14
752.75000,5.7008394e-12,2.2180639e-14
752.76000,5.6956386e-12,2.2173530e-14
752.77000,5.6894457e-12,2.2165257e-14
752.78000,5.6827229e-12,2.2154901e-14
752.79000,5.6762609e-12,2.2142750e-14
752.80000,5.6712453e-12,2.2131228e-14
752.81000,5.6686206e-12,2.2123232e-14
752.82000,5.6684827e-12,2.2119641e-14
752.83000,5.6709838e-12,2.2120614e-14
752.84000,5.6751618e-12,2.2123669e-14
752.85000,5.6802530e-12,2.2126731e-14
752.86000,5.6853016e-12,2.2128460e-14
752.87000,5.6897536e-12,2.2129241e-14
752.88000,5.6930576e-12,2.2130006e-14
752.89000,5.6950413e-12,2.2131040e-14
752.90000,5.6954866e-12,2.2131811e-14
752.91000,5.6947761e-12,2.2131392e-14
752.92000,5.6937335e-12,2.2129544e-14
752.93000,5.6929899e-12,2.2126799e-14
752.94000,5.6926857e-12,2.2123437e-14
752.95000,5.6922415e-12,2.2119190e-14
752.96000,5.6907718e-12,2.2113218e-14
752.97000,5.6872147e-12,2.2104905e-14
752.98000,5.6810668e-12,2.2094621e-14
752.99000,5.6727783e-12,2.2083407e-14
753.00000,5.6631751e-12,2.2072294e-14
753.01000,5.6536506e-12,2.2061659e-14
753.02000,5.6452231e-12,2.2051176e-14
753.03000,5.6386755e-12,2.2040101e-14
753.04000,5.6344505e-12,2.2028877e-14
753.05000,5.6328049e-12,2.2019252e-14
753.06000,5.6347138e-12,2.2014442e-14
753.07000,5.6395477e-12,2.2015099e-14
753.08000,5.6463679e-12,2.2021089e-14
753.09000,5.6527861e-12,2.2029864e-14
753.10000,5.6567646e-12,2.2037899e-14
753.11000,5.6579167e-12,2.2042619e-14
753.12000,5.6563431e-12,2.2041070e-14
753.13000,5.6532316e-12,2.2033922e-14
753.14000,5.6490660e-12,2.2022718e-14
753.15000,5.6444135e-12,2.2011789e-14
753.16000,5.6397067e-12,2.2004917e-14
753.17000,5.6352182e-12,2.2002896e-14
753.18000,5.6311365e-12,2.2005361e-14
753.19000,5.6273082e-12,2.2009471e-14
753.20000,5.6235590e-12,2.2013055e-14
753.21000,5.6197245e-12,2.2013815e-14
753.22000,5.6159220e-12,2.2011259e-14
753.23000,5.6124510e-12,2.2006434e-14
753.24000,5.6100035e-12,2.2000681e-14
753.25000,5.6089054e-12,2.1994908e-14
753.26000,5.6093591e-12,2.1988520e-14
753.27000,5.6109187e-12,2.1979751e-14
753.28000,5.6129104e-12,2.1967769e-14
753.29000,5.6151325e-12,2.1953866e-14
753.30000,5.6181143e-12,2.1941678e-14
753.31000,5.6223254e-12,2.1934967e-14
753.32000,5.6280195e-12,2.1936680e-14
753.33000,5.6345462e-12,2.1946452e-14
753.34000,5.6404504e-12,2.1959182e-14
753.35000,5.6446401e-12,2.1969752e-14
753.36000,5.6458292e-12,2.1973124e-14
753.37000,5.6446404e-12,2.1970346e-14
753.38000,5.6421316e-12,2.1964100e-14
753.39000,5.6407424e-12,2.1959617e-14
753.40000,5.6424074e-12,2.1960247e-14
753.41000,5.6472603e-12,2.1966104e-14
753.42000,5.6545952e-12,2.1976320e-14
753.43000,5.6620872e-12,2.1987501e-14
753.44000,5.6681124e-12,2.1997283e-14
753.45000,5.6717284e-12,2.2003835e-14
753.46000,5.6735302e-12,2.2007498e-14
753.47000,5.6742949e-12,2.2009395e-14
753.48000,5.6739912e-12,2.2009456e-14
753.49000,5.6724545e-12,2.2006667e-14
753.50000,5.6695145e-12,2.1999525e-14
753.51000,5.6658815e-12,2.1988598e-14
753.52000,5.6629202e-12,2.1976850e-14
753.53000,5.6615021e-12,2.1966536e-14
753.54000,5.6625411e-12,2.1960482e-14
753.55000,5.6652994e-12,2.1959599e-14
753.56000,5.6685981e-12,2.1963585e-14
753.57000,5.6699236e-12,2.1967906e-14
753.58000,5.6673451e-12,2.1967663e-14
753.59000,5.6608977e-12,2.1962154e-14
753.60000,5.6516155e-12,2.1952023e-14
753.61000,5.6424365e-12,2.1939449e-14
753.62000,5.6354117e-12,2.1926007e-14
753.63000,5.6317615e-12,2.1916085e-14
753.64000,5.6307931e-12,2.1912986e-14
753.65000,5.6313543e-12,2.1915054e-14
753.66000,5.6326037e-12,2.1917325e-14
753.67000,5.6337858e-12,2.1917029e-14
753.68000,5.6345054e-12,2.1915929e-14
753.69000,5.6345801e-12,2.1916838e-14
753.70000,5.6344028e-12,2.1917441e-14
753.71000,5.6345190e-12,2.1914323e-14
753.72000,5.6355059e-12,2.1907398e-14
753.73000,5.6370479e-12,2.1903038e-14
753.74000,5.6385250e-12,2.1905541e-14
753.75000,5.6392795e-12,2.1912244e-14
753.76000,5.6397338e-12,2.1915387e-14
753.77000,5.6407660e-12,2.1913253e-14
753.78000,5.6431808e-12,2.1912354e-14
753.79000,5.6461063e-12,2.1920386e-14
753.80000,5.6481450e-12,2.1937944e-14
753.81000,5.6479453e-12,2.1953668e-14
753.82000,5.6458974e-12,2.1954141e-14
753.83000,5.6431548e-12,2.1938126e-14
753.84000,5.6407971e-12,2.1914845e-14
753.85000,5.6393086e-12,2.1901108e-14
753.86000,5.6392012e-12,2.1907029e-14
753.87000,5.6412015e-12,2.1929723e-14
753.88000,5.6457383e-12,2.1951312e-14
753.89000,5.6525060e-12,2.1958665e-14
753.90000,5.6609467e-12,2.1945473e-14
753.91000,5.6695110e-12,2.1924403e-14
753.92000,5.6767682e-12,2.1908731e-14
753.93000,5.6811139e-12,2.1912491e-14
753.94000,5.6820208e-12,2.1937021e-14
753.95000,5.6800950e-12,2.1972602e-14
753.96000,5.6759102e-12,2.1999676e-14
753.97000,5.6706069e-12,2.2001587e-14
753.98000,5.6646221e-12,2.1969942e-14
753.99000,5.6587100e-12,2.1915297e-14
754.00000,5.6538963e-12,2.1860877e-14
754.01000,5.6507984e-12,2.1820501e-14
754.02000,5.6496079e-12,2.1801721e-14
754.03000,5.6488559e-12,2.1800787e-14
754.04000,5.6469444e-12,2.1820657e-14
754.05000,5.6425117e-12,2.1864291e-14
754.06000,5.6362085e-12,2.1926812e-14
754.07000,5.6298221e-12,2.1993780e-14
754.08000,5.6254784e-12,2.2039395e-14
754.09000,5.6233619e-12,2.2047166e-14
754.10000,5.6226996e-12,2.2007041e-14
754.11000,5.6216475e-12,2.1929465e-14
754.12000,5.6192999e-12,2.1840459e-14
754.13000,5.6162880e-12,2.1761622e-14
754.14000,5.6143307e-12,2.1711501e-14
754.15000,5.6145575e-12,2.1691091e-14
754.16000,5.6173010e-12,2.1700500e-14
754.17000,5.6215040e-12,2.1729726e-14
754.18000,5.6261090e-12,2.1765677e-14
754.19000,5.6312321e-12,2.1799046e-14
754.20000,5.6380533e-12,2.1822782e-14
754.21000,5.6465925e-12,2.1835462e-14
754.22000,5.6558568e-12,2.1835560e-14
754.23000,5.6634529e-12,2.1825430e-14
754.24000,5.6674503e-12,2.1810141e-14
754.25000,5.6677659e-12,2.1794732e-14
754.26000,5.6649910e-12,2.1783728e-14
754.27000,5.6610248e-12,2.1779153e-14
754.28000,5.6574032e-12,2.1783114e-14
754.29000,5.6557825e-12,2.1795005e-14
754.30000,5.6566300e-12,2.1810132e-14
754.31000,5.6590173e-12,2.1820024e-14
754.32000,5.6615690e-12,2.1818646e-14
754.33000,5.6628085e-12,2.1799321e-14
754.34000,5.6621936e-12,2.1765325e-14
754.35000,5.6598117e-12,2.1723389e-14
754.36000,5.6564591e-12,2.1686361e-14
754.37000,5.6529057e-12,2.1666814e-14
754.38000,5.6496007e-12,2.1670312e-14
754.39000,5.6470501e-12,2.1705589e-14
754.40000,5.6454620e-12,2.1767099e-14
754.41000,5.6448770e-12,2.1844866e-14
754.42000,5.6450248e-12,2.1914525e-14
754.43000,5.6458192e-12,2.1950803e-14
754.44000,5.6473335e-12,2.1945751e-14
754.45000,5.6496997e-12,2.1896427e-14
754.46000,5.6522000e-12,2.1827111e-14
754.47000,5.6538317e-12,2.1759009e-14
754.48000,5.6537801e-12,2.1711677e-14
754.49000,5.6522558e-12,2.1689377e-14
754.50000,5.6498945e-12,2.1687062e-14
754.51000,5.6469483e-12,2.1703762e-14
754.52000,5.6433309e-12,2.1733839e-14
754.53000,5.6386400e-12,2.1771427e-14
754.54000,5.6326871e-12,2.1799599e-14
754.55000,5.6257346e-12,2.1800818e-14
754.56000,5.6182073e-12,2.1772386e-14
754.57000,5.6106474e-12,2.1720719e-14
754.58000,5.6038470e-12,2.1670394e-14
754.59000,5.5987982e-12,2.1640176e-14
754.60000,5.5966023e-12,2.1641792e-14
754.61000,5.5976211e-12,2.1666567e-14
754.62000,5.6014752e-12,2.1698561e-14
754.63000,5.6081572e-12,2.1718382e-14
754.64000,5.6164526e-12,2.1720181e-14
754.65000,5.6255368e-12,2.1708263e-14
754.66000,5.6340277e-12,2.1698912e-14
754.67000,5.6409554e-12,2.1703742e-14
754.68000,5.6461735e-12,2.1720656e-14
754.69000,5.6494688e-12,2.1738364e-14
754.70000,5.6512288e-12,2.1745449e-14
754.71000,5.6512514e-12,2.1739091e-14
754.72000,5.6494891e-12,2.1727689e-14
754.73000,5.6463177e-12,2.1721657e-14
754.74000,5.6424144e-12,2.1721761e-14
754.75000,5.6387062e-12,2.1720950e-14
754.76000,5.6360514e-12,2.1713974e-14
754.77000,5.6351470e-12,2.1702753e-14
754.78000,5.6361158e-12,2.1695628e-14
754.79000,5.6382014e-12,2.1696276e-14
754.80000,5.6404212e-12,2.1700169e-14
754.81000,5.6418298e-12,2.1700442e-14
754.82000,5.6420889e-12,2.1696488e-14
754.83000,5.6408363e-12,2.1690621e-14
754.84000,5.6378460e-12,2.1684719e-14
754.85000,5.6331913e-12,2.1676961e-14
754.86000,5.6275977e-12,2.1666585e-14
754.87000,5.6224682e-12,2.1656538e-14
754.88000,5.6190863e-12,2.1650040e-14
754.89000,5.6184142e-12,2.1647876e-14
754.90000,5.6204934e-12,2.1648295e-14
754.91000,5.6246404e-12,2.1650306e-14
754.92000,5.6297696e-12,2.1653975e-14
754.93000,5.6348616e-12,2.1658481e-14
754.94000,5.6386304e-12,2.1661662e-14
754.95000,5.6402765e-12,2.1662020e-14
754.96000,5.6391971e-12,2.1659088e-14
754.97000,5.6354814e-12,2.1653373e-14
754.98000,5.6298252e-12,2.1645637e-14
754.99000,5.6231242e-12,2.1636456e-14
755.00000,5.6163530e-12,2.1625524e-14
755.01000,5.6105321e-12,2.1613067e-14
755.02000,5.6064436e-12,2.1600056e-14
755.03000,5.6045136e-12,2.1588921e-14
755.04000,5.6046408e-12,2.1581636e-14
755.05000,5.6064756e-12,2.1578491e-14
755.06000,5.6099269e-12,2.1579988e-14
755.07000,5.6140977e-12,2.1584302e-14
755.08000,5.6182521e-12,2.1590151e-14
755.09000,5.6214939e-12,2.1595775e-14
755.10000,5.6234288e-12,2.1600022e-14
755.11000,5.6240928e-12,2.1602351e-14
755.12000,5.6233358e-12,2.1601508e-14
755.13000,5.6216111e-12,2.1597617e-14
755.14000,5.6191995e-12,2.1590952e-14
755.15000,5.6165187e-12,2.1583168e-14
755.16000,5.6136923e-12,2.1575950e-14
755.17000,5.6107344e-12,2.1569931e-14
755.18000,5.6080967e-12,2.1565925e-14
755.19000,5.6066827e-12,2.1564683e-14
755.20000,5.6076436e-12,2.1567727e-14
755.21000,5.6116969e-12,2.1575776e-14
755.22000,5.6184350e-12,2.1587672e-14
755.23000,5.6266944e-12,2.1601090e-14
755.24000,5.6351175e-12,2.1613200e-14
755.25000,5.6424974e-12,2.1622142e-14
755.26000,5.6479109e-12,2.1626618e-14
755.27000,5.6509663e-12,2.1626838e-14
755.28000,5.6519433e-12,2.1624174e-14
755.29000,5.6514307e-12,2.1620213e-14
755.30000,5.6499314e-12,2.1615881e-14
755.31000,5.6473637e-12,2.1611168e-14
755.32000,5.6435578e-12,2.1604964e-14
755.33000,5.6380995e-12,2.1595212e-14
755.34000,5.6310707e-12,2.1580592e-14
755.35000,5.6234187e-12,2.1563249e-14
755.36000,5.6163270e-12,2.1546920e-14
755.37000,5.6115932e-12,2.1536049e-14
755.38000,5.6098358e-12,2.1529933e-14
755.39000,5.6110473e-12,2.1525651e-14
755.40000,5.6134648e-12,2.1519178e-14
755.41000,5.6142863e-12,2.1510086e-14
755.42000,5.6118244e-12,2.1500415e-14
755.43000,5.6043186e-12,2.1493471e-14
755.44000,5.5934202e-12,2.1490801e-14
755.45000,5.5810932e-12,2.1493371e-14
755.46000,5.5709564e-12,2.1500500e-14
755.47000,5.5654744e-12,2.1509789e-14
755.48000,5.5645975e-12,2.1518918e-14
755.49000,5.5672488e-12,2.1525392e-14
755.50000,5.5706259e-12,2.1528777e-14
755.51000,5.5732002e-12,2.1529466e-14
755.52000,5.5742534e-12,2.1529125e-14
755.53000,5.5743429e-12,2.1528212e-14
755.54000,5.5742329e-12,2.1525265e-14
755.55000,5.5747142e-12,2.1516877e-14
755.56000,5.5765025e-12,2.1502875e-14
755.57000,5.5806694e-12,2.1485148e-14
755.58000,5.5880185e-12,2.1469798e-14
755.59000,5.5981978e-12,2.1462947e-14
755.60000,5.6094568e-12,2.1466689e-14
755.61000,5.6199687e-12,2.1478088e-14
755.62000,5.6277097e-12,2.1492157e-14
755.63000,5.6322070e-12,2.1502335e-14
755.64000,5.6335277e-12,2.1505377e-14
755.65000,5.6329403e-12,2.1503049e-14
755.66000,5.6320611e-12,2.1500386e-14
755.67000,5.6317923e-12,2.1499974e-14
755.68000,5.6325123e-12,2.1501638e-14
755.69000,5.6335815e-12,2.1502758e-14
755.70000,5.6343152e-12,2.1502044e-14
755.71000,5.6339818e-12,2.1499585e-14
755.72000,5.6322555e-12,2.1495958e-14
755.73000,5.6291475e-12,2.1490990e-14
755.74000,5.6244411e-12,2.1482977e-14
755.75000,5.6187948e-12,2.1471464e-14
755.76000,5.6130650e-12,2.1456959e-14
755.77000,5.6089969e-12,2.1442944e-14
755.78000,5.6080573e-12,2.1433495e-14
755.79000,5.6103565e-12,2.1429785e-14
755.80000,5.6153358e-12,2.1431573e-14
755.81000,5.6209634e-12,2.1436013e-14
755.82000,5.6256493e-12,2.1441331e-14
755.83000,5.6278125e-12,2.1444728e-14
755.84000,5.6267893e-12,2.1443203e-14
755.85000,5.6226408e-12,2.1434708e-14
755.86000,5.6160760e-12,2.1420007e-14
755.87000,5.6073629e-12,2.1400387e-14
755.88000,5.5972970e-12,2.1379430e-14
755.89000,5.5866025e-12,2.1360512e-14
755.90000,5.5769523e-12,2.1348374e-14
755.91000,5.5705743e-12,2.1347249e-14
755.92000,5.5686078e-12,2.1357511e-14
755.93000,5.5725017e-12,2.1378461e-14
755.94000,5.5803777e-12,2.1402372e-14
755.95000,5.5903210e-12,2.1422672e-14
755.96000,5.5994786e-12,2.1434005e-14
755.97000,5.6063532e-12,2.1437489e-14
755.98000,5.6110980e-12,2.1437202e-14
755.99000,5.6141561e-12,2.1437563e-14
756.00000,5.6165211e-12,2.1440632e-14
756.01000,5.6184081e-12,2.1445894e-14
756.02000,5.6196797e-12,2.1449691e-14
756.03000,5.6198530e-12,2.1447247e-14
756.04000,5.6186633e-12,2.1436560e-14
756.05000,5.6158985e-12,2.1417232e-14
756.06000,5.6122340e-12,2.1394433e-14
756.07000,5.6082304e-12,2.1372709e-14
756.08000,5.6045371e-12,2.1356616e-14
756.09000,5.6012946e-12,2.1347036e-14
756.10000,5.5982435e-12,2.1342029e-14
756.11000,5.5950815e-12,2.1338897e-14
756.12000,5.5913473e-12,2.1334819e-14
756.13000,5.5865776e-12,2.1327270e-14
756.14000,5.5804483e-12,2.1314955e-14
756.15000,5.5738123e-12,2.1300158e-14
756.16000,5.5690254e-12,2.1288636e-14
756.17000,5.5678835e-12,2.1284234e-14
756.18000,5.5723503e-12,2.1289865e-14
756.19000,5.5805260e-12,2.1300863e-14
756.20000,5.5900631e-12,2.1312503e-14
756.21000,5.5972964e-12,2.1319230e-14
756.22000,5.5999635e-12,2.1318960e-14
756.23000,5.5978911e-12,2.1312427e-14
756.24000,5.5909508e-12,2.1300338e-14
756.25000,5.5812401e-12,2.1285702e-14
756.26000,5.5700390e-12,2.1270309e-14
756.27000,5.5593236e-12,2.1256265e-14
756.28000,5.5508087e-12,2.1244840e-14
756.29000,5.5454060e-12,2.1236459e-14
756.30000,5.5443923e-12,2.1232220e-14
756.31000,5.5473141e-12,2.1231979e-14
756.32000,5.5539551e-12,2.1235732e-14
756.33000,5.5627027e-12,2.1241577e-14
756.34000,5.5717024e-12,2.1247172e-14
756.35000,5.5796025e-12,2.1251675e-14
756.36000,5.5860386e-12,2.1255853e-14
756.37000,5.5906975e-12,2.1261062e-14
756.38000,5.5939366e-12,2.1267165e-14
756.39000,5.5956529e-12,2.1272385e-14
756.40000,5.5954896e-12,2.1273272e-14
756.41000,5.5928726e-12,2.1267237e-14
756.42000,5.5876733e-12,2.1254428e-14
756.43000,5.5797225e-12,2.1236017e-14
756.44000,5.5707298e-12,2.1217134e-14
756.45000,5.5624522e-12,2.1202151e-14
756.46000,5.5573386e-12,2.1195280e-14
756.47000,5.5567066e-12,2.1196951e-14
756.48000,5.5600423e-12,2.1204428e-14
756.49000,5.5657914e-12,2.1213273e-14
756.50000,5.5710318e-12,2.1218740e-14
756.51000,5.5736250e-12,2.1217985e-14
756.52000,5.5726200e-12,2.1211447e-14
756.53000,5.5692980e-12,2.1202967e-14
756.54000,5.5662710e-12,2.1197231e-14
756.55000,5.5654266e-12,2.1196584e-14
756.56000,5.5685192e-12,2.1203090e-14
756.57000,5.5745943e-12,2.1214433e-14
756.58000,5.5819077e-12,2.1227350e-14
756.59000,5.5876897e-12,2.1236581e-14
756.60000,5.5904341e-12,2.1238566e-14
756.61000,5.5904621e-12,2.1233374e-14
756.62000,5.5885202e-12,2.1222133e-14
756.63000,5.5860793e-12,2.1209344e-14
756.64000,5.5835590e-12,2.1197663e-14
756.65000,5.5806983e-12,2.1189042e-14
756.66000,5.5766722e-12,2.1182661e-14
756.67000,5.5710823e-12,2.1176330e-14
756.68000,5.5640274e-12,2.1168348e-14
756.69000,5.5568564e-12,2.1160317e-14
756.70000,5.5509151e-12,2.1154208e-14
756.71000,5.5472650e-12,2.1149949e-14
756.72000,5.5456526e-12,2.1145953e-14
756.73000,5.5447606e-12,2.1142423e-14
756.74000,5.5433405e-12,2.1139324e-14
756.75000,5.5402026e-12,2.1132159e-14
756.76000,5.5355546e-12,2.1116700e-14
756.77000,5.5303994e-12,2.1096452e-14
756.78000,5.5266724e-12,2.1085072e-14
756.79000,5.5254590e-12,2.1088375e-14
756.80000,5.5261973e-12,2.1097067e-14
756.81000,5.5271849e-12,2.1091235e-14
756.82000,5.5265338e-12,2.1067988e-14
756.83000,5.5235324e-12,2.1040743e-14
756.84000,5.5191376e-12,2.1036251e-14
756.85000,5.5153389e-12,2.1061225e-14
756.86000,5.5132307e-12,2.1096931e-14
756.87000,5.5131748e-12,2.1108173e-14
756.88000,5.5141471e-12,2.1079469e-14
756.89000,5.5154878e-12,2.1012797e-14
756.90000,5.5169924e-12,2.0939765e-14
756.91000,5.5196719e-12,2.0900513e-14
756.92000,5.5249439e-12,2.0920456e-14
756.93000,5.5330173e-12,2.0996451e-14
756.94000,5.5431841e-12,2.1118346e-14
756.95000,5.5525995e-12,2.1247166e-14
756.96000,5.5584623e-12,2.1347946e-14
756.97000,5.5585887e-12,2.1386743e-14
756.98000,5.5536056e-12,2.1358804e-14
756.99000,5.5456809e-12,2.1281764e-14
757.00000,5.5375095e-12,2.1176780e-14
757.01000,5.5314061e-12,2.1072734e-14
757.02000,5.5287652e-12,2.0984826e-14
757.03000,5.5300572e-12,2.0922240e-14
757.04000,5.5347203e-12,2.0884288e-14
757.05000,5.5416798e-12,2.0865693e-14
757.06000,5.5497669e-12,2.0863947e-14
757.07000,5.5575360e-12,2.0874212e-14
757.08000,5.5639049e-12,2.0897121e-14
757.09000,5.5680683e-12,2.0933172e-14
757.10000,5.5696225e-12,2.0984158e-14
757.11000,5.5685767e-12,2.1050076e-14
757.12000,5.5654238e-12,2.1127240e-14
757.13000,5.5605439e-12,2.1207869e-14
757.14000,5.5550212e-12,2.1275250e-14
757.15000,5.5494866e-12,2.1308876e-14
757.16000,5.5448994e-12,2.1288893e-14
757.17000,5.5425853e-12,2.1218354e-14
757.18000,5.5434805e-12,2.1116893e-14
757.19000,5.5484460e-12,2.1013453e-14
757.20000,5.5554454e-12,2.0935707e-14
757.21000,5.5621481e-12,2.0903526e-14
757.22000,5.5655333e-12,2.0921843e-14
757.23000,5.5641468e-12,2.0973108e-14
757.24000,5.5583268e-12,2.1024215e-14
757.25000,5.5496595e-12,2.1050195e-14
757.26000,5.5399322e-12,2.1031409e-14
757.27000,5.5315342e-12,2.0986019e-14
757.28000,5.5263516e-12,2.0941677e-14
757.29000,5.5255682e-12,2.0927839e-14
757.30000,5.5285577e-12,2.0943162e-14
757.31000,5.5336468e-12,2.0967605e-14
757.32000,5.5384703e-12,2.0976931e-14
757.33000,5.5410623e-12,2.0969027e-14
757.34000,5.5406403e-12,2.0953103e-14
757.35000,5.5382560e-12,2.0943211e-14
757.36000,5.5360992e-12,2.0941151e-14
757.37000,5.5355119e-12,2.0941726e-14
757.38000,5.5370859e-12,2.0943227e-14
757.39000,5.5399373e-12,2.0947807e-14
757.40000,5.5430847e-12,2.0955719e-14
757.41000,5.5448975e-12,2.0962199e-14
757.42000,5.5439881e-12,2.0961829e-14
757.43000,5.5403501e-12,2.0954005e-14
757.44000,5.5353858e-12,2.0941579e-14
757.45000,5.5318411e-12,2.0928499e-14
757.46000,5.5319319e-12,2.0919366e-14
757.47000,5.5366612e-12,2.0917068e-14
757.48000,5.5445313e-12,2.0920993e-14
757.49000,5.5521293e-12,2.0926891e-14
757.50000,5.5571687e-12,2.0931535e-14
757.51000,5.5581218e-12,2.0932591e-14
757.52000,5.5561287e-12,2.0930088e-14
757.53000,5.5518603e-12,2.0923626e-14
757.54000,5.5459950e-12,2.0913078e-14
757.55000,5.5383283e-12,2.0898234e-14
757.56000,5.5289903e-12,2.0880151e-14
757.57000,5.5191105e-12,2.0861183e-14
757.58000,5.5110451e-12,2.0845096e-14
757.59000,5.5063734e-12,2.0834042e-14
757.60000,5.5055656e-12,2.0828411e-14
757.61000,5.5072870e-12,2.0825907e-14
757.62000,5.5094651e-12,2.0823574e-14
757.63000,5.5111565e-12,2.0820458e-14
757.64000,5.5123837e-12,2.0817342e-14
757.65000,5.5138006e-12,2.0815501e-14
757.66000,5.5155728e-12,2.0815410e-14
757.67000,5.5169937e-12,2.0816066e-14
757.68000,5.5168419e-12,2.0815508e-14
757.69000,5.5144839e-12,2.0812153e-14
757.70000,5.5104354e-12,2.0805941e-14
757.71000,5.5056488e-12,2.0797315e-14
757.72000,5.5013928e-12,2.0788172e-14
757.73000,5.4983957e-12,2.0779978e-14
757.74000,5.4971067e-12,2.0774171e-14
757.75000,5.4977127e-12,2.0771583e-14
757.76000,5.5001710e-12,2.0772263e-14
757.77000,5.5046013e-12,2.0776147e-14
757.78000,5.5099916e-12,2.0780942e-14
757.79000,5.5155696e-12,2.0784619e-14
757.80000,5.5206387e-12,2.0785631e-14
757.81000,5.5253026e-12,2.0784797e-14
757.82000,5.5299418e-12,2.0784239e-14
757.83000,5.5345896e-12,2.0785220e-14
757.84000,5.5386548e-12,2.0788110e-14
757.85000,5.5414178e-12,2.0791426e-14
757.86000,5.5423872e-12,2.0793554e-14
757.87000,5.5417498e-12,2.0792950e-14
757.88000,5.5402369e-12,2.0789304e-14
757.89000,5.5383919e-12,2.0783408e-14
757.90000,5.5362941e-12,2.0776242e-14
757.91000,5.5338032e-12,2.0768813e-14
757.92000,5.5309432e-12,2.0761142e-14
757.93000,5.5284649e-12,2.0753395e-14
757.94000,5.5272871e-12,2.0746489e-14
757.95000,5.5270962e-12,2.0740837e-14
757.96000,5.5263580e-12,2.0735178e-14
757.97000,5.5222327e-12,2.0725984e-14
757.98000,5.5136618e-12,2.0711098e-14
757.99000,5.5014074e-12,2.0691284e-14
758.00000,5.4887212e-12,2.0671743e-14
758.01000,5.4788062e-12,2.0658207e-14
758.02000,5.4725735e-12,2.0652191e-14
758.03000,5.4702903e-12,2.0653206e-14
758.04000,5.4699448e-12,2.0656025e-14
758.05000,5.4704555e-12,2.0657614e-14
758.06000,5.4708276e-12,2.0656397e-14
758.07000,5.4710373e-12,2.0653334e-14
758.08000,5.4718193e-12,2.0649937e-14
758.09000,5.4738908e-12,2.0647298e-14
758.10000,5.4783706e-12,2.0646627e-14
758.11000,5.4851885e-12,2.0647875e-14
758.12000,5.4936406e-12,2.0650283e-14
758.13000,5.5018781e-12,2.0652903e-14
758.14000,5.5082178e-12,2.0656086e-14
758.15000,5.5122072e-12,2.0660332e-14
758.16000,5.5133006e-12,2.0664347e-14
758.17000,5.5119786e-12,2.0664389e-14
758.18000,5.5077938e-12,2.0656396e-14
758.19000,5.5006385e-12,2.0639053e-14
758.20000,5.4912742e-12,2.0616360e-14
758.21000,5.4813182e-12,2.0595094e-14
758.22000,5.4723010e-12,2.0580309e-14
758.23000,5.4658240e-12,2.0578002e-14
758.24000,5.4620088e-12,2.0588038e-14
758.25000,5.4607956e-12,2.0608555e-14
758.26000,5.4618388e-12,2.0633074e-14
758.27000,5.4646784e-12,2.0654020e-14
758.28000,5.4685927e-12,2.0667407e-14
758.29000,5.4724879e-12,2.0669705e-14
758.30000,5.4754357e-12,2.0664823e-14
758.31000,5.4771846e-12,2.0656432e-14
758.32000,5.4783222e-12,2.0649694e-14
758.33000,5.4797458e-12,2.0645076e-14
758.34000,5.4819733e-12,2.0633802e-14
758.35000,5.4849681e-12,2.0602353e-14
758.36000,5.4886573e-12,2.0511159e-14
758.37000,5.4928741e-12,2.0312314e-14
758.38000,5.4977758e-12,1.9933636e-14
758.39000,5.5034346e-12,1.9318314e-14
758.40000,5.5094102e-12,1.8504209e-14
758.41000,5.5150694e-12,1.7596437e-14
758.42000,5.5195298e-12,1.6754849e-14
758.43000,5.5226668e-12,1.6088415e-14
758.44000,5.5244490e-12,1.5655089e-14
758.45000,5.5252690e-12,1.5425791e-14
758.46000,5.5255131e-12,1.5323495e-14
758.47000,5.5252457e-12,1.5283512e-14
758.48000,5.5243683e-12,1.5268889e-14
758.49000,5.5225334e-12,1.5264682e-14
758.50000,5.5199616e-12,1.5262639e-14
758.51000,5.5170409e-12,1.5260317e-14
758.52000,5.5142587e-12,1.5256448e-14
758.53000,5.5115247e-12,1.5251068e-14
758.54000,5.5084189e-12,1.5244293e-14
758.55000,5.5043576e-12,1.5235625e-14
758.56000,5.4994513e-12,1.5225578e-14
758.57000,5.4939253e-12,1.5215091e-14
758.58000,5.4882844e-12,1.5205972e-14
758.59000,5.4828966e-12,1.5199482e-14
758.60000,5.4779594e-12,1.5195591e-14
758.61000,5.4735568e-12,1.5193304e-14
758.62000,5.4700906e-12,1.5191486e-14
758.63000,5.4677449e-12,1.5189204e-14
758.64000,5.4667305e-12,1.5186319e-14
758.65000,5.4668020e-12,1.5183182e-14
758.66000,5.4673054e-12,1.5180063e-14
758.67000,5.4678055e-12,1.5176912e-14
758.68000,5.4683490e-12,1.5173817e-14
758.69000,5.4694834e-12,1.5171486e-14
758.70000,5.4720125e-12,1.5171217e-14
758.71000,5.4765118e-12,1.5174105e-14
758.72000,5.4826534e-12,1.5179755e-14
758.73000,5.4888255e-12,1.5185818e-14
758.74000,5.4934496e-12,1.5190133e-14
758.75000,5.4945863e-12,1.5190368e-14
758.76000,5.4928311e-12,1.5187065e-14
758.77000,5.4892538e-12,1.5181076e-14
758.78000,5.4860816e-12,1.5174856e-14
758.79000,5.4848738e-12,1.5171019e-14
758.80000,5.4859404e-12,1.5171087e-14
758.81000,5.4885371e-12,1.5174463e-14
758.82000,5.4918149e-12,1.5179710e-14
758.83000,5.4949374e-12,1.5184292e-14
758.84000,5.4977277e-12,1.5186731e-14
758.85000,5.5003763e-12,1.5186880e-14
758.86000,5.5030068e-12,1.5186137e-14
758.87000,5.5054431e-12,1.5185652e-14
758.88000,5.5069738e-12,1.5185583e-14
758.89000,5.5069736e-12,1.5184749e-14
758.90000,5.5045671e-12,1.5182041e-14
758.91000,5.4992788e-12,1.5177519e-14
758.92000,5.4915765e-12,1.5172928e-14
758.93000,5.4828909e-12,1.5170273e-14
758.94000,5.4746814e-12,1.5169975e-14
758.95000,5.4684909e-12,1.5170938e-14
758.96000,5.4643769e-12,1.5169913e-14
758.97000,5.4619173e-12,1.5163991e-14
758.98000,5.4600298e-12,1.5152033e-14
758.99000,5.4579564e-12,1.5137049e-14
759.00000,5.4557014e-12,1.5123124e-14
759.01000,5.4539256e-12,1.5115754e-14
759.02000,5.4532576e-12,1.5116982e-14
759.03000,5.4541443e-12,1.5128305e-14
759.04000,5.4563331e-12,1.5147121e-14
759.05000,5.4590347e-12,1.5167730e-14
759.06000,5.4614425e-12,1.5183095e-14
759.07000,5.4633091e-12,1.5189662e-14
759.08000,5.4647922e-12,1.5184352e-14
759.09000,5.4664750e-12,1.5172572e-14
759.10000,5.4686963e-12,1.5159780e-14
759.11000,5.4713040e-12,1.5153422e-14
759.12000,5.4735439e-12,1.5156541e-14
759.13000,5.4746076e-12,1.5166954e-14
759.14000,5.4743624e-12,1.5179797e-14
759.15000,5.4730538e-12,1.5189861e-14
759.16000,5.4718514e-12,1.5194919e-14
759.17000,5.4719163e-12,1.5194989e-14
759.18000,5.4743863e-12,1.5191914e-14
759.19000,5.4795260e-12,1.5188049e-14
759.20000,5.4868042e-12,1.5185187e-14
759.21000,5.4953636e-12,1.5186176e-14
759.22000,5.5036874e-12,1.5192919e-14
759.23000,5.5107607e-12,1.5209730e-14
759.24000,5.5164455e-12,1.5246901e-14
759.25000,5.5224984e-12,1.5331227e-14
759.26000,5.5322528e-12,1.5518148e-14
759.27000,5.5477897e-12,1.5855128e-14
759.28000,5.5714335e-12,1.6459356e-14
759.29000,5.5994878e-12,1.7321127e-14
759.30000,5.6265581e-12,1.8384784e-14
759.31000,5.6439161e-12,1.9405317e-14
759.32000,5.6472941e-12,2.0084683e-14
759.33000,5.6395007e-12,2.0257209e-14
759.34000,5.6279494e-12,2.0027722e-14
759.35000,5.6212508e-12,1.9618325e-14
759.36000,5.6235456e-12,1.9353025e-14
759.37000,5.6344648e-12,1.9379492e-14
759.38000,5.6498683e-12,1.9648561e-14
759.39000,5.6665252e-12,2.0037739e-14
759.40000,5.6839024e-12,2.0575796e-14
759.41000,5.7031874e-12,2.1660569e-14
759.42000,5.7252092e-12,2.3603839e-14
759.43000,5.7500048e-12,2.6618348e-14
759.44000,5.7732164e-12,3.0247287e-14
759.45000,5.7865354e-12,3.3413392e-14
759.46000,5.7840340e-12,3.5122578e-14
759.47000,5.7675068e-12,3.5306115e-14
759.48000,5.7416012e-12,3.4373257e-14
759.49000,5.7171710e-12,3.3424071e-14
759.50000,5.7022601e-12,3.3000173e-14
759.51000,5.7013114e-12,3.3234790e-14
759.52000,5.7102596e-12,3.3939787e-14
759.53000,5.7234364e-12,3.5188045e-14
759.54000,5.7383364e-12,3.7128247e-14
759.55000,5.7565082e-12,3.9933604e-14
759.56000,5.7761886e-12,4.2793279e-14
759.57000,5.7885891e-12,4.4375373e-14
759.58000,5.7797924e-12,4.3407861e-14
759.59000,5.7467843e-12,4.0238337e-14
759.60000,5.6991475e-12,3.6136499e-14
759.61000,5.6524442e-12,3.2566971e-14
759.62000,5.6179820e-12,3.0190406e-14
759.63000,5.6015691e-12,2.9317298e-14
759.64000,5.6031738e-12,2.9919371e-14
759.65000,5.6189531e-12,3.1870703e-14
759.66000,5.6424225e-12,3.4710971e-14
759.67000,5.6666533e-12,3.7651152e-14
759.68000,5.6816682e-12,3.9259774e-14
759.69000,5.6826776e-12,3.8896455e-14
759.70000,5.6679984e-12,3.6610388e-14
759.71000,5.6435706e-12,3.3559307e-14
759.72000,5.6198386e-12,3.0931259e-14
759.73000,5.6054306e-12,2.9234805e-14
759.74000,5.6024205e-12,2.8393150e-14
759.75000,5.6120821e-12,2.8452051e-14
759.76000,5.6301443e-12,2.9360375e-14
759.77000,5.6540621e-12,3.1444427e-14
759.78000,5.6798722e-12,3.5189047e-14
759.79000,5.7035412e-12,4.0539088e-14
759.80000,5.7218342e-12,4.6567235e-14
759.81000,5.7273582e-12,5.0795576e-14
759.82000,5.7174516e-12,5.1425128e-14
759.83000,5.6914727e-12,4.7897511e-14
759.84000,5.6567139e-12,4.2186002e-14
759.85000,5.6219062e-12,3.6805628e-14
759.86000,5.5934400e-12,3.2977539e-14
759.87000,5.5734894e-12,3.0596753e-14
759.88000,5.5654498e-12,2.9563484e-14
759.89000,5.5674177e-12,2.9451710e-14
759.90000,5.5795771e-12,3.0429317e-14
759.91000,5.6004833e-12,3.2906268e-14
759.92000,5.6303447e-12,3.7620082e-14
759.93000,5.6720671e-12,4.5286475e-14
759.94000,5.7250051e-12,5.5571573e-14
759.95000,5.7788832e-12,6.7043235e-14
759.96000,5.8098253e-12,7.6152553e-14
759.97000,5.7977197e-12,7.9435495e-14
759.98000,5.7433739e-12,7.5001389e-14
759.99000,5.6730829e-12,6.5156822e-14
760.00000,5.6104741e-12,5.3836884e-14
760.01000,5.5637248e-12,4.3902347e-14
760.02000,5.5355684e-12,3.7165186e-14
760.03000,5.5195537e-12,3.3113268e-14
760.04000,5.5129796e-12,3.1231919e-14
760.05000,5.5141105e-12,3.0899719e-14
760.06000,5.5216045e-12,3.1857915e-14
760.07000,5.5332418e-12,3.4078183e-14
760.08000,5.5467696e-12,3.7972270e-14
760.09000,5.5611322e-12,4.3110047e-14
760.10000,5.5772563e-12,4.8731069e-14
760.11000,5.5948997e-12,5.3189604e-14
760.12000,5.6106518e-12,5.5409903e-14
760.13000,5.6193898e-12,5.6077898e-14
760.14000,5.6184487e-12,5.6569042e-14
760.15000,5.6047000e-12,5.7896943e-14
760.16000,5.5843089e-12,5.9167273e-14
760.17000,5.5619466e-12,5.8645941e-14
760.18000,5.5406870e-12,5.4898705e-14
760.19000,5.5191108e-12,4.8751160e-14
760.20000,5.4957117e-12,4.2394641e-14
760.21000,5.4709978e-12,3.7249495e-14
760.22000,5.4477699e-12,3.4215222e-14
760.23000,5.4299248e-12,3.2865260e-14
760.24000,5.4206785e-12,3.3133802e-14
760.25000,5.4200211e-12,3.4971486e-14
760.26000,5.4239170e-12,3.8340583e-14
760.27000,5.4288786e-12,4.2929356e-14
760.28000,5.4338879e-12,4.7814198e-14
760.29000,5.4398995e-12,5.1170541e-14
760.30000,5.4471348e-12,5.1724849e-14
760.31000,5.4539891e-12,4.9472891e-14
760.32000,5.4567206e-12,4.6218321e-14
760.33000,5.4527190e-12,4.4126459e-14
760.34000,5.4425315e-12,4.4128307e-14
760.35000,5.4284237e-12,4.6876892e-14
760.36000,5.4162644e-12,5.1365081e-14
760.37000,5.4133779e-12,5.6121222e-14
760.38000,5.4249756e-12,5.8375594e-14
760.39000,5.4463919e-12,5.6233842e-14
760.40000,5.4649905e-12,5.0757618e-14
760.41000,5.4733173e-12,4.4314569e-14
760.42000,5.4682956e-12,3.9233237e-14
760.43000,5.4577763e-12,3.6059816e-14
760.44000,5.4473656e-12,3.4910553e-14
760.45000,5.4407631e-12,3.5486589e-14
760.46000,5.4360301e-12,3.7645750e-14
760.47000,5.4297929e-12,4.1294169e-14
760.48000,5.4218257e-12,4.5953894e-14
760.49000,5.4158693e-12,5.0300038e-14
760.50000,5.4149151e-12,5.2449345e-14
760.51000,5.4184590e-12,5.1125949e-14
760.52000,5.4210753e-12,4.6963455e-14
760.53000,5.4172714e-12,4.2202164e-14
760.54000,5.4066348e-12,3.8633589e-14
760.55000,5.3929092e-12,3.6698429e-14
760.56000,5.3803082e-12,3.6707398e-14
760.57000,5.3706346e-12,3.8367818e-14
760.58000,5.3652306e-12,4.1934451e-14
760.59000,5.3680013e-12,4.7285173e-14
760.60000,5.3827698e-12,5.3014757e-14
760.61000,5.4064400e-12,5.6558844e-14
760.62000,5.4290738e-12,5.6443084e-14
760.63000,5.4365804e-12,5.2036544e-14
760.64000,5.4261463e-12,4.5998860e-14
760.65000,5.4019279e-12,4.0485762e-14
760.66000,5.3744876e-12,3.6958280e-14
760.67000,5.3517484e-12,3.5406286e-14
760.68000,5.3353332e-12,3.5449791e-14
760.69000,5.3259914e-12,3.7235992e-14
760.70000,5.3240142e-12,4.0559520e-14
760.71000,5.3329438e-12,4.5228875e-14
760.72000,5.3525305e-12,4.9745553e-14
760.73000,5.3754819e-12,5.1723051e-14
760.74000,5.3906791e-12,4.9974963e-14
760.75000,5.3927205e-12,4.5479120e-14
760.76000,5.3791231e-12,4.0200713e-14
760.77000,5.3586763e-12,3.5862969e-14
760.78000,5.3375995e-12,3.3034422e-14
760.79000,5.3203270e-12,3.1556167e-14
760.80000,5.3065771e-12,3.1092214e-14
760.81000,5.2955627e-12,3.1556225e-14
760.82000,5.2877990e-12,3.3010358e-14
760.83000,5.2884211e-12,3.6122284e-14
760.84000,5.3029020e-12,4.0885290e-14
760.85000,5.3389019e-12,4.6992144e-14
760.86000,5.3938111e-12,5.2488756e-14
760.87000,5.4483508e-12,5.4739372e-14
760.88000,5.4802053e-12,5.2746266e-14
760.89000,5.4841907e-12,4.7924795e-14
760.90000,5.4623349e-12,4.2457874e-14
760.91000,5.4311581e-12,3.8107865e-14
760.92000,5.3985370e-12,3.5452138e-14
760.93000,5.3707034e-12,3.4550702e-14
760.94000,5.3515703e-12,3.5354786e-14
760.95000,5.3474817e-12,3.7933806e-14
760.96000,5.3621660e-12,4.1907610e-14
760.97000,5.3996263e-12,4.6230462e-14
760.98000,5.4436071e-12,4.8830021e-14
760.99000,5.4755860e-12,4.8113455e-14
761.00000,5.4814956e-12,4.4185286e-14
761.01000,5.4672992e-12,3.9104741e-14
761.02000,5.4463765e-12,3.4668634e-14
761.03000,5.4277627e-12,3.1411638e-14
761.04000,5.4150585e-12,2.9423671e-14
761.05000,5.4048952e-12,2.8189563e-14
761.06000,5.3940198e-12,2.7522542e-14
761.07000,5.3800339e-12,2.7320613e-14
761.08000,5.3637440e-12,2.7648939e-14
761.09000,5.3477143e-12,2.8639756e-14
761.10000,5.3377311e-12,3.0731463e-14
761.11000,5.3400946e-12,3.4112783e-14
761.12000,5.3633195e-12,3.8993290e-14
761.13000,5.4071386e-12,4.4514739e-14
761.14000,5.4542464e-12,4.8509530e-14
761.15000,5.4783429e-12,4.8996185e-14
761.16000,5.4705344e-12,4.6032890e-14
761.17000,5.4353856e-12,4.1099884e-14
761.18000,5.3919572e-12,3.6422363e-14
761.19000,5.3492285e-12,3.3047049e-14
761.20000,5.3118943e-12,3.1291794e-14
761.21000,5.2814392e-12,3.1113541e-14
761.22000,5.2634277e-12,3.2400628e-14
761.23000,5.2651857e-12,3.4945748e-14
761.24000,5.2993302e-12,3.8248236e-14
761.25000,5.3554725e-12,4.0903694e-14
761.26000,5.4161181e-12,4.1510164e-14
761.27000,5.4562208e-12,3.9515505e-14
761.28000,5.4667913e-12,3.5879332e-14
761.29000,5.4575993e-12,3.2191496e-14
761.30000,5.4402846e-12,2.9219368e-14
761.31000,5.4217297e-12,2.7268141e-14
761.32000,5.4044103e-12,2.5978814e-14
761.33000,5.3886641e-12,2.5210810e-14
761.34000,5.3738603e-12,2.4752622e-14
761.35000,5.3588665e-12,2.4491771e-14
761.36000,5.3429586e-12,2.4397298e-14
761.37000,5.3263038e-12,2.4481013e-14
761.38000,5.3095983e-12,2.4881047e-14
761.39000,5.2937378e-12,2.5685300e-14
761.40000,5.2799631e-12,2.7124535e-14
761.41000,5.2708437e-12,2.9412844e-14
761.42000,5.2709030e-12,3.2507591e-14
761.43000,5.2838212e-12,3.5678143e-14
761.44000,5.3079413e-12,3.7969963e-14
761.45000,5.3381695e-12,3.7996879e-14
761.46000,5.3648408e-12,3.6141947e-14
761.47000,5.3812235e-12,3.3123195e-14
761.48000,5.3842245e-12,3.0230304e-14
761.49000,5.3757752e-12,2.8200586e-14
761.50000,5.3585194e-12,2.7187507e-14
761.51000,5.3342380e-12,2.7039064e-14
761.52000,5.3032262e-12,2.7821174e-14
761.53000,5.2730700e-12,2.9170213e-14
761.54000,5.2561855e-12,3.0684979e-14
761.55000,5.2670196e-12,3.1566521e-14
761.56000,5.3059212e-12,3.1238316e-14
761.57000,5.3570262e-12,2.9821819e-14
761.58000,5.4042059e-12,2.7909081e-14
761.59000,5.4344939e-12,2.6135782e-14
761.60000,5.4505262e-12,2.4786709e-14
761.61000,5.4556303e-12,2.3911371e-14
761.62000,5.4554992e-12,2.3393798e-14
761.63000,5.4535937e-12,2.3090755e-14
761.64000,5.4515531e-12,2.2906685e-14
761.65000,5.4500183e-12,2.2784635e-14
761.66000,5.4491023e-12,2.2703055e-14
761.67000,5.4479369e-12,2.2640756e-14
761.68000,5.4454799e-12,2.2592156e-14
761.69000,5.4409056e-12,2.2552012e-14
761.70000,5.4343443e-12,2.2518248e-14
761.71000,5.4263446e-12,2.2489838e-14
761.72000,5.4173910e-12,2.2464825e-14
761.73000,5.4074235e-12,2.2440726e-14
761.74000,5.3968172e-12,2.2415265e-14
761.75000,5.3863379e-12,2.2388661e-14
761.76000,5.3778125e-12,2.2364500e-14
761.77000,5.3733076e-12,2.2348249e-14
761.78000,5.3742174e-12,2.2344131e-14
761.79000,5.3799160e-12,2.2351378e-14
761.80000,5.3892157e-12,2.2368136e-14
761.81000,5.3985367e-12,2.2386800e-14
761.82000,5.4051224e-12,2.2401917e-14
761.83000,5.4071271e-12,2.2410329e-14
761.84000,5.4055311e-12,2.2416273e-14
761.85000,5.4030655e-12,2.2430311e-14
761.86000,5.4020447e-12,2.2461133e-14
761.87000,5.4045924e-12,2.2524277e-14
761.88000,5.4102565e-12,2.2620537e-14
761.89000,5.4183764e-12,2.2747346e-14
761.90000,5.4274361e-12,2.2885004e-14
761.91000,5.4360207e-12,2.3011067e-14
761.92000,5.4433178e-12,2.3120552e-14
761.93000,5.4495167e-12,2.3226264e-14
761.94000,5.4558857e-12,2.3356319e-14
761.95000,5.4645223e-12,2.3536013e-14
761.96000,5.4773625e-12,2.3809142e-14
761.97000,5.4953919e-12,2.4265826e-14
761.98000,5.5175985e-12,2.5053320e-14
761.99000,5.5409136e-12,2.6400274e-14
762.00000,5.5613095e-12,2.8419411e-14
762.01000,5.5708466e-12,3.1316135e-14
762.02000,5.5664787e-12,3.4585504e-14
762.03000,5.5480020e-12,3.7331674e-14
762.04000,5.5217210e-12,3.8231425e-14
762.05000,5.4951121e-12,3.6855246e-14
762.06000,5.4718562e-12,3.3961900e-14
762.07000,5.4517615e-12,3.0691935e-14
762.08000,5.4343156e-12,2.7997460e-14
762.09000,5.4193161e-12,2.6076543e-14
762.10000,5.4078291e-12,2.4902997e-14
762.11000,5.3999142e-12,2.4246645e-14
762.12000,5.3938479e-12,2.3868419e-14
762.13000,5.3873099e-12,2.3620724e-14
762.14000,5.3791469e-12,2.3432433e-14
762.15000,5.3696354e-12,2.3304648e-14
762.16000,5.3612831e-12,2.3250090e-14
762.17000,5.3564007e-12,2.3299123e-14
762.18000,5.3562112e-12,2.3480573e-14
762.19000,5.3600203e-12,2.3836760e-14
762.20000,5.3669485e-12,2.4474275e-14
762.21000,5.3764233e-12,2.5489683e-14
762.22000,5.3890641e-12,2.7235034e-14
762.23000,5.4032223e-12,2.9871154e-14
762.24000,5.4151669e-12,3.3548872e-14
762.25000,5.4181915e-12,3.7724121e-14
762.26000,5.4083982e-12,4.0987970e-14
762.27000,5.3886268e-12,4.1870857e-14
762.28000,5.3661525e-12,4.0253114e-14
762.29000,5.3506382e-12,3.6752372e-14
762.30000,5.3450332e-12,3.3158211e-14
762.31000,5.3488384e-12,3.0390835e-14
762.32000,5.3590261e-12,2.8917138e-14
762.33000,5.3746973e-12,2.8749615e-14
762.34000,5.3971237e-12,2.9957785e-14
762.35000,5.4262604e-12,3.2528960e-14
762.36000,5.4609283e-12,3.6822476e-14
762.37000,5.4928752e-12,4.1955662e-14
762.38000,5.5101823e-12,4.6413805e-14
762.39000,5.5007751e-12,4.7840520e-14
762.40000,5.4669859e-12,4.5335797e-14
762.41000,5.4245778e-12,4.0353663e-14
762.42000,5.3861149e-12,3.4932426e-14
762.43000,5.3593679e-12,3.0724580e-14
762.44000,5.3421165e-12,2.7840503e-14
762.45000,5.3331486e-12,2.6159626e-14
762.46000,5.3289079e-12,2.5237634e-14
762.47000,5.3260765e-12,2.4704482e-14
762.48000,5.3227090e-12,2.4321914e-14
762.49000,5.3187808e-12,2.3986499e-14
762.50000,5.3161778e-12,2.3696877e-14
762.51000,5.3166198e-12,2.3482419e-14
762.52000,5.3211353e-12,2.3383672e-14
762.53000,5.3291631e-12,2.3417560e-14
762.54000,5.3395350e-12,2.3589395e-14
762.55000,5.3515356e-12,2.3915115e-14
762.56000,5.3650045e-12,2.4410843e-14
762.57000,5.3805585e-12,2.5188290e-14
762.58000,5.3978992e-12,2.6303412e-14
762.59000,5.4168964e-12,2.7946560e-14
762.60000,5.4366677e-12,3.0379882e-14
762.61000,5.4550885e-12,3.3928183e-14
762.62000,5.4674358e-12,3.8467918e-14
762.63000,5.4689336e-12,4.3211485e-14
762.64000,5.4515610e-12,4.6173516e-14
762.65000,5.4208352e-12,4.6212648e-14
762.66000,5.3861568e-12,4.3122824e-14
762.67000,5.3611218e-12,3.8587701e-14
762.68000,5.3512830e-12,3.4575220e-14
762.69000,5.3537755e-12,3.2080980e-14
762.70000,5.3643769e-12,3.1125993e-14
762.71000,5.3799344e-12,3.1888923e-14
762.72000,5.3948850e-12,3.4167328e-14
762.73000,5.4035522e-12,3.8171921e-14
762.74000,5.4015125e-12,4.3343362e-14
762.75000,5.3902730e-12,4.7944028e-14
762.76000,5.3783518e-12,4.9648648e-14
762.77000,5.3725235e-12,4.7674167e-14
762.78000,5.3754476e-12,4.2690889e-14
762.79000,5.3808613e-12,3.7161353e-14
762.80000,5.3836427e-12,3.2452764e-14
762.81000,5.3814515e-12,2.9184229e-14
762.82000,5.3758195e-12,2.7208176e-14
762.83000,5.3693071e-12,2.6026497e-14
762.84000,5.3633650e-12,2.5301961e-14
762.85000,5.3584570e-12,2.4783277e-14
762.86000,5.3547820e-12,2.4349629e-14
762.87000,5.3519220e-12,2.3952728e-14
762.88000,5.3498319e-12,2.3621018e-14
762.89000,5.3488282e-12,2.3399445e-14
762.90000,5.3494548e-12,2.3304514e-14
762.91000,5.3520334e-12,2.3338492e-14
762.92000,5.3560402e-12,2.3480943e-14
762.93000,5.3604815e-12,2.3743576e-14
762.94000,5.3641595e-12,2.4102474e-14
762.95000,5.3667731e-12,2.4558166e-14
762.96000,5.3691355e-12,2.5121297e-14
762.97000,5.3724351e-12,2.5861259e-14
762.98000,5.3766023e-12,2.6973943e-14
762.99000,5.3800612e-12,2.8639547e-14
763.00000,5.3776256e-12,3.1370040e-14
763.01000,5.3646012e-12,3.5235718e-14
763.02000,5.3378098e-12,4.0036572e-14
763.03000,5.3031388e-12,4.4420135e-14
763.04000,5.2754497e-12,4.6455588e-14
763.05000,5.2673633e-12,4.5241747e-14
763.06000,5.2780304e-12,4.1708782e-14
763.07000,5.2994236e-12,3.7498489e-14
763.08000,5.3189672e-12,3.4159614e-14
763.09000,5.3329725e-12,3.2320143e-14
763.10000,5.3421162e-12,3.2142520e-14
763.11000,5.3475109e-12,3.3676220e-14
763.12000,5.3477560e-12,3.6949280e-14
763.13000,5.3421391e-12,4.1611991e-14
763.14000,5.3329731e-12,4.6575417e-14
763.15000,5.3275653e-12,4.9756665e-14
763.16000,5.3305578e-12,4.9358304e-14
763.17000,5.3400566e-12,4.5341333e-14
763.18000,5.3478059e-12,3.9636631e-14
763.19000,5.3468485e-12,3.4421313e-14
763.20000,5.3372501e-12,3.0474643e-14
763.21000,5.3230257e-12,2.7981655e-14
763.22000,5.3098924e-12,2.6375098e-14
763.23000,5.3003928e-12,2.5436558e-14
763.24000,5.2944560e-12,2.4831284e-14
763.25000,5.2899757e-12,2.4359308e-14
763.26000,5.2851660e-12,2.3927616e-14
763.27000,5.2801714e-12,2.3534331e-14
763.28000,5.2768057e-12,2.3226449e-14
763.29000,5.2764039e-12,2.3018854e-14
763.30000,5.2802125e-12,2.2933013e-14
763.31000,5.2883692e-12,2.2964814e-14
763.32000,5.3003953e-12,2.3113538e-14
763.33000,5.3144309e-12,2.3351894e-14
763.34000,5.3282016e-12,2.3631796e-14
763.35000,5.3401713e-12,2.3901418e-14
763.36000,5.3488437e-12,2.4121652e-14
763.37000,5.3547116e-12,2.4337393e-14
763.38000,5.3584130e-12,2.4658601e-14
763.39000,5.3615910e-12,2.5280396e-14
763.40000,5.3662288e-12,2.6435983e-14
763.41000,5.3747910e-12,2.8457419e-14
763.42000,5.3888291e-12,3.1526534e-14
763.43000,5.4105331e-12,3.6050600e-14
763.44000,5.4339628e-12,4.1242479e-14
763.45000,5.4470503e-12,4.5649409e-14
763.46000,5.4335335e-12,4.7130864e-14
763.47000,5.3914685e-12,4.4975590e-14
763.48000,5.3378734e-12,4.0671458e-14
763.49000,5.2892239e-12,3.6140901e-14
763.50000,5.2564223e-12,3.2981061e-14
763.51000,5.2359062e-12,3.1378130e-14
763.52000,5.2262792e-12,3.1537694e-14
763.53000,5.2262429e-12,3.3478831e-14
763.54000,5.2386265e-12,3.7245109e-14
763.55000,5.2658699e-12,4.2120839e-14
763.56000,5.3050353e-12,4.6704217e-14
763.57000,5.3449064e-12,4.8469148e-14
763.58000,5.3711432e-12,4.6789621e-14
763.59000,5.3764462e-12,4.2091127e-14
763.60000,5.3659566e-12,3.6540623e-14
763.61000,5.3494805e-12,3.1931015e-14
763.62000,5.3340819e-12,2.8732664e-14
763.63000,5.3224284e-12,2.6735587e-14
763.64000,5.3144682e-12,2.5493934e-14
763.65000,5.3098460e-12,2.4769439e-14
763.66000,5.3065704e-12,2.4258289e-14
763.67000,5.3033879e-12,2.3843743e-14
763.68000,5.2997556e-12,2.3456376e-14
763.69000,5.2968421e-12,2.3104947e-14
763.70000,5.2965324e-12,2.2827660e-14
763.71000,5.2994342e-12,2.2639690e-14
763.72000,5.3056792e-12,2.2574010e-14
763.73000,5.3129733e-12,2.2614765e-14
763.74000,5.3191575e-12,2.2762402e-14
763.75000,5.3217449e-12,2.2976838e-14
763.76000,5.3198422e-12,2.3181986e-14
763.77000,5.3148768e-12,2.3301528e-14
763.78000,5.3093416e-12,2.3319106e-14
763.79000,5.3063248e-12,2.3265370e-14
763.80000,5.3069763e-12,2.3247375e-14
763.81000,5.3121823e-12,2.3367408e-14
763.82000,5.3217096e-12,2.3730496e-14
763.83000,5.3346814e-12,2.4455564e-14
763.84000,5.3490482e-12,2.5711254e-14
763.85000,5.3622502e-12,2.7647248e-14
763.86000,5.3687334e-12,3.0671950e-14
763.87000,5.3646820e-12,3.4647804e-14
763.88000,5.3481167e-12,3.9113464e-14
763.89000,5.3263660e-12,4.2643531e-14
763.90000,5.3121936e-12,4.3541494e-14
763.91000,5.3111197e-12,4.1642354e-14
763.92000,5.3184994e-12,3.8154758e-14
763.93000,5.3268108e-12,3.4570063e-14
763.94000,5.3307890e-12,3.2098898e-14
763.95000,5.3309923e-12,3.0985429e-14
763.96000,5.3281617e-12,3.1414026e-14
763.97000,5.3215647e-12,3.3475372e-14
763.98000,5.3102341e-12,3.6986635e-14
763.99000,5.2980571e-12,4.1085366e-14
764.00000,5.2923448e-12,4.4479204e-14
764.01000,5.3045932e-12,4.5058995e-14
764.02000,5.3291878e-12,4.2780886e-14
764.03000,5.3548072e-12,3.8387089e-14
764.04000,5.3688650e-12,3.3732811e-14
764.05000,5.3707677e-12,3.0068426e-14
764.06000,5.3677668e-12,2.7623652e-14
764.07000,5.3653573e-12,2.6081152e-14
764.08000,5.3654688e-12,2.5196530e-14
764.09000,5.3655140e-12,2.4588133e-14
764.10000,5.3627189e-12,2.4118585e-14
764.11000,5.3555688e-12,2.3674684e-14
764.12000,5.3451518e-12,2.3246212e-14
764.13000,5.3342674e-12,2.2866303e-14
764.14000,5.3252266e-12,2.2571052e-14
764.15000,5.3187580e-12,2.2365559e-14
764.16000,5.3155283e-12,2.2271923e-14
764.17000,5.3150381e-12,2.2274731e-14
764.18000,5.3173975e-12,2.2363400e-14
764.19000,5.3223877e-12,2.2492147e-14
764.20000,5.3291318e-12,2.2597736e-14
764.21000,5.3364446e-12,2.2638621e-14
764.22000,5.3433722e-12,2.2622128e-14
764.23000,5.3487688e-12,2.2584755e-14
764.24000,5.3518513e-12,2.2577413e-14
764.25000,5.3514144e-12,2.2625634e-14
764.26000,5.3470995e-12,2.2738602e-14
764.27000,5.3404226e-12,2.2936401e-14
764.28000,5.3347853e-12,2.3290020e-14
764.29000,5.3331710e-12,2.3874899e-14
764.30000,5.3402945e-12,2.4922304e-14
764.31000,5.3569307e-12,2.6556315e-14
764.32000,5.3847062e-12,2.9038495e-14
764.33000,5.4205526e-12,3.2403814e-14
764.34000,5.4549350e-12,3.6143619e-14
764.35000,5.4744769e-12,3.8968476e-14
764.36000,5.4738004e-12,3.9849113e-14
764.37000,5.4544017e-12,3.8176257e-14
764.38000,5.4278317e-12,3.5212515e-14
764.39000,5.4009838e-12,3.2060451e-14
764.40000,5.3804929e-12,2.9824864e-14
764.41000,5.3698880e-12,2.8957189e-14
764.42000,5.3685660e-12,2.9412808e-14
764.43000,5.3736737e-12,3.1136095e-14
764.44000,5.3813355e-12,3.3865206e-14
764.45000,5.3885430e-12,3.7159129e-14
764.46000,5.3954424e-12,3.9768241e-14
764.47000,5.4044283e-12,4.0424601e-14
764.48000,5.4170143e-12,3.8558177e-14
764.49000,5.4295333e-12,3.5037349e-14
764.50000,5.4358150e-12,3.1336154e-14
764.51000,5.4341630e-12,2.8272501e-14
764.52000,5.4257981e-12,2.6235787e-14
764.53000,5.4150726e-12,2.4886454e-14
764.54000,5.4032680e-12,2.4065921e-14
764.55000,5.3909143e-12,2.3520527e-14
764.56000,5.3777396e-12,2.3113695e-14
764.57000,5.3637836e-12,2.2779216e-14
764.58000,5.3499237e-12,2.2508315e-14
764.59000,5.3374238e-12,2.2296437e-14
764.60000,5.3287390e-12,2.2158766e-14
764.61000,5.3248432e-12,2.2086487e-14
764.62000,5.3261759e-12,2.2080549e-14
764.63000,5.3311566e-12,2.2127773e-14
764.64000,5.3366982e-12,2.2200715e-14
764.65000,5.3398509e-12,2.2263559e-14
764.66000,5.3396371e-12,2.2292093e-14
764.67000,5.3360676e-12,2.2263586e-14
764.68000,5.3319602e-12,2.2200479e-14
764.69000,5.3296941e-12,2.2125172e-14
764.70000,5.3313730e-12,2.2067876e-14
764.71000,5.3374257e-12,2.2046204e-14
764.72000,5.3465033e-12,2.2066268e-14
764.73000,5.3569461e-12,2.2129029e-14
764.74000,5.3675964e-12,2.2254865e-14
764.75000,5.3781915e-12,2.2455413e-14
764.76000,5.3892315e-12,2.2769759e-14
764.77000,5.4017502e-12,2.3240005e-14
764.78000,5.4170054e-12,2.3952775e-14
764.79000,5.4350365e-12,2.5022248e-14
764.80000,5.4539789e-12,2.6627224e-14
764.81000,5.4711320e-12,2.8804060e-14
764.82000,5.4821785e-12,3.1498966e-14
764.83000,5.4858474e-12,3.3993450e-14
764.84000,5.4811866e-12,3.5369631e-14
764.85000,5.4705362e-12,3.4917898e-14
764.86000,5.4580525e-12,3.2959659e-14
764.87000,5.4464551e-12,3.0555455e-14
764.88000,5.4365744e-12,2.8510759e-14
764.89000,5.4312127e-12,2.7419482e-14
764.90000,5.4326340e-12,2.7243335e-14
764.91000,5.4431655e-12,2.8130510e-14
764.92000,5.4616509e-12,3.0033217e-14
764.93000,5.4842741e-12,3.2650370e-14
764.94000,5.5052487e-12,3.5057977e-14
764.95000,5.5180822e-12,3.6080119e-14
764.96000,5.5189861e-12,3.5315821e-14
764.97000,5.5026684e-12,3.2793877e-14
764.98000,5.4751075e-12,2.9794479e-14
764.99000,5.4424417e-12,2.7123723e-14
765.00000,5.4121545e-12,2.5242058e-14
765.01000,5.3883253e-12,2.4060711e-14
765.02000,5.3724228e-12,2.3341541e-14
765.03000,5.3634204e-12,2.2873087e-14
765.04000,5.3608519e-12,2.2556456e-14
765.05000,5.3613789e-12,2.2309268e-14
765.06000,5.3628913e-12,2.2122454e-14
765.07000,5.3624545e-12,2.1984716e-14
765.08000,5.3580583e-12,2.1890505e-14
765.09000,5.3499672e-12,2.1833055e-14
765.10000,5.3401100e-12,2.1811683e-14
765.11000,5.3307284e-12,2.1819158e-14
765.12000,5.3241484e-12,2.1844916e-14
765.13000,5.3207803e-12,2.1862753e-14
765.14000,5.3204993e-12,2.1854000e-14
765.15000,5.3222712e-12,2.1815010e-14
765.16000,5.3247903e-12,2.1763247e-14
765.17000,5.3270372e-12,2.1719173e-14
765.18000,5.3286122e-12,2.1691401e-14
765.19000,5.3295785e-12,2.1685371e-14
765.20000,5.3308401e-12,2.1695183e-14
765.21000,5.3333142e-12,2.1722132e-14
765.22000,5.3376030e-12,2.1767943e-14
765.23000,5.3435444e-12,2.1838467e-14
765.24000,5.3502507e-12,2.1939760e-14
765.25000,5.3568594e-12,2.2073535e-14
765.26000,5.3626287e-12,2.2248540e-14
765.27000,5.3679143e-12,2.2472346e-14
765.28000,5.3740197e-12,2.2793205e-14
765.29000,5.3832592e-12,2.3303967e-14
765.30000,5.3974528e-12,2.4176420e-14
765.31000,5.4150879e-12,2.5563059e-14
765.32000,5.4312349e-12,2.7461898e-14
765.33000,5.4418059e-12,2.9593788e-14
765.34000,5.4442639e-12,3.1238010e-14
765.35000,5.4441505e-12,3.1802754e-14
765.36000,5.4443774e-12,3.0989671e-14
765.37000,5.4439988e-12,2.9240385e-14
765.38000,5.4403828e-12,2.7364495e-14
765.39000,5.4358131e-12,2.6008500e-14
765.40000,5.4345754e-12,2.5377701e-14
765.41000,5.4397993e-12,2.5654393e-14
765.42000,5.4475990e-12,2.6688348e-14
765.43000,5.4529169e-12,2.8427952e-14
765.44000,5.4516364e-12,3.0392905e-14
765.45000,5.4449986e-12,3.1755993e-14
765.46000,5.4379128e-12,3.1805010e-14
765.47000,5.4326821e-12,3.0490601e-14
765.48000,5.4279327e-12,2.8413951e-14
765.49000,5.4204958e-12,2.6315899e-14
765.50000,5.4107048e-12,2.4649283e-14
765.51000,5.4004045e-12,2.3531128e-14
765.52000,5.3916666e-12,2.2845509e-14
765.53000,5.3846698e-12,2.2430060e-14
765.54000,5.3785671e-12,2.2151666e-14
765.55000,5.3729587e-12,2.1951309e-14
765.56000,5.3677910e-12,2.1799436e-14
765.57000,5.3634215e-12,2.1695651e-14
765.58000,5.3602552e-12,2.1630087e-14
765.59000,5.3589562e-12,2.1600684e-14
765.60000,5.3597233e-12,2.1598974e-14
765.61000,5.3614280e-12,2.1611416e-14
765.62000,5.3619312e-12,2.1620974e-14
765.63000,5.3598354e-12,2.1615311e-14
765.64000,5.3541689e-12,2.1582703e-14
765.65000,5.3471299e-12,2.1534028e-14
765.66000,5.3410366e-12,2.1481990e-14
765.67000,5.3383080e-12,2.1443034e-14
765.68000,5.3396015e-12,2.1424128e-14
765.69000,5.3433731e-12,2.1419999e-14
765.70000,5.3476986e-12,2.1423177e-14
765.71000,5.3513684e-12,2.1428676e-14
765.72000,5.3535684e-12,2.1436043e-14
765.73000,5.3543854e-12,2.1447525e-14
765.74000,5.3537182e-12,2.1466972e-14
765.75000,5.3516407e-12,2.1497970e-14
765.76000,5.3485899e-12,2.1540985e-14
765.77000,5.3457009e-12,2.1593714e-14
765.78000,5.3442757e-12,2.1653937e-14
765.79000,5.3468500e-12,2.1733228e-14
765.80000,5.3544147e-12,2.1857997e-14
765.81000,5.3685337e-12,2.2089919e-14
765.82000,5.3891327e-12,2.2522858e-14
765.83000,5.4144385e-12,2.3300427e-14
765.84000,5.4390877e-12,2.4498556e-14
765.85000,5.4558354e-12,2.6045309e-14
765.86000,5.4614509e-12,2.7658772e-14
765.87000,5.4542308e-12,2.8727691e-14
765.88000,5.4406810e-12,2.8855044e-14
765.89000,5.4240991e-12,2.7933356e-14
765.90000,5.4077369e-12,2.6428635e-14
765.91000,5.3951391e-12,2.5004462e-14
765.92000,5.3910394e-12,2.4103409e-14
765.93000,5.3977523e-12,2.3819756e-14
765.94000,5.4168105e-12,2.4278551e-14
765.95000,5.4413070e-12,2.5315065e-14
765.96000,5.4641598e-12,2.6817321e-14
765.97000,5.4772038e-12,2.8315673e-14
765.98000,5.4776609e-12,2.9128713e-14
765.99000,5.4700549e-12,2.8852563e-14
766.00000,5.4578297e-12,2.7623554e-14
766.01000,5.4413223e-12,2.5962589e-14
766.02000,5.4181437e-12,2.4418811e-14
766.03000,5.3914897e-12,2.3239863e-14
766.04000,5.3652327e-12,2.2473138e-14
766.05000,5.3437925e-12,2.2011988e-14
766.06000,5.3294051e-12,2.1740297e-14
766.07000,5.3218522e-12,2.1570728e-14
766.08000,5.3202454e-12,2.1463355e-14
766.09000,5.3225943e-12,2.1393357e-14
766.10000,5.3271626e-12,2.1353671e-14
766.11000,5.3314032e-12,2.1332542e-14
766.12000,5.3340862e-12,2.1326358e-14
766.13000,5.3352874e-12,2.1329604e-14
766.14000,5.3363052e-12,2.1335430e-14
766.15000,5.3381420e-12,2.1336246e-14
766.16000,5.3407741e-12,2.1328332e-14
766.17000,5.3435281e-12,2.1310470e-14
766.18000,5.3457265e-12,2.1289536e-14
766.19000,5.3471470e-12,2.1270919e-14
766.20000,5.3479558e-12,2.1258522e-14
766.21000,5.3481626e-12,2.1251566e-14
766.22000,5.3473200e-12,2.1245571e-14
766.23000,5.3445373e-12,2.1236882e-14
766.24000,5.3394898e-12,2.1224886e-14
766.25000,5.3316901e-12,2.1211094e-14
766.26000,5.3224369e-12,2.1199600e-14
766.27000,5.3131166e-12,2.1194716e-14
766.28000,5.3058669e-12,2.1200393e-14
766.29000,5.3024695e-12,2.1217608e-14
766.30000,5.3034267e-12,2.1242400e-14
766.31000,5.3078609e-12,2.1269167e-14
766.32000,5.3145325e-12,2.1293666e-14
766.33000,5.3215484e-12,2.1318669e-14
766.34000,5.3279204e-12,2.1354671e-14
766.35000,5.3333386e-12,2.1424222e-14
766.36000,5.3388953e-12,2.1573701e-14
766.37000,5.3468779e-12,2.1876576e-14
766.38000,5.3591714e-12,2.2438062e-14
766.39000,5.3751549e-12,2.3300515e-14
766.40000,5.3916017e-12,2.4493610e-14
766.41000,5.4039937e-12,2.5724867e-14
766.42000,5.4089949e-12,2.6604631e-14
766.43000,5.4054685e-12,2.6728739e-14
766.44000,5.3936691e-12,2.6006758e-14
766.45000,5.3762539e-12,2.4850085e-14
766.46000,5.3572177e-12,2.3750513e-14
766.47000,5.3406735e-12,2.2978574e-14
766.48000,5.3323370e-12,2.2756698e-14
766.49000,5.3326565e-12,2.3017327e-14
766.50000,5.3404830e-12,2.3773651e-14
766.51000,5.3513924e-12,2.4873805e-14
766.52000,5.3623450e-12,2.5962741e-14
766.53000,5.3732756e-12,2.6555234e-14
766.54000,5.3842858e-12,2.6412649e-14
766.55000,5.3918537e-12,2.5504841e-14
766.56000,5.3924017e-12,2.4314436e-14
766.57000,5.3840402e-12,2.3179399e-14
766.58000,5.3698199e-12,2.2360889e-14
766.59000,5.3544527e-12,2.1888287e-14
766.60000,5.3415200e-12,2.1639021e-14
766.61000,5.3325769e-12,2.1487119e-14
766.62000,5.3275082e-12,2.1357581e-14
766.63000,5.3265311e-12,2.1225029e-14
766.64000,5.3278284e-12,2.1101303e-14
766.65000,5.3301046e-12,2.1008376e-14
766.66000,5.3314560e-12,2.0963727e-14
766.67000,5.3306127e-12,2.0974542e-14
766.68000,5.3277117e-12,2.1029774e-14
766.69000,5.3235471e-12,2.1115656e-14
766.70000,5.3189071e-12,2.1216835e-14
766.71000,5.3140039e-12,2.1321320e-14
766.72000,5.3087359e-12,2.1418288e-14
766.73000,5.3030473e-12,2.1499288e-14
766.74000,5.2972909e-12,2.1557810e-14
766.75000,5.2920468e-12,2.1591244e-14
766.76000,5.2876854e-12,2.1604366e-14
766.77000,5.2843287e-12,2.1604486e-14
766.78000,5.2817913e-12,2.1598856e-14
766.79000,5.2800461e-12,2.1589467e-14
766.80000,5.2788654e-12,2.1573130e-14
766.81000,5.2782263e-12,2.1542002e-14
766.82000,5.2779808e-12,2.1487938e-14
766.83000,5.2778830e-12,2.1407939e-14
766.84000,5.2777571e-12,2.1305710e-14
766.85000,5.2776075e-12,2.1189546e-14
766.86000,5.2775464e-12,2.1069261e-14
766.87000,5.2776010e-12,2.0957244e-14
766.88000,5.2778762e-12,2.0867459e-14
766.89000,5.2788261e-12,2.0815256e-14
766.90000,5.2816130e-12,2.0817502e-14
766.91000,5.2875317e-12,2.0881144e-14
766.92000,5.2974013e-12,2.1006844e-14
766.93000,5.3107240e-12,2.1184692e-14
766.94000,5.3273022e-12,2.1434632e-14
766.95000,5.3456694e-12,2.1783333e-14
766.96000,5.3648026e-12,2.2304526e-14
766.97000,5.3823526e-12,2.3038426e-14
766.98000,5.3952444e-12,2.3904746e-14
766.99000,5.4017659e-12,2.4629755e-14
767.00000,5.4012412e-12,2.4889865e-14
767.01000,5.3948940e-12,2.4610401e-14
767.02000,5.3836074e-12,2.3842732e-14
767.03000,5.3713383e-12,2.2993688e-14
767.04000,5.3617970e-12,2.2328202e-14
767.05000,5.3591591e-12,2.2031875e-14
767.06000,5.3653775e-12,2.2157303e-14
767.07000,5.3778743e-12,2.2654442e-14
767.08000,5.3911431e-12,2.3410544e-14
767.09000,5.4005583e-12,2.4223959e-14
767.10000,5.4024495e-12,2.4749931e-14
767.11000,5.3993531e-12,2.4770311e-14
767.12000,5.3928557e-12,2.4233339e-14
767.13000,5.3833893e-12,2.3374103e-14
767.14000,5.3707770e-12,2.2518918e-14
767.15000,5.3567491e-12,2.1865874e-14
767.16000,5.3434584e-12,2.1432530e-14
767.17000,5.3326215e-12,2.1192347e-14
767.18000,5.3240657e-12,2.1051573e-14
767.19000,5.3181100e-12,2.0979263e-14
767.20000,5.3148993e-12,2.0941125e-14
767.21000,5.3147598e-12,2.0923346e-14
767.22000,5.3172148e-12,2.0917889e-14
767.23000,5.3207962e-12,2.0918920e-14
767.24000,5.3236641e-12,2.0921045e-14
767.25000,5.3228486e-12,2.0917065e-14
767.26000,5.3172856e-12,2.0903324e-14
767.27000,5.3063542e-12,2.0877902e-14
767.28000,5.2920954e-12,2.0844924e-14
767.29000,5.2780426e-12,2.0812057e-14
767.30000,5.2676234e-12,2.0786703e-14
767.31000,5.2627625e-12,2.0772668e-14
767.32000,5.2629914e-12,2.0768549e-14
767.33000,5.2678904e-12,2.0772406e-14
767.34000,5.2746937e-12,2.0778338e-14
767.35000,5.2819464e-12,2.0783283e-14
767.36000,5.2883474e-12,2.0785349e-14
767.37000,5.2935397e-12,2.0785037e-14
767.38000,5.2976048e-12,2.0784188e-14
767.39000,5.3001111e-12,2.0784119e-14
767.40000,5.3006686e-12,2.0785021e-14
767.41000,5.2982688e-12,2.0786125e-14
767.42000,5.2937547e-12,2.0785775e-14
767.43000,5.2882131e-12,2.0782558e-14
767.44000,5.2837650e-12,2.0776553e-14
767.45000,5.2823806e-12,2.0770119e-14
767.46000,5.2846909e-12,2.0766570e-14
767.47000,5.2900913e-12,2.0768056e-14
767.48000,5.2969676e-12,2.0774001e-14
767.49000,5.3033840e-12,2.0783452e-14
767.50000,5.3079548e-12,2.0794911e-14
767.51000,5.3101054e-12,2.0810780e-14
767.52000,5.3103829e-12,2.0840233e-14
767.53000,5.3104403e-12,2.0906664e-14
767.54000,5.3125802e-12,2.1050061e-14
767.55000,5.3185078e-12,2.1329744e-14
767.56000,5.3274545e-12,2.1763242e-14
767.57000,5.3363098e-12,2.2356639e-14
767.58000,5.3408262e-12,2.2955344e-14
767.59000,5.3387299e-12,2.3355313e-14
767.60000,5.3308942e-12,2.3357591e-14
767.61000,5.3204106e-12,2.2961633e-14
767.62000,5.3101792e-12,2.2370228e-14
767.63000,5.3017656e-12,2.1800930e-14
767.64000,5.2974291e-12,2.1450496e-14
767.65000,5.2982624e-12,2.1352289e-14
767.66000,5.3057047e-12,2.1553123e-14
767.67000,5.3184512e-12,2.2016691e-14
767.68000,5.3331243e-12,2.2635185e-14
767.69000,5.3453374e-12,2.3180050e-14
767.70000,5.3517962e-12,2.3403309e-14
767.71000,5.3517629e-12,2.3230579e-14
767.72000,5.3442890e-12,2.2692870e-14
767.73000,5.3323082e-12,2.2057287e-14
767.74000,5.3180613e-12,2.1486929e-14
767.75000,5.3048034e-12,2.1086943e-14
767.76000,5.2941492e-12,2.0856591e-14
767.77000,5.2858929e-12,2.0735629e-14
767.78000,5.2797525e-12,2.0674462e-14
767.79000,5.2757682e-12,2.0642666e-14
767.80000,5.2751037e-12,2.0629474e-14
767.81000,5.2772100e-12,2.0625839e-14
767.82000,5.2815092e-12,2.0629611e-14
767.83000,5.2863513e-12,2.0636988e-14
767.84000,5.2902563e-12,2.0644308e-14
767.85000,5.2923680e-12,2.0647817e-14
767.86000,5.2921617e-12,2.0644944e-14
767.87000,5.2896863e-12,2.0636253e-14
767.88000,5.2847171e-12,2.0624225e-14
767.89000,5.2784378e-12,2.0613800e-14
767.90000,5.2716356e-12,2.0606823e-14
767.91000,5.2652820e-12,2.0598642e-14
767.92000,5.2600602e-12,2.0571120e-14
767.93000,5.2563961e-12,2.0490993e-14
767.94000,5.2545735e-12,2.0301408e-14
767.95000,5.2541945e-12,1.9965243e-14
767.96000,5.2543673e-12,1.9393004e-14
767.97000,5.2537921e-12,1.8632959e-14
767.98000,5.2519091e-12,1.7742276e-14
767.99000,5.2492580e-12,1.6870440e-14
768.00000,5.2473981e-12,1.6168184e-14
768.01000,5.2478465e-12,1.5691654e-14
768.02000,5.2513939e-12,1.5422746e-14
768.03000,5.2575203e-12,1.5288456e-14
768.04000,5.2654310e-12,1.5242158e-14
768.05000,5.2733003e-12,1.5227195e-14
768.06000,5.2800091e-12,1.5228965e-14
768.07000,5.2850029e-12,1.5236251e-14
768.08000,5.2885268e-12,1.5245191e-14
768.09000,5.2912839e-12,1.5253181e-14
768.10000,5.2936147e-12,1.5258074e-14
768.11000,5.2955484e-12,1.5259413e-14
768.12000,5.2966256e-12,1.5257663e-14
768.13000,5.2966952e-12,1.5256683e-14
768.14000,5.2956760e-12,1.5262404e-14
768.15000,5.2940951e-12,1.5286556e-14
768.16000,5.2928662e-12,1.5352669e-14
768.17000,5.2926567e-12,1.5488478e-14
768.18000,5.2934441e-12,1.5715649e-14
768.19000,5.2946893e-12,1.6015129e-14
768.20000,5.2957755e-12,1.6319603e-14
768.21000,5.2960250e-12,1.6515940e-14
768.22000,5.2941296e-12,1.6512222e-14
768.23000,5.2886602e-12,1.6305133e-14
768.24000,5.2797607e-12,1.5990491e-14
768.25000,5.2704651e-12,1.5703284e-14
768.26000,5.2647354e-12,1.5534972e-14
768.27000,5.2644529e-12,1.5503212e-14
768.28000,5.2722015e-12,1.5643274e-14
768.29000,5.2865854e-12,1.5907168e-14
768.30000,5.3066722e-12,1.6247203e-14
768.31000,5.3275999e-12,1.6537590e-14
768.32000,5.3416653e-12,1.6633820e-14
768.33000,5.3439072e-12,1.6492378e-14
768.34000,5.3354265e-12,1.6183868e-14
768.35000,5.3219643e-12,1.5830731e-14
768.36000,5.3091591e-12,1.5547566e-14
768.37000,5.2992484e-12,1.5358077e-14
768.38000,5.2922176e-12,1.5256948e-14
768.39000,5.2869419e-12,1.5210396e-14
768.40000,5.2825285e-12,1.5192092e-14
768.41000,5.2783807e-12,1.5185137e-14
768.42000,5.2742413e-12,1.5181902e-14
768.43000,5.2701379e-12,1.5178785e-14
768.44000,5.2665499e-12,1.5174158e-14
768.45000,5.2639986e-12,1.5168692e-14
768.46000,5.2631363e-12,1.5163608e-14
768.47000,5.2643052e-12,1.5160510e-14
768.48000,5.2673282e-12,1.5160311e-14
768.49000,5.2711470e-12,1.5162244e-14
768.50000,5.2744876e-12,1.5164571e-14
768.51000,5.2767037e-12,1.5165932e-14
768.52000,5.2775132e-12,1.5165673e-14
768.53000,5.2776946e-12,1.5164969e-14
768.54000,5.2776037e-12,1.5164765e-14
768.55000,5.2773022e-12,1.5165723e-14
768.56000,5.2763870e-12,1.5168200e-14
768.57000,5.2745270e-12,1.5171981e-14
768.58000,5.2715692e-12,1.5175244e-14
768.59000,5.2676234e-12,1.5175357e-14
768.60000,5.2623954e-12,1.5167257e-14
768.61000,5.2560999e-12,1.5151323e-14
768.62000,5.2489422e-12,1.5129533e-14
768.63000,5.2417248e-12,1.5107912e-14
768.64000,5.2354706e-12,1.5092734e-14
768.65000,5.2308109e-12,1.5086722e-14
768.66000,5.2278721e-12,1.5089376e-14
768.67000,5.2261804e-12,1.5097558e-14
768.68000,5.2252961e-12,1.5108701e-14
768.69000,5.2245339e-12,1.5119932e-14
768.70000,5.2235923e-12,1.5129882e-14
768.71000,5.2222929e-12,1.5137380e-14
768.72000,5.2206441e-12,1.5141391e-14
768.73000,5.2188762e-12,1.5141472e-14
768.74000,5.2173919e-12,1.5136997e-14
768.75000,5.2165328e-12,1.5128222e-14
768.76000,5.2170056e-12,1.5114923e-14
768.77000,5.2189269e-12,1.5100610e-14
768.78000,5.2225819e-12,1.5090588e-14
768.79000,5.2278192e-12,1.5094479e-14
768.80000,5.2346711e-12,1.5128444e-14
768.81000,5.2435857e-12,1.5209778e-14
768.82000,5.2555561e-12,1.5354110e-14
768.83000,5.2705379e-12,1.5553552e-14
768.84000,5.2869207e-12,1.5774655e-14
768.85000,5.3004841e-12,1.5947607e-14
768.86000,5.3074767e-12,1.6020815e-14
768.87000,5.3069679e-12,1.6013468e-14
768.88000,5.3018041e-12,1.6053670e-14
768.89000,5.2974499e-12,1.6329395e-14
768.90000,5.2986373e-12,1.6997645e-14
768.91000,5.3067904e-12,1.8056791e-14
768.92000,5.3225679e-12,1.9460413e-14
768.93000,5.3419223e-12,2.0942040e-14
768.94000,5.3620922e-12,2.2290803e-14
768.95000,5.3796993e-12,2.3296265e-14
768.96000,5.3920666e-12,2.3836404e-14
768.97000,5.3976825e-12,2.3953172e-14
768.98000,5.3962923e-12,2.3786124e-14
768.99000,5.3897487e-12,2.3503226e-14
769.00000,5.3805574e-12,2.3243325e-14
769.01000,5.3719469e-12,2.3061062e-14
769.02000,5.3656045e-12,2.2966729e-14
769.03000,5.3620982e-12,2.2932733e-14
769.04000,5.3608269e-12,2.2929499e-14
769.05000,5.3604236e-12,2.2933955e-14
769.06000,5.3597621e-12,2.2934212e-14
769.07000,5.3584997e-12,2.2926827e-14
769.08000,5.3569519e-12,2.2910737e-14
769.09000,5.3559237e-12,2.2890109e-14
769.10000,5.3561742e-12,2.2868618e-14
769.11000,5.3580583e-12,2.2851661e-14
769.12000,5.3612753e-12,2.2843023e-14
769.13000,5.3648530e-12,2.2842834e-14
769.14000,5.3677403e-12,2.2848194e-14
769.15000,5.3692591e-12,2.2856025e-14
769.16000,5.3694850e-12,2.2864504e-14
769.17000,5.3685478e-12,2.2873285e-14
769.18000,5.3669919e-12,2.2881972e-14
769.19000,5.3648564e-12,2.2888552e-14
769.20000,5.3620187e-12,2.2888773e-14
769.21000,5.3585158e-12,2.2878569e-14
769.22000,5.3550963e-12,2.2858729e-14
769.23000,5.3530722e-12,2.2835407e-14
769.24000,5.3530789e-12,2.2815694e-14
769.25000,5.3553801e-12,2.2807964e-14
769.26000,5.3583260e-12,2.2812166e-14
769.27000,5.3605959e-12,2.2826839e-14
769.28000,5.3613448e-12,2.2846426e-14
769.29000,5.3607976e-12,2.2864881e-14
769.30000,5.3597215e-12,2.2877470e-14
769.31000,5.3586528e-12,2.2881149e-14
769.32000,5.3578183e-12,2.2876217e-14
769.33000,5.3574350e-12,2.2862280e-14
769.34000,5.3573246e-12,2.2843884e-14
769.35000,5.3569921e-12,2.2824125e-14
769.36000,5.3555332e-12,2.2806897e-14
769.37000,5.3521847e-12,2.2795165e-14
769.38000,5.3473240e-12,2.2790259e-14
769.39000,5.3422611e-12,2.2792592e-14
769.40000,5.3382671e-12,2.2800077e-14
769.41000,5.3366663e-12,2.2808316e-14
769.42000,5.3367346e-12,2.2811542e-14
769.43000,5.3375951e-12,2.2806505e-14
769.44000,5.3379907e-12,2.2795359e-14
769.45000,5.3374953e-12,2.2786190e-14
769.46000,5.3368002e-12,2.2791414e-14
769.47000,5.3371578e-12,2.2827669e-14
769.48000,5.3394013e-12,2.2905260e-14
769.49000,5.3445886e-12,2.3041332e-14
769.50000,5.3519616e-12,2.3210779e-14
769.51000,5.3605999e-12,2.3374657e-14
769.52000,5.3682131e-12,2.3468446e-14
769.53000,5.3722114e-12,2.3444342e-14
769.54000,5.3713929e-12,2.3315354e-14
769.55000,5.3667068e-12,2.3142906e-14
769.56000,5.3602789e-12,2.2986928e-14
769.57000,5.3543173e-12,2.2902241e-14
769.58000,5.3499130e-12,2.2895405e-14
769.59000,5.3475567e-12,2.2977536e-14
769.60000,5.3468194e-12,2.3128270e-14
769.61000,5.3464442e-12,2.3300611e-14
769.62000,5.3441357e-12,2.3418891e-14
769.63000,5.3376988e-12,2.3424013e-14
769.64000,5.3263565e-12,2.3307483e-14
769.65000,5.3116779e-12,2.3118752e-14
769.66000,5.2960570e-12,2.2921831e-14
769.67000,5.2823391e-12,2.2766790e-14
769.68000,5.2725837e-12,2.2670063e-14
769.69000,5.2681667e-12,2.2623528e-14
769.70000,5.2695415e-12,2.2611553e-14
769.71000,5.2753439e-12,2.2618320e-14
769.72000,5.2834483e-12,2.2633741e-14
769.73000,5.2918425e-12,2.2651336e-14
769.74000,5.2989861e-12,2.2668237e-14
769.75000,5.3046543e-12,2.2684443e-14
769.76000,5.3083154e-12,2.2698575e-14
769.77000,5.3091936e-12,2.2705878e-14
769.78000,5.3062756e-12,2.2699287e-14
769.79000,5.3000317e-12,2.2677396e-14
769.80000,5.2923232e-12,2.2645536e-14
769.81000,5.2853916e-12,2.2612433e-14
769.82000,5.2823110e-12,2.2589690e-14
769.83000,5.2838667e-12,2.2582466e-14
769.84000,5.2905383e-12,2.2595201e-14
769.85000,5.3002935e-12,2.2625371e-14
769.86000,5.3095630e-12,2.2665606e-14
769.87000,5.3145619e-12,2.2703959e-14
769.88000,5.3133167e-12,2.2729026e-14
769.89000,5.3067100e-12,2.2736367e-14
769.90000,5.2968743e-12,2.2724370e-14
769.91000,5.2872428e-12,2.2703057e-14
769.92000,5.2798149e-12,2.2679554e-14
769.93000,5.2753923e-12,2.2661292e-14
769.94000,5.2732262e-12,2.2650261e-14
769.95000,5.2716972e-12,2.2643888e-14
769.96000,5.2696549e-12,2.2638304e-14
769.97000,5.2673353e-12,2.2631374e-14
769.98000,5.2657774e-12,2.2623158e-14
769.99000,5.2669855e-12,2.2615011e-14
770.00000,5.2712624e-12,2.2608724e-14
770.01000,5.2783391e-12,2.2605774e-14
770.02000,5.2865522e-12,2.2606677e-14
770.03000,5.2939475e-12,2.2610528e-14
770.04000,5.2990982e-12,2.2614655e-14
770.05000,5.3010796e-12,2.2615869e-14
770.06000,5.2998978e-12,2.2612435e-14
770.07000,5.2948011e-12,2.2601593e-14
770.08000,5.2869616e-12,2.2584536e-14
770.09000,5.2771697e-12,2.2562196e-14
770.10000,5.2674242e-12,2.2539203e-14
770.11000,5.2599732e-12,2.2522453e-14
770.12000,5.2563713e-12,2.2517528e-14
770.13000,5.2570764e-12,2.2525916e-14
770.14000,5.2611691e-12,2.2544369e-14
770.15000,5.2675570e-12,2.2570561e-14
770.16000,5.2744413e-12,2.2603172e-14
770.17000,5.2808791e-12,2.2646597e-14
770.18000,5.2860597e-12,2.2703924e-14
770.19000,5.2893445e-12,2.2770302e-14
770.20000,5.2901702e-12,2.2826606e-14
770.21000,5.2884602e-12,2.2849089e-14
770.22000,5.2848609e-12,2.2824441e-14
770.23000,5.2806392e-12,2.2763740e-14
770.24000,5.2774829e-12,2.2688821e-14
770.25000,5.2764341e-12,2.2629905e-14
770.26000,5.2781873e-12,2.2605088e-14
770.27000,5.2825347e-12,2.2621327e-14
770.28000,5.2885450e-12,2.2675772e-14
770.29000,5.2945355e-12,2.2751748e-14
770.30000,5.2986986e-12,2.2823756e-14
770.31000,5.3001636e-12,2.2869856e-14
770.32000,5.2979899e-12,2.2862522e-14
770.33000,5.2936121e-12,2.2814114e-14
770.34000,5.2878631e-12,2.2738694e-14
770.35000,5.2816459e-12,2.2662280e-14
770.36000,5.2748808e-12,2.2600177e-14
770.37000,5.2672046e-12,2.2553844e-14
770.38000,5.2589297e-12,2.2519599e-14
770.39000,5.2509744e-12,2.2493687e-14
770.40000,5.2447663e-12,2.2474625e-14
770.41000,5.2404769e-12,2.2458932e-14
770.42000,5.2380546e-12,2.2445582e-14
770.43000,5.2368615e-12,2.2434540e-14
770.44000,5.2367723e-12,2.2427188e-14
770.45000,5.2383640e-12,2.2424059e-14
770.46000,5.2423199e-12,2.2424279e-14
770.47000,5.2489654e-12,2.2427646e-14
770.48000,5.2577000e-12,2.2434323e-14
770.49000,5.2678649e-12,2.2445441e-14
770.50000,5.2780255e-12,2.2458401e-14
770.51000,5.2871023e-12,2.2470168e-14
770.52000,5.2941343e-12,2.2478157e-14
770.53000,5.2985485e-12,2.2483094e-14
770.54000,5.3005554e-12,2.2488171e-14
770.55000,5.3003567e-12,2.2494307e-14
770.56000,5.2982234e-12,2.2499099e-14
770.57000,5.2934556e-12,2.2495441e-14
770.58000,5.2862946e-12,2.2481078e-14
770.59000,5.2768481e-12,2.2456554e-14
770.60000,5.2665179e-12,2.2429530e-14
770.61000,5.2573477e-12,2.2409708e-14
770.62000,5.2513558e-12,2.2403487e-14
770.63000,5.2496625e-12,2.2410347e-14
770.64000,5.2524824e-12,2.2424391e-14
770.65000,5.2586647e-12,2.2438696e-14
770.66000,5.2672870e-12,2.2447549e-14
770.67000,5.2765599e-12,2.2451955e-14
770.68000,5.2856100e-12,2.2454566e-14
770.69000,5.2937905e-12,2.2458271e-14
770.70000,5.3007857e-12,2.2463856e-14
770.71000,5.3065070e-12,2.2471728e-14
770.72000,5.3108063e-12,2.2484008e-14
770.73000,5.3138017e-12,2.2501966e-14
770.74000,5.3153707e-12,2.2525759e-14
770.75000,5.3161027e-12,2.2548758e-14
770.76000,5.3162784e-12,2.2563230e-14
770.77000,5.3162640e-12,2.2562215e-14
770.78000,5.3161800e-12,2.2543868e-14
770.79000,5.3160749e-12,2.2514074e-14
770.80000,5.3161215e-12,2.2481836e-14
770.81000,5.3165750e-12,2.2455462e-14
770.82000,5.3174300e-12,2.2438044e-14
770.83000,5.3182507e-12,2.2431899e-14
770.84000,5.3180740e-12,2.2432678e-14
770.85000,5.3158497e-12,2.2437250e-14
770.86000,5.3109166e-12,2.2442096e-14
770.87000,5.3033467e-12,2.2446488e-14
770.88000,5.2941093e-12,2.2452566e-14
770.89000,5.2843285e-12,2.2463117e-14
770.90000,5.2748045e-12,2.2478008e-14
770.91000,5.2661920e-12,2.2492392e-14
770.92000,5.2584969e-12,2.2497463e-14
770.93000,5.2518835e-12,2.2484989e-14
770.94000,5.2463084e-12,2.2453362e-14
770.95000,5.2416960e-12,2.2408918e-14
770.96000,5.2378749e-12,2.2364185e-14
770.97000,5.2348341e-12,2.2331498e-14
770.98000,5.2326163e-12,2.2317520e-14
770.99000,5.2315024e-12,2.2330931e-14
771.00000,5.2311457e-12,2.2366184e-14
771.01000,5.2311085e-12,2.2417305e-14
771.02000,5.2306708e-12,2.2466202e-14
771.03000,5.2295746e-12,2.2493354e-14
771.04000,5.2283613e-12,2.2486441e-14
771.05000,5.2280451e-12,2.2450091e-14
771.06000,5.2293676e-12,2.2398978e-14
771.07000,5.2320860e-12,2.2348130e-14
771.08000,5.2351667e-12,2.2310798e-14
771.09000,5.2369979e-12,2.2286650e-14
771.10000,5.2364247e-12,2.2274173e-14
771.11000,5.2331834e-12,2.2268911e-14
771.12000,5.2277456e-12,2.2269283e-14
771.13000,5.2210593e-12,2.2274452e-14
771.14000,5.2138453e-12,2.2281154e-14
771.15000,5.2064154e-12,2.2282282e-14
771.16000,5.1987644e-12,2.2272981e-14
771.17000,5.1905565e-12,2.2248318e-14
771.18000,5.1819262e-12,2.2214942e-14
771.19000,5.1739249e-12,2.2181629e-14
771.20000,5.1691986e-12,2.2160990e-14
771.21000,5.1714195e-12,2.2162839e-14
771.22000,5.1823422e-12,2.2187024e-14
771.23000,5.2007024e-12,2.2225524e-14
771.24000,5.2223582e-12,2.2267430e-14
771.25000,5.2414088e-12,2.2302497e-14
771.26000,5.2541312e-12,2.2328655e-14
771.27000,5.2583442e-12,2.2344986e-14
771.28000,5.2550788e-12,2.2352063e-14
771.29000,5.2469613e-12,2.2349051e-14
771.30000,5.2375819e-12,2.2337099e-14
771.31000,5.2299812e-12,2.2320857e-14
771.32000,5.2264617e-12,2.2307167e-14
771.33000,5.2274160e-12,2.2299853e-14
771.34000,5.2335642e-12,2.2301394e-14
771.35000,5.2428257e-12,2.2308323e-14
771.36000,5.2535022e-12,2.2318641e-14
771.37000,5.2629531e-12,2.2329543e-14
771.38000,5.2685964e-12,2.2337414e-14
771.39000,5.2689411e-12,2.2338506e-14
771.40000,5.2634481e-12,2.2330836e-14
771.41000,5.2533433e-12,2.2316227e-14
771.42000,5.2400325e-12,2.2297135e-14
771.43000,5.2265918e-12,2.2277328e-14
771.44000,5.2151439e-12,2.2258624e-14
771.45000,5.2072458e-12,2.2242681e-14
771.46000,5.2030943e-12,2.2230390e-14
771.47000,5.2015369e-12,2.2221349e-14
771.48000,5.2011357e-12,2.2214608e-14
771.49000,5.2011646e-12,2.2210191e-14
771.50000,5.2016191e-12,2.2208581e-14
771.51000,5.2033413e-12,2.2212253e-14
771.52000,5.2066313e-12,2.2221609e-14
771.53000,5.2115014e-12,2.2236965e-14
771.54000,5.2172154e-12,2.2255634e-14
771.55000,5.2229487e-12,2.2272596e-14
771.56000,5.2281380e-12,2.2282590e-14
771.57000,5.2323450e-12,2.2282473e-14
771.58000,5.2353301e-12,2.2273490e-14
771.59000,5.2368021e-12,2.2259110e-14
771.60000,5.2377451e-12,2.2246357e-14
771.61000,5.2393744e-12,2.2240710e-14
771.62000,5.2429716e-12,2.2245814e-14
771.63000,5.2487745e-12,2.2262310e-14
771.64000,5.2557426e-12,2.2287869e-14
771.65000,5.2622943e-12,2.2317287e-14
771.66000,5.2671872e-12,2.2343497e-14
771.67000,5.2701685e-12,2.2361337e-14
771.68000,5.2709008e-12,2.2363515e-14
771.69000,5.2702094e-12,2.2353262e-14
771.70000,5.2684255e-12,2.2333793e-14
771.71000,5.2663715e-12,2.2313420e-14
771.72000,5.2651653e-12,2.2300470e-14
771.73000,5.2658746e-12,2.2299764e-14
771.74000,5.2686992e-12,2.2310359e-14
771.75000,5.2725200e-12,2.2325508e-14
771.76000,5.2757066e-12,2.2337214e-14
771.77000,5.2759755e-12,2.2335516e-14
771.78000,5.2728505e-12,2.2320090e-14
771.79000,5.2663161e-12,2.2293525e-14
771.80000,5.2575922e-12,2.2263535e-14
771.81000,5.2481852e-12,2.2237123e-14
771.82000,5.2394806e-12,2.2217268e-14
771.83000,5.2323726e-12,2.2203602e-14
771.84000,5.2270011e-12,2.2193854e-14
771.85000,5.2234836e-12,2.2186197e-14
771.86000,5.2209151e-12,2.2178696e-14
771.87000,5.2188211e-12,2.2170666e-14
771.88000,5.2170607e-12,2.2162677e-14
771.89000,5.2167358e-12,2.2157107e-14
771.90000,5.2197401e-12,2.2156905e-14
771.91000,5.2269521e-12,2.2163655e-14
771.92000,5.2374236e-12,2.2177908e-14
771.93000,5.2489329e-12,2.2198117e-14
771.94000,5.2586976e-12,2.2221559e-14
771.95000,5.2656187e-12,2.2241673e-14
771.96000,5.2692365e-12,2.2253009e-14
771.97000,5.2701251e-12,2.2253970e-14
771.98000,5.2687388e-12,2.2247764e-14
771.99000,5.2654205e-12,2.2238913e-14
772.00000,5.2606534e-12,2.2228303e-14
772.01000,5.2556040e-12,2.2214443e-14
772.02000,5.2515541e-12,2.2197834e-14
772.03000,5.2501391e-12,2.2183511e-14
772.04000,5.2508062e-12,2.2178917e-14
772.05000,5.2522470e-12,2.2189964e-14
772.06000,5.2523909e-12,2.2216011e-14
772.07000,5.2500185e-12,2.2248989e-14
772.08000,5.2457393e-12,2.2275338e-14
772.09000,5.2410088e-12,2.2283120e-14
772.10000,5.2370337e-12,2.2269668e-14
772.11000,5.2347875e-12,2.2235523e-14
772.12000,5.2339610e-12,2.2193275e-14
772.13000,5.2344011e-12,2.2150768e-14
772.14000,5.2355357e-12,2.2115303e-14
772.15000,5.2366532e-12,2.2088926e-14
772.16000,5.2367828e-12,2.2069804e-14
772.17000,5.2352471e-12,2.2054647e-14
772.18000,5.2320979e-12,2.2041810e-14
772.19000,5.2281615e-12,2.2030962e-14
772.20000,5.2248164e-12,2.2023860e-14
772.21000,5.2231022e-12,2.2021143e-14
772.22000,5.2236728e-12,2.2024229e-14
772.23000,5.2260649e-12,2.2033245e-14
772.24000,5.2289852e-12,2.2047906e-14
772.25000,5.2310866e-12,2.2067657e-14
772.26000,5.2319806e-12,2.2092097e-14
772.27000,5.2320883e-12,2.2120001e-14
772.28000,5.2319432e-12,2.2148335e-14
772.29000,5.2315808e-12,2.2169505e-14
772.30000,5.2306860e-12,2.2177392e-14
772.31000,5.2289500e-12,2.2167193e-14
772.32000,5.2264683e-12,2.2141974e-14
772.33000,5.2235776e-12,2.2111272e-14
772.34000,5.2204215e-12,2.2087278e-14
772.35000,5.2166260e-12,2.2077535e-14
772.36000,5.2116350e-12,2.2082469e-14
772.37000,5.2055502e-12,2.2095576e-14
772.38000,5.1992778e-12,2.2107616e-14
772.39000,5.1945036e-12,2.2111215e-14
772.40000,5.1923511e-12,2.2104349e-14
772.41000,5.1924321e-12,2.2090764e-14
772.42000,5.1928537e-12,2.2075126e-14
772.43000,5.1916632e-12,2.2058949e-14
772.44000,5.1885743e-12,2.2041739e-14
772.45000,5.1849317e-12,2.2024852e-14
772.46000,5.1833536e-12,2.2015028e-14
772.47000,5.1848872e-12,2.2016473e-14
772.48000,5.1896053e-12,2.2030878e-14
772.49000,5.1956731e-12,2.2052382e-14
772.50000,5.2010842e-12,2.2072504e-14
772.51000,5.2049033e-12,2.2084202e-14
772.52000,5.2077690e-12,2.2085635e-14
772.53000,5.2107023e-12,2.2078760e-14
772.54000,5.2140464e-12,2.2067688e-14
772.55000,5.2170550e-12,2.2055710e-14
772.56000,5.2186255e-12,2.2044148e-14
772.57000,5.2179894e-12,2.2032848e-14
772.58000,5.2154930e-12,2.2021907e-14
772.59000,5.2122607e-12,2.2012326e-14
772.60000,5.2095233e-12,2.2005181e-14
772.61000,5.2079073e-12,2.2000643e-14
772.62000,5.2074708e-12,2.1998283e-14
772.63000,5.2078158e-12,2.1997246e-14
772.64000,5.2083213e-12,2.1996579e-14
772.65000,5.2081437e-12,2.1995071e-14
772.66000,5.2066914e-12,2.1992088e-14
772.67000,5.2040242e-12,2.1988206e-14
772.68000,5.2008568e-12,2.1985217e-14
772.69000,5.1980783e-12,2.1984950e-14
772.70000,5.1961365e-12,2.1987912e-14
772.71000,5.1951421e-12,2.1993384e-14
772.72000,5.1949737e-12,2.2000009e-14
772.73000,5.1957774e-12,2.2006344e-14
772.74000,5.1971725e-12,2.2011150e-14
772.75000,5.1988239e-12,2.2013360e-14
772.76000,5.2002460e-12,2.2012599e-14
772.77000,5.2011557e-12,2.2009338e-14
772.78000,5.2015818e-12,2.2005313e-14
772.79000,5.2017586e-12,2.2003028e-14
772.80000,5.2019925e-12,2.2005299e-14
772.81000,5.2024449e-12,2.2012958e-14
772.82000,5.2031581e-12,2.2026757e-14
772.83000,5.2039890e-12,2.2043063e-14
772.84000,5.2050326e-12,2.2058391e-14
772.85000,5.2065956e-12,2.2068602e-14
772.86000,5.2089240e-12,2.2071033e-14
772.87000,5.2115893e-12,2.2066216e-14
772.88000,5.2135782e-12,2.2056079e-14
772.89000,5.2137375e-12,2.2042419e-14
772.90000,5.2118269e-12,2.2026712e-14
772.91000,5.2077460e-12,2.2010516e-14
772.92000,5.2027419e-12,2.1997141e-14
772.93000,5.1976387e-12,2.1990300e-14
772.94000,5.1930991e-12,2.1991698e-14
772.95000,5.1891325e-12,2.1998796e-14
772.96000,5.1851710e-12,2.2004647e-14
772.97000,5.1805863e-12,2.2002613e-14
772.98000,5.1751995e-12,2.1990895e-14
772.99000,5.1693184e-12,2.1970608e-14
773.00000,5.1638368e-12,2.1948433e-14
773.01000,5.1595970e-12,2.1929211e-14
773.02000,5.1571461e-12,2.1917095e-14
773.03000,5.1565165e-12,2.1913430e-14
773.04000,5.1573704e-12,2.1917191e-14
773.05000,5.1591803e-12,2.1924686e-14
773.06000,5.1618381e-12,2.1931814e-14
773.07000,5.1654263e-12,2.1935859e-14
773.08000,5.1703535e-12,2.1934937e-14
773.09000,5.1761203e-12,2.1931185e-14
773.10000,5.1820766e-12,2.1926802e-14
773.11000,5.1872587e-12,2.1924844e-14
773.12000,5.1911437e-12,2.1926847e-14
773.13000,5.1935320e-12,2.1931832e-14
773.14000,5.1941445e-12,2.1936182e-14
773.15000,5.1921891e-12,2.1935879e-14
773.16000,5.1874386e-12,2.1929521e-14
773.17000,5.1798179e-12,2.1916978e-14
773.18000,5.1711851e-12,2.1902180e-14
773.19000,5.1630170e-12,2.1887645e-14
773.20000,5.1568081e-12,2.1875714e-14
773.21000,5.1531715e-12,2.1867344e-14
773.22000,5.1519378e-12,2.1862394e-14
773.23000,5.1523539e-12,2.1859723e-14
773.24000,5.1539292e-12,2.1858753e-14
773.25000,5.1564317e-12,2.1859622e-14
773.26000,5.1601752e-12,2.1863940e-14
773.27000,5.1646789e-12,2.1871468e-14
773.28000,5.1691003e-12,2.1881614e-14
773.29000,5.1721497e-12,2.1891833e-14
773.30000,5.1734252e-12,2.1899256e-14
773.31000,5.1742036e-12,2.1902529e-14
773.32000,5.1766979e-12,2.1903287e-14
773.33000,5.1823817e-12,2.1903776e-14
773.34000,5.1908086e-12,2.1904718e-14
773.35000,5.2003892e-12,2.1905316e-14
773.36000,5.2088869e-12,2.1905222e-14
773.37000,5.2150953e-12,2.1904552e-14
773.38000,5.2189221e-12,2.1903310e-14
773.39000,5.2209441e-12,2.1901718e-14
773.40000,5.2216212e-12,2.1901602e-14
773.41000,5.2210356e-12,2.1904449e-14
773.42000,5.2189848e-12,2.1907821e-14
773.43000,5.2155649e-12,2.1907245e-14
773.44000,5.2106132e-12,2.1897468e-14
773.45000,5.2044737e-12,2.1881756e-14
773.46000,5.1970723e-12,2.1863047e-14
773.47000,5.1888142e-12,2.1843656e-14
773.48000,5.1805119e-12,2.1823257e-14
773.49000,5.1732159e-12,2.1803527e-14
773.50000,5.1674190e-12,2.1789080e-14
773.51000,5.1628172e-12,2.1782015e-14
773.52000,5.1586072e-12,2.1778406e-14
773.53000,5.1537808e-12,2.1769427e-14
773.54000,5.1479369e-12,2.1752769e-14
773.55000,5.1410204e-12,2.1732522e-14
773.56000,5.1338015e-12,2.1718461e-14
773.57000,5.1276681e-12,2.1715835e-14
773.58000,5.1242729e-12,2.1720073e-14
773.59000,5.1243689e-12,2.1721512e-14
773.60000,5.1276073e-12,2.1716520e-14
773.61000,5.1326085e-12,2.1709832e-14
773.62000,5.1378107e-12,2.1713434e-14
773.63000,5.1422053e-12,2.1730820e-14
773.64000,5.1455591e-12,2.1758410e-14
773.65000,5.1481722e-12,2.1781277e-14
773.66000,5.1501459e-12,2.1784451e-14
773.67000,5.1509945e-12,2.1763061e-14
773.68000,5.1502849e-12,2.1728771e-14
773.69000,5.1483832e-12,2.1700446e-14
773.70000,5.1464286e-12,2.1691214e-14
773.71000,5.1462027e-12,2.1711929e-14
773.72000,5.1480340e-12,2.1749351e-14
773.73000,5.1516539e-12,2.1787426e-14
773.74000,5.1557824e-12,2.1803784e-14
773.75000,5.1594986e-12,2.1788546e-14
773.76000,5.1627415e-12,2.1749905e-14
773.77000,5.1659675e-12,2.1708254e-14
773.78000,5.1692234e-12,2.1678490e-14
773.79000,5.1720869e-12,2.1663921e-14
773.80000,5.1735864e-12,2.1666729e-14
773.81000,5.1735062e-12,2.1685206e-14
773.82000,5.1717148e-12,2.1724018e-14
773.83000,5.1688983e-12,2.1781236e-14
773.84000,5.1661699e-12,2.1846061e-14
773.85000,5.1648372e-12,2.1897461e-14
773.86000,5.1653841e-12,2.1915598e-14
773.87000,5.1671914e-12,2.1891392e-14
773.88000,5.1689383e-12,2.1830689e-14
773.89000,5.1698942e-12,2.1751718e-14
773.90000,5.1703511e-12,2.1676046e-14
773.91000,5.1718806e-12,2.1620819e-14
773.92000,5.1755270e-12,2.1594345e-14
773.93000,5.1806378e-12,2.1593229e-14
773.94000,5.1846133e-12,2.1607396e-14
773.95000,5.1847523e-12,2.1625210e-14
773.96000,5.1801232e-12,2.1641086e-14
773.97000,5.1718732e-12,2.1654597e-14
773.98000,5.1622531e-12,2.1667292e-14
773.99000,5.1536752e-12,2.1679821e-14
774.00000,5.1475245e-12,2.1691024e-14
774.01000,5.1446099e-12,2.1698762e-14
774.02000,5.1447698e-12,2.1700864e-14
774.03000,5.1472989e-12,2.1695285e-14
774.04000,5.1508802e-12,2.1681169e-14
774.05000,5.1542168e-12,2.1658541e-14
774.06000,5.1563496e-12,2.1628402e-14
774.07000,5.1571781e-12,2.1593451e-14
774.08000,5.1568771e-12,2.1556899e-14
774.09000,5.1563091e-12,2.1523727e-14
774.10000,5.1558598e-12,2.1499413e-14
774.11000,5.1556643e-12,2.1490060e-14
774.12000,5.1554812e-12,2.1502239e-14
774.13000,5.1547027e-12,2.1539207e-14
774.14000,5.1524377e-12,2.1598249e-14
774.15000,5.1478280e-12,2.1668746e-14
774.16000,5.1410410e-12,2.1736139e-14
774.17000,5.1328473e-12,2.1775590e-14
774.18000,5.1252702e-12,2.1777783e-14
774.19000,5.1197051e-12,2.1737193e-14
774.20000,5.1166910e-12,2.1667803e-14
774.21000,5.1156909e-12,2.1591864e-14
774.22000,5.1155441e-12,2.1530007e-14
774.23000,5.1153330e-12,2.1490885e-14
774.24000,5.1148662e-12,2.1474667e-14
774.25000,5.1144801e-12,2.1476446e-14
774.26000,5.1150289e-12,2.1498831e-14
774.27000,5.1168297e-12,2.1536343e-14
774.28000,5.1200079e-12,2.1582819e-14
774.29000,5.1239822e-12,2.1621400e-14
774.30000,5.1279646e-12,2.1635785e-14
774.31000,5.1314720e-12,2.1621969e-14
774.32000,5.1348337e-12,2.1594088e-14
774.33000,5.1390655e-12,2.1572641e-14
774.34000,5.1449183e-12,2.1569748e-14
774.35000,5.1529928e-12,2.1592155e-14
774.36000,5.1619969e-12,2.1625651e-14
774.37000,5.1705503e-12,2.1656428e-14
774.38000,5.1771835e-12,2.1669379e-14
774.39000,5.1816356e-12,2.1661968e-14
774.40000,5.1849189e-12,2.1646415e-14
774.41000,5.1885144e-12,2.1640728e-14
774.42000,5.1930406e-12,2.1652940e-14
774.43000,5.1979307e-12,2.1675956e-14
774.44000,5.2021890e-12,2.1696291e-14
774.45000,5.2042114e-12,2.1698354e-14
774.46000,5.2034132e-12,2.1683910e-14
774.47000,5.1990913e-12,2.1660001e-14
774.48000,5.1912640e-12,2.1636547e-14
774.49000,5.1804159e-12,2.1615606e-14
774.50000,5.1679957e-12,2.1593158e-14
774.51000,5.1556585e-12,2.1567903e-14
774.52000,5.1447372e-12,2.1544498e-14
774.53000,5.1355030e-12,2.1527119e-14
774.54000,5.1281916e-12,2.1517297e-14
774.55000,5.1222966e-12,2.1508725e-14
774.56000,5.1181918e-12,2.1498699e-14
774.57000,5.1163240e-12,2.1489281e-14
774.58000,5.1171015e-12,2.1485702e-14
774.59000,5.1202301e-12,2.1489655e-14
774.60000,5.1248806e-12,2.1498279e-14
774.61000,5.1302816e-12,2.1508449e-14
774.62000,5.1360038e-12,2.1518767e-14
774.63000,5.1422007e-12,2.1528176e-14
774.64000,5.1490531e-12,2.1535703e-14
774.65000,5.1566176e-12,2.1541014e-14
774.66000,5.1641764e-12,2.1545264e-14
774.67000,5.1702458e-12,2.1549046e-14
774.68000,5.1731619e-12,2.1550960e-14
774.69000,5.1724190e-12,2.1549304e-14
774.70000,5.1687020e-12,2.1543644e-14
774.71000,5.1634477e-12,2.1534985e-14
774.72000,5.1578249e-12,2.1524250e-14
774.73000,5.1523859e-12,2.1513353e-14
774.74000,5.1471242e-12,2.1503753e-14
774.75000,5.1419535e-12,2.1496478e-14
774.76000,5.1371001e-12,2.1491583e-14
774.77000,5.1332324e-12,2.1488660e-14
774.78000,5.1309603e-12,2.1486833e-14
774.79000,5.1305395e-12,2.1485122e-14
774.80000,5.1316770e-12,2.1482374e-14
774.81000,5.1335633e-12,2.1477879e-14
774.82000,5.1350182e-12,2.1470131e-14
774.83000,5.1350601e-12,2.1459377e-14
774.84000,5.1332521e-12,2.1446497e-14
774.85000,5.1302078e-12,2.1434261e-14
774.86000,5.1271889e-12,2.1425762e-14
774.87000,5.1252918e-12,2.1422220e-14
774.88000,5.1248089e-12,2.1422387e-14
774.89000,5.1254563e-12,2.1424012e-14
774.90000,5.1267153e-12,2.1425589e-14
774.91000,5.1281678e-12,2.1426584e-14
774.92000,5.1293639e-12,2.1427040e-14
774.93000,5.1299924e-12,2.1426524e-14
774.94000,5.1299749e-12,2.1424844e-14
774.95000,5.1294774e-12,2.1422730e-14
774.96000,5.1287156e-12,2.1421796e-14
774.97000,5.1278071e-12,2.1423198e-14
774.98000,5.1269329e-12,2.1426774e-14
774.99000,5.1264087e-12,2.1431133e-14
775.00000,5.1270313e-12,2.1433865e-14
775.01000,5.1291075e-12,2.1433989e-14
775.02000,5.1329560e-12,2.1431804e-14
775.03000,5.1381523e-12,2.1429468e-14
775.04000,5.1437119e-12,2.1428663e-14
775.05000,5.1481621e-12,2.1429036e-14
775.06000,5.1504565e-12,2.1428507e-14
775.07000,5.1506631e-12,2.1425496e-14
775.08000,5.1501464e-12,2.1420328e-14
775.09000,5.1504448e-12,2.1415005e-14
775.10000,5.1533060e-12,2.1413615e-14
775.11000,5.1583049e-12,2.1417862e-14
775.12000,5.1645185e-12,2.1427072e-14
775.13000,5.1701397e-12,2.1436126e-14
775.14000,5.1735915e-12,2.1438435e-14
775.15000,5.1740474e-12,2.1430286e-14
775.16000,5.1714675e-12,2.1413006e-14
775.17000,5.1662537e-12,2.1390952e-14
775.18000,5.1593351e-12,2.1368412e-14
775.19000,5.1517361e-12,2.1348918e-14
775.20000,5.1450780e-12,2.1333195e-14
775.21000,5.1410580e-12,2.1322493e-14
775.22000,5.1411354e-12,2.1317559e-14
775.23000,5.1457294e-12,2.1318777e-14
775.24000,5.1536854e-12,2.1325151e-14
775.25000,5.1625332e-12,2.1334155e-14
775.26000,5.1701744e-12,2.1343928e-14
775.27000,5.1754435e-12,2.1354186e-14
775.28000,5.1784812e-12,2.1365433e-14
775.29000,5.1789902e-12,2.1378107e-14
775.30000,5.1772822e-12,2.1389925e-14
775.31000,5.1729815e-12,2.1396888e-14
775.32000,5.1662734e-12,2.1394713e-14
775.33000,5.1578168e-12,2.1381780e-14
775.34000,5.1488860e-12,2.1362107e-14
775.35000,5.1407632e-12,2.1342507e-14
775.36000,5.1344948e-12,2.1328734e-14
775.37000,5.1302702e-12,2.1321611e-14
775.38000,5.1284268e-12,2.1319982e-14
775.39000,5.1278199e-12,2.1319342e-14
775.40000,5.1277421e-12,2.1317913e-14
775.41000,5.1273020e-12,2.1315033e-14
775.42000,5.1259870e-12,2.1310948e-14
775.43000,5.1234925e-12,2.1305653e-14
775.44000,5.1198201e-12,2.1298990e-14
775.45000,5.1155789e-12,2.1291613e-14
775.46000,5.1118811e-12,2.1285134e-14
775.47000,5.1105583e-12,2.1282555e-14
775.48000,5.1115783e-12,2.1283832e-14
775.49000,5.1141213e-12,2.1287442e-14
775.50000,5.1160033e-12,2.1289525e-14
775.51000,5.1156970e-12,2.1287411e-14
775.52000,5.1133154e-12,2.1281177e-14
775.53000,5.1105725e-12,2.1273548e-14
775.54000,5.1091516e-12,2.1267326e-14
775.55000,5.1099121e-12,2.1264431e-14
775.56000,5.1125860e-12,2.1265165e-14
775.57000,5.1171750e-12,2.1270914e-14
775.58000,5.1229879e-12,2.1280634e-14
775.59000,5.1297459e-12,2.1293177e-14
775.60000,5.1365409e-12,2.1304470e-14
775.61000,5.1422290e-12,2.1309518e-14
775.62000,5.1459839e-12,2.1305463e-14
775.63000,5.1480642e-12,2.1294571e-14
775.64000,5.1495827e-12,2.1282292e-14
775.65000,5.1516732e-12,2.1273293e-14
775.66000,5.1552528e-12,2.1271297e-14
775.67000,5.1596709e-12,2.1274196e-14
775.68000,5.1638903e-12,2.1279737e-14
775.69000,5.1664449e-12,2.1284059e-14
775.70000,5.1665569e-12,2.1284841e-14
775.71000,5.1645198e-12,2.1282008e-14
775.72000,5.1617799e-12,2.1278033e-14
775.73000,5.1599776e-12,2.1276251e-14
775.74000,5.1602341e-12,2.1279329e-14
775.75000,5.1623180e-12,2.1287020e-14
775.76000,5.1647590e-12,2.1296480e-14
775.77000,5.1649123e-12,2.1301303e-14
775.78000,5.1605411e-12,2.1295614e-14
775.79000,5.1513411e-12,2.1277385e-14
775.80000,5.1395771e-12,2.1250786e-14
775.81000,5.1293940e-12,2.1225245e-14
775.82000,5.1242846e-12,2.1209624e-14
775.83000,5.1254922e-12,2.1207376e-14
775.84000,5.1316888e-12,2.1215396e-14
775.85000,5.1398826e-12,2.1226804e-14
775.86000,5.1465756e-12,2.1233922e-14
775.87000,5.1500006e-12,2.1234381e-14
775.88000,5.1501927e-12,2.1229704e-14
775.89000,5.1491750e-12,2.1224744e-14
775.90000,5.1491889e-12,2.1223316e-14
775.91000,5.1511646e-12,2.1225910e-14
775.92000,5.1544939e-12,2.1230742e-14
775.93000,5.1579762e-12,2.1235795e-14
775.94000,5.1608339e-12,2.1239989e-14
775.95000,5.1624278e-12,2.1242295e-14
775.96000,5.1629203e-12,2.1242514e-14
775.97000,5.1623819e-12,2.1240138e-14
775.98000,5.1615723e-12,2.1235880e-14
775.99000,5.1616149e-12,2.1231534e-14
776.00000,5.1633687e-12,2.1229126e-14
776.01000,5.1663291e-12,2.1228912e-14
776.02000,5.1689526e-12,2.1229211e-14
776.03000,5.1693832e-12,2.1227419e-14
776.04000,5.1669842e-12,2.1222316e-14
776.05000,5.1609290e-12,2.1212522e-14
776.06000,5.1524295e-12,2.1199264e-14
776.07000,5.1422716e-12,2.1183153e-14
776.08000,5.1321510e-12,2.1166114e-14
776.09000,5.1238455e-12,2.1150630e-14
776.10000,5.1185486e-12,2.1139048e-14
776.11000,5.1162012e-12,2.1132389e-14
776.12000,5.1159399e-12,2.1130591e-14
776.13000,5.1166376e-12,2.1132433e-14
776.14000,5.1174092e-12,2.1136689e-14
776.15000,5.1176726e-12,2.1140592e-14
776.16000,5.1170250e-12,2.1141590e-14
776.17000,5.1153988e-12,2.1137817e-14
776.18000,5.1131483e-12,2.1129669e-14
776.19000,5.1109240e-12,2.1119471e-14
776.20000,5.1092720e-12,2.1109861e-14
776.21000,5.1084051e-12,2.1102176e-14
776.22000,5.1083566e-12,2.1097047e-14
776.23000,5.1089623e-12,2.1094499e-14
776.24000,5.1100333e-12,2.1095273e-14
776.25000,5.1109615e-12,2.1097731e-14
776.26000,5.1112491e-12,2.1100130e-14
776.27000,5.1107052e-12,2.1100284e-14
776.28000,5.1097277e-12,2.1097637e-14
776.29000,5.1091386e-12,2.1093669e-14
776.30000,5.1095646e-12,2.1090562e-14
776.31000,5.1111133e-12,2.1089325e-14
776.32000,5.1135006e-12,2.1089529e-14
776.33000,5.1163361e-12,2.1090147e-14
776.34000,5.1195019e-12,2.1090773e-14
776.35000,5.1228375e-12,2.1092309e-14
776.36000,5.1259760e-12,2.1095380e-14
776.37000,5.1279832e-12,2.1098479e-14
776.38000,5.1275431e-12,2.1098606e-14
776.39000,5.1237035e-12,2.1093934e-14
776.40000,5.1166233e-12,2.1084074e-14
776.41000,5.1074056e-12,2.1068383e-14
776.42000,5.0976534e-12,2.1048115e-14
776.43000,5.0895937e-12,2.1029228e-14
776.44000,5.0845188e-12,2.1018198e-14
776.45000,5.0834950e-12,2.1016195e-14
776.46000,5.0860315e-12,2.1016453e-14
776.47000,5.0907982e-12,2.1013943e-14
776.48000,5.0962550e-12,2.1013820e-14
776.49000,5.1010658e-12,2.1024848e-14
776.50000,5.1041995e-12,2.1043641e-14
776.51000,5.1048556e-12,2.1051758e-14
776.52000,5.1032042e-12,2.1035884e-14
776.53000,5.0997745e-12,2.0992261e-14
776.54000,5.0962593e-12,2.0949941e-14
776.55000,5.0935366e-12,2.0935822e-14
776.56000,5.0918252e-12,2.0964918e-14
776.57000,5.0906535e-12,2.1024454e-14
776.58000,5.0896040e-12,2.1079437e-14
776.59000,5.0887779e-12,2.1095542e-14
776.60000,5.0885597e-12,2.1058924e-14
776.61000,5.0891482e-12,2.0979310e-14
776.62000,5.0903528e-12,2.0881131e-14
776.63000,5.0922145e-12,2.0793233e-14
776.64000,5.0949235e-12,2.0733014e-14
776.65000,5.0988993e-12,2.0710459e-14
776.66000,5.1037058e-12,2.0722430e-14
776.67000,5.1076561e-12,2.0758906e-14
776.68000,5.1083583e-12,2.0806651e-14
776.69000,5.1047669e-12,2.0854391e-14
776.70000,5.0979133e-12,2.0896754e-14
776.71000,5.0906613e-12,2.0932634e-14
776.72000,5.0854530e-12,2.0963448e-14
776.73000,5.0849573e-12,2.0987582e-14
776.74000,5.0884611e-12,2.1003022e-14
776.75000,5.0952383e-12,2.1004839e-14
776.76000,5.1035986e-12,2.0990240e-14
776.77000,5.1123577e-12,2.0959089e-14
776.78000,5.1206719e-12,2.0914682e-14
776.79000,5.1275710e-12,2.0862135e-14
776.80000,5.1314932e-12,2.0806774e-14
776.81000,5.1314772e-12,2.0753725e-14
776.82000,5.1262625e-12,2.0713305e-14
776.83000,5.1181376e-12,2.0694195e-14
776.84000,5.1094659e-12,2.0709586e-14
776.85000,5.1036795e-12,2.0764456e-14
776.86000,5.1026664e-12,2.0851535e-14
776.87000,5.1062658e-12,2.0947596e-14
776.88000,5.1125399e-12,2.1019341e-14
776.89000,5.1193877e-12,2.1042773e-14
776.90000,5.1252255e-12,2.1015219e-14
776.91000,5.1293198e-12,2.0957770e-14
776.92000,5.1305638e-12,2.0903225e-14
776.93000,5.1293372e-12,2.0874435e-14
776.94000,5.1257715e-12,2.0876565e-14
776.95000,5.1209714e-12,2.0892255e-14
776.96000,5.1160257e-12,2.0898535e-14
776.97000,5.1115204e-12,2.0884214e-14
776.98000,5.1070714e-12,2.0858717e-14
776.99000,5.1016190e-12,2.0837067e-14
777.00000,5.0940765e-12,2.0824223e-14
777.01000,5.0843148e-12,2.0814004e-14
777.02000,5.0720678e-12,2.0795763e-14
777.03000,5.0579412e-12,2.0769297e-14
777.04000,5.0413630e-12,2.0736830e-14
777.05000,5.0219229e-12,2.0700550e-14
777.06000,4.9997820e-12,2.0658957e-14
777.07000,4.9764930e-12,2.0612306e-14
777.08000,4.9549715e-12,2.0566664e-14
777.09000,4.9381605e-12,2.0529183e-14
777.10000,4.9282578e-12,2.0504276e-14
777.11000,4.9248983e-12,2.0491009e-14
777.12000,4.9280592e-12,2.0489547e-14
777.13000,4.9333376e-12,2.0492243e-14
777.14000,4.9361564e-12,2.0490293e-14
777.15000,4.9288260e-12,2.0467946e-14
777.16000,4.9018832e-12,2.0404737e-14
777.17000,4.8432066e-12,2.0273450e-14
777.18000,4.7452246e-12,2.0056318e-14
777.19000,4.6053140e-12,1.9746830e-14
777.20000,4.4323569e-12,1.9364177e-14
777.21000,4.2475518e-12,1.8955081e-14
777.22000,4.0931232e-12,1.8613165e-14
777.23000,4.0047844e-12,1.8418025e-14
777.24000,4.0164339e-12,1.8445003e-14
777.25000,4.1280702e-12,1.8693613e-14
777.26000,4.3090374e-12,1.9094833e-14
777.27000,4.5082275e-12,1.9534542e-14
777.28000,4.6786592e-12,1.9909142e-14
777.29000,4.7979066e-12,2.0170364e-14
777.30000,4.8653373e-12,2.0318115e-14
777.31000,4.8975093e-12,2.0389117e-14
777.32000,4.9055779e-12,2.0407060e-14
777.33000,4.9059245e-12,2.0406660e-14
777.34000,4.9035592e-12,2.0398189e-14
777.35000,4.9016995e-12,2.0389001e-14
777.36000,4.8988079e-12,2.0376421e-14
777.37000,4.8885855e-12,2.0346963e-14
777.38000,4.8617101e-12,2.0280101e-14
777.39000,4.8075019e-12,2.0152459e-14
777.40000,4.7157705e-12,1.9942265e-14
777.41000,4.5878760e-12,1.9653090e-14
777.42000,4.4225667e-12,1.9282473e-14
777.43000,4.2466768e-12,1.8888824e-14
777.44000,4.0901900e-12,1.8538010e-14
777.45000,3.9944882e-12,1.8321762e-14
777.46000,3.9922820e-12,1.8313219e-14
777.47000,4.0923442e-12,1.8532107e-14
777.48000,4.2625168e-12,1.8906504e-14
777.49000,4.4537939e-12,1.9326953e-14
777.50000,4.6143857e-12,1.9678535e-14
777.51000,4.7204991e-12,1.9909239e-14
777.52000,4.7438902e-12,1.9958275e-14
777.53000,4.7037712e-12,1.9869287e-14
777.54000,4.6060915e-12,1.9656111e-14
777.55000,4.4765534e-12,1.9374797e-14
777.56000,4.3471770e-12,1.9094297e-14
777.57000,4.2579416e-12,1.8900245e-14
777.58000,4.2397070e-12,1.8858275e-14
777.59000,4.3036462e-12,1.8991604e-14
777.60000,4.4347628e-12,1.9267726e-14
777.61000,4.5981507e-12,1.9612315e-14
777.62000,4.7545734e-12,1.9942654e-14
777.63000,4.8789844e-12,2.0206315e-14
777.64000,4.9606020e-12,2.0381121e-14
777.65000,5.0052951e-12,2.0479481e-14
777.66000,5.0250531e-12,2.0525721e-14
777.67000,5.0320368e-12,2.0543157e-14
777.68000,5.0355823e-12,2.0549021e-14
777.69000,5.0399684e-12,2.0551410e-14
777.70000,5.0459730e-12,2.0553537e-14
777.71000,5.0524166e-12,2.0555758e-14
777.72000,5.0569141e-12,2.0555393e-14
777.73000,5.0583249e-12,2.0546625e-14
777.74000,5.0560009e-12,2.0514342e-14
777.75000,5.0507892e-12,2.0427646e-14
777.76000,5.0442296e-12,2.0233480e-14
777.77000,5.0383035e-12,1.9857583e-14
777.78000,5.0348268e-12,1.9263976e-14
777.79000,5.0348556e-12,1.8476919e-14
777.80000,5.0381953e-12,1.7601979e-14
777.81000,5.0433597e-12,1.6760710e-14
777.82000,5.0484102e-12,1.6107255e-14
777.83000,5.0520174e-12,1.5651515e-14
777.84000,5.0539008e-12,1.5396375e-14
777.85000,5.0550362e-12,1.5277888e-14
777.86000,5.0569736e-12,1.5238233e-14
777.87000,5.0610132e-12,1.5238115e-14
777.88000,5.0668794e-12,1.5252522e-14
777.89000,5.0727827e-12,1.5268086e-14
777.90000,5.0760520e-12,1.5275500e-14
777.91000,5.0754271e-12,1.5271851e-14
777.92000,5.0697680e-12,1.5255477e-14
777.93000,5.0615564e-12,1.5234029e-14
777.94000,5.0523749e-12,1.5212715e-14
777.95000,5.0440342e-12,1.5196816e-14
777.96000,5.0372296e-12,1.5188130e-14
777.97000,5.0320511e-12,1.5185952e-14
777.98000,5.0284447e-12,1.5187677e-14
777.99000,5.0266418e-12,1.5190598e-14
778.00000,5.0268812e-12,1.5192043e-14
778.01000,5.0287466e-12,1.5190495e-14
778.02000,5.0313081e-12,1.5183842e-14
778.03000,5.0329443e-12,1.5173167e-14
778.04000,5.0326127e-12,1.5159642e-14
778.05000,5.0305259e-12,1.5146881e-14
778.06000,5.0282881e-12,1.5138905e-14
778.07000,5.0280075e-12,1.5138575e-14
778.08000,5.0306518e-12,1.5145060e-14
778.09000,5.0355580e-12,1.5154665e-14
778.10000,5.0412775e-12,1.5163239e-14
778.11000,5.0467955e-12,1.5169079e-14
778.12000,5.0519378e-12,1.5172723e-14
778.13000,5.0572750e-12,1.5176788e-14
778.14000,5.0630415e-12,1.5182419e-14
778.15000,5.0687887e-12,1.5189113e-14
778.16000,5.0735490e-12,1.5195186e-14
778.17000,5.0765293e-12,1.5199169e-14
778.18000,5.0778623e-12,1.5200672e-14
778.19000,5.0784392e-12,1.5200069e-14
778.20000,5.0790810e-12,1.5197802e-14
778.21000,5.0798821e-12,1.5194045e-14
778.22000,5.0803655e-12,1.5188989e-14
778.23000,5.0794054e-12,1.5182287e-14
778.24000,5.0765794e-12,1.5174245e-14
778.25000,5.0715398e-12,1.5164857e-14
778.26000,5.0644530e-12,1.5154378e-14
778.27000,5.0557050e-12,1.5143338e-14
778.28000,5.0462581e-12,1.5132981e-14
778.29000,5.0376949e-12,1.5124859e-14
778.30000,5.0316885e-12,1.5119945e-14
778.31000,5.0294419e-12,1.5118035e-14
778.32000,5.0306236e-12,1.5117847e-14
778.33000,5.0351006e-12,1.5118233e-14
778.34000,5.0410546e-12,1.5118472e-14
778.35000,5.0474313e-12,1.5118574e-14
778.36000,5.0528498e-12,1.5118617e-14
778.37000,5.0562450e-12,1.5118340e-14
778.38000,5.0570192e-12,1.5117189e-14
778.39000,5.0555926e-12,1.5114998e-14
778.40000,5.0530190e-12,1.5112215e-14
778.41000,5.0505936e-12,1.5109532e-14
778.42000,5.0489586e-12,1.5107130e-14
778.43000,5.0480493e-12,1.5104035e-14
778.44000,5.0466613e-12,1.5098945e-14
778.45000,5.0438026e-12,1.5090924e-14
778.46000,5.0392315e-12,1.5080736e-14
778.47000,5.0337416e-12,1.5070570e-14
778.48000,5.0285880e-12,1.5062944e-14
778.49000,5.0245703e-12,1.5058551e-14
778.50000,5.0218015e-12,1.5055904e-14
778.51000,5.0202462e-12,1.5052932e-14
778.52000,5.0199118e-12,1.5049256e-14
778.53000,5.0217422e-12,1.5048061e-14
778.54000,5.0257487e-12,1.5052922e-14
778.55000,5.0319262e-12,1.5066222e-14
778.56000,5.0391511e-12,1.5085531e-14
778.57000,5.0461320e-12,1.5105917e-14
778.58000,5.0518930e-12,1.5126291e-14
778.59000,5.0561323e-12,1.5161322e-14
778.60000,5.0593138e-12,1.5253633e-14
778.61000,5.0627664e-12,1.5481222e-14
778.62000,5.0686986e-12,1.5956579e-14
778.63000,5.0782534e-12,1.6714547e-14
778.64000,5.0923708e-12,1.7820647e-14
778.65000,5.1078388e-12,1.9097725e-14
778.66000,5.1211895e-12,2.0370394e-14
778.67000,5.1291386e-12,2.1426773e-14
778.68000,5.1308501e-12,2.2154368e-14
778.69000,5.1279622e-12,2.2563875e-14
778.70000,5.1231427e-12,2.2757013e-14
778.71000,5.1181159e-12,2.2829715e-14
778.72000,5.1133937e-12,2.2847893e-14
778.73000,5.1087626e-12,2.2846376e-14
778.74000,5.1039511e-12,2.2837222e-14
778.75000,5.0992973e-12,2.2826529e-14
778.76000,5.0954839e-12,2.2815946e-14
778.77000,5.0930778e-12,2.2806646e-14
778.78000,5.0919408e-12,2.2798722e-14
778.79000,5.0911551e-12,2.2791993e-14
778.80000,5.0895786e-12,2.2786503e-14
778.81000,5.0866273e-12,2.2782314e-14
778.82000,5.0824955e-12,2.2778548e-14
778.83000,5.0779334e-12,2.2773857e-14
778.84000,5.0741359e-12,2.2766586e-14
778.85000,5.0717656e-12,2.2757667e-14
778.86000,5.0711372e-12,2.2748239e-14
778.87000,5.0716417e-12,2.2739509e-14
778.88000,5.0723346e-12,2.2731608e-14
778.89000,5.0725841e-12,2.2724494e-14
778.90000,5.0726005e-12,2.2719021e-14
778.91000,5.0732651e-12,2.2716864e-14
778.92000,5.0755879e-12,2.2719608e-14
778.93000,5.0803837e-12,2.2728002e-14
778.94000,5.0875859e-12,2.2740936e-14
778.95000,5.0975969e-12,2.2757909e-14
778.96000,5.1094100e-12,2.2776909e-14
778.97000,5.1221795e-12,2.2796978e-14
778.98000,5.1341092e-12,2.2816356e-14
778.99000,5.1432757e-12,2.2832952e-14
779.00000,5.1483793e-12,2.2844747e-14
779.01000,5.1498741e-12,2.2850982e-14
779.02000,5.1492634e-12,2.2851708e-14
779.03000,5.1483098e-12,2.2847766e-14
779.04000,5.1479824e-12,2.2841063e-14
779.05000,5.1486659e-12,2.2833826e-14
779.06000,5.1496729e-12,2.2827966e-14
779.07000,5.1504860e-12,2.2824010e-14
779.08000,5.1507171e-12,2.2821318e-14
779.09000,5.1504261e-12,2.2819015e-14
779.10000,5.1499444e-12,2.2816655e-14
779.11000,5.1495739e-12,2.2814317e-14
779.12000,5.1493373e-12,2.2812245e-14
779.13000,5.1489872e-12,2.2810528e-14
779.14000,5.1482617e-12,2.2808999e-14
779.15000,5.1467578e-12,2.2807310e-14
779.16000,5.1444491e-12,2.2805282e-14
779.17000,5.1411782e-12,2.2802928e-14
779.18000,5.1371557e-12,2.2800509e-14
779.19000,5.1329818e-12,2.2798169e-14
779.20000,5.1296930e-12,2.2795642e-14
779.21000,5.1283510e-12,2.2792427e-14
779.22000,5.1290894e-12,2.2788484e-14
779.23000,5.1308846e-12,2.2784341e-14
779.24000,5.1317502e-12,2.2780430e-14
779.25000,5.1303231e-12,2.2776483e-14
779.26000,5.1248850e-12,2.2770629e-14
779.27000,5.1166058e-12,2.2761242e-14
779.28000,5.1064186e-12,2.2746932e-14
779.29000,5.0963083e-12,2.2728777e-14
779.30000,5.0879425e-12,2.2710004e-14
779.31000,5.0823520e-12,2.2694755e-14
779.32000,5.0793838e-12,2.2685513e-14
779.33000,5.0781215e-12,2.2682360e-14
779.34000,5.0774510e-12,2.2684007e-14
779.35000,5.0766627e-12,2.2688534e-14
779.36000,5.0756045e-12,2.2694123e-14
779.37000,5.0746979e-12,2.2698243e-14
779.38000,5.0742987e-12,2.2698292e-14
779.39000,5.0744028e-12,2.2692365e-14
779.40000,5.0745223e-12,2.2680418e-14
779.41000,5.0740114e-12,2.2664495e-14
779.42000,5.0726114e-12,2.2648196e-14
779.43000,5.0708472e-12,2.2635197e-14
779.44000,5.0696969e-12,2.2628015e-14
779.45000,5.0700922e-12,2.2627560e-14
779.46000,5.0720951e-12,2.2632268e-14
779.47000,5.0753363e-12,2.2640177e-14
779.48000,5.0782872e-12,2.2647273e-14
779.49000,5.0797208e-12,2.2650683e-14
779.50000,5.0788397e-12,2.2648522e-14
779.51000,5.0757554e-12,2.2640865e-14
779.52000,5.0712832e-12,2.2629224e-14
779.53000,5.0665961e-12,2.2615758e-14
779.54000,5.0626916e-12,2.2602112e-14
779.55000,5.0602878e-12,2.2589480e-14
779.56000,5.0597906e-12,2.2578989e-14
779.57000,5.0608812e-12,2.2570975e-14
779.58000,5.0630775e-12,2.2566261e-14
779.59000,5.0650721e-12,2.2564161e-14
779.60000,5.0659380e-12,2.2565054e-14
779.61000,5.0652044e-12,2.2569307e-14
779.62000,5.0631456e-12,2.2577090e-14
779.63000,5.0606140e-12,2.2587106e-14
779.64000,5.0587328e-12,2.2596219e-14
779.65000,5.0585815e-12,2.2601459e-14
779.66000,5.0612216e-12,2.2602236e-14
779.67000,5.0668907e-12,2.2601051e-14
779.68000,5.0763954e-12,2.2603173e-14
779.69000,5.0882551e-12,2.2611248e-14
779.70000,5.1012373e-12,2.2625637e-14
779.71000,5.1130070e-12,2.2642677e-14
779.72000,5.1216811e-12,2.2657963e-14
779.73000,5.1265097e-12,2.2668432e-14
779.74000,5.1282816e-12,2.2673180e-14
779.75000,5.1285277e-12,2.2672754e-14
779.76000,5.1283984e-12,2.2668220e-14
779.77000,5.1283418e-12,2.2661350e-14
779.78000,5.1283353e-12,2.2654203e-14
779.79000,5.1282894e-12,2.2649365e-14
779.80000,5.1282916e-12,2.2647415e-14
779.81000,5.1284672e-12,2.2648099e-14
779.82000,5.1288427e-12,2.2649813e-14
779.83000,5.1292360e-12,2.2651280e-14
779.84000,5.1291258e-12,2.2651873e-14
779.85000,5.1276587e-12,2.2650754e-14
779.86000,5.1239095e-12,2.2646012e-14
779.87000,5.1173503e-12,2.2635464e-14
779.88000,5.1082138e-12,2.2618408e-14
779.89000,5.0975842e-12,2.2597012e-14
779.90000,5.0868193e-12,2.2574585e-14
779.91000,5.0775577e-12,2.2555129e-14
779.92000,5.0713771e-12,2.2541372e-14
779.93000,5.0695366e-12,2.2534711e-14
779.94000,5.0726268e-12,2.2535327e-14
779.95000,5.0801735e-12,2.2542273e-14
779.96000,5.0902203e-12,2.2553144e-14
779.97000,5.1004144e-12,2.2565453e-14
779.98000,5.1086075e-12,2.2577017e-14
779.99000,5.1141210e-12,2.2586760e-14
780.00000,5.1165209e-12,2.2593230e-14
780.01000,5.1172000e-12,2.2596737e-14
780.02000,5.1165457e-12,2.2597290e-14
780.03000,5.1148110e-12,2.2595774e-14
780.04000,5.1115238e-12,2.2592044e-14
780.05000,5.1059017e-12,2.2584051e-14
780.06000,5.0975495e-12,2.2569297e-14
780.07000,5.0870435e-12,2.2548210e-14
780.08000,5.0757405e-12,2.2524869e-14
780.09000,5.0654544e-12,2.2505152e-14
780.10000,5.0572197e-12,2.2491655e-14
780.11000,5.0524715e-12,2.2485359e-14
780.12000,5.0505427e-12,2.2481353e-14
780.13000,5.0513203e-12,2.2476784e-14
780.14000,5.0538166e-12,2.2469816e-14
780.15000,5.0569712e-12,2.2461120e-14
780.16000,5.0597710e-12,2.2452881e-14
780.17000,5.0615684e-12,2.2447616e-14
780.18000,5.0622189e-12,2.2447081e-14
780.19000,5.0619147e-12,2.2451758e-14
780.20000,5.0609707e-12,2.2460478e-14
780.21000,5.0596671e-12,2.2470776e-14
780.22000,5.0578961e-12,2.2478984e-14
780.23000,5.0554374e-12,2.2482384e-14
780.24000,5.0519746e-12,2.2479067e-14
780.25000,5.0476988e-12,2.2469736e-14
780.26000,5.0434264e-12,2.2457028e-14
780.27000,5.0404300e-12,2.2444390e-14
780.28000,5.0396531e-12,2.2434259e-14
780.29000,5.0413499e-12,2.2427325e-14
780.30000,5.0451643e-12,2.2423441e-14
780.31000,5.0505002e-12,2.2423002e-14
780.32000,5.0567287e-12,2.2426354e-14
780.33000,5.0636728e-12,2.2436058e-14
780.34000,5.0710624e-12,2.2451862e-14
780.35000,5.0787629e-12,2.2473322e-14
780.36000,5.0864036e-12,2.2496945e-14
780.37000,5.0934937e-12,2.2517791e-14
780.38000,5.0994901e-12,2.2530761e-14
780.39000,5.1041245e-12,2.2534273e-14
780.40000,5.1074371e-12,2.2530716e-14
780.41000,5.1097956e-12,2.2525434e-14
780.42000,5.1117081e-12,2.2522640e-14
780.43000,5.1134573e-12,2.2524640e-14
780.44000,5.1150067e-12,2.2528422e-14
780.45000,5.1160386e-12,2.2531436e-14
780.46000,5.1161863e-12,2.2531750e-14
780.47000,5.1150950e-12,2.2529325e-14
780.48000,5.1123924e-12,2.2524496e-14
780.49000,5.1077446e-12,2.2517026e-14
780.50000,5.1012390e-12,2.2506915e-14
780.51000,5.0933111e-12,2.2494871e-14
780.52000,5.0846315e-12,2.2481902e-14
780.53000,5.0757844e-12,2.2468566e-14
780.54000,5.0672933e-12,2.2454667e-14
780.55000,5.0595435e-12,2.2440387e-14
780.56000,5.0532170e-12,2.2426645e-14
780.57000,5.0490125e-12,2.2415473e-14
780.58000,5.0474408e-12,2.2409211e-14
780.59000,5.0485713e-12,2.2409564e-14
780.60000,5.0519032e-12,2.2416400e-14
780.61000,5.0564903e-12,2.2427049e-14
780.62000,5.0613742e-12,2.2437759e-14
780.63000,5.0655908e-12,2.2445061e-14
780.64000,5.0685623e-12,2.2447896e-14
780.65000,5.0691126e-12,2.2444827e-14
780.66000,5.0673474e-12,2.2437519e-14
780.67000,5.0632608e-12,2.2426717e-14
780.68000,5.0579976e-12,2.2414946e-14
780.69000,5.0530797e-12,2.2404633e-14
780.70000,5.0500670e-12,2.2397562e-14
780.71000,5.0501584e-12,2.2395228e-14
780.72000,5.0537591e-12,2.2399082e-14
780.73000,5.0605481e-12,2.2409721e-14
780.74000,5.0695683e-12,2.2425403e-14
780.75000,5.0796291e-12,2.2442829e-14
780.76000,5.0898577e-12,2.2458904e-14
780.77000,5.0995900e-12,2.2473081e-14
780.78000,5.1080905e-12,2.2484811e-14
780.79000,5.1144167e-12,2.2492465e-14
780.80000,5.1177361e-12,2.2493242e-14
780.81000,5.1177902e-12,2.2485834e-14
780.82000,5.1152341e-12,2.2473166e-14
780.83000,5.1112473e-12,2.2460762e-14
780.84000,5.1067782e-12,2.2452127e-14
780.85000,5.1022529e-12,2.2446031e-14
780.86000,5.0976737e-12,2.2438773e-14
780.87000,5.0928422e-12,2.2425733e-14
780.88000,5.0878747e-12,2.2409251e-14
780.89000,5.0830722e-12,2.2393813e-14
780.90000,5.0788773e-12,2.2385374e-14
780.91000,5.0755925e-12,2.2385929e-14
780.92000,5.0733212e-12,2.2391813e-14
780.93000,5.0719834e-12,2.2395345e-14
780.94000,5.0713256e-12,2.2390474e-14
780.95000,5.0708982e-12,2.2376176e-14
780.96000,5.0701203e-12,2.2356398e-14
780.97000,5.0687855e-12,2.2336553e-14
780.98000,5.0674327e-12,2.2324493e-14
780.99000,5.0674410e-12,2.2324403e-14
781.00000,5.0701895e-12,2.2341143e-14
781.01000,5.0759623e-12,2.2373224e-14
781.02000,5.0835548e-12,2.2412402e-14
781.03000,5.0907995e-12,2.2445016e-14
781.04000,5.0956741e-12,2.2458413e-14
781.05000,5.0973374e-12,2.2449174e-14
781.06000,5.0959762e-12,2.2423137e-14
781.07000,5.0923442e-12,2.2391845e-14
781.08000,5.0873910e-12,2.2364491e-14
781.09000,5.0813912e-12,2.2348494e-14
781.10000,5.0744798e-12,2.2340004e-14
781.11000,5.0662447e-12,2.2334439e-14
781.12000,5.0567525e-12,2.2324775e-14
781.13000,5.0469841e-12,2.2307769e-14
781.14000,5.0390515e-12,2.2285562e-14
781.15000,5.0355515e-12,2.2264630e-14
781.16000,5.0378728e-12,2.2251220e-14
781.17000,5.0454926e-12,2.2247926e-14
781.18000,5.0558140e-12,2.2253003e-14
781.19000,5.0657639e-12,2.2261948e-14
781.20000,5.0715088e-12,2.2269670e-14
781.21000,5.0724472e-12,2.2273501e-14
781.22000,5.0683670e-12,2.2272868e-14
781.23000,5.0613115e-12,2.2270229e-14
781.24000,5.0538446e-12,2.2269348e-14
781.25000,5.0482551e-12,2.2273254e-14
781.26000,5.0458012e-12,2.2281987e-14
781.27000,5.0462379e-12,2.2291896e-14
781.28000,5.0485883e-12,2.2298434e-14
781.29000,5.0517682e-12,2.2299205e-14
781.30000,5.0551105e-12,2.2295977e-14
781.31000,5.0584959e-12,2.2294458e-14
781.32000,5.0620207e-12,2.2300313e-14
781.33000,5.0653918e-12,2.2317026e-14
781.34000,5.0674493e-12,2.2341425e-14
781.35000,5.0664353e-12,2.2364099e-14
781.36000,5.0610478e-12,2.2372929e-14
781.37000,5.0515804e-12,2.2359131e-14
781.38000,5.0403677e-12,2.2325203e-14
781.39000,5.0299494e-12,2.2281227e-14
781.40000,5.0219156e-12,2.2239724e-14
781.41000,5.0161990e-12,2.2207545e-14
781.42000,5.0124615e-12,2.2189525e-14
781.43000,5.0097382e-12,2.2181753e-14
781.44000,5.0079052e-12,2.2183320e-14
781.45000,5.0067729e-12,2.2190124e-14
781.46000,5.0062680e-12,2.2197274e-14
781.47000,5.0063116e-12,2.2199853e-14
781.48000,5.0067543e-12,2.2195539e-14
781.49000,5.0072870e-12,2.2187286e-14
781.50000,5.0076143e-12,2.2180567e-14
781.51000,5.0076399e-12,2.2179681e-14
781.52000,5.0075596e-12,2.2184771e-14
781.53000,5.0076474e-12,2.2192200e-14
781.54000,5.0083307e-12,2.2196363e-14
781.55000,5.0097669e-12,2.2195706e-14
781.56000,5.0122992e-12,2.2192376e-14
781.57000,5.0162501e-12,2.2191789e-14
781.58000,5.0219436e-12,2.2197579e-14
781.59000,5.0295396e-12,2.2209127e-14
781.60000,5.0386574e-12,2.2222392e-14
781.61000,5.0484056e-12,2.2233990e-14
781.62000,5.0575089e-12,2.2242689e-14
781.63000,5.0645435e-12,2.2248254e-14
781.64000,5.0690278e-12,2.2250811e-14
781.65000,5.0700999e-12,2.2248697e-14
781.66000,5.0689100e-12,2.2243019e-14
781.67000,5.0658531e-12,2.2234957e-14
781.68000,5.0616240e-12,2.2226732e-14
781.69000,5.0563228e-12,2.2218931e-14
781.70000,5.0495759e-12,2.2210046e-14
781.71000,5.0410710e-12,2.2197795e-14
781.72000,5.0311993e-12,2.2181191e-14
781.73000,5.0211381e-12,2.2161194e-14
781.74000,5.0125981e-12,2.2140720e-14
781.75000,5.0065123e-12,2.2122643e-14
781.76000,5.0042033e-12,2.2111096e-14
781.77000,5.0047866e-12,2.2105912e-14
781.78000,5.0081903e-12,2.2107537e-14
781.79000,5.0136721e-12,2.2114639e-14
781.80000,5.0206078e-12,2.2126089e-14
781.81000,5.0283507e-12,2.2140905e-14
781.82000,5.0362304e-12,2.2158132e-14
781.83000,5.0436899e-12,2.2176591e-14
781.84000,5.0503606e-12,2.2194852e-14
781.85000,5.0559570e-12,2.2210909e-14
781.86000,5.0604255e-12,2.2223404e-14
781.87000,5.0632231e-12,2.2229874e-14
781.88000,5.0642034e-12,2.2230650e-14
781.89000,5.0625309e-12,2.2224653e-14
781.90000,5.0578234e-12,2.2212381e-14
781.91000,5.0504150e-12,2.2195207e-14
781.92000,5.0417513e-12,2.2176079e-14
781.93000,5.0340023e-12,2.2159213e-14
781.94000,5.0286727e-12,2.2147828e-14
781.95000,5.0256649e-12,2.2142230e-14
781.96000,5.0235403e-12,2.2139799e-14
781.97000,5.0204447e-12,2.2136500e-14
781.98000,5.0155912e-12,2.2130051e-14
781.99000,5.0087689e-12,2.2119048e-14
782.00000,5.0017577e-12,2.2106294e-14
782.01000,4.9962877e-12,2.2094298e-14
782.02000,4.9941083e-12,2.2085925e-14
782.03000,4.9961586e-12,2.2082982e-14
782.04000,5.0025594e-12,2.2086439e-14
782.05000,5.0124937e-12,2.2096045e-14
782.06000,5.0244110e-12,2.2109985e-14
782.07000,5.0364576e-12,2.2125335e-14
782.08000,5.0467107e-12,2.2138689e-14
782.09000,5.0542689e-12,2.2148235e-14
782.10000,5.0576066e-12,2.2151525e-14
782.11000,5.0573150e-12,2.2149507e-14
782.12000,5.0530145e-12,2.2141784e-14
782.13000,5.0453522e-12,2.2129501e-14
782.14000,5.0352619e-12,2.2114325e-14
782.15000,5.0241246e-12,2.2098861e-14
782.16000,5.0137432e-12,2.2086295e-14
782.17000,5.0057896e-12,2.2078465e-14
782.18000,5.0012573e-12,2.2075324e-14
782.19000,5.0000833e-12,2.2075663e-14
782.20000,5.0012095e-12,2.2077777e-14
782.21000,5.0031904e-12,2.2079742e-14
782.22000,5.0048019e-12,2.2078168e-14
782.23000,5.0056945e-12,2.2072510e-14
782.24000,5.0060161e-12,2.2064901e-14
782.25000,5.0061527e-12,2.2060167e-14
782.26000,5.0061158e-12,2.2060154e-14
782.27000,5.0053818e-12,2.2060458e-14
782.28000,5.0033515e-12,2.2053710e-14
782.29000,5.0000158e-12,2.2037659e-14
782.30000,4.9961070e-12,2.2018136e-14
782.31000,4.9927648e-12,2.2005768e-14
782.32000,4.9905959e-12,2.2005822e-14
782.33000,4.9900187e-12,2.2020207e-14
782.34000,4.9901523e-12,2.2037108e-14
782.35000,4.9903817e-12,2.2046503e-14
782.36000,4.9900929e-12,2.2039954e-14
782.37000,4.9892439e-12,2.2016822e-14
782.38000,4.9883019e-12,2.1983448e-14
782.39000,4.9879970e-12,2.1949712e-14
782.40000,4.9888949e-12,2.1923921e-14
782.41000,4.9913110e-12,2.1910152e-14
782.42000,4.9953684e-12,2.1908588e-14
782.43000,5.0010383e-12,2.1916809e-14
782.44000,5.0078488e-12,2.1930563e-14
782.45000,5.0151387e-12,2.1946125e-14
782.46000,5.0219645e-12,2.1959881e-14
782.47000,5.0280966e-12,2.1970556e-14
782.48000,5.0341077e-12,2.1978858e-14
782.49000,5.0407484e-12,2.1986249e-14
782.50000,5.0478970e-12,2.1993062e-14
782.51000,5.0542142e-12,2.1998001e-14
782.52000,5.0581686e-12,2.1999769e-14
782.53000,5.0590578e-12,2.1998801e-14
782.54000,5.0572871e-12,2.1997849e-14
782.55000,5.0540490e-12,2.1999766e-14
782.56000,5.0504236e-12,2.2008762e-14
782.57000,5.0470760e-12,2.2023575e-14
782.58000,5.0440132e-12,2.2041777e-14
782.59000,5.0410508e-12,2.2056970e-14
782.60000,5.0383605e-12,2.2062934e-14
782.61000,5.0366031e-12,2.2056887e-14
782.62000,5.0364167e-12,2.2041521e-14
782.63000,5.0374920e-12,2.2024683e-14
782.64000,5.0388009e-12,2.2013937e-14
782.65000,5.0393201e-12,2.2012936e-14
782.66000,5.0387224e-12,2.2019461e-14
782.67000,5.0374435e-12,2.2027829e-14
782.68000,5.0360696e-12,2.2031014e-14
782.69000,5.0348582e-12,2.2028196e-14
782.70000,5.0335837e-12,2.2021494e-14
782.71000,5.0318242e-12,2.2015339e-14
782.72000,5.0293715e-12,2.2011633e-14
782.73000,5.0264185e-12,2.2009358e-14
782.74000,5.0235037e-12,2.2007131e-14
782.75000,5.0212214e-12,2.2005345e-14
782.76000,5.0199941e-12,2.2005158e-14
782.77000,5.0199360e-12,2.2006831e-14
782.78000,5.0207107e-12,2.2009582e-14
782.79000,5.0217750e-12,2.2012580e-14
782.80000,5.0224560e-12,2.2015020e-14
782.81000,5.0223233e-12,2.2015886e-14
782.82000,5.0211721e-12,2.2014200e-14
782.83000,5.0188687e-12,2.2009547e-14
782.84000,5.0152106e-12,2.2001914e-14
782.85000,5.0100550e-12,2.1991136e-14
782.86000,5.0038582e-12,2.1977561e-14
782.87000,4.9976291e-12,2.1962643e-14
782.88000,4.9924126e-12,2.1948700e-14
782.89000,4.9885849e-12,2.1937604e-14
782.90000,4.9856067e-12,2.1929195e-14
782.91000,4.9825536e-12,2.1922180e-14
782.92000,4.9789964e-12,2.1914347e-14
782.93000,4.9752188e-12,2.1904863e-14
782.94000,4.9719567e-12,2.1894173e-14
782.95000,4.9695715e-12,2.1883355e-14
782.96000,4.9675959e-12,2.1872932e-14
782.97000,4.9649572e-12,2.1862428e-14
782.98000,4.9609838e-12,2.1851295e-14
782.99000,4.9560513e-12,2.1840115e-14
783.00000,4.9514386e-12,2.1830721e-14
783.01000,4.9485577e-12,2.1825329e-14
783.02000,4.9476866e-12,2.1824337e-14
783.03000,4.9487470e-12,2.1828349e-14
783.04000,4.9501924e-12,2.1834786e-14
783.05000,4.9508320e-12,2.1841636e-14
783.06000,4.9494250e-12,2.1845718e-14
783.07000,4.9453904e-12,2.1844418e-14
783.08000,4.9391670e-12,2.1836909e-14
783.09000,4.9323048e-12,2.1825128e-14
783.10000,4.9266260e-12,2.1812677e-14
783.11000,4.9232505e-12,2.1802417e-14
783.12000,4.9222821e-12,2.1795431e-14
783.13000,4.9231263e-12,2.1791285e-14
783.14000,4.9249519e-12,2.1788760e-14
783.15000,4.9274481e-12,2.1787017e-14
783.16000,4.9305004e-12,2.1785539e-14
783.17000,4.9344615e-12,2.1785145e-14
783.18000,4.9397919e-12,2.1787930e-14
783.19000,4.9469451e-12,2.1796394e-14
783.20000,4.9558826e-12,2.1811308e-14
783.21000,4.9653420e-12,2.1829188e-14
783.22000,4.9731482e-12,2.1843450e-14
783.23000,4.9774391e-12,2.1848169e-14
783.24000,4.9778042e-12,2.1841371e-14
783.25000,4.9755971e-12,2.1826435e-14
783.26000,4.9724293e-12,2.1807917e-14
783.27000,4.9694666e-12,2.1790504e-14
783.28000,4.9665844e-12,2.1775731e-14
783.29000,4.9631357e-12,2.1763688e-14
783.30000,4.9588029e-12,2.1754279e-14
783.31000,4.9541331e-12,2.1748235e-14
783.32000,4.9502596e-12,2.1746667e-14
783.33000,4.9479514e-12,2.1749174e-14
783.34000,4.9471152e-12,2.1753495e-14
783.35000,4.9471406e-12,2.1756601e-14
783.36000,4.9475444e-12,2.1756465e-14
783.37000,4.9482408e-12,2.1753528e-14
783.38000,4.9498542e-12,2.1750089e-14
783.39000,4.9527743e-12,2.1749372e-14
783.40000,4.9574253e-12,2.1753429e-14
783.41000,4.9635398e-12,2.1761890e-14
783.42000,4.9704564e-12,2.1772442e-14
783.43000,4.9774999e-12,2.1782589e-14
783.44000,4.9843399e-12,2.1791232e-14
783.45000,4.9910128e-12,2.1798976e-14
783.46000,4.9976003e-12,2.1806713e-14
783.47000,5.0040005e-12,2.1814699e-14
783.48000,5.0097947e-12,2.1822428e-14
783.49000,5.0145955e-12,2.1829219e-14
783.50000,5.0171600e-12,2.1832787e-14
783.51000,5.0171269e-12,2.1831652e-14
783.52000,5.0137032e-12,2.1823828e-14
783.53000,5.0071355e-12,2.1809535e-14
783.54000,4.9984464e-12,2.1790964e-14
783.55000,4.9893214e-12,2.1772129e-14
783.56000,4.9816549e-12,2.1757805e-14
783.57000,4.9765937e-12,2.1750387e-14
783.58000,4.9741838e-12,2.1748883e-14
783.59000,4.9733999e-12,2.1749977e-14
783.60000,4.9726268e-12,2.1749955e-14
783.61000,4.9708235e-12,2.1746956e-14
783.62000,4.9672461e-12,2.1739544e-14
783.63000,4.9627105e-12,2.1730360e-14
783.64000,4.9575803e-12,2.1721204e-14
783.65000,4.9521093e-12,2.1712363e-14
783.66000,4.9462650e-12,2.1701366e-14
783.67000,4.9403247e-12,2.1686637e-14
783.68000,4.9351923e-12,2.1671065e-14
783.69000,4.9318778e-12,2.1659869e-14
783.70000,4.9309298e-12,2.1655070e-14
783.71000,4.9322269e-12,2.1654859e-14
783.72000,4.9352532e-12,2.1657657e-14
783.73000,4.9393577e-12,2.1663643e-14
783.74000,4.9446248e-12,2.1675198e-14
783.75000,4.9511011e-12,2.1688999e-14
783.76000,4.9592103e-12,2.1701453e-14
783.77000,4.9687334e-12,2.1710912e-14
783.78000,4.9788467e-12,2.1721054e-14
783.79000,4.9883759e-12,2.1736358e-14
783.80000,4.9961017e-12,2.1754956e-14
783.81000,5.0011484e-12,2.1767337e-14
783.82000,5.0028047e-12,2.1765197e-14
783.83000,5.0007590e-12,2.1749375e-14
783.84000,4.9955309e-12,2.1730417e-14
783.85000,4.9886831e-12,2.1717961e-14
783.86000,4.9827328e-12,2.1718753e-14
783.87000,4.9797145e-12,2.1724204e-14
783.88000,4.9808573e-12,2.1726875e-14
783.89000,4.9853292e-12,2.1722060e-14
783.90000,4.9908340e-12,2.1713670e-14
783.91000,4.9946677e-12,2.1710357e-14
783.92000,4.9947274e-12,2.1718386e-14
783.93000,4.9906361e-12,2.1733699e-14
783.94000,4.9832990e-12,2.1743996e-14
783.95000,4.9745476e-12,2.1736511e-14
783.96000,4.9665649e-12,2.1707444e-14
783.97000,4.9605489e-12,2.1665329e-14
783.98000,4.9577770e-12,2.1625520e-14
783.99000,4.9574591e-12,2.1600951e-14
784.00000,4.9596562e-12,2.1601043e-14
784.01000,4.9639132e-12,2.1628359e-14
784.02000,4.9695672e-12,2.1677638e-14
784.03000,4.9753997e-12,2.1732943e-14
784.04000,4.9799021e-12,2.1769729e-14
784.05000,4.9822844e-12,2.1769755e-14
784.06000,4.9829448e-12,2.1732824e-14
784.07000,4.9832026e-12,2.1676454e-14
784.08000,4.9846181e-12,2.1625126e-14
784.09000,4.9878349e-12,2.1591698e-14
784.10000,4.9932226e-12,2.1581758e-14
784.11000,4.9993551e-12,2.1580226e-14
784.12000,5.0049458e-12,2.1577843e-14
784.13000,5.0084928e-12,2.1568543e-14
784.14000,5.0093926e-12,2.1556147e-14
784.15000,5.0082667e-12,2.1550467e-14
784.16000,5.0066360e-12,2.1562066e-14
784.17000,5.0059502e-12,2.1595998e-14
784.18000,5.0066097e-12,2.1650984e-14
784.19000,5.0079929e-12,2.1721436e-14
784.20000,5.0090877e-12,2.1799792e-14
784.21000,5.0094280e-12,2.1879506e-14
784.22000,5.0091249e-12,2.1954548e-14
784.23000,5.0089416e-12,2.2022403e-14
784.24000,5.0091532e-12,2.2079221e-14
784.25000,5.0094140e-12,2.2121776e-14
784.26000,5.0089810e-12,2.2146800e-14
784.27000,5.0074642e-12,2.2152501e-14
784.28000,5.0052715e-12,2.2139134e-14
784.29000,5.0033662e-12,2.2109306e-14
784.30000,5.0024300e-12,2.2065996e-14
784.31000,5.0024234e-12,2.2010924e-14
784.32000,5.0026855e-12,2.1945032e-14
784.33000,5.0023434e-12,2.1869430e-14
784.34000,5.0010452e-12,2.1787403e-14
784.35000,4.9986665e-12,2.1703411e-14
784.36000,4.9960541e-12,2.1624955e-14
784.37000,4.9938547e-12,2.1559543e-14
784.38000,4.9925387e-12,2.1513302e-14
784.39000,4.9921983e-12,2.1489172e-14
784.40000,4.9928164e-12,2.1485741e-14
784.41000,4.9942853e-12,2.1496182e-14
784.42000,4.9960647e-12,2.1510027e-14
784.43000,4.9971296e-12,2.1519513e-14
784.44000,4.9963083e-12,2.1524124e-14
784.45000,4.9927537e-12,2.1531237e-14
784.46000,4.9867390e-12,2.1547190e-14
784.47000,4.9786577e-12,2.1575900e-14
784.48000,4.9706662e-12,2.1604961e-14
784.49000,4.9648553e-12,2.1620558e-14
784.50000,4.9632221e-12,2.1612112e-14
784.51000,4.9663415e-12,2.1582306e-14
784.52000,4.9730776e-12,2.1545667e-14
784.53000,4.9812430e-12,2.1520511e-14
784.54000,4.9887260e-12,2.1517464e-14
784.55000,4.9944436e-12,2.1537294e-14
784.56000,4.9981487e-12,2.1572569e-14
784.57000,4.9999781e-12,2.1609220e-14
784.58000,5.0003910e-12,2.1634722e-14
784.59000,4.9995329e-12,2.1632109e-14
784.60000,4.9982071e-12,2.1607550e-14
784.61000,4.9968948e-12,2.1570275e-14
784.62000,4.9959923e-12,2.1539561e-14
784.63000,4.9952330e-12,2.1527548e-14
784.64000,4.9936012e-12,2.1532573e-14
784.65000,4.9896070e-12,2.1540520e-14
784.66000,4.9823008e-12,2.1535253e-14
784.67000,4.9720783e-12,2.1511910e-14
784.68000,4.9606462e-12,2.1479216e-14
784.69000,4.9502483e-12,2.1451684e-14
784.70000,4.9426472e-12,2.1438028e-14
784.71000,4.9379049e-12,2.1434899e-14
784.72000,4.9361216e-12,2.1433640e-14
784.73000,4.9361415e-12,2.1428164e-14
784.74000,4.9380163e-12,2.1421124e-14
784.75000,4.9417332e-12,2.1419499e-14
784.76000,4.9469564e-12,2.1426281e-14
784.77000,4.9523541e-12,2.1437276e-14
784.78000,4.9557485e-12,2.1445514e-14
784.79000,4.9555213e-12,2.1448155e-14
784.80000,4.9516167e-12,2.1446552e-14
784.81000,4.9456979e-12,2.1442434e-14
784.82000,4.9403417e-12,2.1436279e-14
784.83000,4.9370885e-12,2.1428896e-14
784.84000,4.9372363e-12,2.1422697e-14
784.85000,4.9390990e-12,2.1418399e-14
784.86000,4.9410629e-12,2.1413551e-14
784.87000,4.9408114e-12,2.1403317e-14
784.88000,4.9368655e-12,2.1384937e-14
784.89000,4.9292315e-12,2.1359810e-14
784.90000,4.9196933e-12,2.1332526e-14
784.91000,4.9114717e-12,2.1309207e-14
784.92000,4.9075569e-12,2.1295587e-14
784.93000,4.9092504e-12,2.1295057e-14
784.94000,4.9152371e-12,2.1306442e-14
784.95000,4.9224547e-12,2.1324008e-14
784.96000,4.9265031e-12,2.1339100e-14
784.97000,4.9254836e-12,2.1344675e-14
784.98000,4.9181986e-12,2.1335161e-14
784.99000,4.9061922e-12,2.1311015e-14
785.00000,4.8926005e-12,2.1278866e-14
785.01000,4.8814753e-12,2.1249626e-14
785.02000,4.8764764e-12,2.1233914e-14
785.03000,4.8791858e-12,2.1236977e-14
785.04000,4.8881714e-12,2.1256163e-14
785.05000,4.9005819e-12,2.1284991e-14
785.06000,4.9135851e-12,2.1316645e-14
785.07000,4.9253418e-12,2.1346006e-14
785.08000,4.9354787e-12,2.1371057e-14
785.09000,4.9438125e-12,2.1388984e-14
785.10000,4.9512738e-12,2.1401164e-14
785.11000,4.9581920e-12,2.1407830e-14
785.12000,4.9647115e-12,2.1410777e-14
785.13000,4.9702987e-12,2.1410996e-14
785.14000,4.9739943e-12,2.1408290e-14
785.15000,4.9749033e-12,2.1401819e-14
785.16000,4.9730945e-12,2.1391867e-14
785.17000,4.9695910e-12,2.1380209e-14
785.18000,4.9659280e-12,2.1369331e-14
785.19000,4.9635015e-12,2.1361275e-14
785.20000,4.9627134e-12,2.1356368e-14
785.21000,4.9634305e-12,2.1354522e-14
785.22000,4.9641847e-12,2.1353766e-14
785.23000,4.9636516e-12,2.1352873e-14
785.24000,4.9606508e-12,2.1350602e-14
785.25000,4.9548820e-12,2.1346548e-14
785.26000,4.9470127e-12,2.1341015e-14
785.27000,4.9384900e-12,2.1334795e-14
785.28000,4.9312363e-12,2.1328996e-14
785.29000,4.9269282e-12,2.1324786e-14
785.30000,4.9265771e-12,2.1323075e-14
785.31000,4.9303130e-12,2.1324072e-14
785.32000,4.9374723e-12,2.1327283e-14
785.33000,4.9466568e-12,2.1331968e-14
785.34000,4.9564465e-12,2.1339153e-14
785.35000,4.9653290e-12,2.1349769e-14
785.36000,4.9723548e-12,2.1364527e-14
785.37000,4.9771290e-12,2.1380840e-14
785.38000,4.9797785e-12,2.1393612e-14
785.39000,4.9808052e-12,2.1397779e-14
785.40000,4.9808923e-12,2.1391003e-14
785.41000,4.9806487e-12,2.1375166e-14
785.42000,4.9802485e-12,2.1354469e-14
785.43000,4.9794173e-12,2.1332911e-14
785.44000,4.9777472e-12,2.1313247e-14
785.45000,4.9751132e-12,2.1297014e-14
785.46000,4.9719116e-12,2.1284216e-14
785.47000,4.9690529e-12,2.1276185e-14
785.48000,4.9674496e-12,2.1272649e-14
785.49000,4.9677133e-12,2.1274729e-14
785.50000,4.9695187e-12,2.1282122e-14
785.51000,4.9717093e-12,2.1293277e-14
785.52000,4.9727715e-12,2.1305058e-14
785.53000,4.9714019e-12,2.1312907e-14
785.54000,4.9671570e-12,2.1312508e-14
785.55000,4.9602624e-12,2.1301726e-14
785.56000,4.9514398e-12,2.1282161e-14
785.57000,4.9417952e-12,2.1259059e-14
785.58000,4.9326963e-12,2.1239083e-14
785.59000,4.9249437e-12,2.1225266e-14
785.60000,4.9193942e-12,2.1219336e-14
785.61000,4.9152192e-12,2.1216885e-14
785.62000,4.9117451e-12,2.1215222e-14
785.63000,4.9082762e-12,2.1212066e-14
785.64000,4.9050825e-12,2.1207280e-14
785.65000,4.9034183e-12,2.1202523e-14
785.66000,4.9049795e-12,2.1200790e-14
785.67000,4.9104559e-12,2.1204423e-14
785.68000,4.9191415e-12,2.1213596e-14
785.69000,4.9290922e-12,2.1226099e-14
785.70000,4.9377843e-12,2.1238376e-14
785.71000,4.9436647e-12,2.1247760e-14
785.72000,4.9442479e-12,2.1249931e-14
785.73000,4.9399390e-12,2.1244425e-14
785.74000,4.9305309e-12,2.1230482e-14
785.75000,4.9180431e-12,2.1211278e-14
785.76000,4.9051836e-12,2.1191057e-14
785.77000,4.8944685e-12,2.1173024e-14
785.78000,4.8873262e-12,2.1158198e-14
785.79000,4.8838553e-12,2.1146362e-14
785.80000,4.8832320e-12,2.1137760e-14
785.81000,4.8847507e-12,2.1133873e-14
785.82000,4.8881215e-12,2.1136505e-14
785.83000,4.8934570e-12,2.1146654e-14
785.84000,4.9005494e-12,2.1162745e-14
785.85000,4.9091892e-12,2.1182153e-14
785.86000,4.9178075e-12,2.1199230e-14
785.87000,4.9250495e-12,2.1209505e-14
785.88000,4.9299505e-12,2.1210830e-14
785.89000,4.9326789e-12,2.1204729e-14
785.90000,4.9340860e-12,2.1194837e-14
785.91000,4.9347829e-12,2.1184381e-14
785.92000,4.9346474e-12,2.1174918e-14
785.93000,4.9331877e-12,2.1166864e-14
785.94000,4.9301438e-12,2.1160609e-14
785.95000,4.9258382e-12,2.1156584e-14
785.96000,4.9212001e-12,2.1154769e-14
785.97000,4.9171384e-12,2.1154304e-14
785.98000,4.9148515e-12,2.1153764e-14
785.99000,4.9141022e-12,2.1151741e-14
786.00000,4.9146920e-12,2.1147520e-14
786.01000,4.9160387e-12,2.1141900e-14
786.02000,4.9179598e-12,2.1137053e-14
786.03000,4.9206063e-12,2.1135574e-14
786.04000,4.9241643e-12,2.1139122e-14
786.05000,4.9285242e-12,2.1146943e-14
786.06000,4.9332054e-12,2.1155870e-14
786.07000,4.9375391e-12,2.1162165e-14
786.08000,4.9409776e-12,2.1163940e-14
786.09000,4.9434327e-12,2.1162761e-14
786.10000,4.9453311e-12,2.1161818e-14
786.11000,4.9472232e-12,2.1164852e-14
786.12000,4.9492962e-12,2.1170903e-14
786.13000,4.9512662e-12,2.1178137e-14
786.14000,4.9525448e-12,2.1183786e-14
786.15000,4.9525975e-12,2.1186434e-14
786.16000,4.9511560e-12,2.1185831e-14
786.17000,4.9482908e-12,2.1182083e-14
786.18000,4.9444909e-12,2.1175402e-14
786.19000,4.9405353e-12,2.1166475e-14
786.20000,4.9373203e-12,2.1157125e-14
786.21000,4.9357168e-12,2.1150558e-14
786.22000,4.9363197e-12,2.1150214e-14
786.23000,4.9387682e-12,2.1156209e-14
786.24000,4.9420332e-12,2.1165880e-14
786.25000,4.9440070e-12,2.1171616e-14
786.26000,4.9430851e-12,2.1167672e-14
786.27000,4.9388394e-12,2.1152600e-14
786.28000,4.9322396e-12,2.1130189e-14
786.29000,4.9249034e-12,2.1106363e-14
786.30000,4.9181922e-12,2.1085625e-14
786.31000,4.9128456e-12,2.1069712e-14
786.32000,4.9092345e-12,2.1059021e-14
786.33000,4.9077335e-12,2.1054761e-14
786.34000,4.9084514e-12,2.1058717e-14
786.35000,4.9106134e-12,2.1070932e-14
786.36000,4.9127691e-12,2.1087598e-14
786.37000,4.9124205e-12,2.1099949e-14
786.38000,4.9091091e-12,2.1101040e-14
786.39000,4.9032267e-12,2.1087537e-14
786.40000,4.8970839e-12,2.1064805e-14
786.41000,4.8931285e-12,2.1042533e-14
786.42000,4.8928429e-12,2.1028975e-14
786.43000,4.8964180e-12,2.1027205e-14
786.44000,4.9031480e-12,2.1035474e-14
786.45000,4.9121198e-12,2.1050535e-14
786.46000,4.9226007e-12,2.1070425e-14
786.47000,4.9335794e-12,2.1093691e-14
786.48000,4.9431793e-12,2.1117728e-14
786.49000,4.9497775e-12,2.1139584e-14
786.50000,4.9499164e-12,2.1154319e-14
786.51000,4.9438954e-12,2.1161806e-14
786.52000,4.9316653e-12,2.1161224e-14
786.53000,4.9160761e-12,2.1153124e-14
786.54000,4.9005994e-12,2.1136673e-14
786.55000,4.8880870e-12,2.1110957e-14
786.56000,4.8797120e-12,2.1077676e-14
786.57000,4.8749195e-12,2.1042406e-14
786.58000,4.8722791e-12,2.1011400e-14
786.59000,4.8708765e-12,2.0987576e-14
786.60000,4.8704568e-12,2.0970580e-14
786.61000,4.8710568e-12,2.0958740e-14
786.62000,4.8724639e-12,2.0949648e-14
786.63000,4.8743295e-12,2.0940216e-14
786.64000,4.8760522e-12,2.0929525e-14
786.65000,4.8772643e-12,2.0920247e-14
786.66000,4.8777375e-12,2.0915906e-14
786.67000,4.8774154e-12,2.0914561e-14
786.68000,4.8764800e-12,2.0909323e-14
786.69000,4.8755331e-12,2.0897657e-14
786.70000,4.8756255e-12,2.0888698e-14
786.71000,4.8775926e-12,2.0894850e-14
786.72000,4.8815270e-12,2.0915824e-14
786.73000,4.8866727e-12,2.0934894e-14
786.74000,4.8917453e-12,2.0932050e-14
786.75000,4.8952396e-12,2.0902541e-14
786.76000,4.8964875e-12,2.0861307e-14
786.77000,4.8945966e-12,2.0839246e-14
786.78000,4.8911408e-12,2.0853143e-14
786.79000,4.8875509e-12,2.0904675e-14
786.80000,4.8853796e-12,2.0969159e-14
786.81000,4.8848538e-12,2.1011949e-14
786.82000,4.8850471e-12,2.1005874e-14
786.83000,4.8848265e-12,2.0944015e-14
786.84000,4.8838060e-12,2.0845077e-14
786.85000,4.8823464e-12,2.0738021e-14
786.86000,4.8808868e-12,2.0647934e-14
786.87000,4.8794990e-12,2.0588909e-14
786.88000,4.8779426e-12,2.0564823e-14
786.89000,4.8760737e-12,2.0568236e-14
786.90000,4.8738113e-12,2.0596449e-14
786.91000,4.8713706e-12,2.0633743e-14
786.92000,4.8689251e-12,2.0670145e-14
786.93000,4.8669030e-12,2.0693352e-14
786.94000,4.8659827e-12,2.0697326e-14
786.95000,4.8668759e-12,2.0684221e-14
786.96000,4.8698653e-12,2.0661868e-14
786.97000,4.8743302e-12,2.0637980e-14
786.98000,4.8789061e-12,2.0615456e-14
786.99000,4.8823723e-12,2.0594068e-14
787.00000,4.8843813e-12,2.0575182e-14
787.01000,4.8856240e-12,2.0565128e-14
787.02000,4.8870583e-12,2.0569614e-14
787.03000,4.8896351e-12,2.0602002e-14
787.04000,4.8930764e-12,2.0660318e-14
787.05000,4.8969872e-12,2.0744417e-14
787.06000,4.9007074e-12,2.0839369e-14
787.07000,4.9038842e-12,2.0922088e-14
787.08000,4.9064420e-12,2.0967436e-14
787.09000,4.9084466e-12,2.0960351e-14
787.10000,4.9100427e-12,2.0905553e-14
787.11000,4.9114756e-12,2.0832119e-14
787.12000,4.9128712e-12,2.0773594e-14
787.13000,4.9139078e-12,2.0751111e-14
787.14000,4.9135600e-12,2.0761997e-14
787.15000,4.9101367e-12,2.0782653e-14
787.16000,4.9029871e-12,2.0791385e-14
787.17000,4.8908693e-12,2.0772665e-14
787.18000,4.8761239e-12,2.0744797e-14
787.19000,4.8607185e-12,2.0725761e-14
787.20000,4.8474857e-12,2.0726719e-14
787.21000,4.8381633e-12,2.0738958e-14
787.22000,4.8329969e-12,2.0745073e-14
787.23000,4.8312152e-12,2.0735883e-14
787.24000,4.8320040e-12,2.0717242e-14
787.25000,4.8353108e-12,2.0700266e-14
787.26000,4.8416012e-12,2.0690919e-14
787.27000,4.8509171e-12,2.0689590e-14
787.28000,4.8623296e-12,2.0694721e-14
787.29000,4.8743698e-12,2.0703826e-14
787.30000,4.8853572e-12,2.0713688e-14
787.31000,4.8946702e-12,2.0720981e-14
787.32000,4.9017683e-12,2.0724189e-14
787.33000,4.9064783e-12,2.0723400e-14
787.34000,4.9084235e-12,2.0718785e-14
787.35000,4.9071216e-12,2.0710083e-14
787.36000,4.9024780e-12,2.0697331e-14
787.37000,4.8954063e-12,2.0681968e-14
787.38000,4.8880869e-12,2.0667416e-14
787.39000,4.8826241e-12,2.0657336e-14
787.40000,4.8798805e-12,2.0653519e-14
787.41000,4.8791054e-12,2.0654976e-14
787.42000,4.8787729e-12,2.0659374e-14
787.43000,4.8779782e-12,2.0664963e-14
787.44000,4.8767122e-12,2.0671520e-14
787.45000,4.8758399e-12,2.0677851e-14
787.46000,4.8756411e-12,2.0680743e-14
787.47000,4.8752307e-12,2.0675326e-14
787.48000,4.8726486e-12,2.0658613e-14
787.49000,4.8659594e-12,2.0632413e-14
787.50000,4.8545386e-12,2.0603036e-14
787.51000,4.8398410e-12,2.0578191e-14
787.52000,4.8247155e-12,2.0562794e-14
787.53000,4.8117542e-12,2.0558227e-14
787.54000,4.8024597e-12,2.0563851e-14
787.55000,4.7973616e-12,2.0579465e-14
787.56000,4.7958870e-12,2.0604064e-14
787.57000,4.7983652e-12,2.0637177e-14
787.58000,4.8033837e-12,2.0669587e-14
787.59000,4.8102899e-12,2.0689805e-14
787.60000,4.8173910e-12,2.0686093e-14
787.61000,4.8230433e-12,2.0655030e-14
787.62000,4.8259473e-12,2.0603357e-14
787.63000,4.8253121e-12,2.0543053e-14
787.64000,4.8205868e-12,2.0483966e-14
787.65000,4.8113575e-12,2.0429153e-14
787.66000,4.7968574e-12,2.0375517e-14
787.67000,4.7755336e-12,2.0316692e-14
787.68000,4.7448973e-12,2.0244712e-14
787.69000,4.7015406e-12,2.0150510e-14
787.70000,4.6453489e-12,2.0032022e-14
787.71000,4.5746176e-12,1.9884350e-14
787.72000,4.4991886e-12,1.9726682e-14
787.73000,4.4304894e-12,1.9582809e-14
787.74000,4.3859162e-12,1.9489936e-14
787.75000,4.3799432e-12,1.9479442e-14
787.76000,4.4169836e-12,1.9560801e-14
787.77000,4.4877786e-12,1.9713645e-14
787.78000,4.5730218e-12,1.9895902e-14
787.79000,4.6522538e-12,2.0063165e-14
787.80000,4.7141552e-12,2.0188933e-14
787.81000,4.7570904e-12,2.0261151e-14
787.82000,4.7856131e-12,2.0267188e-14
787.83000,4.8057663e-12,2.0170625e-14
787.84000,4.8224216e-12,1.9947049e-14
787.85000,4.8377550e-12,1.9495698e-14
787.86000,4.8523662e-12,1.8847802e-14
787.87000,4.8652078e-12,1.8029872e-14
787.88000,4.8749710e-12,1.7173584e-14
787.89000,4.8810081e-12,1.6421625e-14
787.90000,4.8839358e-12,1.5869130e-14
787.91000,4.8851778e-12,1.5531587e-14
787.92000,4.8857998e-12,1.5361815e-14
787.93000,4.8856824e-12,1.5285278e-14
787.94000,4.8838254e-12,1.5250183e-14
787.95000,4.8793159e-12,1.5229939e-14
787.96000,4.8720262e-12,1.5216500e-14
787.97000,4.8628005e-12,1.5210507e-14
787.98000,4.8530367e-12,1.5212199e-14
787.99000,4.8448275e-12,1.5221799e-14
788.00000,4.8392676e-12,1.5231837e-14
788.01000,4.8369451e-12,1.5234984e-14
788.02000,4.8369116e-12,1.5224952e-14
788.03000,4.8375168e-12,1.5201549e-14
788.04000,4.8372181e-12,1.5170461e-14
788.05000,4.8353011e-12,1.5139650e-14
788.06000,4.8321338e-12,1.5115603e-14
788.07000,4.8287795e-12,1.5101271e-14
788.08000,4.8261439e-12,1.5097367e-14
788.09000,4.8245661e-12,1.5103201e-14
788.10000,4.8239557e-12,1.5116833e-14
788.11000,4.8243282e-12,1.5134817e-14
788.12000,4.8257357e-12,1.5153182e-14
788.13000,4.8288555e-12,1.5166372e-14
788.14000,4.8333820e-12,1.5172407e-14
788.15000,4.8391237e-12,1.5170275e-14
788.16000,4.8454603e-12,1.5162113e-14
788.17000,4.8520368e-12,1.5150763e-14
788.18000,4.8589151e-12,1.5138896e-14
788.19000,4.8663248e-12,1.5128630e-14
788.20000,4.8740349e-12,1.5121263e-14
788.21000,4.8810349e-12,1.5116842e-14
788.22000,4.8860412e-12,1.5114634e-14
788.23000,4.8883134e-12,1.5113811e-14
788.24000,4.8880593e-12,1.5113898e-14
788.25000,4.8859966e-12,1.5114310e-14
788.26000,4.8828383e-12,1.5114088e-14
788.27000,4.8783351e-12,1.5110461e-14
788.28000,4.8725187e-12,1.5102373e-14
788.29000,4.8653538e-12,1.5089733e-14
788.30000,4.8574633e-12,1.5075240e-14
788.31000,4.8495666e-12,1.5062072e-14
788.32000,4.8421993e-12,1.5052056e-14
788.33000,4.8357884e-12,1.5045264e-14
788.34000,4.8308975e-12,1.5041069e-14
788.35000,4.8280252e-12,1.5039097e-14
788.36000,4.8272101e-12,1.5039182e-14
788.37000,4.8277340e-12,1.5040802e-14
788.38000,4.8284701e-12,1.5043476e-14
788.39000,4.8286179e-12,1.5047836e-14
788.40000,4.8281948e-12,1.5054786e-14
788.41000,4.8276871e-12,1.5066198e-14
788.42000,4.8274619e-12,1.5079303e-14
788.43000,4.8273538e-12,1.5089744e-14
788.44000,4.8269405e-12,1.5092025e-14
788.45000,4.8261678e-12,1.5083984e-14
788.46000,4.8256801e-12,1.5068370e-14
788.47000,4.8265949e-12,1.5051218e-14
788.48000,4.8298582e-12,1.5038574e-14
788.49000,4.8353556e-12,1.5033200e-14
788.50000,4.8419120e-12,1.5034487e-14
788.51000,4.8478153e-12,1.5039822e-14
788.52000,4.8518341e-12,1.5046590e-14
788.53000,4.8539424e-12,1.5053509e-14
788.54000,4.8551357e-12,1.5060512e-14
788.55000,4.8566505e-12,1.5068991e-14
788.56000,4.8588084e-12,1.5083477e-14
788.57000,4.8610935e-12,1.5119977e-14
788.58000,4.8623853e-12,1.5217149e-14
788.59000,4.8619388e-12,1.5446344e-14
788.60000,4.8600414e-12,1.5904455e-14
788.61000,4.8579789e-12,1.6676231e-14
788.62000,4.8572799e-12,1.7776109e-14
788.63000,4.8584998e-12,1.9070995e-14
788.64000,4.8610561e-12,2.0346338e-14
788.65000,4.8638360e-12,2.1393176e-14
788.66000,4.8660442e-12,2.2102830e-14
788.67000,4.8676023e-12,2.2487497e-14
788.68000,4.8688806e-12,2.2661162e-14
788.69000,4.8700625e-12,2.2702249e-14
788.70000,4.8707474e-12,2.2708414e-14
788.71000,4.8701644e-12,2.2701475e-14
788.72000,4.8678479e-12,2.2694993e-14
788.73000,4.8641717e-12,2.2689699e-14
788.74000,4.8603911e-12,2.2685066e-14
788.75000,4.8581711e-12,2.2682036e-14
788.76000,4.8590065e-12,2.2682626e-14
788.77000,4.8634200e-12,2.2688134e-14
788.78000,4.8709580e-12,2.2698387e-14
788.79000,4.8803634e-12,2.2711953e-14
788.80000,4.8899364e-12,2.2727167e-14
788.81000,4.8980282e-12,2.2743720e-14
788.82000,4.9040583e-12,2.2762574e-14
788.83000,4.9076210e-12,2.2787895e-14
788.84000,4.9099173e-12,2.2819475e-14
788.85000,4.9112032e-12,2.2854067e-14
788.86000,4.9112767e-12,2.2880964e-14
788.87000,4.9090955e-12,2.2887729e-14
788.88000,4.9038010e-12,2.2867883e-14
788.89000,4.8958175e-12,2.2826442e-14
788.90000,4.8871116e-12,2.2778261e-14
788.91000,4.8803353e-12,2.2740243e-14
788.92000,4.8773264e-12,2.2721871e-14
788.93000,4.8786576e-12,2.2723653e-14
788.94000,4.8839245e-12,2.2739977e-14
788.95000,4.8922346e-12,2.2763132e-14
788.96000,4.9023100e-12,2.2785553e-14
788.97000,4.9126485e-12,2.2802757e-14
788.98000,4.9207180e-12,2.2808594e-14
788.99000,4.9250444e-12,2.2804753e-14
789.00000,4.9245309e-12,2.2793490e-14
789.01000,4.9200289e-12,2.2781579e-14
789.02000,4.9134330e-12,2.2774519e-14
789.03000,4.9068678e-12,2.2773318e-14
789.04000,4.9020003e-12,2.2774247e-14
789.05000,4.8999272e-12,2.2772705e-14
789.06000,4.9010024e-12,2.2769107e-14
789.07000,4.9050813e-12,2.2770463e-14
789.08000,4.9114000e-12,2.2787009e-14
789.09000,4.9186809e-12,2.2825798e-14
789.10000,4.9253411e-12,2.2884178e-14
789.11000,4.9303527e-12,2.2949464e-14
789.12000,4.9316998e-12,2.2995349e-14
789.13000,4.9291523e-12,2.3006038e-14
789.14000,4.9218716e-12,2.2971612e-14
789.15000,4.9107811e-12,2.2903185e-14
789.16000,4.8978649e-12,2.2821146e-14
789.17000,4.8856362e-12,2.2744918e-14
789.18000,4.8761770e-12,2.2686043e-14
789.19000,4.8706598e-12,2.2648447e-14
789.20000,4.8692283e-12,2.2630740e-14
789.21000,4.8714602e-12,2.2630177e-14
789.22000,4.8766354e-12,2.2645019e-14
789.23000,4.8837845e-12,2.2675587e-14
789.24000,4.8919373e-12,2.2724396e-14
789.25000,4.9003426e-12,2.2793701e-14
789.26000,4.9085464e-12,2.2878267e-14
789.27000,4.9156598e-12,2.2963725e-14
789.28000,4.9209305e-12,2.3024870e-14
789.29000,4.9234303e-12,2.3038972e-14
789.30000,4.9231372e-12,2.3000236e-14
789.31000,4.9209205e-12,2.2924051e-14
789.32000,4.9181227e-12,2.2837839e-14
789.33000,4.9157109e-12,2.2765099e-14
789.34000,4.9137048e-12,2.2715832e-14
789.35000,4.9113686e-12,2.2686029e-14
789.36000,4.9080121e-12,2.2668681e-14
789.37000,4.9034537e-12,2.2659581e-14
789.38000,4.8979776e-12,2.2658189e-14
789.39000,4.8919678e-12,2.2664512e-14
789.40000,4.8856783e-12,2.2675613e-14
789.41000,4.8791028e-12,2.2684853e-14
789.42000,4.8723457e-12,2.2686917e-14
789.43000,4.8654836e-12,2.2681258e-14
789.44000,4.8586610e-12,2.2676065e-14
789.45000,4.8520761e-12,2.2683847e-14
789.46000,4.8461366e-12,2.2713025e-14
789.47000,4.8414417e-12,2.2760184e-14
789.48000,4.8384451e-12,2.2810097e-14
789.49000,4.8369923e-12,2.2846491e-14
789.50000,4.8364125e-12,2.2866851e-14
789.51000,4.8361235e-12,2.2881739e-14
789.52000,4.8358908e-12,2.2899673e-14
789.53000,4.8355583e-12,2.2912157e-14
789.54000,4.8344971e-12,2.2894731e-14
789.55000,4.8320182e-12,2.2836128e-14
789.56000,4.8258098e-12,2.2727351e-14
789.57000,4.8145807e-12,2.2598535e-14
789.58000,4.7951740e-12,2.2463860e-14
789.59000,4.7643989e-12,2.2331250e-14
789.60000,4.7186719e-12,2.2192244e-14
789.61000,4.6553083e-12,2.2031981e-14
789.62000,4.5743562e-12,2.1840349e-14
789.63000,4.4803467e-12,2.1619763e-14
789.64000,4.3840162e-12,2.1390523e-14
789.65000,4.3000422e-12,2.1186002e-14
789.66000,4.2446137e-12,2.1046005e-14
789.67000,4.2318153e-12,2.1006458e-14
789.68000,4.2690600e-12,2.1086574e-14
789.69000,4.3536776e-12,2.1280089e-14
789.70000,4.4686571e-12,2.1546041e-14
789.71000,4.5946440e-12,2.1838461e-14
789.72000,4.7078351e-12,2.2101277e-14
789.73000,4.7948371e-12,2.2303107e-14
789.74000,4.8518297e-12,2.2435000e-14
789.75000,4.8829460e-12,2.2507089e-14
789.76000,4.8955418e-12,2.2537368e-14
789.77000,4.8964995e-12,2.2542204e-14
789.78000,4.8906664e-12,2.2532176e-14
789.79000,4.8814436e-12,2.2514155e-14
789.80000,4.8709042e-12,2.2492864e-14
789.81000,4.8606120e-12,2.2472732e-14
789.82000,4.8518934e-12,2.2457291e-14
789.83000,4.8459343e-12,2.2448266e-14
789.84000,4.8439205e-12,2.2445938e-14
789.85000,4.8458604e-12,2.2449012e-14
789.86000,4.8528558e-12,2.2458673e-14
789.87000,4.8632070e-12,2.2473647e-14
789.88000,4.8758331e-12,2.2493359e-14
789.89000,4.8884083e-12,2.2514648e-14
789.90000,4.8987817e-12,2.2533713e-14
789.91000,4.9055569e-12,2.2547359e-14
789.92000,4.9085844e-12,2.2553845e-14
789.93000,4.9088783e-12,2.2553049e-14
789.94000,4.9080935e-12,2.2547419e-14
789.95000,4.9072760e-12,2.2541199e-14
789.96000,4.9064385e-12,2.2539624e-14
789.97000,4.9047131e-12,2.2546921e-14
789.98000,4.9009600e-12,2.2564117e-14
789.99000,4.8949324e-12,2.2587443e-14
790.00000,4.8864534e-12,2.2607576e-14
790.01000,4.8768459e-12,2.2614415e-14
790.02000,4.8666428e-12,2.2599421e-14
790.03000,4.8563672e-12,2.2563558e-14
790.04000,4.8462076e-12,2.2517650e-14
790.05000,4.8364953e-12,2.2479382e-14
790.06000,4.8278739e-12,2.2467839e-14
790.07000,4.8210151e-12,2.2498360e-14
790.08000,4.8163076e-12,2.2577732e-14
790.09000,4.8137116e-12,2.2692677e-14
790.10000,4.8132561e-12,2.2811447e-14
790.11000,4.8150420e-12,2.2891448e-14
790.12000,4.8189950e-12,2.2900199e-14
790.13000,4.8247456e-12,2.2834191e-14
790.14000,4.8316415e-12,2.2722689e-14
790.15000,4.8394228e-12,2.2605827e-14
790.16000,4.8477376e-12,2.2514528e-14
790.17000,4.8564612e-12,2.2461795e-14
790.18000,4.8649767e-12,2.2443425e-14
790.19000,4.8722828e-12,2.2448268e-14
790.20000,4.8773092e-12,2.2465249e-14
790.21000,4.8793981e-12,2.2486549e-14
790.22000,4.8786101e-12,2.2507636e-14
790.23000,4.8756253e-12,2.2525500e-14
790.24000,4.8714605e-12,2.2537027e-14
790.25000,4.8666998e-12,2.2538227e-14
790.26000,4.8614611e-12,2.2526218e-14
790.27000,4.8558174e-12,2.2502261e-14
790.28000,4.8503751e-12,2.2472721e-14
790.29000,4.8465272e-12,2.2446739e-14
790.30000,4.8451379e-12,2.2429157e-14
790.31000,4.8476914e-12,2.2424209e-14
790.32000,4.8529131e-12,2.2426602e-14
790.33000,4.8599044e-12,2.2433392e-14
790.34000,4.8672742e-12,2.2440775e-14
790.35000,4.8744946e-12,2.2446806e-14
790.36000,4.8816674e-12,2.2450536e-14
790.37000,4.8888490e-12,2.2451702e-14
790.38000,4.8955884e-12,2.2450854e-14
790.39000,4.9012127e-12,2.2449378e-14
790.40000,4.9053370e-12,2.2448474e-14
790.41000,4.9079737e-12,2.2448369e-14
790.42000,4.9092868e-12,2.2448280e-14
790.43000,4.9093502e-12,2.2447157e-14
790.44000,4.9080915e-12,2.2444318e-14
790.45000,4.9056846e-12,2.2439881e-14
790.46000,4.9021032e-12,2.2433701e-14
790.47000,4.8982213e-12,2.2427077e-14
790.48000,4.8949078e-12,2.2421822e-14
790.49000,4.8931512e-12,2.2420298e-14
790.50000,4.8933120e-12,2.2423358e-14
790.51000,4.8949651e-12,2.2429435e-14
790.52000,4.8973139e-12,2.2435740e-14
790.53000,4.8998236e-12,2.2440509e-14
790.54000,4.9025041e-12,2.2444139e-14
790.55000,4.9056421e-12,2.2448044e-14
790.56000,4.9093270e-12,2.2452994e-14
790.57000,4.9131639e-12,2.2458427e-14
790.58000,4.9163142e-12,2.2462860e-14
790.59000,4.9177616e-12,2.2464867e-14
790.60000,4.9172476e-12,2.2464415e-14
790.61000,4.9144261e-12,2.2461582e-14
790.62000,4.9106947e-12,2.2457583e-14
790.63000,4.9070124e-12,2.2452670e-14
790.64000,4.9044163e-12,2.2447757e-14
790.65000,4.9031742e-12,2.2444334e-14
790.66000,4.9028712e-12,2.2443600e-14
790.67000,4.9028515e-12,2.2444962e-14
790.68000,4.9027066e-12,2.2445669e-14
790.69000,4.9024636e-12,2.2442424e-14
790.70000,4.9023779e-12,2.2434219e-14
790.71000,4.9025687e-12,2.2423028e-14
790.72000,4.9028132e-12,2.2412727e-14
790.73000,4.9025675e-12,2.2407441e-14
790.74000,4.9010699e-12,2.2411583e-14
790.75000,4.8979512e-12,2.2427427e-14
790.76000,4.8922542e-12,2.2465368e-14
790.77000,4.8843398e-12,2.2527513e-14
790.78000,4.8741155e-12,2.2618362e-14
790.79000,4.8624988e-12,2.2725410e-14
790.80000,4.8508710e-12,2.2821165e-14
790.81000,4.8406401e-12,2.2871894e-14
790.82000,4.8323664e-12,2.2856684e-14
790.83000,4.8254184e-12,2.2782018e-14
790.84000,4.8187624e-12,2.2678699e-14
790.85000,4.8122096e-12,2.2582619e-14
790.86000,4.8066667e-12,2.2510847e-14
790.87000,4.8032314e-12,2.2459397e-14
790.88000,4.8023144e-12,2.2414641e-14
790.89000,4.8034525e-12,2.2367387e-14
790.90000,4.8056595e-12,2.2319091e-14
790.91000,4.8080185e-12,2.2275557e-14
790.92000,4.8097787e-12,2.2247574e-14
790.93000,4.8110641e-12,2.2235262e-14
790.94000,4.8123799e-12,2.2240474e-14
790.95000,4.8147528e-12,2.2260767e-14
790.96000,4.8192203e-12,2.2294360e-14
790.97000,4.8264290e-12,2.2339719e-14
790.98000,4.8363183e-12,2.2393447e-14
790.99000,4.8480227e-12,2.2447199e-14
791.00000,4.8600160e-12,2.2487188e-14
791.01000,4.8707295e-12,2.2501396e-14
791.02000,4.8791481e-12,2.2486874e-14
791.03000,4.8850296e-12,2.2452234e-14
791.04000,4.8887924e-12,2.2412485e-14
791.05000,4.8911616e-12,2.2381145e-14
791.06000,4.8928480e-12,2.2362444e-14
791.07000,4.8940350e-12,2.2358039e-14
791.08000,4.8945200e-12,2.2360882e-14
791.09000,4.8935096e-12,2.2368727e-14
791.10000,4.8901508e-12,2.2378395e-14
791.11000,4.8838780e-12,2.2387399e-14
791.12000,4.8747712e-12,2.2392029e-14
791.13000,4.8635771e-12,2.2387089e-14
791.14000,4.8514502e-12,2.2368151e-14
791.15000,4.8397830e-12,2.2335293e-14
791.16000,4.8302101e-12,2.2295989e-14
791.17000,4.8244872e-12,2.2261094e-14
791.18000,4.8240718e-12,2.2239196e-14
791.19000,4.8293458e-12,2.2233049e-14
791.20000,4.8390423e-12,2.2239513e-14
791.21000,4.8501909e-12,2.2251786e-14
791.22000,4.8598691e-12,2.2263557e-14
791.23000,4.8638940e-12,2.2268013e-14
791.24000,4.8622724e-12,2.2264580e-14
791.25000,4.8552544e-12,2.2253363e-14
791.26000,4.8460947e-12,2.2239189e-14
791.27000,4.8385950e-12,2.2228634e-14
791.28000,4.8355395e-12,2.2226955e-14
791.29000,4.8372810e-12,2.2234395e-14
791.30000,4.8415760e-12,2.2245452e-14
791.31000,4.8447575e-12,2.2252104e-14
791.32000,4.8439619e-12,2.2249329e-14
791.33000,4.8384727e-12,2.2236650e-14
791.34000,4.8296006e-12,2.2216371e-14
791.35000,4.8197066e-12,2.2191766e-14
791.36000,4.8110331e-12,2.2166757e-14
791.37000,4.8049542e-12,2.2146005e-14
791.38000,4.8012602e-12,2.2131586e-14
791.39000,4.7994320e-12,2.2125016e-14
791.40000,4.7977938e-12,2.2120652e-14
791.41000,4.7957188e-12,2.2115087e-14
791.42000,4.7933263e-12,2.2107669e-14
791.43000,4.7916444e-12,2.2103850e-14
791.44000,4.7918206e-12,2.2112776e-14
791.45000,4.7942027e-12,2.2142107e-14
791.46000,4.7979242e-12,2.2192952e-14
791.47000,4.8013983e-12,2.2257197e-14
791.48000,4.8036588e-12,2.2318768e-14
791.49000,4.8050981e-12,2.2360749e-14
791.50000,4.8068020e-12,2.2371552e-14
791.51000,4.8091306e-12,2.2349975e-14
791.52000,4.8110444e-12,2.2305857e-14
791.53000,4.8109404e-12,2.2255966e-14
791.54000,4.8085887e-12,2.2212876e-14
791.55000,4.8048671e-12,2.2187593e-14
791.56000,4.8022097e-12,2.2174210e-14
791.57000,4.8022196e-12,2.2168197e-14
791.58000,4.8054850e-12,2.2163356e-14
791.59000,4.8115046e-12,2.2158504e-14
791.60000,4.8191291e-12,2.2155600e-14
791.61000,4.8268782e-12,2.2155839e-14
791.62000,4.8332221e-12,2.2157429e-14
791.63000,4.8371328e-12,2.2157855e-14
791.64000,4.8389326e-12,2.2159038e-14
791.65000,4.8400812e-12,2.2168681e-14
791.66000,4.8423198e-12,2.2195458e-14
791.67000,4.8465871e-12,2.2241196e-14
791.68000,4.8525469e-12,2.2296528e-14
791.69000,4.8587826e-12,2.2343241e-14
791.70000,4.8639672e-12,2.2369997e-14
791.71000,4.8660703e-12,2.2364493e-14
791.72000,4.8652464e-12,2.2340938e-14
791.73000,4.8616981e-12,2.2309156e-14
791.74000,4.8569159e-12,2.2281777e-14
791.75000,4.8523568e-12,2.2263537e-14
791.76000,4.8489073e-12,2.2252785e-14
791.77000,4.8466925e-12,2.2244893e-14
791.78000,4.8453940e-12,2.2235415e-14
791.79000,4.8447957e-12,2.2221872e-14
791.80000,4.8450259e-12,2.2204517e-14
791.81000,4.8463636e-12,2.2185130e-14
791.82000,4.8488393e-12,2.2165887e-14
791.83000,4.8521021e-12,2.2148732e-14
791.84000,4.8555631e-12,2.2135320e-14
791.85000,4.8585777e-12,2.2127101e-14
791.86000,4.8608497e-12,2.2123783e-14
791.87000,4.8620051e-12,2.2125550e-14
791.88000,4.8624800e-12,2.2128985e-14
791.89000,4.8624473e-12,2.2131958e-14
791.90000,4.8621494e-12,2.2133116e-14
791.91000,4.8617021e-12,2.2134484e-14
791.92000,4.8613064e-12,2.2141324e-14
791.93000,4.8612947e-12,2.2159879e-14
791.94000,4.8619071e-12,2.2194665e-14
791.95000,4.8629845e-12,2.2248401e-14
791.96000,4.8638151e-12,2.2321451e-14
791.97000,4.8634585e-12,2.2412124e-14
791.98000,4.8612601e-12,2.2510464e-14
791.99000,4.8573385e-12,2.2593873e-14
792.00000,4.8525954e-12,2.2633286e-14
792.01000,4.8482265e-12,2.2608721e-14
792.02000,4.8448274e-12,2.2530967e-14
792.03000,4.8428563e-12,2.2419876e-14
792.04000,4.8415995e-12,2.2312515e-14
792.05000,4.8405180e-12,2.2223887e-14
792.06000,4.8388763e-12,2.2158530e-14
792.07000,4.8364431e-12,2.2113658e-14
792.08000,4.8336551e-12,2.2086513e-14
792.09000,4.8312776e-12,2.2074819e-14
792.10000,4.8296925e-12,2.2074093e-14
792.11000,4.8283560e-12,2.2076935e-14
792.12000,4.8259039e-12,2.2075906e-14
792.13000,4.8210230e-12,2.2067734e-14
792.14000,4.8132737e-12,2.2053669e-14
792.15000,4.8034397e-12,2.2036954e-14
792.16000,4.7932071e-12,2.2019976e-14
792.17000,4.7846092e-12,2.2003866e-14
792.18000,4.7787071e-12,2.1989321e-14
792.19000,4.7773380e-12,2.1979594e-14
792.20000,4.7798044e-12,2.1976065e-14
792.21000,4.7862000e-12,2.1979988e-14
792.22000,4.7951183e-12,2.1989230e-14
792.23000,4.8049755e-12,2.2000725e-14
792.24000,4.8144636e-12,2.2012069e-14
792.25000,4.8228675e-12,2.2022108e-14
792.26000,4.8297906e-12,2.2030373e-14
792.27000,4.8345826e-12,2.2036428e-14
792.28000,4.8361650e-12,2.2039703e-14
792.29000,4.8336124e-12,2.2039780e-14
792.30000,4.8266371e-12,2.2037107e-14
792.31000,4.8158953e-12,2.2034586e-14
792.32000,4.8027869e-12,2.2038477e-14
792.33000,4.7890014e-12,2.2056427e-14
792.34000,4.7762671e-12,2.2092345e-14
792.35000,4.7655370e-12,2.2140553e-14
792.36000,4.7589578e-12,2.2184932e-14
792.37000,4.7565186e-12,2.2206561e-14
792.38000,4.7587945e-12,2.2192358e-14
792.39000,4.7648566e-12,2.2146668e-14
792.40000,4.7735648e-12,2.2087742e-14
792.41000,4.7836733e-12,2.2036365e-14
792.42000,4.7934627e-12,2.2003508e-14
792.43000,4.8005159e-12,2.1986623e-14
792.44000,4.8023627e-12,2.1975524e-14
792.45000,4.7983559e-12,2.1961367e-14
792.46000,4.7899356e-12,2.1941892e-14
792.47000,4.7798494e-12,2.1919660e-14
792.48000,4.7708512e-12,2.1898772e-14
792.49000,4.7647802e-12,2.1882701e-14
792.50000,4.7624361e-12,2.1873843e-14
792.51000,4.7632510e-12,2.1871958e-14
792.52000,4.7670479e-12,2.1877737e-14
792.53000,4.7722855e-12,2.1887762e-14
792.54000,4.7784488e-12,2.1900914e-14
792.55000,4.7848227e-12,2.1915324e-14
792.56000,4.7909859e-12,2.1929756e-14
792.57000,4.7965540e-12,2.1942889e-14
792.58000,4.8011180e-12,2.1953190e-14
792.59000,4.8044836e-12,2.1959596e-14
792.60000,4.8070313e-12,2.1962524e-14
792.61000,4.8098007e-12,2.1964269e-14
792.62000,4.8139133e-12,2.1967882e-14
792.63000,4.8198276e-12,2.1975258e-14
792.64000,4.8269117e-12,2.1985781e-14
792.65000,4.8335634e-12,2.1996157e-14
792.66000,4.8378515e-12,2.2001797e-14
792.67000,4.8381800e-12,2.1998843e-14
792.68000,4.8346378e-12,2.1987622e-14
792.69000,4.8268311e-12,2.1968916e-14
792.70000,4.8169249e-12,2.1948741e-14
792.71000,4.8060736e-12,2.1931368e-14
792.72000,4.7961397e-12,2.1922503e-14
792.73000,4.7883855e-12,2.1928027e-14
792.74000,4.7829585e-12,2.1953201e-14
792.75000,4.7786654e-12,2.2001105e-14
792.76000,4.7735659e-12,2.2071321e-14
792.77000,4.7661818e-12,2.2157728e-14
792.78000,4.7567574e-12,2.2243567e-14
792.79000,4.7472117e-12,2.2302384e-14
792.80000,4.7396918e-12,2.2308361e-14
792.81000,4.7350814e-12,2.2253132e-14
792.82000,4.7326873e-12,2.2155574e-14
792.83000,4.7312555e-12,2.2053283e-14
792.84000,4.7300703e-12,2.1981763e-14
792.85000,4.7290481e-12,2.1948017e-14
792.86000,4.7285498e-12,2.1946419e-14
792.87000,4.7286492e-12,2.1945055e-14
792.88000,4.7294584e-12,2.1928209e-14
792.89000,4.7308388e-12,2.1891922e-14
792.90000,4.7325373e-12,2.1846561e-14
792.91000,4.7342683e-12,2.1806224e-14
792.92000,4.7358306e-12,2.1779931e-14
792.93000,4.7371785e-12,2.1769294e-14
792.94000,4.7384260e-12,2.1771782e-14
792.95000,4.7397216e-12,2.1783914e-14
792.96000,4.7409656e-12,2.1802889e-14
792.97000,4.7416722e-12,2.1825486e-14
792.98000,4.7412528e-12,2.1847594e-14
792.99000,4.7395843e-12,2.1865430e-14
793.00000,4.7372773e-12,2.1876895e-14
793.01000,4.7353145e-12,2.1881266e-14
793.02000,4.7341483e-12,2.1879592e-14
793.03000,4.7338693e-12,2.1870302e-14
793.04000,4.7337273e-12,2.1855586e-14
793.05000,4.7333167e-12,2.1836711e-14
793.06000,4.7324315e-12,2.1817816e-14
793.07000,4.7311820e-12,2.1803601e-14
793.08000,4.7298571e-12,2.1797783e-14
793.09000,4.7288134e-12,2.1801075e-14
793.10000,4.7282701e-12,2.1810054e-14
793.11000,4.7280314e-12,2.1818296e-14
793.12000,4.7274558e-12,2.1820412e-14
793.13000,4.7260023e-12,2.1815690e-14
793.14000,4.7238382e-12,2.1807133e-14
793.15000,4.7220197e-12,2.1797733e-14
793.16000,4.7220823e-12,2.1788130e-14
793.17000,4.7253197e-12,2.1778149e-14
793.18000,4.7322436e-12,2.1770134e-14
793.19000,4.7419436e-12,2.1767184e-14
793.20000,4.7533889e-12,2.1775660e-14
793.21000,4.7645586e-12,2.1792396e-14
793.22000,4.7742337e-12,2.1813246e-14
793.23000,4.7814169e-12,2.1830692e-14
793.24000,4.7853936e-12,2.1840373e-14
793.25000,4.7855641e-12,2.1842043e-14
793.26000,4.7816415e-12,2.1837295e-14
793.27000,4.7740985e-12,2.1826980e-14
793.28000,4.7644471e-12,2.1811384e-14
793.29000,4.7550473e-12,2.1792607e-14
793.30000,4.7480036e-12,2.1774489e-14
793.31000,4.7441645e-12,2.1759810e-14
793.32000,4.7426495e-12,2.1748035e-14
793.33000,4.7413735e-12,2.1736072e-14
793.34000,4.7384243e-12,2.1721226e-14
793.35000,4.7333665e-12,2.1703572e-14
793.36000,4.7273153e-12,2.1685366e-14
793.37000,4.7224293e-12,2.1670919e-14
793.38000,4.7197578e-12,2.1661703e-14
793.39000,4.7197115e-12,2.1658682e-14
793.40000,4.7216052e-12,2.1660605e-14
793.41000,4.7246843e-12,2.1665927e-14
793.42000,4.7285977e-12,2.1673274e-14
793.43000,4.7334834e-12,2.1681519e-14
793.44000,4.7396926e-12,2.1689770e-14
793.45000,4.7474548e-12,2.1697689e-14
793.46000,4.7566357e-12,2.1705870e-14
793.47000,4.7666198e-12,2.1715333e-14
793.48000,4.7762549e-12,2.1726107e-14
793.49000,4.7837816e-12,2.1736079e-14
793.50000,4.7872587e-12,2.1741528e-14
793.51000,4.7855490e-12,2.1739471e-14
793.52000,4.7792850e-12,2.1730124e-14
793.53000,4.7708501e-12,2.1717199e-14
793.54000,4.7637863e-12,2.1706800e-14
793.55000,4.7601841e-12,2.1702405e-14
793.56000,4.7610927e-12,2.1705477e-14
793.57000,4.7656480e-12,2.1714055e-14
793.58000,4.7723925e-12,2.1725557e-14
793.59000,4.7799197e-12,2.1738226e-14
793.60000,4.7870289e-12,2.1751095e-14
793.61000,4.7925642e-12,2.1762731e-14
793.62000,4.7953669e-12,2.1770263e-14
793.63000,4.7943495e-12,2.1769601e-14
793.64000,4.7891340e-12,2.1758268e-14
793.65000,4.7800088e-12,2.1736809e-14
793.66000,4.7680999e-12,2.1708987e-14
793.67000,4.7552245e-12,2.1679850e-14
793.68000,4.7435324e-12,2.1653557e-14
793.69000,4.7350771e-12,2.1632912e-14
793.70000,4.7315533e-12,2.1620691e-14
793.71000,4.7327588e-12,2.1617419e-14
793.72000,4.7389675e-12,2.1626107e-14
793.73000,4.7470601e-12,2.1641088e-14
793.74000,4.7550477e-12,2.1657611e-14
793.75000,4.7607034e-12,2.1668917e-14
793.76000,4.7629762e-12,2.1671322e-14
793.77000,4.7619460e-12,2.1665082e-14
793.78000,4.7586399e-12,2.1653646e-14
793.79000,4.7546611e-12,2.1641829e-14
793.80000,4.7515323e-12,2.1633719e-14
793.81000,4.7498686e-12,2.1630697e-14
793.82000,4.7491930e-12,2.1631205e-14
793.83000,4.7488421e-12,2.1633013e-14
793.84000,4.7489935e-12,2.1635712e-14
793.85000,4.7508995e-12,2.1641433e-14
793.86000,4.7560446e-12,2.1652907e-14
793.87000,4.7649949e-12,2.1670508e-14
793.88000,4.7765835e-12,2.1691197e-14
793.89000,4.7887112e-12,2.1708880e-14
793.90000,4.7989092e-12,2.1719778e-14
793.91000,4.8054613e-12,2.1721955e-14
793.92000,4.8077418e-12,2.1717398e-14
793.93000,4.8060149e-12,2.1709108e-14
793.94000,4.8010777e-12,2.1699166e-14
793.95000,4.7939410e-12,2.1688189e-14
793.96000,4.7855831e-12,2.1676094e-14
793.97000,4.7767632e-12,2.1662804e-14
793.98000,4.7680555e-12,2.1648365e-14
793.99000,4.7601736e-12,2.1633307e-14
794.00000,4.7542814e-12,2.1619214e-14
794.01000,4.7518160e-12,2.1608821e-14
794.02000,4.7537404e-12,2.1604849e-14
794.03000,4.7597945e-12,2.1608262e-14
794.04000,4.7683631e-12,2.1617604e-14
794.05000,4.7769577e-12,2.1630411e-14
794.06000,4.7838342e-12,2.1644909e-14
794.07000,4.7867509e-12,2.1661827e-14
794.08000,4.7863974e-12,2.1681364e-14
794.09000,4.7830393e-12,2.1703019e-14
794.10000,4.7781748e-12,2.1722928e-14
794.11000,4.7730702e-12,2.1734603e-14
794.12000,4.7682687e-12,2.1731646e-14
794.13000,4.7634311e-12,2.1711989e-14
794.14000,4.7578705e-12,2.1679896e-14
794.15000,4.7513491e-12,2.1643470e-14
794.16000,4.7443711e-12,2.1610378e-14
794.17000,4.7376911e-12,2.1584925e-14
794.18000,4.7316220e-12,2.1568125e-14
794.19000,4.7260111e-12,2.1557690e-14
794.20000,4.7206872e-12,2.1548736e-14
794.21000,4.7158749e-12,2.1537151e-14
794.22000,4.7122177e-12,2.1523339e-14
794.23000,4.7105683e-12,2.1511864e-14
794.24000,4.7110725e-12,2.1505393e-14
794.25000,4.7142928e-12,2.1504305e-14
794.26000,4.7187488e-12,2.1503859e-14
794.27000,4.7230208e-12,2.1502413e-14
794.28000,4.7249382e-12,2.1499344e-14
794.29000,4.7230962e-12,2.1492972e-14
794.30000,4.7176354e-12,2.1479337e-14
794.31000,4.7101912e-12,2.1456061e-14
794.32000,4.7029854e-12,2.1427361e-14
794.33000,4.6978989e-12,2.1403694e-14
794.34000,4.6962739e-12,2.1395038e-14
794.35000,4.6989227e-12,2.1402262e-14
794.36000,4.7064120e-12,2.1418506e-14
794.37000,4.7185823e-12,2.1436182e-14
794.38000,4.7340919e-12,2.1453627e-14
794.39000,4.7505357e-12,2.1475170e-14
794.40000,4.7652053e-12,2.1504889e-14
794.41000,4.7757976e-12,2.1539297e-14
794.42000,4.7820099e-12,2.1569791e-14
794.43000,4.7827368e-12,2.1578300e-14
794.44000,4.7802414e-12,2.1563784e-14
794.45000,4.7755993e-12,2.1529744e-14
794.46000,4.7709167e-12,2.1493513e-14
794.47000,4.7677084e-12,2.1472921e-14
794.48000,4.7665614e-12,2.1478483e-14
794.49000,4.7670497e-12,2.1508425e-14
794.50000,4.7680905e-12,2.1548551e-14
794.51000,4.7685275e-12,2.1578014e-14
794.52000,4.7676328e-12,2.1579582e-14
794.53000,4.7654569e-12,2.1552273e-14
794.54000,4.7624977e-12,2.1508750e-14
794.55000,4.7593572e-12,2.1465921e-14
794.56000,4.7566393e-12,2.1435490e-14
794.57000,4.7551009e-12,2.1422380e-14
794.58000,4.7556100e-12,2.1429223e-14
794.59000,4.7587284e-12,2.1460192e-14
794.60000,4.7639243e-12,2.1513697e-14
794.61000,4.7703383e-12,2.1589431e-14
794.62000,4.7763228e-12,2.1667346e-14
794.63000,4.7808793e-12,2.1728838e-14
794.64000,4.7833913e-12,2.1754442e-14
794.65000,4.7837553e-12,2.1736569e-14
794.66000,4.7821797e-12,2.1682806e-14
794.67000,4.7788850e-12,2.1611665e-14
794.68000,4.7737820e-12,2.1542307e-14
794.69000,4.7663130e-12,2.1484410e-14
794.70000,4.7554584e-12,2.1434382e-14
794.71000,4.7402227e-12,2.1379970e-14
794.72000,4.7199101e-12,2.1311159e-14
794.73000,4.6944339e-12,2.1226373e-14
794.74000,4.6645438e-12,2.1131748e-14
794.75000,4.6319302e-12,2.1036121e-14
794.76000,4.5993730e-12,2.0947405e-14
794.77000,4.5713600e-12,2.0873815e-14
794.78000,4.5512340e-12,2.0819741e-14
794.79000,4.5474419e-12,2.0801579e-14
794.80000,4.5594237e-12,2.0817705e-14
794.81000,4.5883006e-12,2.0871521e-14
794.82000,4.6276729e-12,2.0950968e-14
794.83000,4.6691167e-12,2.1040049e-14
794.84000,4.7049102e-12,2.1124534e-14
794.85000,4.7305772e-12,2.1197436e-14
794.86000,4.7453613e-12,2.1260016e-14
794.87000,4.7509960e-12,2.1318687e-14
794.88000,4.7500140e-12,2.1380065e-14
794.89000,4.7448080e-12,2.1445893e-14
794.90000,4.7373430e-12,2.1509797e-14
794.91000,4.7291740e-12,2.1558514e-14
794.92000,4.7215603e-12,2.1577015e-14
794.93000,4.7152311e-12,2.1556293e-14
794.94000,4.7102519e-12,2.1499464e-14
794.95000,4.7062832e-12,2.1421969e-14
794.96000,4.7030883e-12,2.1346250e-14
794.97000,4.7005781e-12,2.1286682e-14
794.98000,4.6992584e-12,2.1260473e-14
794.99000,4.6989276e-12,2.1261279e-14
795.00000,4.6993227e-12,2.1289694e-14
795.01000,4.6995183e-12,2.1338678e-14
795.02000,4.6984573e-12,2.1398704e-14
795.03000,4.6952783e-12,2.1453584e-14
795.04000,4.6895134e-12,2.1481793e-14
795.05000,4.6810359e-12,2.1465158e-14
795.06000,4.6698430e-12,2.1399880e-14
795.07000,4.6558415e-12,2.1300389e-14
795.08000,4.6392331e-12,2.1193990e-14
795.09000,4.6211042e-12,2.1105520e-14
795.10000,4.6041948e-12,2.1049868e-14
795.11000,4.5928516e-12,2.1030331e-14
795.12000,4.5915666e-12,2.1040864e-14
795.13000,4.6026425e-12,2.1070503e-14
795.14000,4.6245512e-12,2.1108817e-14
795.15000,4.6521667e-12,2.1149774e-14
795.16000,4.6799652e-12,2.1191386e-14
795.17000,4.7017189e-12,2.1231376e-14
795.18000,4.7160475e-12,2.1263521e-14
795.19000,4.7214173e-12,2.1277574e-14
795.20000,4.7182233e-12,2.1265568e-14
795.21000,4.7069477e-12,2.1227420e-14
795.22000,4.6886898e-12,2.1172051e-14
795.23000,4.6660574e-12,2.1112714e-14
795.24000,4.6437951e-12,2.1061685e-14
795.25000,4.6281475e-12,2.1029035e-14
795.26000,4.6248350e-12,2.1024722e-14
795.27000,4.6351448e-12,2.1054992e-14
795.28000,4.6556403e-12,2.1118460e-14
795.29000,4.6795837e-12,2.1201613e-14
795.30000,4.7001432e-12,2.1282282e-14
795.31000,4.7131597e-12,2.1339664e-14
795.32000,4.7180410e-12,2.1363419e-14
795.33000,4.7167803e-12,2.1355112e-14
795.34000,4.7124615e-12,2.1326144e-14
795.35000,4.7075609e-12,2.1286332e-14
795.36000,4.7037956e-12,2.1248368e-14
795.37000,4.7020778e-12,2.1219000e-14
795.38000,4.7027053e-12,2.1201867e-14
795.39000,4.7052989e-12,2.1195978e-14
795.40000,4.7086511e-12,2.1197488e-14
795.41000,4.7110346e-12,2.1201647e-14
795.42000,4.7111539e-12,2.1204340e-14
795.43000,4.7091446e-12,2.1203682e-14
795.44000,4.7067151e-12,2.1201260e-14
795.45000,4.7061902e-12,2.1201281e-14
795.46000,4.7088200e-12,2.1206868e-14
795.47000,4.7140988e-12,2.1217550e-14
795.48000,4.7201569e-12,2.1229803e-14
795.49000,4.7248829e-12,2.1239682e-14
795.50000,4.7270086e-12,2.1245395e-14
795.51000,4.7265574e-12,2.1248228e-14
795.52000,4.7245320e-12,2.1251226e-14
795.53000,4.7220738e-12,2.1256008e-14
795.54000,4.7198108e-12,2.1261012e-14
795.55000,4.7173333e-12,2.1261462e-14
795.56000,4.7138757e-12,2.1252646e-14
795.57000,4.7089793e-12,2.1233233e-14
795.58000,4.7031723e-12,2.1206221e-14
795.59000,4.6979257e-12,2.1177509e-14
795.60000,4.6950060e-12,2.1153500e-14
795.61000,4.6956802e-12,2.1139289e-14
795.62000,4.7001525e-12,2.1137440e-14
795.63000,4.7073255e-12,2.1146929e-14
795.64000,4.7148577e-12,2.1162726e-14
795.65000,4.7198999e-12,2.1177226e-14
795.66000,4.7203982e-12,2.1184276e-14
795.67000,4.7161204e-12,2.1181851e-14
795.68000,4.7088949e-12,2.1172692e-14
795.69000,4.7017432e-12,2.1162507e-14
795.70000,4.6974184e-12,2.1157230e-14
795.71000,4.6971930e-12,2.1161168e-14
795.72000,4.7004349e-12,2.1177646e-14
795.73000,4.7051626e-12,2.1206715e-14
795.74000,4.7086621e-12,2.1256062e-14
795.75000,4.7094683e-12,2.1324098e-14
795.76000,4.7072297e-12,2.1408293e-14
795.77000,4.7034708e-12,2.1490248e-14
795.78000,4.7004962e-12,2.1543046e-14
795.79000,4.7002286e-12,2.1544975e-14
795.80000,4.7030608e-12,2.1494117e-14
795.81000,4.7074912e-12,2.1409679e-14
795.82000,4.7109579e-12,2.1318748e-14
795.83000,4.7113765e-12,2.1241098e-14
795.84000,4.7086445e-12,2.1182320e-14
795.85000,4.7044043e-12,2.1139687e-14
795.86000,4.7007440e-12,2.1109870e-14
795.87000,4.6988400e-12,2.1091822e-14
795.88000,4.6984532e-12,2.1085670e-14
795.89000,4.6985412e-12,2.1091076e-14
795.90000,4.6983441e-12,2.1107206e-14
795.91000,4.6980185e-12,2.1133989e-14
795.92000,4.6981106e-12,2.1169986e-14
795.93000,4.6995674e-12,2.1217145e-14
795.94000,4.7023899e-12,2.1270620e-14
795.95000,4.7069567e-12,2.1327792e-14
795.96000,4.7133086e-12,2.1384585e-14
795.97000,4.7209536e-12,2.1438930e-14
795.98000,4.7284592e-12,2.1488755e-14
795.99000,4.7339347e-12,2.1527401e-14
796.00000,4.7360935e-12,2.1541271e-14
796.01000,4.7349206e-12,2.1515623e-14
796.02000,4.7314612e-12,2.1446607e-14
796.03000,4.7271756e-12,2.1350281e-14
796.04000,4.7232924e-12,2.1255975e-14
796.05000,4.7205930e-12,2.1189238e-14
796.06000,4.7195186e-12,2.1161391e-14
796.07000,4.7202436e-12,2.1168190e-14
796.08000,4.7226331e-12,2.1194929e-14
796.09000,4.7262205e-12,2.1223246e-14
796.10000,4.7303598e-12,2.1237204e-14
796.11000,4.7345470e-12,2.1232567e-14
796.12000,4.7384639e-12,2.1208892e-14
796.13000,4.7421637e-12,2.1180661e-14
796.14000,4.7456748e-12,2.1156844e-14
796.15000,4.7490099e-12,2.1145550e-14
796.16000,4.7519947e-12,2.1149942e-14
796.17000,4.7542328e-12,2.1170661e-14
796.18000,4.7551791e-12,2.1207849e-14
796.19000,4.7543237e-12,2.1261796e-14
796.20000,4.7514106e-12,2.1331870e-14
796.21000,4.7466503e-12,2.1413752e-14
796.22000,4.7408659e-12,2.1495583e-14
796.23000,4.7353893e-12,2.1556734e-14
796.24000,4.7313928e-12,2.1574663e-14
796.25000,4.7293671e-12,2.1536542e-14
796.26000,4.7291567e-12,2.1449429e-14
796.27000,4.7304716e-12,2.1338932e-14
796.28000,4.7332007e-12,2.1235430e-14
796.29000,4.7371724e-12,2.1158538e-14
796.30000,4.7417367e-12,2.1112383e-14
796.31000,4.7460269e-12,2.1088088e-14
796.32000,4.7483097e-12,2.1082170e-14
796.33000,4.7477669e-12,2.1086924e-14
796.34000,4.7431634e-12,2.1101383e-14
796.35000,4.7343641e-12,2.1118555e-14
796.36000,4.7221377e-12,2.1127845e-14
796.37000,4.7081455e-12,2.1119046e-14
796.38000,4.6944418e-12,2.1089087e-14
796.39000,4.6828559e-12,2.1045137e-14
796.40000,4.6745784e-12,2.1000701e-14
796.41000,4.6700055e-12,2.0967395e-14
796.42000,4.6688034e-12,2.0949027e-14
796.43000,4.6698907e-12,2.0940737e-14
796.44000,4.6719846e-12,2.0935061e-14
796.45000,4.6739097e-12,2.0926689e-14
796.46000,4.6748923e-12,2.0914481e-14
796.47000,4.6748051e-12,2.0900915e-14
796.48000,4.6743282e-12,2.0890285e-14
796.49000,4.6749032e-12,2.0886669e-14
796.50000,4.6784327e-12,2.0892386e-14
796.51000,4.6855258e-12,2.0905713e-14
796.52000,4.6968368e-12,2.0923785e-14
796.53000,4.7092220e-12,2.0940082e-14
796.54000,4.7199018e-12,2.0950292e-14
796.55000,4.7258574e-12,2.0952125e-14
796.56000,4.7259332e-12,2.0946310e-14
796.57000,4.7210164e-12,2.0935521e-14
796.58000,4.7132637e-12,2.0923053e-14
796.59000,4.7050085e-12,2.0911940e-14
796.60000,4.6981463e-12,2.0904540e-14
796.61000,4.6941153e-12,2.0902197e-14
796.62000,4.6940097e-12,2.0904958e-14
796.63000,4.6979857e-12,2.0911209e-14
796.64000,4.7050369e-12,2.0918571e-14
796.65000,4.7132443e-12,2.0925016e-14
796.66000,4.7206636e-12,2.0929966e-14
796.67000,4.7261898e-12,2.0934710e-14
796.68000,4.7296448e-12,2.0941860e-14
796.69000,4.7310602e-12,2.0954282e-14
796.70000,4.7297922e-12,2.0974426e-14
796.71000,4.7254507e-12,2.1001995e-14
796.72000,4.7165644e-12,2.1036371e-14
796.73000,4.7051074e-12,2.1069547e-14
796.74000,4.6928357e-12,2.1092450e-14
796.75000,4.6825940e-12,2.1096315e-14
796.76000,4.6760300e-12,2.1079304e-14
796.77000,4.6729593e-12,2.1047402e-14
796.78000,4.6716511e-12,2.1009589e-14
796.79000,4.6699999e-12,2.0971861e-14
796.80000,4.6668920e-12,2.0935698e-14
796.81000,4.6628840e-12,2.0901099e-14
796.82000,4.6597663e-12,2.0869826e-14
796.83000,4.6593350e-12,2.0845380e-14
796.84000,4.6623586e-12,2.0830499e-14
796.85000,4.6685699e-12,2.0825532e-14
796.86000,4.6770704e-12,2.0828364e-14
796.87000,4.6867610e-12,2.0835478e-14
796.88000,4.6966198e-12,2.0843210e-14
796.89000,4.7058584e-12,2.0848827e-14
796.90000,4.7139508e-12,2.0851156e-14
796.91000,4.7204714e-12,2.0850423e-14
796.92000,4.7254334e-12,2.0847772e-14
796.93000,4.7281495e-12,2.0843643e-14
796.94000,4.7290484e-12,2.0838682e-14
796.95000,4.7281408e-12,2.0833205e-14
796.96000,4.7262501e-12,2.0828311e-14
796.97000,4.7245117e-12,2.0825355e-14
796.98000,4.7239802e-12,2.0825011e-14
796.99000,4.7250093e-12,2.0826572e-14
797.00000,4.7270131e-12,2.0828404e-14
797.01000,4.7288860e-12,2.0829566e-14
797.02000,4.7297206e-12,2.0831489e-14
797.03000,4.7291892e-12,2.0838465e-14
797.04000,4.7274806e-12,2.0855804e-14
797.05000,4.7248490e-12,2.0887345e-14
797.06000,4.7215642e-12,2.0931774e-14
797.07000,4.7181025e-12,2.0979498e-14
797.08000,4.7151485e-12,2.1014437e-14
797.09000,4.7130960e-12,2.1022348e-14
797.10000,4.7114434e-12,2.0999274e-14
797.11000,4.7087942e-12,2.0952336e-14
797.12000,4.7043036e-12,2.0894218e-14
797.13000,4.6973688e-12,2.0838000e-14
797.14000,4.6896905e-12,2.0793075e-14
797.15000,4.6823461e-12,2.0764158e-14
797.16000,4.6760765e-12,2.0745575e-14
797.17000,4.6706709e-12,2.0725405e-14
797.18000,4.6656562e-12,2.0696371e-14
797.19000,4.6609986e-12,2.0665107e-14
797.20000,4.6572869e-12,2.0648206e-14
797.21000,4.6553852e-12,2.0656483e-14
797.22000,4.6559899e-12,2.0682166e-14
797.23000,4.6594618e-12,2.0701856e-14
797.24000,4.6657850e-12,2.0694075e-14
797.25000,4.6744705e-12,2.0657855e-14
797.26000,4.6845842e-12,2.0613262e-14
797.27000,4.6948440e-12,2.0589420e-14
797.28000,4.7040366e-12,2.0608739e-14
797.29000,4.7114035e-12,2.0676651e-14
797.30000,4.7166740e-12,2.0779800e-14
797.31000,4.7198071e-12,2.0891177e-14
797.32000,4.7207487e-12,2.0977660e-14
797.33000,4.7198957e-12,2.1023353e-14
797.34000,4.7173977e-12,2.1003863e-14
797.35000,4.7145184e-12,2.0940835e-14
797.36000,4.7120279e-12,2.0844105e-14
797.37000,4.7106231e-12,2.0738339e-14
797.38000,4.7104642e-12,2.0643252e-14
797.39000,4.7112797e-12,2.0571539e-14
797.40000,4.7125618e-12,2.0527721e-14
797.41000,4.7137932e-12,2.0509340e-14
797.42000,4.7146404e-12,2.0509749e-14
797.43000,4.7150056e-12,2.0521683e-14
797.44000,4.7148238e-12,2.0540560e-14
797.45000,4.7137261e-12,2.0566015e-14
797.46000,4.7109740e-12,2.0600862e-14
797.47000,4.7058400e-12,2.0648118e-14
797.48000,4.6982108e-12,2.0707111e-14
797.49000,4.6888406e-12,2.0770312e-14
797.50000,4.6790423e-12,2.0822826e-14
797.51000,4.6701321e-12,2.0846535e-14
797.52000,4.6630763e-12,2.0828428e-14
797.53000,4.6585724e-12,2.0768532e-14
797.54000,4.6565329e-12,2.0683661e-14
797.55000,4.6578255e-12,2.0600973e-14
797.56000,4.6616435e-12,2.0546617e-14
797.57000,4.6680760e-12,2.0537887e-14
797.58000,4.6762911e-12,2.0572070e-14
797.59000,4.6850933e-12,2.0628285e-14
797.60000,4.6928032e-12,2.0675995e-14
797.61000,4.6974572e-12,2.0690647e-14
797.62000,4.6973225e-12,2.0667378e-14
797.63000,4.6916156e-12,2.0622534e-14
797.64000,4.6810418e-12,2.0580618e-14
797.65000,4.6676929e-12,2.0556588e-14
797.66000,4.6542455e-12,2.0547477e-14
797.67000,4.6426474e-12,2.0540197e-14
797.68000,4.6334184e-12,2.0526843e-14
797.69000,4.6259509e-12,2.0509782e-14
797.70000,4.6194393e-12,2.0495583e-14
797.71000,4.6137877e-12,2.0487136e-14
797.72000,4.6098409e-12,2.0483011e-14
797.73000,4.6087615e-12,2.0481833e-14
797.74000,4.6110695e-12,2.0484006e-14
797.75000,4.6158106e-12,2.0489021e-14
797.76000,4.6215002e-12,2.0494400e-14
797.77000,4.6265214e-12,2.0497671e-14
797.78000,4.6305208e-12,2.0498721e-14
797.79000,4.6340812e-12,2.0499422e-14
797.80000,4.6380187e-12,2.0501478e-14
797.81000,4.6425580e-12,2.0505192e-14
797.82000,4.6471207e-12,2.0509434e-14
797.83000,4.6508083e-12,2.0512472e-14
797.84000,4.6531279e-12,2.0513315e-14
797.85000,4.6543437e-12,2.0512651e-14
797.86000,4.6551454e-12,2.0512418e-14
797.87000,4.6559295e-12,2.0514424e-14
797.88000,4.6563773e-12,2.0519087e-14
797.89000,4.6558541e-12,2.0525771e-14
797.90000,4.6542753e-12,2.0533997e-14
797.91000,4.6526763e-12,2.0544322e-14
797.92000,4.6528893e-12,2.0558114e-14
797.93000,4.6563887e-12,2.0576446e-14
797.94000,4.6631070e-12,2.0599008e-14
797.95000,4.6711928e-12,2.0623565e-14
797.96000,4.6778280e-12,2.0645429e-14
797.97000,4.6815659e-12,2.0660749e-14
797.98000,4.6808898e-12,2.0660330e-14
797.99000,4.6778782e-12,2.0645038e-14
798.00000,4.6738114e-12,2.0615093e-14
798.01000,4.6705525e-12,2.0578141e-14
798.02000,4.6690269e-12,2.0542821e-14
798.03000,4.6690871e-12,2.0515758e-14
798.04000,4.6696030e-12,2.0499464e-14
798.05000,4.6689032e-12,2.0492180e-14
798.06000,4.6655973e-12,2.0489413e-14
798.07000,4.6594615e-12,2.0486552e-14
798.08000,4.6517168e-12,2.0481252e-14
798.09000,4.6443852e-12,2.0474215e-14
798.10000,4.6389900e-12,2.0467865e-14
798.11000,4.6358222e-12,2.0463821e-14
798.12000,4.6341450e-12,2.0461321e-14
798.13000,4.6329498e-12,2.0457030e-14
798.14000,4.6316739e-12,2.0445381e-14
798.15000,4.6304742e-12,2.0416878e-14
798.16000,4.6300517e-12,2.0352205e-14
798.17000,4.6312425e-12,2.0214340e-14
798.18000,4.6346347e-12,1.9940022e-14
798.19000,4.6398958e-12,1.9504946e-14
798.20000,4.6465714e-12,1.8833542e-14
798.21000,4.6531869e-12,1.8025654e-14
798.22000,4.6589311e-12,1.7166162e-14
798.23000,4.6635365e-12,1.6398916e-14
798.24000,4.6676457e-12,1.5820801e-14
798.25000,4.6723882e-12,1.5455212e-14
798.26000,4.6785948e-12,1.5263916e-14
798.27000,4.6861587e-12,1.5184524e-14
798.28000,4.6940757e-12,1.5162457e-14
798.29000,4.7010922e-12,1.5163483e-14
798.30000,4.7062940e-12,1.5171757e-14
798.31000,4.7091559e-12,1.5183098e-14
798.32000,4.7094287e-12,1.5199035e-14
798.33000,4.7071597e-12,1.5222605e-14
798.34000,4.7031682e-12,1.5254764e-14
798.35000,4.6990339e-12,1.5291184e-14
798.36000,4.6961759e-12,1.5321447e-14
798.37000,4.6947022e-12,1.5332934e-14
798.38000,4.6931953e-12,1.5317982e-14
798.39000,4.6897670e-12,1.5278769e-14
798.40000,4.6834780e-12,1.5226168e-14
798.41000,4.6751682e-12,1.5172020e-14
798.42000,4.6665179e-12,1.5128353e-14
798.43000,4.6590851e-12,1.5096059e-14
798.44000,4.6532662e-12,1.5074807e-14
798.45000,4.6484951e-12,1.5060010e-14
798.46000,4.6441712e-12,1.5048579e-14
798.47000,4.6403565e-12,1.5040196e-14
798.48000,4.6377137e-12,1.5036536e-14
798.49000,4.6368736e-12,1.5039115e-14
798.50000,4.6379398e-12,1.5047873e-14
798.51000,4.6405539e-12,1.5061572e-14
798.52000,4.6442493e-12,1.5079115e-14
798.53000,4.6485714e-12,1.5099865e-14
798.54000,4.6528579e-12,1.5121929e-14
798.55000,4.6562527e-12,1.5141028e-14
798.56000,4.6580028e-12,1.5151518e-14
798.57000,4.6578389e-12,1.5149584e-14
798.58000,4.6560775e-12,1.5135795e-14
798.59000,4.6534459e-12,1.5114732e-14
798.60000,4.6508385e-12,1.5092236e-14
798.61000,4.6491094e-12,1.5072785e-14
798.62000,4.6489621e-12,1.5058928e-14
798.63000,4.6504374e-12,1.5050596e-14
798.64000,4.6539601e-12,1.5049610e-14
798.65000,4.6588876e-12,1.5054203e-14
798.66000,4.6653060e-12,1.5064514e-14
798.67000,4.6730165e-12,1.5078446e-14
798.68000,4.6817566e-12,1.5093211e-14
798.69000,4.6908748e-12,1.5105904e-14
798.70000,4.6992433e-12,1.5114827e-14
798.71000,4.7055139e-12,1.5120338e-14
798.72000,4.7086147e-12,1.5124262e-14
798.73000,4.7081821e-12,1.5128012e-14
798.74000,4.7046189e-12,1.5130903e-14
798.75000,4.6986720e-12,1.5130096e-14
798.76000,4.6908775e-12,1.5122486e-14
798.77000,4.6812926e-12,1.5107079e-14
798.78000,4.6698890e-12,1.5085858e-14
798.79000,4.6572822e-12,1.5064155e-14
798.80000,4.6450928e-12,1.5052566e-14
798.81000,4.6356764e-12,1.5073092e-14
798.82000,4.6314139e-12,1.5169081e-14
798.83000,4.6339576e-12,1.5411676e-14
798.84000,4.6437386e-12,1.5888698e-14
798.85000,4.6599546e-12,1.6674654e-14
798.86000,4.6802549e-12,1.7727510e-14
798.87000,4.7022841e-12,1.8982100e-14
798.88000,4.7226389e-12,2.0202447e-14
798.89000,4.7389424e-12,2.1227109e-14
798.90000,4.7500044e-12,2.1953816e-14
798.91000,4.7562844e-12,2.2390621e-14
798.92000,4.7593481e-12,2.2613809e-14
798.93000,4.7608506e-12,2.2712221e-14
798.94000,4.7617577e-12,2.2751969e-14
798.95000,4.7622659e-12,2.2769995e-14
798.96000,4.7622543e-12,2.2783403e-14
798.97000,4.7617291e-12,2.2799823e-14
798.98000,4.7609248e-12,2.2822389e-14
798.99000,4.7601698e-12,2.2849837e-14
799.00000,4.7597173e-12,2.2876686e-14
799.01000,4.7596712e-12,2.2895470e-14
799.02000,4.7599581e-12,2.2900462e-14
799.03000,4.7604192e-12,2.2890686e-14
799.04000,4.7610081e-12,2.2870286e-14
799.05000,4.7618635e-12,2.2846286e-14
799.06000,4.7630712e-12,2.2825201e-14
799.07000,4.7643042e-12,2.2810282e-14
799.08000,4.7646853e-12,2.2800693e-14
799.09000,4.7636685e-12,2.2793203e-14
799.10000,4.7604969e-12,2.2784427e-14
799.11000,4.7563306e-12,2.2774216e-14
799.12000,4.7521152e-12,2.2764224e-14
799.13000,4.7490157e-12,2.2756989e-14
799.14000,4.7475733e-12,2.2753714e-14
799.15000,4.7478542e-12,2.2753930e-14
799.16000,4.7497454e-12,2.2756329e-14
799.17000,4.7530065e-12,2.2759644e-14
799.18000,4.7570648e-12,2.2762871e-14
799.19000,4.7609792e-12,2.2765256e-14
799.20000,4.7638432e-12,2.2766624e-14
799.21000,4.7653228e-12,2.2767782e-14
799.22000,4.7658734e-12,2.2770258e-14
799.23000,4.7662790e-12,2.2775201e-14
799.24000,4.7670233e-12,2.2782605e-14
799.25000,4.7680144e-12,2.2791420e-14
799.26000,4.7687679e-12,2.2800354e-14
799.27000,4.7688352e-12,2.2808640e-14
799.28000,4.7681231e-12,2.2816355e-14
799.29000,4.7669138e-12,2.2824145e-14
799.30000,4.7656520e-12,2.2832400e-14
799.31000,4.7647163e-12,2.2840021e-14
799.32000,4.7641932e-12,2.2845289e-14
799.33000,4.7640950e-12,2.2843292e-14
799.34000,4.7639527e-12,2.2833413e-14
799.35000,4.7631405e-12,2.2814568e-14
799.36000,4.7608064e-12,2.2789417e-14
799.37000,4.7563147e-12,2.2761747e-14
799.38000,4.7495759e-12,2.2735183e-14
799.39000,4.7410217e-12,2.2711854e-14
799.40000,4.7312072e-12,2.2692053e-14
799.41000,4.7204349e-12,2.2674835e-14
799.42000,4.7087966e-12,2.2658861e-14
799.43000,4.6966148e-12,2.2643019e-14
799.44000,4.6848496e-12,2.2626855e-14
799.45000,4.6750517e-12,2.2610943e-14
799.46000,4.6685954e-12,2.2596808e-14
799.47000,4.6661212e-12,2.2586418e-14
799.48000,4.6674504e-12,2.2581623e-14
799.49000,4.6720396e-12,2.2583634e-14
799.50000,4.6794506e-12,2.2592466e-14
799.51000,4.6893666e-12,2.2606584e-14
799.52000,4.7011935e-12,2.2623283e-14
799.53000,4.7137192e-12,2.2639888e-14
799.54000,4.7252469e-12,2.2654931e-14
799.55000,4.7340102e-12,2.2668220e-14
799.56000,4.7396011e-12,2.2680208e-14
799.57000,4.7407880e-12,2.2689548e-14
799.58000,4.7387632e-12,2.2694421e-14
799.59000,4.7334558e-12,2.2691794e-14
799.60000,4.7258073e-12,2.2680927e-14
799.61000,4.7171280e-12,2.2664291e-14
799.62000,4.7090559e-12,2.2646932e-14
799.63000,4.7029014e-12,2.2633668e-14
799.64000,4.6990017e-12,2.2626379e-14
799.65000,4.6967186e-12,2.2623556e-14
799.66000,4.6951910e-12,2.2622423e-14
799.67000,4.6942412e-12,2.2621726e-14
799.68000,4.6946616e-12,2.2622986e-14
799.69000,4.6975926e-12,2.2629618e-14
799.70000,4.7034571e-12,2.2645015e-14
799.71000,4.7115806e-12,2.2671789e-14
799.72000,4.7204759e-12,2.2711376e-14
799.73000,4.7285476e-12,2.2762964e-14
799.74000,4.7346900e-12,2.2821581e-14
799.75000,4.7384882e-12,2.2877004e-14
799.76000,4.7400812e-12,2.2915747e-14
799.77000,4.7399384e-12,2.2926614e-14
799.78000,4.7386906e-12,2.2906805e-14
799.79000,4.7369145e-12,2.2863884e-14
799.80000,4.7349276e-12,2.2811339e-14
799.81000,4.7324744e-12,2.2762573e-14
799.82000,4.7292616e-12,2.2722507e-14
799.83000,4.7249440e-12,2.2690905e-14
799.84000,4.7194250e-12,2.2662553e-14
799.85000,4.7125711e-12,2.2632398e-14
799.86000,4.7041464e-12,2.2597965e-14
799.87000,4.6940218e-12,2.2560332e-14
799.88000,4.6825059e-12,2.2523686e-14
799.89000,4.6704915e-12,2.2494222e-14
799.90000,4.6592979e-12,2.2479350e-14
799.91000,4.6502753e-12,2.2487462e-14
799.92000,4.6443189e-12,2.2526922e-14
799.93000,4.6414823e-12,2.2601622e-14
799.94000,4.6409773e-12,2.2702699e-14
799.95000,4.6418897e-12,2.2806602e-14
799.96000,4.6436232e-12,2.2880932e-14
799.97000,4.6459531e-12,2.2900364e-14
799.98000,4.6489367e-12,2.2862202e-14
799.99000,4.6530293e-12,2.2788792e-14
800.00000,4.6591300e-12,2.2713699e-14
800.01000,4.6680733e-12,2.2662183e-14
800.02000,4.6797656e-12,2.2640298e-14
800.03000,4.6926635e-12,2.2637918e-14
800.04000,4.7048804e-12,2.2640912e-14
800.05000,4.7133457e-12,2.2637624e-14
800.06000,4.7176476e-12,2.2627324e-14
800.07000,4.7170035e-12,2.2611141e-14
800.08000,4.7120444e-12,2.2592283e-14
800.09000,4.7035376e-12,2.2572377e-14
800.10000,4.6923752e-12,2.2551884e-14
800.11000,4.6796754e-12,2.2530900e-14
800.12000,4.6668086e-12,2.2509572e-14
800.13000,4.6551170e-12,2.2488178e-14
800.14000,4.6454916e-12,2.2467323e-14
800.15000,4.6381866e-12,2.2448083e-14
800.16000,4.6330246e-12,2.2431759e-14
800.17000,4.6297439e-12,2.2419268e-14
800.18000,4.6280487e-12,2.2410444e-14
800.19000,4.6276357e-12,2.2404574e-14
800.20000,4.6282213e-12,2.2401744e-14
800.21000,4.6296019e-12,2.2403800e-14
800.22000,4.6315297e-12,2.2413276e-14
800.23000,4.6334662e-12,2.2430379e-14
800.24000,4.6346070e-12,2.2450689e-14
800.25000,4.6343472e-12,2.2466450e-14
800.26000,4.6328133e-12,2.2471210e-14
800.27000,4.6309086e-12,2.2464099e-14
800.28000,4.6298303e-12,2.2450390e-14
800.29000,4.6300431e-12,2.2436685e-14
800.30000,4.6319807e-12,2.2430205e-14
800.31000,4.6349265e-12,2.2430628e-14
800.32000,4.6388197e-12,2.2436734e-14
800.33000,4.6435411e-12,2.2444577e-14
800.34000,4.6490452e-12,2.2451503e-14
800.35000,4.6551399e-12,2.2457354e-14
800.36000,4.6615619e-12,2.2464211e-14
800.37000,4.6681451e-12,2.2474632e-14
800.38000,4.6747738e-12,2.2489586e-14
800.39000,4.6810952e-12,2.2507563e-14
800.40000,4.6863260e-12,2.2525301e-14
800.41000,4.6894309e-12,2.2539178e-14
800.42000,4.6894989e-12,2.2545802e-14
800.43000,4.6862378e-12,2.2542457e-14
800.44000,4.6798769e-12,2.2527257e-14
800.45000,4.6710652e-12,2.2500252e-14
800.46000,4.6607726e-12,2.2464304e-14
800.47000,4.6501910e-12,2.2424743e-14
800.48000,4.6405689e-12,2.2387876e-14
800.49000,4.6329728e-12,2.2359184e-14
800.50000,4.6280206e-12,2.2341831e-14
800.51000,4.6256650e-12,2.2335703e-14
800.52000,4.6251522e-12,2.2337310e-14
800.53000,4.6252299e-12,2.2341022e-14
800.54000,4.6249154e-12,2.2342841e-14
800.55000,4.6233513e-12,2.2340584e-14
800.56000,4.6211066e-12,2.2337619e-14
800.57000,4.6188996e-12,2.2336557e-14
800.58000,4.6178964e-12,2.2339072e-14
800.59000,4.6191807e-12,2.2345703e-14
800.60000,4.6236326e-12,2.2358523e-14
800.61000,4.6317304e-12,2.2382772e-14
800.62000,4.6432872e-12,2.2426281e-14
800.63000,4.6572697e-12,2.2497643e-14
800.64000,4.6718793e-12,2.2603407e-14
800.65000,4.6849945e-12,2.2742929e-14
800.66000,4.6948779e-12,2.2901553e-14
800.67000,4.7007971e-12,2.3047447e-14
800.68000,4.7033980e-12,2.3140931e-14
800.69000,4.7042281e-12,2.3155130e-14
800.70000,4.7048477e-12,2.3089536e-14
800.71000,4.7060545e-12,2.2968926e-14
800.72000,4.7076353e-12,2.2828940e-14
800.73000,4.7088430e-12,2.2700430e-14
800.74000,4.7091688e-12,2.2601198e-14
800.75000,4.7087637e-12,2.2535438e-14
800.76000,4.7082528e-12,2.2497439e-14
800.77000,4.7081885e-12,2.2476835e-14
800.78000,4.7085539e-12,2.2463571e-14
800.79000,4.7088667e-12,2.2451413e-14
800.80000,4.7078935e-12,2.2437508e-14
800.81000,4.7052059e-12,2.2422441e-14
800.82000,4.7005942e-12,2.2406920e-14
800.83000,4.6950504e-12,2.2392484e-14
800.84000,4.6901554e-12,2.2381397e-14
800.85000,4.6874204e-12,2.2376533e-14
800.86000,4.6875964e-12,2.2380393e-14
800.87000,4.6904358e-12,2.2393992e-14
800.88000,4.6949397e-12,2.2416316e-14
800.89000,4.6997800e-12,2.2444475e-14
800.90000,4.7036025e-12,2.2474261e-14
800.91000,4.7051575e-12,2.2500821e-14
800.92000,4.7033762e-12,2.2519337e-14
800.93000,4.6974685e-12,2.2525636e-14
800.94000,4.6874976e-12,2.2518144e-14
800.95000,4.6745504e-12,2.2498625e-14
800.96000,4.6607714e-12,2.2472531e-14
800.97000,4.6487374e-12,2.2447510e-14
800.98000,4.6404427e-12,2.2430425e-14
800.99000,4.6365695e-12,2.2424352e-14
801.00000,4.6365165e-12,2.2427140e-14
801.01000,4.6390127e-12,2.2432245e-14
801.02000,4.6427685e-12,2.2431708e-14
801.03000,4.6467951e-12,2.2420127e-14
801.04000,4.6503604e-12,2.2397358e-14
801.05000,4.6531414e-12,2.2368355e-14
801.06000,4.6543406e-12,2.2339522e-14
801.07000,4.6540089e-12,2.2314846e-14
801.08000,4.6519143e-12,2.2295495e-14
801.09000,4.6484937e-12,2.2280561e-14
801.10000,4.6443540e-12,2.2269609e-14
801.11000,4.6400334e-12,2.2263613e-14
801.12000,4.6358357e-12,2.2264294e-14
801.13000,4.6318938e-12,2.2272515e-14
801.14000,4.6283109e-12,2.2286980e-14
801.15000,4.6252138e-12,2.2304460e-14
801.16000,4.6227256e-12,2.2321936e-14
801.17000,4.6209280e-12,2.2339663e-14
801.18000,4.6197829e-12,2.2362771e-14
801.19000,4.6190088e-12,2.2399148e-14
801.20000,4.6180674e-12,2.2451965e-14
801.21000,4.6164721e-12,2.2513125e-14
801.22000,4.6141273e-12,2.2563752e-14
801.23000,4.6114115e-12,2.2584295e-14
801.24000,4.6089819e-12,2.2567877e-14
801.25000,4.6075706e-12,2.2525027e-14
801.26000,4.6078880e-12,2.2475227e-14
801.27000,4.6104943e-12,2.2433828e-14
801.28000,4.6155531e-12,2.2406282e-14
801.29000,4.6225991e-12,2.2391813e-14
801.30000,4.6304968e-12,2.2389129e-14
801.31000,4.6380914e-12,2.2395614e-14
801.32000,4.6437976e-12,2.2408100e-14
801.33000,4.6473244e-12,2.2416466e-14
801.34000,4.6479662e-12,2.2411961e-14
801.35000,4.6456421e-12,2.2390329e-14
801.36000,4.6406520e-12,2.2355735e-14
801.37000,4.6340192e-12,2.2318240e-14
801.38000,4.6273357e-12,2.2287748e-14
801.39000,4.6220589e-12,2.2268710e-14
801.40000,4.6187649e-12,2.2258798e-14
801.41000,4.6170348e-12,2.2251739e-14
801.42000,4.6161253e-12,2.2242070e-14
801.43000,4.6158771e-12,2.2228615e-14
801.44000,4.6171068e-12,2.2214622e-14
801.45000,4.6211697e-12,2.2205286e-14
801.46000,4.6289846e-12,2.2204890e-14
801.47000,4.6399523e-12,2.2214218e-14
801.48000,4.6518990e-12,2.2229884e-14
801.49000,4.6616347e-12,2.2244925e-14
801.50000,4.6661738e-12,2.2251911e-14
801.51000,4.6640470e-12,2.2247275e-14
801.52000,4.6560490e-12,2.2233708e-14
801.53000,4.6449780e-12,2.2218588e-14
801.54000,4.6344692e-12,2.2209541e-14
801.55000,4.6275836e-12,2.2210310e-14
801.56000,4.6259172e-12,2.2219461e-14
801.57000,4.6296590e-12,2.2231900e-14
801.58000,4.6373780e-12,2.2243009e-14
801.59000,4.6483019e-12,2.2248214e-14
801.60000,4.6600707e-12,2.2248922e-14
801.61000,4.6713227e-12,2.2246572e-14
801.62000,4.6803124e-12,2.2244544e-14
801.63000,4.6857689e-12,2.2245583e-14
801.64000,4.6871929e-12,2.2251299e-14
801.65000,4.6850170e-12,2.2261404e-14
801.66000,4.6803176e-12,2.2272835e-14
801.67000,4.6741992e-12,2.2279941e-14
801.68000,4.6672796e-12,2.2276927e-14
801.69000,4.6596401e-12,2.2261630e-14
801.70000,4.6511794e-12,2.2237586e-14
801.71000,4.6419766e-12,2.2212309e-14
801.72000,4.6323818e-12,2.2193123e-14
801.73000,4.6229120e-12,2.2183914e-14
801.74000,4.6141208e-12,2.2183793e-14
801.75000,4.6065576e-12,2.2188694e-14
801.76000,4.6007221e-12,2.2192763e-14
801.77000,4.5968940e-12,2.2190188e-14
801.78000,4.5949082e-12,2.2177425e-14
801.79000,4.5941177e-12,2.2155064e-14
801.80000,4.5936923e-12,2.2127902e-14
801.81000,4.5930661e-12,2.2102735e-14
801.82000,4.5921902e-12,2.2084984e-14
801.83000,4.5914530e-12,2.2076300e-14
801.84000,4.5914286e-12,2.2074701e-14
801.85000,4.5927504e-12,2.2077050e-14
801.86000,4.5955739e-12,2.2081231e-14
801.87000,4.6008289e-12,2.2088412e-14
801.88000,4.6082597e-12,2.2099511e-14
801.89000,4.6182305e-12,2.2115540e-14
801.90000,4.6303297e-12,2.2135469e-14
801.91000,4.6437466e-12,2.2157614e-14
801.92000,4.6571786e-12,2.2180303e-14
801.93000,4.6689933e-12,2.2202020e-14
801.94000,4.6776393e-12,2.2221688e-14
801.95000,4.6822006e-12,2.2239755e-14
801.96000,4.6827621e-12,2.2259064e-14
801.97000,4.6803418e-12,2.2283647e-14
801.98000,4.6764800e-12,2.2315095e-14
801.99000,4.6727278e-12,2.2348850e-14
802.00000,4.6701485e-12,2.2373923e-14
802.01000,4.6688460e-12,2.2378265e-14
802.02000,4.6679203e-12,2.2357180e-14
802.03000,4.6660918e-12,2.2316321e-14
802.04000,4.6625072e-12,2.2267984e-14
802.05000,4.6571756e-12,2.2223776e-14
802.06000,4.6507632e-12,2.2190011e-14
802.07000,4.6440168e-12,2.2167915e-14
802.08000,4.6373122e-12,2.2156072e-14
802.09000,4.6306835e-12,2.2152618e-14
802.10000,4.6242708e-12,2.2156657e-14
802.11000,4.6187018e-12,2.2168252e-14
802.12000,4.6149655e-12,2.2186214e-14
802.13000,4.6139792e-12,2.2205037e-14
802.14000,4.6155564e-12,2.2218671e-14
802.15000,4.6200613e-12,2.2218485e-14
802.16000,4.6263266e-12,2.2210098e-14
802.17000,4.6340381e-12,2.2200248e-14
802.18000,4.6421848e-12,2.2197781e-14
802.19000,4.6495664e-12,2.2206166e-14
802.20000,4.6549944e-12,2.2224728e-14
802.21000,4.6577240e-12,2.2251779e-14
802.22000,4.6576460e-12,2.2284814e-14
802.23000,4.6550223e-12,2.2317137e-14
802.24000,4.6499847e-12,2.2336002e-14
802.25000,4.6423084e-12,2.2327330e-14
802.26000,4.6317565e-12,2.2285469e-14
802.27000,4.6187223e-12,2.2219977e-14
802.28000,4.6045845e-12,2.2152603e-14
802.29000,4.5914750e-12,2.2105862e-14
802.30000,4.5814338e-12,2.2089968e-14
802.31000,4.5756813e-12,2.2099942e-14
802.32000,4.5742968e-12,2.2120952e-14
802.33000,4.5764304e-12,2.2137667e-14
802.34000,4.5808923e-12,2.2141296e-14
802.35000,4.5867339e-12,2.2131262e-14
802.36000,4.5934598e-12,2.2113090e-14
802.37000,4.6008054e-12,2.2095298e-14
802.38000,4.6083835e-12,2.2086083e-14
802.39000,4.6156088e-12,2.2089750e-14
802.40000,4.6220063e-12,2.2104527e-14
802.41000,4.6275765e-12,2.2123611e-14
802.42000,4.6327689e-12,2.2140812e-14
802.43000,4.6381224e-12,2.2150031e-14
802.44000,4.6435685e-12,2.2152712e-14
802.45000,4.6485510e-12,2.2148889e-14
802.46000,4.6522728e-12,2.2140267e-14
802.47000,4.6541856e-12,2.2128370e-14
802.48000,4.6540262e-12,2.2114946e-14
802.49000,4.6515109e-12,2.2101288e-14
802.50000,4.6461472e-12,2.2087350e-14
802.51000,4.6374964e-12,2.2071666e-14
802.52000,4.6257509e-12,2.2052095e-14
802.53000,4.6122138e-12,2.2027027e-14
802.54000,4.5993375e-12,2.1996883e-14
802.55000,4.5901705e-12,2.1965325e-14
802.56000,4.5873130e-12,2.1938868e-14
802.57000,4.5918166e-12,2.1924379e-14
802.58000,4.6022628e-12,2.1924953e-14
802.59000,4.6150874e-12,2.1937465e-14
802.60000,4.6259486e-12,2.1953876e-14
802.61000,4.6313852e-12,2.1964969e-14
802.62000,4.6300798e-12,2.1964791e-14
802.63000,4.6229552e-12,2.1953131e-14
802.64000,4.6122006e-12,2.1934845e-14
802.65000,4.6000639e-12,2.1916965e-14
802.66000,4.5882364e-12,2.1905758e-14
802.67000,4.5779813e-12,2.1905139e-14
802.68000,4.5705180e-12,2.1916178e-14
802.69000,4.5671137e-12,2.1936835e-14
802.70000,4.5688927e-12,2.1962111e-14
802.71000,4.5752695e-12,2.1987030e-14
802.72000,4.5861670e-12,2.2008088e-14
802.73000,4.5982912e-12,2.2030031e-14
802.74000,4.6095679e-12,2.2060445e-14
802.75000,4.6176883e-12,2.2106092e-14
802.76000,4.6214288e-12,2.2164982e-14
802.77000,4.6206021e-12,2.2223209e-14
802.78000,4.6158984e-12,2.2259078e-14
802.79000,4.6086214e-12,2.2253974e-14
802.80000,4.6002702e-12,2.2203709e-14
802.81000,4.5920328e-12,2.2122081e-14
802.82000,4.5845340e-12,2.2033734e-14
802.83000,4.5781174e-12,2.1961919e-14
802.84000,4.5733778e-12,2.1919434e-14
802.85000,4.5712981e-12,2.1906426e-14
802.86000,4.5727541e-12,2.1913762e-14
802.87000,4.5778271e-12,2.1929066e-14
802.88000,4.5854361e-12,2.1942901e-14
802.89000,4.5939104e-12,2.1951990e-14
802.90000,4.6017001e-12,2.1957660e-14
802.91000,4.6080149e-12,2.1962342e-14
802.92000,4.6129688e-12,2.1966707e-14
802.93000,4.6171989e-12,2.1969333e-14
802.94000,4.6212941e-12,2.1968618e-14
802.95000,4.6254783e-12,2.1964929e-14
802.96000,4.6297017e-12,2.1960863e-14
802.97000,4.6338955e-12,2.1959343e-14
802.98000,4.6380377e-12,2.1961414e-14
802.99000,4.6419678e-12,2.1965833e-14
803.00000,4.6451315e-12,2.1970682e-14
803.01000,4.6470987e-12,2.1975168e-14
803.02000,4.6464487e-12,2.1979573e-14
803.03000,4.6430735e-12,2.1983447e-14
803.04000,4.6362723e-12,2.1984115e-14
803.05000,4.6264517e-12,2.1977352e-14
803.06000,4.6147366e-12,2.1960007e-14
803.07000,4.6028110e-12,2.1932554e-14
803.08000,4.5922390e-12,2.1899619e-14
803.09000,4.5838538e-12,2.1868210e-14
803.10000,4.5777524e-12,2.1844863e-14
803.11000,4.5738351e-12,2.1833288e-14
803.12000,4.5722579e-12,2.1833501e-14
803.13000,4.5733216e-12,2.1842548e-14
803.14000,4.5770143e-12,2.1856107e-14
803.15000,4.5827987e-12,2.1870104e-14
803.16000,4.5899000e-12,2.1881861e-14
803.17000,4.5977240e-12,2.1890474e-14
803.18000,4.6058920e-12,2.1896313e-14
803.19000,4.6139611e-12,2.1899706e-14
803.20000,4.6212427e-12,2.1900609e-14
803.21000,4.6270740e-12,2.1899523e-14
803.22000,4.6312764e-12,2.1898642e-14
803.23000,4.6343321e-12,2.1901854e-14
803.24000,4.6370637e-12,2.1913439e-14
803.25000,4.6400201e-12,2.1936190e-14
803.26000,4.6430105e-12,2.1969768e-14
803.27000,4.6451190e-12,2.2009750e-14
803.28000,4.6451800e-12,2.2047946e-14
803.29000,4.6423675e-12,2.2074779e-14
803.30000,4.6364154e-12,2.2083165e-14
803.31000,4.6280205e-12,2.2075422e-14
803.32000,4.6172582e-12,2.2057623e-14
803.33000,4.6054145e-12,2.2043817e-14
803.34000,4.5933277e-12,2.2040392e-14
803.35000,4.5829221e-12,2.2045946e-14
803.36000,4.5766413e-12,2.2052033e-14
803.37000,4.5765603e-12,2.2050276e-14
803.38000,4.5830606e-12,2.2037971e-14
803.39000,4.5942436e-12,2.2018287e-14
803.40000,4.6067457e-12,2.1996572e-14
803.41000,4.6174294e-12,2.1977224e-14
803.42000,4.6247182e-12,2.1963226e-14
803.43000,4.6287637e-12,2.1956695e-14
803.44000,4.6306421e-12,2.1958329e-14
803.45000,4.6314044e-12,2.1966036e-14
803.46000,4.6316247e-12,2.1974787e-14
803.47000,4.6314566e-12,2.1978604e-14
803.48000,4.6308427e-12,2.1973562e-14
803.49000,4.6296653e-12,2.1959880e-14
803.50000,4.6278432e-12,2.1941427e-14
803.51000,4.6253946e-12,2.1924101e-14
803.52000,4.6223226e-12,2.1913928e-14
803.53000,4.6183784e-12,2.1915957e-14
803.54000,4.6130467e-12,2.1933431e-14
803.55000,4.6059988e-12,2.1965663e-14
803.56000,4.5977473e-12,2.2005207e-14
803.57000,4.5898597e-12,2.2038280e-14
803.58000,4.5842968e-12,2.2050852e-14
803.59000,4.5822032e-12,2.2036490e-14
803.60000,4.5831599e-12,2.1999149e-14
803.61000,4.5856179e-12,2.1949424e-14
803.62000,4.5882154e-12,2.1897503e-14
803.63000,4.5902207e-12,2.1854155e-14
803.64000,4.5918112e-12,2.1823476e-14
803.65000,4.5928179e-12,2.1809924e-14
803.66000,4.5928618e-12,2.1811345e-14
803.67000,4.5915679e-12,2.1820880e-14
803.68000,4.5890141e-12,2.1829127e-14
803.69000,4.5857732e-12,2.1828412e-14
803.70000,4.5825863e-12,2.1816011e-14
803.71000,4.5800381e-12,2.1794497e-14
803.72000,4.5785260e-12,2.1769816e-14
803.73000,4.5784143e-12,2.1748815e-14
803.74000,4.5799988e-12,2.1737181e-14
803.75000,4.5831534e-12,2.1737700e-14
803.76000,4.5870524e-12,2.1749205e-14
803.77000,4.5904773e-12,2.1767312e-14
803.78000,4.5926424e-12,2.1787121e-14
803.79000,4.5938240e-12,2.1805947e-14
803.80000,4.5951610e-12,2.1823809e-14
803.81000,4.5976218e-12,2.1841301e-14
803.82000,4.6012154e-12,2.1857565e-14
803.83000,4.6049811e-12,2.1870558e-14
803.84000,4.6076416e-12,2.1879162e-14
803.85000,4.6083296e-12,2.1884764e-14
803.86000,4.6069875e-12,2.1890232e-14
803.87000,4.6044361e-12,2.1896621e-14
803.88000,4.6021741e-12,2.1900550e-14
803.89000,4.6018159e-12,2.1895418e-14
803.90000,4.6042133e-12,2.1876336e-14
803.91000,4.6087767e-12,2.1844748e-14
803.92000,4.6136552e-12,2.1808557e-14
803.93000,4.6167078e-12,2.1778137e-14
803.94000,4.6172917e-12,2.1757951e-14
803.95000,4.6152006e-12,2.1751394e-14
803.96000,4.6125583e-12,2.1750189e-14
803.97000,4.6106552e-12,2.1749851e-14
803.98000,4.6105368e-12,2.1746470e-14
803.99000,4.6121937e-12,2.1741295e-14
804.00000,4.6148201e-12,2.1738872e-14
804.01000,4.6173102e-12,2.1743014e-14
804.02000,4.6187478e-12,2.1753045e-14
804.03000,4.6186183e-12,2.1763409e-14
804.04000,4.6166881e-12,2.1767206e-14
804.05000,4.6127894e-12,2.1760889e-14
804.06000,4.6068576e-12,2.1746262e-14
804.07000,4.5992910e-12,2.1728601e-14
804.08000,4.5912501e-12,2.1713311e-14
804.09000,4.5844082e-12,2.1704059e-14
804.10000,4.5801374e-12,2.1702623e-14
804.11000,4.5787652e-12,2.1709031e-14
804.12000,4.5794238e-12,2.1721356e-14
804.13000,4.5806754e-12,2.1736431e-14
804.14000,4.5812421e-12,2.1750865e-14
804.15000,4.5804702e-12,2.1761200e-14
804.16000,4.5785949e-12,2.1764068e-14
804.17000,4.5766962e-12,2.1757801e-14
804.18000,4.5761867e-12,2.1744831e-14
804.19000,4.5779787e-12,2.1732100e-14
804.20000,4.5818619e-12,2.1728121e-14
804.21000,4.5865957e-12,2.1738634e-14
804.22000,4.5906857e-12,2.1763560e-14
804.23000,4.5932139e-12,2.1796401e-14
804.24000,4.5940318e-12,2.1826128e-14
804.25000,4.5932320e-12,2.1841456e-14
804.26000,4.5904010e-12,2.1835594e-14
804.27000,4.5853179e-12,2.1812324e-14
804.28000,4.5765887e-12,2.1776763e-14
804.29000,4.5654788e-12,2.1740711e-14
804.30000,4.5529779e-12,2.1708598e-14
804.31000,4.5413428e-12,2.1682914e-14
804.32000,4.5325184e-12,2.1664525e-14
804.33000,4.5275010e-12,2.1654701e-14
804.34000,4.5260777e-12,2.1654649e-14
804.35000,4.5271896e-12,2.1663230e-14
804.36000,4.5296216e-12,2.1675016e-14
804.37000,4.5325782e-12,2.1681348e-14
804.38000,4.5358980e-12,2.1675062e-14
804.39000,4.5399219e-12,2.1655678e-14
804.40000,4.5451107e-12,2.1630352e-14
804.41000,4.5515589e-12,2.1609457e-14
804.42000,4.5586869e-12,2.1600825e-14
804.43000,4.5653081e-12,2.1607337e-14
804.44000,4.5699621e-12,2.1628249e-14
804.45000,4.5713252e-12,2.1660748e-14
804.46000,4.5687122e-12,2.1699299e-14
804.47000,4.5623241e-12,2.1734460e-14
804.48000,4.5533288e-12,2.1753738e-14
804.49000,4.5435304e-12,2.1746894e-14
804.50000,4.5348776e-12,2.1712662e-14
804.51000,4.5291058e-12,2.1661017e-14
804.52000,4.5274786e-12,2.1608178e-14
804.53000,4.5304131e-12,2.1567952e-14
804.54000,4.5371041e-12,2.1545894e-14
804.55000,4.5455892e-12,2.1539252e-14
804.56000,4.5534909e-12,2.1540850e-14
804.57000,4.5591098e-12,2.1543467e-14
804.58000,4.5621940e-12,2.1542677e-14
804.59000,4.5638855e-12,2.1537731e-14
804.60000,4.5659704e-12,2.1530871e-14
804.61000,4.5693976e-12,2.1524716e-14
804.62000,4.5748571e-12,2.1522266e-14
804.63000,4.5810757e-12,2.1522692e-14
804.64000,4.5870476e-12,2.1524932e-14
804.65000,4.5914106e-12,2.1526666e-14
804.66000,4.5931733e-12,2.1526329e-14
804.67000,4.5920618e-12,2.1523971e-14
804.68000,4.5889395e-12,2.1521616e-14
804.69000,4.5858025e-12,2.1522455e-14
804.70000,4.5849588e-12,2.1528862e-14
804.71000,4.5876559e-12,2.1540372e-14
804.72000,4.5931151e-12,2.1553262e-14
804.73000,4.5988516e-12,2.1562339e-14
804.74000,4.6021810e-12,2.1563749e-14
804.75000,4.6018369e-12,2.1557037e-14
804.76000,4.5985761e-12,2.1545449e-14
804.77000,4.5944972e-12,2.1534541e-14
804.78000,4.5917099e-12,2.1529892e-14
804.79000,4.5912389e-12,2.1534728e-14
804.80000,4.5925877e-12,2.1547777e-14
804.81000,4.5942880e-12,2.1563566e-14
804.82000,4.5947045e-12,2.1574401e-14
804.83000,4.5928154e-12,2.1573893e-14
804.84000,4.5886526e-12,2.1560295e-14
804.85000,4.5832973e-12,2.1537768e-14
804.86000,4.5784944e-12,2.1514542e-14
804.87000,4.5760168e-12,2.1498681e-14
804.88000,4.5769456e-12,2.1494231e-14
804.89000,4.5811377e-12,2.1500205e-14
804.90000,4.5872182e-12,2.1512212e-14
804.91000,4.5932310e-12,2.1524800e-14
804.92000,4.5976403e-12,2.1533580e-14
804.93000,4.6000271e-12,2.1536881e-14
804.94000,4.6009530e-12,2.1535717e-14
804.95000,4.6012370e-12,2.1532133e-14
804.96000,4.6008668e-12,2.1525644e-14
804.97000,4.5992641e-12,2.1515845e-14
804.98000,4.5954199e-12,2.1502144e-14
804.99000,4.5889749e-12,2.1485513e-14
805.00000,4.5804636e-12,2.1466486e-14
805.01000,4.5712478e-12,2.1445485e-14
805.02000,4.5630698e-12,2.1425021e-14
805.03000,4.5574133e-12,2.1409973e-14
805.04000,4.5548429e-12,2.1403731e-14
805.05000,4.5546154e-12,2.1404199e-14
805.06000,4.5548976e-12,2.1405086e-14
805.07000,4.5536547e-12,2.1401725e-14
805.08000,4.5497852e-12,2.1394879e-14
805.09000,4.5438152e-12,2.1388450e-14
805.10000,4.5377045e-12,2.1384577e-14
805.11000,4.5338584e-12,2.1382462e-14
805.12000,4.5338540e-12,2.1382033e-14
805.13000,4.5375188e-12,2.1386982e-14
805.14000,4.5428919e-12,2.1402208e-14
805.15000,4.5472618e-12,2.1426615e-14
805.16000,4.5489535e-12,2.1450414e-14
805.17000,4.5483940e-12,2.1460591e-14
805.18000,4.5477935e-12,2.1451164e-14
805.19000,4.5495717e-12,2.1429283e-14
805.20000,4.5546949e-12,2.1411279e-14
805.21000,4.5621182e-12,2.1411348e-14
805.22000,4.5695525e-12,2.1431401e-14
805.23000,4.5747751e-12,2.1459181e-14
805.24000,4.5765435e-12,2.1475789e-14
805.25000,4.5748196e-12,2.1467638e-14
805.26000,4.5706049e-12,2.1434971e-14
805.27000,4.5656137e-12,2.1391543e-14
805.28000,4.5616605e-12,2.1356666e-14
805.29000,4.5597623e-12,2.1345629e-14
805.30000,4.5594457e-12,2.1363849e-14
805.31000,4.5593258e-12,2.1402795e-14
805.32000,4.5571398e-12,2.1446795e-14
805.33000,4.5526490e-12,2.1474686e-14
805.34000,4.5461290e-12,2.1473224e-14
805.35000,4.5392659e-12,2.1442927e-14
805.36000,4.5337916e-12,2.1396357e-14
805.37000,4.5307053e-12,2.1349113e-14
805.38000,4.5297999e-12,2.1310376e-14
805.39000,4.5298751e-12,2.1280121e-14
805.40000,4.5295736e-12,2.1253695e-14
805.41000,4.5283238e-12,2.1228834e-14
805.42000,4.5267582e-12,2.1209581e-14
805.43000,4.5263157e-12,2.1205069e-14
805.44000,4.5282340e-12,2.1224786e-14
805.45000,4.5325399e-12,2.1273497e-14
805.46000,4.5377887e-12,2.1348603e-14
805.47000,4.5418989e-12,2.1440993e-14
805.48000,4.5435276e-12,2.1538174e-14
805.49000,4.5428526e-12,2.1627397e-14
805.50000,4.5411541e-12,2.1697544e-14
805.51000,4.5397225e-12,2.1741052e-14
805.52000,4.5390798e-12,2.1756003e-14
805.53000,4.5391307e-12,2.1746572e-14
805.54000,4.5397695e-12,2.1722163e-14
805.55000,4.5413084e-12,2.1694694e-14
805.56000,4.5443867e-12,2.1675328e-14
805.57000,4.5494855e-12,2.1671677e-14
805.58000,4.5564598e-12,2.1685924e-14
805.59000,4.5643941e-12,2.1713884e-14
805.60000,4.5717718e-12,2.1745192e-14
805.61000,4.5768285e-12,2.1765231e-14
805.62000,4.5780610e-12,2.1759299e-14
805.63000,4.5748227e-12,2.1717990e-14
805.64000,4.5676808e-12,2.1641102e-14
805.65000,4.5582073e-12,2.1537801e-14
805.66000,4.5483036e-12,2.1423195e-14
805.67000,4.5396699e-12,2.1314708e-14
805.68000,4.5329542e-12,2.1222147e-14
805.69000,4.5296640e-12,2.1162598e-14
805.70000,4.5294767e-12,2.1131169e-14
805.71000,4.5330383e-12,2.1128716e-14
805.72000,4.5398756e-12,2.1144651e-14
805.73000,4.5490805e-12,2.1168574e-14
805.74000,4.5593409e-12,2.1194768e-14
805.75000,4.5692091e-12,2.1224976e-14
805.76000,4.5773715e-12,2.1265024e-14
805.77000,4.5828850e-12,2.1316828e-14
805.78000,4.5854059e-12,2.1372152e-14
805.79000,4.5853763e-12,2.1414331e-14
805.80000,4.5839845e-12,2.1427943e-14
805.81000,4.5827169e-12,2.1409227e-14
805.82000,4.5826226e-12,2.1369085e-14
805.83000,4.5837798e-12,2.1327049e-14
805.84000,4.5853964e-12,2.1301693e-14
805.85000,4.5864515e-12,2.1303363e-14
805.86000,4.5863699e-12,2.1330745e-14
805.87000,4.5852907e-12,2.1370800e-14
805.88000,4.5838674e-12,2.1403149e-14
805.89000,4.5828036e-12,2.1410754e-14
805.90000,4.5823948e-12,2.1390598e-14
805.91000,4.5823356e-12,2.1355171e-14
805.92000,4.5817342e-12,2.1323120e-14
805.93000,4.5793393e-12,2.1305814e-14
805.94000,4.5740651e-12,2.1300354e-14
805.95000,4.5657525e-12,2.1294087e-14
805.96000,4.5556511e-12,2.1276429e-14
805.97000,4.5459362e-12,2.1247865e-14
805.98000,4.5382976e-12,2.1218427e-14
805.99000,4.5327138e-12,2.1197624e-14
806.00000,4.5275978e-12,2.1185893e-14
806.01000,4.5212540e-12,2.1175618e-14
806.02000,4.5133455e-12,2.1159707e-14
806.03000,4.5052046e-12,2.1138518e-14
806.04000,4.4989635e-12,2.1118756e-14
806.05000,4.4963044e-12,2.1106794e-14
806.06000,4.4976634e-12,2.1104063e-14
806.07000,4.5017585e-12,2.1107254e-14
806.08000,4.5070936e-12,2.1115056e-14
806.09000,4.5119817e-12,2.1126875e-14
806.10000,4.5162561e-12,2.1144536e-14
806.11000,4.5206296e-12,2.1167883e-14
806.12000,4.5259059e-12,2.1194995e-14
806.13000,4.5321051e-12,2.1222427e-14
806.14000,4.5384257e-12,2.1245611e-14
806.15000,4.5439917e-12,2.1260284e-14
806.16000,4.5486010e-12,2.1265258e-14
806.17000,4.5527253e-12,2.1263766e-14
806.18000,4.5568098e-12,2.1260943e-14
806.19000,4.5607153e-12,2.1259879e-14
806.20000,4.5639804e-12,2.1260782e-14
806.21000,4.5665638e-12,2.1263681e-14
806.22000,4.5690519e-12,2.1270398e-14
806.23000,4.5718830e-12,2.1282715e-14
806.24000,4.5743743e-12,2.1298417e-14
806.25000,4.5747936e-12,2.1309620e-14
806.26000,4.5717777e-12,2.1306343e-14
806.27000,4.5659483e-12,2.1283577e-14
806.28000,4.5602080e-12,2.1246691e-14
806.29000,4.5579872e-12,2.1208307e-14
806.30000,4.5611364e-12,2.1180289e-14
806.31000,4.5689751e-12,2.1167612e-14
806.32000,4.5790104e-12,2.1167972e-14
806.33000,4.5885499e-12,2.1175700e-14
806.34000,4.5959718e-12,2.1185841e-14
806.35000,4.6009565e-12,2.1195697e-14
806.36000,4.6039040e-12,2.1204006e-14
806.37000,4.6052736e-12,2.1209748e-14
806.38000,4.6053597e-12,2.1212101e-14
806.39000,4.6044278e-12,2.1211304e-14
806.40000,4.6028136e-12,2.1209170e-14
806.41000,4.6007703e-12,2.1208402e-14
806.42000,4.5982169e-12,2.1210954e-14
806.43000,4.5946747e-12,2.1216305e-14
806.44000,4.5895135e-12,2.1220758e-14
806.45000,4.5822864e-12,2.1218263e-14
806.46000,4.5733192e-12,2.1206200e-14
806.47000,4.5627089e-12,2.1181080e-14
806.48000,4.5513924e-12,2.1150041e-14
806.49000,4.5397286e-12,2.1117084e-14
806.50000,4.5285071e-12,2.1087157e-14
806.51000,4.5187965e-12,2.1062247e-14
806.52000,4.5118456e-12,2.1042579e-14
806.53000,4.5086829e-12,2.1028254e-14
806.54000,4.5097118e-12,2.1020201e-14
806.55000,4.5144689e-12,2.1019715e-14
806.56000,4.5215864e-12,2.1026948e-14
806.57000,4.5290103e-12,2.1039426e-14
806.58000,4.5345466e-12,2.1051916e-14
806.59000,4.5366194e-12,2.1058460e-14
806.60000,4.5348520e-12,2.1055800e-14
806.61000,4.5300651e-12,2.1045677e-14
806.62000,4.5236829e-12,2.1033757e-14
806.63000,4.5169985e-12,2.1025715e-14
806.64000,4.5108201e-12,2.1023598e-14
806.65000,4.5056184e-12,2.1025211e-14
806.66000,4.5018478e-12,2.1026613e-14
806.67000,4.5000469e-12,2.1025405e-14
806.68000,4.5006496e-12,2.1022219e-14
806.69000,4.5035933e-12,2.1019623e-14
806.70000,4.5083147e-12,2.1019565e-14
806.71000,4.5139158e-12,2.1021936e-14
806.72000,4.5195160e-12,2.1025133e-14
806.73000,4.5246025e-12,2.1028056e-14
806.74000,4.5292253e-12,2.1031807e-14
806.75000,4.5339007e-12,2.1039459e-14
806.76000,4.5392159e-12,2.1053592e-14
806.77000,4.5453505e-12,2.1073287e-14
806.78000,4.5518507e-12,2.1093188e-14
806.79000,4.5578472e-12,2.1106003e-14
806.80000,4.5625710e-12,2.1107067e-14
806.81000,4.5657893e-12,2.1097617e-14
806.82000,4.5678535e-12,2.1084120e-14
806.83000,4.5693733e-12,2.1074050e-14
806.84000,4.5708120e-12,2.1071388e-14
806.85000,4.5722457e-12,2.1075194e-14
806.86000,4.5732597e-12,2.1081687e-14
806.87000,4.5727922e-12,2.1087400e-14
806.88000,4.5701646e-12,2.1091389e-14
806.89000,4.5636290e-12,2.1095118e-14
806.90000,4.5547047e-12,2.1102290e-14
806.91000,4.5448785e-12,2.1116248e-14
806.92000,4.5368783e-12,2.1136662e-14
806.93000,4.5324939e-12,2.1157884e-14
806.94000,4.5320441e-12,2.1171378e-14
806.95000,4.5347905e-12,2.1171161e-14
806.96000,4.5397374e-12,2.1157510e-14
806.97000,4.5459193e-12,2.1135780e-14
806.98000,4.5521219e-12,2.1112144e-14
806.99000,4.5567614e-12,2.1090383e-14
807.00000,4.5584123e-12,2.1071779e-14
807.01000,4.5566045e-12,2.1056675e-14
807.02000,4.5521405e-12,2.1045309e-14
807.03000,4.5467078e-12,2.1037206e-14
807.04000,4.5422175e-12,2.1030550e-14
807.05000,4.5403128e-12,2.1022991e-14
807.06000,4.5420569e-12,2.1013548e-14
807.07000,4.5476338e-12,2.1003651e-14
807.08000,4.5561520e-12,2.0996096e-14
807.09000,4.5658327e-12,2.0992748e-14
807.10000,4.5746432e-12,2.0993068e-14
807.11000,4.5811035e-12,2.0994615e-14
807.12000,4.5847740e-12,2.0995110e-14
807.13000,4.5860557e-12,2.0993959e-14
807.14000,4.5856345e-12,2.0992094e-14
807.15000,4.5839307e-12,2.0990533e-14
807.16000,4.5809031e-12,2.0989059e-14
807.17000,4.5762637e-12,2.0986205e-14
807.18000,4.5698800e-12,2.0980479e-14
807.19000,4.5620646e-12,2.0971652e-14
807.20000,4.5535919e-12,2.0960990e-14
807.21000,4.5454662e-12,2.0950376e-14
807.22000,4.5385767e-12,2.0941232e-14
807.23000,4.5334372e-12,2.0934069e-14
807.24000,4.5301998e-12,2.0928774e-14
807.25000,4.5289149e-12,2.0925028e-14
807.26000,4.5297040e-12,2.0922319e-14
807.27000,4.5325582e-12,2.0919714e-14
807.28000,4.5369418e-12,2.0916021e-14
807.29000,4.5416633e-12,2.0910507e-14
807.30000,4.5450613e-12,2.0903335e-14
807.31000,4.5462525e-12,2.0895249e-14
807.32000,4.5433719e-12,2.0886131e-14
807.33000,4.5372295e-12,2.0875542e-14
807.34000,4.5280529e-12,2.0863187e-14
807.35000,4.5178106e-12,2.0850868e-14
807.36000,4.5089046e-12,2.0842245e-14
807.37000,4.5035606e-12,2.0841114e-14
807.38000,4.5030786e-12,2.0849097e-14
807.39000,4.5074123e-12,2.0864419e-14
807.40000,4.5152366e-12,2.0882538e-14
807.41000,4.5244928e-12,2.0898335e-14
807.42000,4.5331695e-12,2.0908650e-14
807.43000,4.5399190e-12,2.0913602e-14
807.44000,4.5442317e-12,2.0915846e-14
807.45000,4.5462258e-12,2.0918307e-14
807.46000,4.5463167e-12,2.0921961e-14
807.47000,4.5449749e-12,2.0924973e-14
807.48000,4.5426334e-12,2.0923679e-14
807.49000,4.5397265e-12,2.0915038e-14
807.50000,4.5367912e-12,2.0899252e-14
807.51000,4.5344936e-12,2.0880769e-14
807.52000,4.5334600e-12,2.0866501e-14
807.53000,4.5339602e-12,2.0861979e-14
807.54000,4.5356990e-12,2.0867892e-14
807.55000,4.5379955e-12,2.0879574e-14
807.56000,4.5403149e-12,2.0889928e-14
807.57000,4.5427248e-12,2.0894002e-14
807.58000,4.5457707e-12,2.0891091e-14
807.59000,4.5499492e-12,2.0883861e-14
807.60000,4.5552745e-12,2.0875935e-14
807.61000,4.5612105e-12,2.0869874e-14
807.62000,4.5667980e-12,2.0866109e-14
807.63000,4.5707620e-12,2.0862731e-14
807.64000,4.5716436e-12,2.0856275e-14
807.65000,4.5680895e-12,2.0843373e-14
807.66000,4.5592848e-12,2.0822387e-14
807.67000,4.5454119e-12,2.0794095e-14
807.68000,4.5279606e-12,2.0761402e-14
807.69000,4.5096125e-12,2.0728598e-14
807.70000,4.4934861e-12,2.0700449e-14
807.71000,4.4819882e-12,2.0681137e-14
807.72000,4.4759493e-12,2.0673211e-14
807.73000,4.4745837e-12,2.0676984e-14
807.74000,4.4761895e-12,2.0690581e-14
807.75000,4.4790534e-12,2.0710529e-14
807.76000,4.4820856e-12,2.0732488e-14
807.77000,4.4849876e-12,2.0753159e-14
807.78000,4.4880097e-12,2.0767702e-14
807.79000,4.4912513e-12,2.0775244e-14
807.80000,4.4943930e-12,2.0774238e-14
807.81000,4.4968910e-12,2.0766811e-14
807.82000,4.4988117e-12,2.0757088e-14
807.83000,4.5012632e-12,2.0750505e-14
807.84000,4.5058445e-12,2.0752249e-14
807.85000,4.5134691e-12,2.0764474e-14
807.86000,4.5235867e-12,2.0783620e-14
807.87000,4.5344426e-12,2.0801736e-14
807.88000,4.5440968e-12,2.0812484e-14
807.89000,4.5513739e-12,2.0815620e-14
807.90000,4.5561106e-12,2.0814089e-14
807.91000,4.5587098e-12,2.0807488e-14
807.92000,4.5595407e-12,2.0791588e-14
807.93000,4.5587105e-12,2.0766059e-14
807.94000,4.5562691e-12,2.0740640e-14
807.95000,4.5524945e-12,2.0729815e-14
807.96000,4.5479217e-12,2.0738904e-14
807.97000,4.5431012e-12,2.0755387e-14
807.98000,4.5383531e-12,2.0755537e-14
807.99000,4.5337901e-12,2.0722170e-14
808.00000,4.5295875e-12,2.0658999e-14
808.01000,4.5261480e-12,2.0590355e-14
808.02000,4.5239070e-12,2.0548039e-14
808.03000,4.5229293e-12,2.0553797e-14
808.04000,4.5229184e-12,2.0611048e-14
808.05000,4.5235591e-12,2.0705533e-14
808.06000,4.5247721e-12,2.0811222e-14
808.07000,4.5265564e-12,2.0898443e-14
808.08000,4.5286672e-12,2.0943006e-14
808.09000,4.5306029e-12,2.0934277e-14
808.10000,4.5319754e-12,2.0878330e-14
808.11000,4.5328445e-12,2.0793738e-14
808.12000,4.5335912e-12,2.0702256e-14
808.13000,4.5344069e-12,2.0620123e-14
808.14000,4.5349225e-12,2.0554647e-14
808.15000,4.5343988e-12,2.0506471e-14
808.16000,4.5323732e-12,2.0474369e-14
808.17000,4.5292474e-12,2.0458935e-14
808.18000,4.5263169e-12,2.0463439e-14
808.19000,4.5251203e-12,2.0492103e-14
808.20000,4.5264655e-12,2.0546965e-14
808.21000,4.5298043e-12,2.0624655e-14
808.22000,4.5334813e-12,2.0714473e-14
808.23000,4.5357566e-12,2.0798998e-14
808.24000,4.5358486e-12,2.0857748e-14
808.25000,4.5342234e-12,2.0871195e-14
808.26000,4.5319630e-12,2.0839182e-14
808.27000,4.5301594e-12,2.0754457e-14
808.28000,4.5290690e-12,2.0649144e-14
808.29000,4.5286648e-12,2.0544236e-14
808.30000,4.5285180e-12,2.0467986e-14
808.31000,4.5279920e-12,2.0436408e-14
808.32000,4.5261685e-12,2.0448108e-14
808.33000,4.5219713e-12,2.0484023e-14
808.34000,4.5146190e-12,2.0516048e-14
808.35000,4.5041930e-12,2.0522306e-14
808.36000,4.4918624e-12,2.0500344e-14
808.37000,4.4794783e-12,2.0467990e-14
808.38000,4.4687332e-12,2.0449620e-14
808.39000,4.4604651e-12,2.0458170e-14
808.40000,4.4546058e-12,2.0487943e-14
808.41000,4.4507318e-12,2.0523613e-14
808.42000,4.4486659e-12,2.0555209e-14
808.43000,4.4486005e-12,2.0583774e-14
808.44000,4.4507361e-12,2.0613910e-14
808.45000,4.4548759e-12,2.0644002e-14
808.46000,4.4603706e-12,2.0665394e-14
808.47000,4.4663984e-12,2.0669354e-14
808.48000,4.4722419e-12,2.0652733e-14
808.49000,4.4772908e-12,2.0618011e-14
808.50000,4.4808530e-12,2.0570930e-14
808.51000,4.4820813e-12,2.0518772e-14
808.52000,4.4801878e-12,2.0468637e-14
808.53000,4.4749060e-12,2.0425171e-14
808.54000,4.4666636e-12,2.0389969e-14
808.55000,4.4565207e-12,2.0362726e-14
808.56000,4.4458529e-12,2.0342290e-14
808.57000,4.4360041e-12,2.0327013e-14
808.58000,4.4280173e-12,2.0315145e-14
808.59000,4.4224009e-12,2.0305432e-14
808.60000,4.4189545e-12,2.0297306e-14
808.61000,4.4168452e-12,2.0290622e-14
808.62000,4.4150566e-12,2.0285326e-14
808.63000,4.4130120e-12,2.0281351e-14
808.64000,4.4109506e-12,2.0278761e-14
808.65000,4.4097460e-12,2.0277929e-14
808.66000,4.4102235e-12,2.0279279e-14
808.67000,4.4124062e-12,2.0282416e-14
808.68000,4.4152808e-12,2.0285408e-14
808.69000,4.4173740e-12,2.0285272e-14
808.70000,4.4177650e-12,2.0279662e-14
808.71000,4.4167171e-12,2.0268405e-14
808.72000,4.4154662e-12,2.0253723e-14
808.73000,4.4155167e-12,2.0239359e-14
808.74000,4.4181047e-12,2.0229309e-14
808.75000,4.4239868e-12,2.0225675e-14
808.76000,4.4332866e-12,2.0222955e-14
808.77000,4.4449255e-12,2.0210426e-14
808.78000,4.4572661e-12,2.0138813e-14
808.79000,4.4681924e-12,1.9965765e-14
808.80000,4.4767510e-12,1.9620462e-14
808.81000,4.4834082e-12,1.9068448e-14
808.82000,4.4895228e-12,1.8329272e-14
808.83000,4.4962817e-12,1.7490838e-14
808.84000,4.5039290e-12,1.6682981e-14
808.85000,4.5117317e-12,1.6022728e-14
808.86000,4.5185494e-12,1.5566381e-14
808.87000,4.5235544e-12,1.5300008e-14
808.88000,4.5266279e-12,1.5168265e-14
808.89000,4.5281787e-12,1.5112842e-14
808.90000,4.5285630e-12,1.5093266e-14
808.91000,4.5276330e-12,1.5087292e-14
808.92000,4.5248337e-12,1.5084832e-14
808.93000,4.5197343e-12,1.5084068e-14
808.94000,4.5124630e-12,1.5087575e-14
808.95000,4.5036698e-12,1.5097095e-14
808.96000,4.4941679e-12,1.5110565e-14
808.97000,4.4846681e-12,1.5122813e-14
808.98000,4.4757819e-12,1.5127698e-14
808.99000,4.4681107e-12,1.5120948e-14
809.00000,4.4622153e-12,1.5103419e-14
809.01000,4.4584702e-12,1.5081289e-14
809.02000,4.4569262e-12,1.5061304e-14
809.03000,4.4572586e-12,1.5046006e-14
809.04000,4.4588471e-12,1.5033949e-14
809.05000,4.4610193e-12,1.5022949e-14
809.06000,4.4633532e-12,1.5012188e-14
809.07000,4.4658108e-12,1.5002636e-14
809.08000,4.4685224e-12,1.4996385e-14
809.09000,4.4714905e-12,1.4994824e-14
809.10000,4.4745220e-12,1.4997133e-14
809.11000,4.4773920e-12,1.5000942e-14
809.12000,4.4800076e-12,1.5003919e-14
809.13000,4.4824637e-12,1.5004477e-14
809.14000,4.4850610e-12,1.5002241e-14
809.15000,4.4882733e-12,1.4998663e-14
809.16000,4.4925428e-12,1.4996211e-14
809.17000,4.4979429e-12,1.4996240e-14
809.18000,4.5039588e-12,1.4998032e-14
809.19000,4.5095713e-12,1.4999775e-14
809.20000,4.5135615e-12,1.4999968e-14
809.21000,4.5148543e-12,1.4998215e-14
809.22000,4.5128235e-12,1.4995250e-14
809.23000,4.5075252e-12,1.4992066e-14
809.24000,4.4997552e-12,1.4988918e-14
809.25000,4.4908105e-12,1.4985278e-14
809.26000,4.4820298e-12,1.4980561e-14
809.27000,4.4743786e-12,1.4974810e-14
809.28000,4.4682963e-12,1.4969079e-14
809.29000,4.4637922e-12,1.4965592e-14
809.30000,4.4606493e-12,1.4968472e-14
809.31000,4.4587330e-12,1.4989511e-14
809.32000,4.4578884e-12,1.5039925e-14
809.33000,4.4593064e-12,1.5184031e-14
809.34000,4.4636622e-12,1.5469390e-14
809.35000,4.4724196e-12,1.5992378e-14
809.36000,4.4855980e-12,1.6804628e-14
809.37000,4.5016533e-12,1.7886398e-14
809.38000,4.5176396e-12,1.9118577e-14
809.39000,4.5303644e-12,2.0315538e-14
809.40000,4.5377231e-12,2.1304127e-14
809.41000,4.5393465e-12,2.1995713e-14
809.42000,4.5362776e-12,2.2403031e-14
809.43000,4.5301390e-12,2.2602288e-14
809.44000,4.5224611e-12,2.2680254e-14
809.45000,4.5144353e-12,2.2701090e-14
809.46000,4.5069202e-12,2.2699530e-14
809.47000,4.5005102e-12,2.2689423e-14
809.48000,4.4956544e-12,2.2675468e-14
809.49000,4.4927887e-12,2.2661228e-14
809.50000,4.4923306e-12,2.2651642e-14
809.51000,4.4944755e-12,2.2651489e-14
809.52000,4.4989402e-12,2.2662783e-14
809.53000,4.5048721e-12,2.2684124e-14
809.54000,4.5110255e-12,2.2712819e-14
809.55000,4.5161520e-12,2.2747502e-14
809.56000,4.5194152e-12,2.2788044e-14
809.57000,4.5205922e-12,2.2831675e-14
809.58000,4.5199604e-12,2.2868913e-14
809.59000,4.5180061e-12,2.2885289e-14
809.60000,4.5151790e-12,2.2869961e-14
809.61000,4.5118189e-12,2.2824244e-14
809.62000,4.5082549e-12,2.2762231e-14
809.63000,4.5049281e-12,2.2703180e-14
809.64000,4.5022940e-12,2.2661331e-14
809.65000,4.5005173e-12,2.2641079e-14
809.66000,4.4992727e-12,2.2637856e-14
809.67000,4.4979516e-12,2.2642165e-14
809.68000,4.4961743e-12,2.2644380e-14
809.69000,4.4941875e-12,2.2638788e-14
809.70000,4.4928560e-12,2.2625740e-14
809.71000,4.4933327e-12,2.2611203e-14
809.72000,4.4966683e-12,2.2604067e-14
809.73000,4.5034907e-12,2.2612571e-14
809.74000,4.5137641e-12,2.2641255e-14
809.75000,4.5266984e-12,2.2689121e-14
809.76000,4.5409248e-12,2.2749337e-14
809.77000,4.5549006e-12,2.2810909e-14
809.78000,4.5672981e-12,2.2862275e-14
809.79000,4.5771466e-12,2.2895292e-14
809.80000,4.5837751e-12,2.2907256e-14
809.81000,4.5868063e-12,2.2900000e-14
809.82000,4.5863253e-12,2.2877626e-14
809.83000,4.5830697e-12,2.2845113e-14
809.84000,4.5784453e-12,2.2808338e-14
809.85000,4.5742856e-12,2.2774043e-14
809.86000,4.5723532e-12,2.2748322e-14
809.87000,4.5736904e-12,2.2734220e-14
809.88000,4.5781453e-12,2.2730587e-14
809.89000,4.5844156e-12,2.2733212e-14
809.90000,4.5906313e-12,2.2737186e-14
809.91000,4.5950090e-12,2.2738645e-14
809.92000,4.5970674e-12,2.2736551e-14
809.93000,4.5958906e-12,2.2729970e-14
809.94000,4.5926619e-12,2.2721338e-14
809.95000,4.5874229e-12,2.2711420e-14
809.96000,4.5806458e-12,2.2700963e-14
809.97000,4.5726716e-12,2.2689939e-14
809.98000,4.5641007e-12,2.2678807e-14
809.99000,4.5559415e-12,2.2669724e-14
810.00000,4.5493856e-12,2.2666588e-14
810.01000,4.5452837e-12,2.2673421e-14
810.02000,4.5436532e-12,2.2691979e-14
810.03000,4.5435711e-12,2.2720094e-14
810.04000,4.5435723e-12,2.2751607e-14
810.05000,4.5423542e-12,2.2777831e-14
810.06000,4.5393648e-12,2.2790194e-14
810.07000,4.5349087e-12,2.2783531e-14
810.08000,4.5297518e-12,2.2758650e-14
810.09000,4.5245956e-12,2.2722324e-14
810.10000,4.5198305e-12,2.2684279e-14
810.11000,4.5156308e-12,2.2653049e-14
810.12000,4.5121335e-12,2.2633232e-14
810.13000,4.5094734e-12,2.2625057e-14
810.14000,4.5076899e-12,2.2625447e-14
810.15000,4.5066647e-12,2.2629623e-14
810.16000,4.5062174e-12,2.2633076e-14
810.17000,4.5062935e-12,2.2633534e-14
810.18000,4.5069926e-12,2.2631675e-14
810.19000,4.5082655e-12,2.2629907e-14
810.20000,4.5095114e-12,2.2630309e-14
810.21000,4.5095837e-12,2.2633503e-14
810.22000,4.5074185e-12,2.2638727e-14
810.23000,4.5028564e-12,2.2643995e-14
810.24000,4.4969497e-12,2.2646073e-14
810.25000,4.4915053e-12,2.2641390e-14
810.26000,4.4882183e-12,2.2628433e-14
810.27000,4.4880484e-12,2.2609301e-14
810.28000,4.4911369e-12,2.2588690e-14
810.29000,4.4969487e-12,2.2571009e-14
810.30000,4.5043792e-12,2.2558005e-14
810.31000,4.5119286e-12,2.2548680e-14
810.32000,4.5181762e-12,2.2541176e-14
810.33000,4.5223786e-12,2.2534872e-14
810.34000,4.5246893e-12,2.2531086e-14
810.35000,4.5257913e-12,2.2532248e-14
810.36000,4.5262885e-12,2.2540422e-14
810.37000,4.5263189e-12,2.2555918e-14
810.38000,4.5255263e-12,2.2576179e-14
810.39000,4.5232781e-12,2.2595374e-14
810.40000,4.5190364e-12,2.2605759e-14
810.41000,4.5128085e-12,2.2601178e-14
810.42000,4.5054362e-12,2.2580877e-14
810.43000,4.4984027e-12,2.2550561e-14
810.44000,4.4931315e-12,2.2519411e-14
810.45000,4.4902310e-12,2.2495245e-14
810.46000,4.4892774e-12,2.2481417e-14
810.47000,4.4893164e-12,2.2477142e-14
810.48000,4.4897063e-12,2.2480095e-14
810.49000,4.4906826e-12,2.2488845e-14
810.50000,4.4932277e-12,2.2503458e-14
810.51000,4.4983221e-12,2.2524248e-14
810.52000,4.5061268e-12,2.2550215e-14
810.53000,4.5157209e-12,2.2578751e-14
810.54000,4.5255825e-12,2.2606595e-14
810.55000,4.5344351e-12,2.2630668e-14
810.56000,4.5418642e-12,2.2648233e-14
810.57000,4.5483642e-12,2.2657003e-14
810.58000,4.5547179e-12,2.2658030e-14
810.59000,4.5616332e-12,2.2652842e-14
810.60000,4.5686751e-12,2.2648140e-14
810.61000,4.5748738e-12,2.2647226e-14
810.62000,4.5788159e-12,2.2650464e-14
810.63000,4.5794370e-12,2.2654403e-14
810.64000,4.5764864e-12,2.2654966e-14
810.65000,4.5705911e-12,2.2651315e-14
810.66000,4.5629432e-12,2.2648154e-14
810.67000,4.5549309e-12,2.2655016e-14
810.68000,4.5479801e-12,2.2682014e-14
810.69000,4.5435037e-12,2.2732770e-14
810.70000,4.5426133e-12,2.2798083e-14
810.71000,4.5455653e-12,2.2856446e-14
810.72000,4.5514303e-12,2.2884371e-14
810.73000,4.5584365e-12,2.2870492e-14
810.74000,4.5648280e-12,2.2822171e-14
810.75000,4.5696068e-12,2.2759417e-14
810.76000,4.5726606e-12,2.2702263e-14
810.77000,4.5743344e-12,2.2661858e-14
810.78000,4.5749409e-12,2.2639894e-14
810.79000,4.5746291e-12,2.2633301e-14
810.80000,4.5735741e-12,2.2638506e-14
810.81000,4.5721691e-12,2.2652208e-14
810.82000,4.5709839e-12,2.2669791e-14
810.83000,4.5705013e-12,2.2684500e-14
810.84000,4.5708220e-12,2.2689443e-14
810.85000,4.5715642e-12,2.2681417e-14
810.86000,4.5720412e-12,2.2663348e-14
810.87000,4.5715521e-12,2.2642935e-14
810.88000,4.5695396e-12,2.2628083e-14
810.89000,4.5655530e-12,2.2622167e-14
810.90000,4.5592170e-12,2.2622175e-14
810.91000,4.5504286e-12,2.2620859e-14
810.92000,4.5397269e-12,2.2611663e-14
810.93000,4.5284802e-12,2.2593622e-14
810.94000,4.5185954e-12,2.2573267e-14
810.95000,4.5118467e-12,2.2562034e-14
810.96000,4.5091327e-12,2.2569451e-14
810.97000,4.5101318e-12,2.2595736e-14
810.98000,4.5134840e-12,2.2629340e-14
810.99000,4.5174023e-12,2.2652387e-14
811.00000,4.5204702e-12,2.2651408e-14
811.01000,4.5221465e-12,2.2625118e-14
811.02000,4.5227161e-12,2.2583359e-14
811.03000,4.5228615e-12,2.2539457e-14
811.04000,4.5231901e-12,2.2503004e-14
811.05000,4.5239182e-12,2.2477430e-14
811.06000,4.5247897e-12,2.2461616e-14
811.07000,4.5252492e-12,2.2452613e-14
811.08000,4.5247873e-12,2.2447676e-14
811.09000,4.5232601e-12,2.2445440e-14
811.10000,4.5209759e-12,2.2446474e-14
811.11000,4.5184782e-12,2.2453313e-14
811.12000,4.5161611e-12,2.2469909e-14
811.13000,4.5139952e-12,2.2500260e-14
811.14000,4.5115700e-12,2.2545782e-14
811.15000,4.5083865e-12,2.2601562e-14
811.16000,4.5041047e-12,2.2653982e-14
811.17000,4.4985731e-12,2.2683796e-14
811.18000,4.4917903e-12,2.2675706e-14
811.19000,4.4840409e-12,2.2628555e-14
811.20000,4.4761680e-12,2.2557570e-14
811.21000,4.4696590e-12,2.2486458e-14
811.22000,4.4662992e-12,2.2436002e-14
811.23000,4.4675372e-12,2.2417678e-14
811.24000,4.4739565e-12,2.2434777e-14
811.25000,4.4850983e-12,2.2486909e-14
811.26000,4.4995925e-12,2.2572431e-14
811.27000,4.5154855e-12,2.2687108e-14
811.28000,4.5307031e-12,2.2821334e-14
811.29000,4.5435418e-12,2.2958873e-14
811.30000,4.5530289e-12,2.3078266e-14
811.31000,4.5590307e-12,2.3156542e-14
811.32000,4.5619904e-12,2.3172444e-14
811.33000,4.5629285e-12,2.3128829e-14
811.34000,4.5620339e-12,2.3019322e-14
811.35000,4.5602280e-12,2.2887198e-14
811.36000,4.5578454e-12,2.2756559e-14
811.37000,4.5556360e-12,2.2654584e-14
811.38000,4.5541136e-12,2.2591004e-14
811.39000,4.5531683e-12,2.2560992e-14
811.40000,4.5518874e-12,2.2551159e-14
811.41000,4.5489120e-12,2.2546071e-14
811.42000,4.5432072e-12,2.2533423e-14
811.43000,4.5347336e-12,2.2507505e-14
811.44000,4.5244735e-12,2.2469989e-14
811.45000,4.5137339e-12,2.2427329e-14
811.46000,4.5033072e-12,2.2386295e-14
811.47000,4.4932435e-12,2.2350805e-14
811.48000,4.4833590e-12,2.2321842e-14
811.49000,4.4738160e-12,2.2299089e-14
811.50000,4.4650678e-12,2.2281754e-14
811.51000,4.4572308e-12,2.2267855e-14
811.52000,4.4496339e-12,2.2253584e-14
811.53000,4.4411547e-12,2.2234510e-14
811.54000,4.4311594e-12,2.2208386e-14
811.55000,4.4202737e-12,2.2177415e-14
811.56000,4.4103422e-12,2.2147955e-14
811.57000,4.4035733e-12,2.2127632e-14
811.58000,4.4014174e-12,2.2121598e-14
811.59000,4.4038504e-12,2.2130140e-14
811.60000,4.4094659e-12,2.2148993e-14
811.61000,4.4162714e-12,2.2172020e-14
811.62000,4.4226428e-12,2.2194281e-14
811.63000,4.4278268e-12,2.2213200e-14
811.64000,4.4317893e-12,2.2227535e-14
811.65000,4.4347272e-12,2.2236083e-14
811.66000,4.4367202e-12,2.2237877e-14
811.67000,4.4377371e-12,2.2233468e-14
811.68000,4.4378618e-12,2.2225678e-14
811.69000,4.4374804e-12,2.2219149e-14
811.70000,4.4372825e-12,2.2219204e-14
811.71000,4.4381055e-12,2.2230410e-14
811.72000,4.4407547e-12,2.2254865e-14
811.73000,4.4459066e-12,2.2290992e-14
811.74000,4.4540687e-12,2.2334269e-14
811.75000,4.4654532e-12,2.2380002e-14
811.76000,4.4797050e-12,2.2425924e-14
811.77000,4.4955936e-12,2.2472391e-14
811.78000,4.5111361e-12,2.2520376e-14
811.79000,4.5240750e-12,2.2569110e-14
811.80000,4.5325825e-12,2.2614205e-14
811.81000,4.5358461e-12,2.2646723e-14
811.82000,4.5342961e-12,2.2655083e-14
811.83000,4.5293516e-12,2.2630824e-14
811.84000,4.5227439e-12,2.2574857e-14
811.85000,4.5158143e-12,2.2498767e-14
811.86000,4.5092808e-12,2.2419745e-14
811.87000,4.5035160e-12,2.2353194e-14
811.88000,4.4988841e-12,2.2307948e-14
811.89000,4.4957352e-12,2.2285578e-14
811.90000,4.4941027e-12,2.2282021e-14
811.91000,4.4934487e-12,2.2289570e-14
811.92000,4.4927388e-12,2.2299125e-14
811.93000,4.4908331e-12,2.2303461e-14
811.94000,4.4869331e-12,2.2300798e-14
811.95000,4.4808343e-12,2.2296204e-14
811.96000,4.4729565e-12,2.2298787e-14
811.97000,4.4642383e-12,2.2315227e-14
811.98000,4.4559025e-12,2.2343389e-14
811.99000,4.4490788e-12,2.2371273e-14
812.00000,4.4444298e-12,2.2384050e-14
812.01000,4.4420247e-12,2.2375231e-14
812.02000,4.4415727e-12,2.2353023e-14
812.03000,4.4428591e-12,2.2336053e-14
812.04000,4.4460280e-12,2.2341473e-14
812.05000,4.4514110e-12,2.2374057e-14
812.06000,4.4590162e-12,2.2423032e-14
812.07000,4.4682006e-12,2.2467810e-14
812.08000,4.4779080e-12,2.2488933e-14
812.09000,4.4872567e-12,2.2478077e-14
812.10000,4.4959017e-12,2.2441446e-14
812.11000,4.5039220e-12,2.2395213e-14
812.12000,4.5114771e-12,2.2357151e-14
812.13000,4.5185303e-12,2.2340362e-14
812.14000,4.5247065e-12,2.2351776e-14
812.15000,4.5292921e-12,2.2393377e-14
812.16000,4.5314271e-12,2.2462238e-14
812.17000,4.5304448e-12,2.2547944e-14
812.18000,4.5261729e-12,2.2630840e-14
812.19000,4.5190049e-12,2.2686395e-14
812.20000,4.5096479e-12,2.2694434e-14
812.21000,4.4990095e-12,2.2658812e-14
812.22000,4.4875673e-12,2.2586771e-14
812.23000,4.4762652e-12,2.2514259e-14
812.24000,4.4659736e-12,2.2460274e-14
812.25000,4.4577183e-12,2.2434740e-14
812.26000,4.4522713e-12,2.2430055e-14
812.27000,4.4500849e-12,2.2429121e-14
812.28000,4.4514141e-12,2.2416700e-14
812.29000,4.4563187e-12,2.2387474e-14
812.30000,4.4643977e-12,2.2346688e-14
812.31000,4.4745849e-12,2.2305144e-14
812.32000,4.4853918e-12,2.2273040e-14
812.33000,4.4954609e-12,2.2255753e-14
812.34000,4.5039011e-12,2.2252479e-14
812.35000,4.5101488e-12,2.2257599e-14
812.36000,4.5136641e-12,2.2264180e-14
812.37000,4.5138940e-12,2.2267924e-14
812.38000,4.5105461e-12,2.2269381e-14
812.39000,4.5038667e-12,2.2273169e-14
812.40000,4.4946654e-12,2.2284886e-14
812.41000,4.4840995e-12,2.2307762e-14
812.42000,4.4733811e-12,2.2341090e-14
812.43000,4.4635331e-12,2.2381100e-14
812.44000,4.4552457e-12,2.2422930e-14
812.45000,4.4488720e-12,2.2461196e-14
812.46000,4.4445679e-12,2.2488481e-14
812.47000,4.4424746e-12,2.2494782e-14
812.48000,4.4427349e-12,2.2471348e-14
812.49000,4.4452764e-12,2.2417328e-14
812.50000,4.4496249e-12,2.2343050e-14
812.51000,4.4550452e-12,2.2266063e-14
812.52000,4.4609017e-12,2.2202760e-14
812.53000,4.4669011e-12,2.2162048e-14
812.54000,4.4730947e-12,2.2144896e-14
812.55000,4.4797417e-12,2.2148526e-14
812.56000,4.4871001e-12,2.2171176e-14
812.57000,4.4951660e-12,2.2214191e-14
812.58000,4.5035144e-12,2.2280213e-14
812.59000,4.5114297e-12,2.2367912e-14
812.60000,4.5182303e-12,2.2465846e-14
812.61000,4.5234499e-12,2.2551020e-14
812.62000,4.5267728e-12,2.2597066e-14
812.63000,4.5279995e-12,2.2589003e-14
812.64000,4.5272242e-12,2.2532902e-14
812.65000,4.5250025e-12,2.2451601e-14
812.66000,4.5222016e-12,2.2370392e-14
812.67000,4.5195491e-12,2.2304632e-14
812.68000,4.5172458e-12,2.2256748e-14
812.69000,4.5150127e-12,2.2221221e-14
812.70000,4.5125415e-12,2.2191618e-14
812.71000,4.5099008e-12,2.2164896e-14
812.72000,4.5075109e-12,2.2141621e-14
812.73000,4.5057621e-12,2.2123672e-14
812.74000,4.5046475e-12,2.2111876e-14
812.75000,4.5036486e-12,2.2104947e-14
812.76000,4.5018983e-12,2.2099991e-14
812.77000,4.4984952e-12,2.2093765e-14
812.78000,4.4928729e-12,2.2083964e-14
812.79000,4.4850318e-12,2.2069884e-14
812.80000,4.4754480e-12,2.2052095e-14
812.81000,4.4647552e-12,2.2031603e-14
812.82000,4.4535528e-12,2.2009545e-14
812.83000,4.4425304e-12,2.1987797e-14
812.84000,4.4326538e-12,2.1969693e-14
812.85000,4.4250384e-12,2.1959845e-14
812.86000,4.4205222e-12,2.1963197e-14
812.87000,4.4193146e-12,2.1984497e-14
812.88000,4.4210087e-12,2.2028775e-14
812.89000,4.4248765e-12,2.2101813e-14
812.90000,4.4301909e-12,2.2208722e-14
812.91000,4.4364555e-12,2.2350474e-14
812.92000,4.4435242e-12,2.2520992e-14
812.93000,4.4514658e-12,2.2707530e-14
812.94000,4.4601182e-12,2.2893336e-14
812.95000,4.4687117e-12,2.3058460e-14
812.96000,4.4760511e-12,2.3177649e-14
812.97000,4.4811718e-12,2.3221867e-14
812.98000,4.4838501e-12,2.3170769e-14
812.99000,4.4845053e-12,2.3030871e-14
813.00000,4.4836215e-12,2.2841781e-14
813.01000,4.4812534e-12,2.2660151e-14
813.02000,4.4770810e-12,2.2531750e-14
813.03000,4.4709220e-12,2.2471468e-14
813.04000,4.4631706e-12,2.2461662e-14
813.05000,4.4547189e-12,2.2465918e-14
813.06000,4.4464199e-12,2.2449301e-14
813.07000,4.4386133e-12,2.2395017e-14
813.08000,4.4311501e-12,2.2309040e-14
813.09000,4.4238189e-12,2.2211380e-14
813.10000,4.4167622e-12,2.2122250e-14
813.11000,4.4106181e-12,2.2053581e-14
813.12000,4.4063834e-12,2.2008975e-14
813.13000,4.4051376e-12,2.1987603e-14
813.14000,4.4077416e-12,2.1986830e-14
813.15000,4.4145385e-12,2.2002268e-14
813.16000,4.4250851e-12,2.2027187e-14
813.17000,4.4380125e-12,2.2053550e-14
813.18000,4.4511586e-12,2.2075039e-14
813.19000,4.4620495e-12,2.2090358e-14
813.20000,4.4686118e-12,2.2104377e-14
813.21000,4.4697962e-12,2.2126078e-14
813.22000,4.4658209e-12,2.2164753e-14
813.23000,4.4580172e-12,2.2227576e-14
813.24000,4.4484774e-12,2.2321191e-14
813.25000,4.4395908e-12,2.2456872e-14
813.26000,4.4333494e-12,2.2653766e-14
813.27000,4.4305121e-12,2.2931291e-14
813.28000,4.4302874e-12,2.3287059e-14
813.29000,4.4311381e-12,2.3671828e-14
813.30000,4.4321165e-12,2.3986340e-14
813.31000,4.4333072e-12,2.4118273e-14
813.32000,4.4350018e-12,2.4005500e-14
813.33000,4.4368075e-12,2.3678920e-14
813.34000,4.4381131e-12,2.3247781e-14
813.35000,4.4380379e-12,2.2846972e-14
813.36000,4.4371187e-12,2.2548906e-14
813.37000,4.4358742e-12,2.2387339e-14
813.38000,4.4353371e-12,2.2350506e-14
813.39000,4.4364595e-12,2.2425250e-14
813.40000,4.4399116e-12,2.2605209e-14
813.41000,4.4457929e-12,2.2874478e-14
813.42000,4.4533938e-12,2.3180395e-14
813.43000,4.4612887e-12,2.3428759e-14
813.44000,4.4677656e-12,2.3521205e-14
813.45000,4.4711445e-12,2.3412106e-14
813.46000,4.4698919e-12,2.3136149e-14
813.47000,4.4630730e-12,2.2783553e-14
813.48000,4.4511630e-12,2.2448136e-14
813.49000,4.4363535e-12,2.2189583e-14
813.50000,4.4218829e-12,2.2027720e-14
813.51000,4.4109132e-12,2.1957903e-14
813.52000,4.4056371e-12,2.1967877e-14
813.53000,4.4067972e-12,2.2044833e-14
813.54000,4.4135663e-12,2.2173182e-14
813.55000,4.4238488e-12,2.2329839e-14
813.56000,4.4350305e-12,2.2483061e-14
813.57000,4.4448897e-12,2.2597122e-14
813.58000,4.4521650e-12,2.2642253e-14
813.59000,4.4565299e-12,2.2606965e-14
813.60000,4.4582370e-12,2.2505983e-14
813.61000,4.4578459e-12,2.2375623e-14
813.62000,4.4561183e-12,2.2255934e-14
813.63000,4.4539107e-12,2.2170878e-14
813.64000,4.4519272e-12,2.2120530e-14
813.65000,4.4503951e-12,2.2088813e-14
813.66000,4.4489360e-12,2.2058345e-14
813.67000,4.4468714e-12,2.2021127e-14
813.68000,4.4438149e-12,2.1979757e-14
813.69000,4.4400783e-12,2.1941667e-14
813.70000,4.4365490e-12,2.1912570e-14
813.71000,4.4341228e-12,2.1893436e-14
813.72000,4.4330879e-12,2.1881258e-14
813.73000,4.4329250e-12,2.1871778e-14
813.74000,4.4327576e-12,2.1862545e-14
813.75000,4.4321720e-12,2.1855190e-14
813.76000,4.4317118e-12,2.1855666e-14
813.77000,4.4325697e-12,2.1871601e-14
813.78000,4.4357192e-12,2.1907473e-14
813.79000,4.4412070e-12,2.1960253e-14
813.80000,4.4480659e-12,2.2018634e-14
813.81000,4.4547026e-12,2.2066986e-14
813.82000,4.4593612e-12,2.2091952e-14
813.83000,4.4605264e-12,2.2088133e-14
813.84000,4.4573547e-12,2.2060765e-14
813.85000,4.4500545e-12,2.2025232e-14
813.86000,4.4399030e-12,2.2003116e-14
813.87000,4.4287329e-12,2.2013513e-14
813.88000,4.4181797e-12,2.2061038e-14
813.89000,4.4092346e-12,2.2128245e-14
813.90000,4.4023261e-12,2.2181865e-14
813.91000,4.3976360e-12,2.2192902e-14
813.92000,4.3953389e-12,2.2157330e-14
813.93000,4.3957831e-12,2.2102221e-14
813.94000,4.3995857e-12,2.2075068e-14
813.95000,4.4073311e-12,2.2126437e-14
813.96000,4.4188051e-12,2.2293568e-14
813.97000,4.4324233e-12,2.2582704e-14
813.98000,4.4456767e-12,2.2950422e-14
813.99000,4.4564304e-12,2.3299874e-14
814.00000,4.4637915e-12,2.3512020e-14
814.01000,4.4676913e-12,2.3505742e-14
814.02000,4.4679185e-12,2.3285651e-14
814.03000,4.4638503e-12,2.2937335e-14
814.04000,4.4549938e-12,2.2574755e-14
814.05000,4.4416467e-12,2.2285125e-14
814.06000,4.4252957e-12,2.2109853e-14
814.07000,4.4085654e-12,2.2060637e-14
814.08000,4.3944682e-12,2.2142415e-14
814.09000,4.3853098e-12,2.2357893e-14
814.10000,4.3820862e-12,2.2687784e-14
814.11000,4.3845014e-12,2.3063381e-14
814.12000,4.3910417e-12,2.3364959e-14
814.13000,4.3990826e-12,2.3472278e-14
814.14000,4.4056850e-12,2.3338134e-14
814.15000,4.4087484e-12,2.3019913e-14
814.16000,4.4078361e-12,2.2637390e-14
814.17000,4.4043270e-12,2.2298442e-14
814.18000,4.4007446e-12,2.2055212e-14
814.19000,4.3992541e-12,2.1907882e-14
814.20000,4.4002110e-12,2.1830948e-14
814.21000,4.4020097e-12,2.1795609e-14
814.22000,4.4023972e-12,2.1780667e-14
814.23000,4.4001031e-12,2.1775740e-14
814.24000,4.3954802e-12,2.1780880e-14
814.25000,4.3898752e-12,2.1804198e-14
814.26000,4.3845831e-12,2.1858243e-14
814.27000,4.3803938e-12,2.1954834e-14
814.28000,4.3778846e-12,2.2096917e-14
814.29000,4.3777455e-12,2.2269009e-14
814.30000,4.3805016e-12,2.2434393e-14
814.31000,4.3858218e-12,2.2547980e-14
814.32000,4.3921275e-12,2.2580511e-14
814.33000,4.3969807e-12,2.2534710e-14
814.34000,4.3981867e-12,2.2438964e-14
814.35000,4.3949683e-12,2.2326046e-14
814.36000,4.3882864e-12,2.2216330e-14
814.37000,4.3800503e-12,2.2115470e-14
814.38000,4.3719930e-12,2.2021567e-14
814.39000,4.3650886e-12,2.1932711e-14
814.40000,4.3596336e-12,2.1850492e-14
814.41000,4.3556015e-12,2.1779557e-14
814.42000,4.3529379e-12,2.1724755e-14
814.43000,4.3516619e-12,2.1688060e-14
814.44000,4.3517655e-12,2.1667437e-14
814.45000,4.3530225e-12,2.1658238e-14
814.46000,4.3549140e-12,2.1655911e-14
814.47000,4.3567936e-12,2.1658416e-14
814.48000,4.3582083e-12,2.1667822e-14
814.49000,4.3591410e-12,2.1691476e-14
814.50000,4.3599777e-12,2.1742320e-14
814.51000,4.3612097e-12,2.1835969e-14
814.52000,4.3631753e-12,2.1981938e-14
814.53000,4.3661310e-12,2.2170478e-14
814.54000,4.3704456e-12,2.2363797e-14
814.55000,4.3764040e-12,2.2504045e-14
814.56000,4.3836867e-12,2.2541465e-14
814.57000,4.3912864e-12,2.2466560e-14
814.58000,4.3981773e-12,2.2320392e-14
814.59000,4.4040522e-12,2.2173939e-14
814.60000,4.4093746e-12,2.2094142e-14
814.61000,4.4147711e-12,2.2119188e-14
814.62000,4.4203979e-12,2.2248576e-14
814.63000,4.4258610e-12,2.2442259e-14
814.64000,4.4306379e-12,2.2629303e-14
814.65000,4.4344105e-12,2.2732871e-14
814.66000,4.4369087e-12,2.2707252e-14
814.67000,4.4375032e-12,2.2563609e-14
814.68000,4.4351898e-12,2.2362991e-14
814.69000,4.4292726e-12,2.2182567e-14
814.70000,4.4201878e-12,2.2082256e-14
814.71000,4.4096579e-12,2.2091549e-14
814.72000,4.4001001e-12,2.2214672e-14
814.73000,4.3938038e-12,2.2439358e-14
814.74000,4.3921777e-12,2.2736480e-14
814.75000,4.3951983e-12,2.3050732e-14
814.76000,4.4014242e-12,2.3298415e-14
814.77000,4.4087312e-12,2.3391015e-14
814.78000,4.4152734e-12,2.3281035e-14
814.79000,4.4200667e-12,2.2996862e-14
814.80000,4.4230415e-12,2.2633937e-14
814.81000,4.4246510e-12,2.2306537e-14
814.82000,4.4252100e-12,2.2097327e-14
814.83000,4.4244525e-12,2.2035832e-14
814.84000,4.4217681e-12,2.2107619e-14
814.85000,4.4167860e-12,2.2277365e-14
814.86000,4.4095255e-12,2.2509472e-14
814.87000,4.4000550e-12,2.2776197e-14
814.88000,4.3884523e-12,2.3049601e-14
814.89000,4.3753965e-12,2.3285322e-14
814.90000,4.3626195e-12,2.3418933e-14
814.91000,4.3525173e-12,2.3390576e-14
814.92000,4.3472271e-12,2.3184713e-14
814.93000,4.3477989e-12,2.2848519e-14
814.94000,4.3538064e-12,2.2468677e-14
814.95000,4.3636263e-12,2.2126584e-14
814.96000,4.3752094e-12,2.1867338e-14
814.97000,4.3866533e-12,2.1696871e-14
814.98000,4.3962239e-12,2.1596991e-14
814.99000,4.4022414e-12,2.1542676e-14
815.00000,4.4033699e-12,2.1513469e-14
815.01000,4.3992730e-12,2.1497931e-14
815.02000,4.3910706e-12,2.1492578e-14
815.03000,4.3811172e-12,2.1497401e-14
815.04000,4.3721405e-12,2.1510838e-14
815.05000,4.3661880e-12,2.1527221e-14
815.06000,4.3638666e-12,2.1538330e-14
815.07000,4.3641801e-12,2.1537928e-14
815.08000,4.3650548e-12,2.1525976e-14
815.09000,4.3643714e-12,2.1509448e-14
815.10000,4.3609993e-12,2.1499722e-14
815.11000,4.3552541e-12,2.1509946e-14
815.12000,4.3485742e-12,2.1556039e-14
815.13000,4.3427447e-12,2.1660097e-14
815.14000,4.3391777e-12,2.1848096e-14
815.15000,4.3385094e-12,2.2133012e-14
815.16000,4.3405183e-12,2.2486987e-14
815.17000,4.3443912e-12,2.2826667e-14
815.18000,4.3493123e-12,2.3039591e-14
815.19000,4.3549033e-12,2.3046731e-14
815.20000,4.3609562e-12,2.2853161e-14
815.21000,4.3668457e-12,2.2541896e-14
815.22000,4.3715848e-12,2.2219756e-14
815.23000,4.3745039e-12,2.1964875e-14
815.24000,4.3756852e-12,2.1811028e-14
815.25000,4.3758079e-12,2.1763050e-14
815.26000,4.3756760e-12,2.1815862e-14
815.27000,4.3757055e-12,2.1957468e-14
815.28000,4.3756882e-12,2.2157672e-14
815.29000,4.3751357e-12,2.2360606e-14
815.30000,4.3739019e-12,2.2498744e-14
815.31000,4.3723264e-12,2.2527761e-14
815.32000,4.3708031e-12,2.2459800e-14
815.33000,4.3694754e-12,2.2368923e-14
815.34000,4.3682810e-12,2.2371208e-14
815.35000,4.3670408e-12,2.2523397e-14
815.36000,4.3646311e-12,2.2928971e-14
815.37000,4.3602750e-12,2.3473458e-14
815.38000,4.3537877e-12,2.4053885e-14
815.39000,4.3470343e-12,2.4465757e-14
815.40000,4.3424968e-12,2.4540768e-14
815.41000,4.3412055e-12,2.4231325e-14
815.42000,4.3419296e-12,2.3641681e-14
815.43000,4.3424793e-12,2.2964145e-14
815.44000,4.3414103e-12,2.2371480e-14
815.45000,4.3385631e-12,2.1947879e-14
815.46000,4.3346655e-12,2.1690615e-14
815.47000,4.3308266e-12,2.1552382e-14
815.48000,4.3281981e-12,2.1481702e-14
815.49000,4.3277025e-12,2.1442716e-14
815.50000,4.3298197e-12,2.1417497e-14
815.51000,4.3345707e-12,2.1400324e-14
815.52000,4.3417067e-12,2.1390972e-14
815.53000,4.3508346e-12,2.1390122e-14
815.54000,4.3612278e-12,2.1397172e-14
815.55000,4.3714972e-12,2.1409619e-14
815.56000,4.3796029e-12,2.1423484e-14
815.57000,4.3834288e-12,2.1434572e-14
815.58000,4.3816106e-12,2.1440002e-14
815.59000,4.3741299e-12,2.1438992e-14
815.60000,4.3624189e-12,2.1432408e-14
815.61000,4.3489536e-12,2.1421698e-14
815.62000,4.3364459e-12,2.1408340e-14
815.63000,4.3269614e-12,2.1394340e-14
815.64000,4.3214449e-12,2.1383456e-14
815.65000,4.3198776e-12,2.1382828e-14
815.66000,4.3217829e-12,2.1405403e-14
815.67000,4.3265928e-12,2.1473519e-14
815.68000,4.3335958e-12,2.1621138e-14
815.69000,4.3415218e-12,2.1887332e-14
815.70000,4.3483404e-12,2.2293368e-14
815.71000,4.3521344e-12,2.2807659e-14
815.72000,4.3527997e-12,2.3323431e-14
815.73000,4.3525355e-12,2.3682508e-14
815.74000,4.3537482e-12,2.3751224e-14
815.75000,4.3563594e-12,2.3501574e-14
815.76000,4.3577993e-12,2.3030076e-14
815.77000,4.3556812e-12,2.2496496e-14
815.78000,4.3499911e-12,2.2035715e-14
815.79000,4.3428655e-12,2.1708980e-14
815.80000,4.3369276e-12,2.1511318e-14
815.81000,4.3338338e-12,2.1405827e-14
815.82000,4.3337474e-12,2.1353022e-14
815.83000,4.3356861e-12,2.1324678e-14
815.84000,4.3383382e-12,2.1305946e-14
815.85000,4.3408327e-12,2.1291802e-14
815.86000,4.3430816e-12,2.1282155e-14
815.87000,4.3455841e-12,2.1278050e-14
815.88000,4.3488629e-12,2.1279624e-14
815.89000,4.3529226e-12,2.1285449e-14
815.90000,4.3571540e-12,2.1292884e-14
815.91000,4.3608282e-12,2.1299213e-14
815.92000,4.3638056e-12,2.1303100e-14
815.93000,4.3667961e-12,2.1305505e-14
815.94000,4.3708300e-12,2.1309053e-14
815.95000,4.3763265e-12,2.1316000e-14
815.96000,4.3825762e-12,2.1326619e-14
815.97000,4.3881127e-12,2.1339797e-14
815.98000,4.3916785e-12,2.1355483e-14
815.99000,4.3930525e-12,2.1377661e-14
816.00000,4.3932208e-12,2.1418085e-14
816.01000,4.3938589e-12,2.1501409e-14
816.02000,4.3963060e-12,2.1668455e-14
816.03000,4.4003096e-12,2.1969256e-14
816.04000,4.4033509e-12,2.2438220e-14
816.05000,4.4017720e-12,2.3055056e-14
816.06000,4.3936183e-12,2.3715675e-14
816.07000,4.3806724e-12,2.4251812e-14
816.08000,4.3672039e-12,2.4515903e-14
816.09000,4.3566860e-12,2.4483279e-14
816.10000,4.3502176e-12,2.4282294e-14
816.11000,4.3476674e-12,2.4115044e-14
816.12000,4.3489059e-12,2.4133593e-14
816.13000,4.3533411e-12,2.4367721e-14
816.14000,4.3591056e-12,2.4731881e-14
816.15000,4.3637393e-12,2.5071572e-14
816.16000,4.3658704e-12,2.5217025e-14
816.17000,4.3657227e-12,2.5046103e-14
816.18000,4.3637803e-12,2.4545575e-14
816.19000,4.3595298e-12,2.3825286e-14
816.20000,4.3519358e-12,2.3059862e-14
816.21000,4.3408770e-12,2.2399232e-14
816.22000,4.3279156e-12,2.1914988e-14
816.23000,4.3157852e-12,2.1604962e-14
816.24000,4.3070064e-12,2.1427789e-14
816.25000,4.3025821e-12,2.1334810e-14
816.26000,4.3016796e-12,2.1288729e-14
816.27000,4.3024147e-12,2.1271012e-14
816.28000,4.3031044e-12,2.1280462e-14
816.29000,4.3032397e-12,2.1325873e-14
816.30000,4.3036938e-12,2.1418231e-14
816.31000,4.3060800e-12,2.1568328e-14
816.32000,4.3116624e-12,2.1792463e-14
816.33000,4.3204325e-12,2.2122492e-14
816.34000,4.3307234e-12,2.2607386e-14
816.35000,4.3394883e-12,2.3287473e-14
816.36000,4.3434862e-12,2.4135095e-14
816.37000,4.3414869e-12,2.4997569e-14
816.38000,4.3361705e-12,2.5616313e-14
816.39000,4.3329522e-12,2.5755432e-14
816.40000,4.3354802e-12,2.5356074e-14
816.41000,4.3424676e-12,2.4578383e-14
816.42000,4.3496390e-12,2.3694218e-14
816.43000,4.3540230e-12,2.2933241e-14
816.44000,4.3555988e-12,2.2398763e-14
816.45000,4.3557697e-12,2.2076834e-14
816.46000,4.3556155e-12,2.1892247e-14
816.47000,4.3555691e-12,2.1764429e-14
816.48000,4.3557902e-12,2.1641154e-14
816.49000,4.3563766e-12,2.1506191e-14
816.50000,4.3574389e-12,2.1368193e-14
816.51000,4.3590976e-12,2.1243774e-14
816.52000,4.3612422e-12,2.1145462e-14
816.53000,4.3632525e-12,2.1077933e-14
816.54000,4.3640999e-12,2.1039754e-14
816.55000,4.3627847e-12,2.1026192e-14
816.56000,4.3586778e-12,2.1030738e-14
816.57000,4.3516099e-12,2.1045812e-14
816.58000,4.3419461e-12,2.1064022e-14
816.59000,4.3307521e-12,2.1080148e-14
816.60000,4.3197670e-12,2.1092475e-14
816.61000,4.3109185e-12,2.1102031e-14
816.62000,4.3056251e-12,2.1110034e-14
816.63000,4.3044114e-12,2.1115541e-14
816.64000,4.3069979e-12,2.1115224e-14
816.65000,4.3125197e-12,2.1105297e-14
816.66000,4.3195935e-12,2.1083865e-14
816.67000,4.3264378e-12,2.1052092e-14
816.68000,4.3313379e-12,2.1013901e-14
816.69000,4.3332880e-12,2.0974845e-14
816.70000,4.3323372e-12,2.0940920e-14
816.71000,4.3294136e-12,2.0917748e-14
816.72000,4.3258036e-12,2.0910168e-14
816.73000,4.3225874e-12,2.0922258e-14
816.74000,4.3202591e-12,2.0958464e-14
816.75000,4.3186968e-12,2.1027108e-14
816.76000,4.3175384e-12,2.1145874e-14
816.77000,4.3167349e-12,2.1343422e-14
816.78000,4.3167982e-12,2.1647021e-14
816.79000,4.3185685e-12,2.2053926e-14
816.80000,4.3229007e-12,2.2506055e-14
816.81000,4.3304251e-12,2.2900049e-14
816.82000,4.3409479e-12,2.3141244e-14
816.83000,4.3527917e-12,2.3204075e-14
816.84000,4.3633783e-12,2.3145036e-14
816.85000,4.3711630e-12,2.3055637e-14
816.86000,4.3769579e-12,2.3001747e-14
816.87000,4.3830184e-12,2.3007090e-14
816.88000,4.3905531e-12,2.3087764e-14
816.89000,4.3977575e-12,2.3285412e-14
816.90000,4.4003014e-12,2.3644140e-14
816.91000,4.3946022e-12,2.4136635e-14
816.92000,4.3814071e-12,2.4611595e-14
816.93000,4.3659114e-12,2.4839721e-14
816.94000,4.3537591e-12,2.4653167e-14
816.95000,4.3469170e-12,2.4067295e-14
816.96000,4.3433072e-12,2.3270745e-14
816.97000,4.3395074e-12,2.2496358e-14
816.98000,4.3333218e-12,2.1894210e-14
816.99000,4.3246196e-12,2.1496342e-14
817.00000,4.3148494e-12,2.1259255e-14
817.01000,4.3061149e-12,2.1122203e-14
817.02000,4.3003237e-12,2.1041588e-14
817.03000,4.2985611e-12,2.0996780e-14
817.04000,4.3007866e-12,2.0979875e-14
817.05000,4.3059220e-12,2.0983988e-14
817.06000,4.3122432e-12,2.0998831e-14
817.07000,4.3179534e-12,2.1013726e-14
817.08000,4.3218702e-12,2.1022320e-14
817.09000,4.3239979e-12,2.1023682e-14
817.10000,4.3255730e-12,2.1019574e-14
817.11000,4.3283806e-12,2.1011837e-14
817.12000,4.3336811e-12,2.1002470e-14
817.13000,4.3414046e-12,2.0994572e-14
817.14000,4.3500775e-12,2.0991116e-14
817.15000,4.3574528e-12,2.0992205e-14
817.16000,4.3614144e-12,2.0994504e-14
817.17000,4.3606898e-12,2.0994397e-14
817.18000,4.3551731e-12,2.0991812e-14
817.19000,4.3459028e-12,2.0990670e-14
817.20000,4.3347633e-12,2.0995550e-14
817.21000,4.3239587e-12,2.1007682e-14
817.22000,4.3153919e-12,2.1023312e-14
817.23000,4.3101280e-12,2.1035243e-14
817.24000,4.3080697e-12,2.1036586e-14
817.25000,4.3080107e-12,2.1024746e-14
817.26000,4.3082663e-12,2.1003153e-14
817.27000,4.3077604e-12,2.0979343e-14
817.28000,4.3069103e-12,2.0960754e-14
817.29000,4.3075486e-12,2.0951347e-14
817.30000,4.3117683e-12,2.0950848e-14
817.31000,4.3204355e-12,2.0956152e-14
817.32000,4.3324034e-12,2.0963570e-14
817.33000,4.3449321e-12,2.0970915e-14
817.34000,4.3549450e-12,2.0978758e-14
817.35000,4.3603146e-12,2.0990455e-14
817.36000,4.3606112e-12,2.1010739e-14
817.37000,4.3571756e-12,2.1042628e-14
817.38000,4.3525658e-12,2.1083451e-14
817.39000,4.3494875e-12,2.1123019e-14
817.40000,4.3491305e-12,2.1150440e-14
817.41000,4.3523811e-12,2.1145071e-14
817.42000,4.3562645e-12,2.1116160e-14
817.43000,4.3588109e-12,2.1069138e-14
817.44000,4.3584575e-12,2.1017332e-14
817.45000,4.3548197e-12,2.0971199e-14
817.46000,4.3482300e-12,2.0934695e-14
817.47000,4.3392172e-12,2.0906402e-14
817.48000,4.3285018e-12,2.0883266e-14
817.49000,4.3172570e-12,2.0863909e-14
817.50000,4.3070214e-12,2.0849663e-14
817.51000,4.2991194e-12,2.0843396e-14
817.52000,4.2940763e-12,2.0847838e-14
817.53000,4.2915447e-12,2.0865342e-14
817.54000,4.2907505e-12,2.0900075e-14
817.55000,4.2910584e-12,2.0962547e-14
817.56000,4.2922475e-12,2.1075780e-14
817.57000,4.2943128e-12,2.1281065e-14
817.58000,4.2969900e-12,2.1637866e-14
817.59000,4.2995897e-12,2.2207131e-14
817.60000,4.3015437e-12,2.3006324e-14
817.61000,4.3032222e-12,2.3945008e-14
817.62000,4.3061151e-12,2.4795380e-14
817.63000,4.3118441e-12,2.5268046e-14
817.64000,4.3203619e-12,2.5180828e-14
817.65000,4.3289051e-12,2.4588135e-14
817.66000,4.3333596e-12,2.3748467e-14
817.67000,4.3311658e-12,2.2965324e-14
817.68000,4.3227048e-12,2.2444232e-14
817.69000,4.3100680e-12,2.2248606e-14
817.70000,4.2954122e-12,2.2326082e-14
817.71000,4.2808929e-12,2.2551328e-14
817.72000,4.2693728e-12,2.2773182e-14
817.73000,4.2638930e-12,2.2873624e-14
817.74000,4.2657763e-12,2.2819024e-14
817.75000,4.2736468e-12,2.2664252e-14
817.76000,4.2848971e-12,2.2501112e-14
817.77000,4.2979025e-12,2.2394206e-14
817.78000,4.3123419e-12,2.2357923e-14
817.79000,4.3276203e-12,2.2383455e-14
817.80000,4.3416599e-12,2.2472678e-14
817.81000,4.3516488e-12,2.2632945e-14
817.82000,4.3561019e-12,2.2836668e-14
817.83000,4.3560000e-12,2.2996843e-14
817.84000,4.3534840e-12,2.3000596e-14
817.85000,4.3494801e-12,2.2783843e-14
817.86000,4.3431019e-12,2.2381959e-14
817.87000,4.3332601e-12,2.1908799e-14
817.88000,4.3201758e-12,2.1484769e-14
817.89000,4.3053169e-12,2.1177055e-14
817.90000,4.2905438e-12,2.0989590e-14
817.91000,4.2775695e-12,2.0889449e-14
817.92000,4.2677680e-12,2.0837391e-14
817.93000,4.2619283e-12,2.0804776e-14
817.94000,4.2599972e-12,2.0777225e-14
817.95000,4.2611415e-12,2.0751466e-14
817.96000,4.2641324e-12,2.0729899e-14
817.97000,4.2677395e-12,2.0715412e-14
817.98000,4.2709756e-12,2.0708405e-14
817.99000,4.2732628e-12,2.0706740e-14
818.00000,4.2745973e-12,2.0707688e-14
818.01000,4.2756558e-12,2.0710407e-14
818.02000,4.2776847e-12,2.0717728e-14
818.03000,4.2820392e-12,2.0736752e-14
818.04000,4.2894776e-12,2.0778989e-14
818.05000,4.2995735e-12,2.0861742e-14
818.06000,4.3106228e-12,2.1010856e-14
818.07000,4.3202428e-12,2.1260306e-14
818.08000,4.3265583e-12,2.1639414e-14
818.09000,4.3293356e-12,2.2141460e-14
818.10000,4.3300586e-12,2.2687081e-14
818.11000,4.3306846e-12,2.3122672e-14
818.12000,4.3321733e-12,2.3286485e-14
818.13000,4.3339544e-12,2.3109992e-14
818.14000,4.3343820e-12,2.2665906e-14
818.15000,4.3317971e-12,2.2115984e-14
818.16000,4.3258167e-12,2.1611554e-14
818.17000,4.3178959e-12,2.1231892e-14
818.18000,4.3104700e-12,2.0987357e-14
818.19000,4.3054270e-12,2.0854812e-14
818.20000,4.3032326e-12,2.0806531e-14
818.21000,4.3031903e-12,2.0818847e-14
818.22000,4.3043634e-12,2.0867973e-14
818.23000,4.3062834e-12,2.0926047e-14
818.24000,4.3087955e-12,2.0964730e-14
818.25000,4.3112834e-12,2.0964603e-14
818.26000,4.3123256e-12,2.0922646e-14
818.27000,4.3104699e-12,2.0851342e-14
818.28000,4.3055018e-12,2.0770098e-14
818.29000,4.2988516e-12,2.0695573e-14
818.30000,4.2925608e-12,2.0636743e-14
818.31000,4.2877044e-12,2.0595330e-14
818.32000,4.2837810e-12,2.0568806e-14
818.33000,4.2796463e-12,2.0553378e-14
818.34000,4.2749528e-12,2.0545566e-14
818.35000,4.2705467e-12,2.0542130e-14
818.36000,4.2675006e-12,2.0539505e-14
818.37000,4.2660047e-12,2.0534309e-14
818.38000,4.2653875e-12,2.0524925e-14
818.39000,4.2652014e-12,2.0512653e-14
818.40000,4.2661895e-12,2.0501336e-14
818.41000,4.2700884e-12,2.0495727e-14
818.42000,4.2783017e-12,2.0499407e-14
818.43000,4.2904848e-12,2.0512942e-14
818.44000,4.3041914e-12,2.0533077e-14
818.45000,4.3158655e-12,2.0553673e-14
818.46000,4.3224077e-12,2.0568163e-14
818.47000,4.3222431e-12,2.0572336e-14
818.48000,4.3154807e-12,2.0566618e-14
818.49000,4.3035750e-12,2.0558470e-14
818.50000,4.2890434e-12,2.0565808e-14
818.51000,4.2752252e-12,2.0620293e-14
818.52000,4.2655845e-12,2.0765429e-14
818.53000,4.2624509e-12,2.1042029e-14
818.54000,4.2660860e-12,2.1458176e-14
818.55000,4.2751061e-12,2.1956082e-14
818.56000,4.2877581e-12,2.2405847e-14
818.57000,4.3023247e-12,2.2652274e-14
818.58000,4.3164323e-12,2.2600124e-14
818.59000,4.3271614e-12,2.2275474e-14
818.60000,4.3326529e-12,2.1807787e-14
818.61000,4.3332400e-12,2.1347476e-14
818.62000,4.3307228e-12,2.0990062e-14
818.63000,4.3269697e-12,2.0757504e-14
818.64000,4.3233232e-12,2.0626209e-14
818.65000,4.3206736e-12,2.0562161e-14
818.66000,4.3194201e-12,2.0538913e-14
818.67000,4.3192394e-12,2.0539939e-14
818.68000,4.3191097e-12,2.0554551e-14
818.69000,4.3178467e-12,2.0574239e-14
818.70000,4.3148871e-12,2.0591490e-14
818.71000,4.3106443e-12,2.0600424e-14
818.72000,4.3059776e-12,2.0597925e-14
818.73000,4.3011511e-12,2.0584122e-14
818.74000,4.2952892e-12,2.0561952e-14
818.75000,4.2869461e-12,2.0536371e-14
818.76000,4.2752987e-12,2.0514105e-14
818.77000,4.2608779e-12,2.0504692e-14
818.78000,4.2453067e-12,2.0523401e-14
818.79000,4.2304827e-12,2.0596531e-14
818.80000,4.2180073e-12,2.0768350e-14
818.81000,4.2092495e-12,2.1103722e-14
818.82000,4.2057220e-12,2.1671058e-14
818.83000,4.2090018e-12,2.2488936e-14
818.84000,4.2198083e-12,2.3450288e-14
818.85000,4.2370880e-12,2.4296017e-14
818.86000,4.2583742e-12,2.4716915e-14
818.87000,4.2809187e-12,2.4546430e-14
818.88000,4.3020590e-12,2.3876225e-14
818.89000,4.3192935e-12,2.2981371e-14
818.90000,4.3312427e-12,2.2137109e-14
818.91000,4.3383681e-12,2.1492077e-14
818.92000,4.3420500e-12,2.1063590e-14
818.93000,4.3430035e-12,2.0801911e-14
818.94000,4.3407664e-12,2.0648826e-14
818.95000,4.3345399e-12,2.0560268e-14
818.96000,4.3243729e-12,2.0504476e-14
818.97000,4.3116373e-12,2.0458037e-14
818.98000,4.2985034e-12,2.0409553e-14
818.99000,4.2869110e-12,2.0364323e-14
819.00000,4.2778072e-12,2.0339543e-14
819.01000,4.2711008e-12,2.0349329e-14
819.02000,4.2661875e-12,2.0390150e-14
819.03000,4.2625286e-12,2.0438395e-14
819.04000,4.2598598e-12,2.0462519e-14
819.05000,4.2580029e-12,2.0441098e-14
819.06000,4.2566134e-12,2.0374286e-14
819.07000,4.2552472e-12,2.0282192e-14
819.08000,4.2537844e-12,2.0193660e-14
819.09000,4.2527632e-12,2.0133995e-14
819.10000,4.2530835e-12,2.0117487e-14
819.11000,4.2551465e-12,2.0145468e-14
819.12000,4.2583004e-12,2.0208524e-14
819.13000,4.2613777e-12,2.0291875e-14
819.14000,4.2639501e-12,2.0382356e-14
819.15000,4.2669784e-12,2.0474092e-14
819.16000,4.2720530e-12,2.0570850e-14
819.17000,4.2798665e-12,2.0686308e-14
819.18000,4.2892610e-12,2.0845202e-14
819.19000,4.2975722e-12,2.1084961e-14
819.20000,4.3019713e-12,2.1449782e-14
819.21000,4.3010739e-12,2.1964734e-14
819.22000,4.2960533e-12,2.2589457e-14
819.23000,4.2903623e-12,2.3183423e-14
819.24000,4.2877486e-12,2.3537778e-14
819.25000,4.2899517e-12,2.3488783e-14
819.26000,4.2959805e-12,2.3033634e-14
819.27000,4.3030811e-12,2.2338145e-14
819.28000,4.3081766e-12,2.1627234e-14
819.29000,4.3090675e-12,2.1062590e-14
819.30000,4.3051403e-12,2.0697756e-14
819.31000,4.2972955e-12,2.0505967e-14
819.32000,4.2872249e-12,2.0427096e-14
819.33000,4.2766096e-12,2.0399946e-14
819.34000,4.2665875e-12,2.0378067e-14
819.35000,4.2575050e-12,2.0337062e-14
819.36000,4.2490362e-12,2.0276116e-14
819.37000,4.2407600e-12,2.0211825e-14
819.38000,4.2328512e-12,2.0164605e-14
819.39000,4.2262309e-12,2.0144170e-14
819.40000,4.2219496e-12,2.0143547e-14
819.41000,4.2203681e-12,2.0145951e-14
819.42000,4.2207731e-12,2.0140188e-14
819.43000,4.2227534e-12,2.0121852e-14
819.44000,4.2253851e-12,2.0104192e-14
819.45000,4.2290034e-12,2.0095005e-14
819.46000,4.2340878e-12,2.0095966e-14
819.47000,4.2407510e-12,2.0102937e-14
819.48000,4.2485078e-12,2.0111832e-14
819.49000,4.2565797e-12,2.0121352e-14
819.50000,4.2643077e-12,2.0131543e-14
819.51000,4.2712904e-12,2.0142639e-14
819.52000,4.2773400e-12,2.0156550e-14
819.53000,4.2825343e-12,2.0178501e-14
819.54000,4.2873083e-12,2.0215651e-14
819.55000,4.2922455e-12,2.0272278e-14
819.56000,4.2975092e-12,2.0343840e-14
819.57000,4.3024253e-12,2.0414411e-14
819.58000,4.3057880e-12,2.0462186e-14
819.59000,4.3067719e-12,2.0472215e-14
819.60000,4.3056285e-12,2.0447489e-14
819.61000,4.3034693e-12,2.0409319e-14
819.62000,4.3013165e-12,2.0388244e-14
819.63000,4.2993181e-12,2.0416284e-14
819.64000,4.2968292e-12,2.0528775e-14
819.65000,4.2931294e-12,2.0770065e-14
819.66000,4.2879094e-12,2.1183533e-14
819.67000,4.2812879e-12,2.1768220e-14
819.68000,4.2741853e-12,2.2413550e-14
819.69000,4.2691146e-12,2.2870062e-14
819.70000,4.2695688e-12,2.2827933e-14
819.71000,4.2771867e-12,2.2098651e-14
819.72000,4.2895691e-12,2.0768304e-14
819.73000,4.3018226e-12,1.9172413e-14
819.74000,4.3102081e-12,1.7699701e-14
819.75000,4.3139412e-12,1.6592428e-14
819.76000,4.3143413e-12,1.5887431e-14
819.77000,4.3132585e-12,1.5492330e-14
819.78000,4.3120238e-12,1.5295317e-14
819.79000,4.3111049e-12,1.5225396e-14
819.80000,4.3104098e-12,1.5247919e-14
819.81000,4.3098236e-12,1.5330632e-14
819.82000,4.3094370e-12,1.5424959e-14
819.83000,4.3093808e-12,1.5480564e-14
819.84000,4.3095305e-12,1.5473692e-14
819.85000,4.3093429e-12,1.5416694e-14
819.86000,4.3080478e-12,1.5340124e-14
819.87000,4.3052353e-12,1.5270206e-14
819.88000,4.3014502e-12,1.5224730e-14
819.89000,4.2982577e-12,1.5221693e-14
819.90000,4.2976515e-12,1.5277330e-14
819.91000,4.3011680e-12,1.5387596e-14
819.92000,4.3091490e-12,1.5516281e-14
819.93000,4.3203157e-12,1.5613115e-14
819.94000,4.3317546e-12,1.5652103e-14
819.95000,4.3397092e-12,1.5653934e-14
819.96000,4.3412683e-12,1.5669963e-14
819.97000,4.3359160e-12,1.5741881e-14
819.98000,4.3256430e-12,1.5869365e-14
819.99000,4.3136844e-12,1.6006017e-14
820.00000,4.3029934e-12,1.6082792e-14
820.01000,4.2950714e-12,1.6044758e-14
820.02000,4.2895099e-12,1.5881922e-14
820.03000,4.2848176e-12,1.5636368e-14
820.04000,4.2800775e-12,1.5379575e-14
820.05000,4.2757742e-12,1.5172276e-14
820.06000,4.2730354e-12,1.5036578e-14
820.07000,4.2724673e-12,1.4959451e-14
820.08000,4.2738200e-12,1.4917948e-14
820.09000,4.2764210e-12,1.4901040e-14
820.10000,4.2796973e-12,1.4914889e-14
820.11000,4.2834557e-12,1.4982372e-14
820.12000,4.2879353e-12,1.5149556e-14
820.13000,4.2936810e-12,1.5489094e-14
820.14000,4.3013064e-12,1.6077971e-14
820.15000,4.3111946e-12,1.6949232e-14
820.16000,4.3231649e-12,1.8051171e-14
820.17000,4.3362779e-12,1.9250032e-14
820.18000,4.3490908e-12,2.0377790e-14
820.19000,4.3603898e-12,2.1294250e-14
820.20000,4.3698608e-12,2.1932009e-14
820.21000,4.3780472e-12,2.2308316e-14
820.22000,4.3855938e-12,2.2499479e-14
820.23000,4.3925270e-12,2.2590592e-14
820.24000,4.3982929e-12,2.2635544e-14
820.25000,4.4024457e-12,2.2655262e-14
820.26000,4.4051618e-12,2.2660415e-14
820.27000,4.4069716e-12,2.2662538e-14
820.28000,4.4080080e-12,2.2666241e-14
820.29000,4.4076428e-12,2.2666169e-14
820.30000,4.4049905e-12,2.2657937e-14
820.31000,4.3998634e-12,2.2645023e-14
820.32000,4.3932997e-12,2.2632450e-14
820.33000,4.3871716e-12,2.2621800e-14
820.34000,4.3831730e-12,2.2615997e-14
820.35000,4.3819391e-12,2.2621852e-14
820.36000,4.3828467e-12,2.2643848e-14
820.37000,4.3844970e-12,2.2680363e-14
820.38000,4.3854959e-12,2.2727475e-14
820.39000,4.3850992e-12,2.2779861e-14
820.40000,4.3834234e-12,2.2825912e-14
820.41000,4.3811153e-12,2.2849355e-14
820.42000,4.3786971e-12,2.2840317e-14
820.43000,4.3761169e-12,2.2801938e-14
820.44000,4.3728899e-12,2.2745633e-14
820.45000,4.3686167e-12,2.2684065e-14
820.46000,4.3633551e-12,2.2627961e-14
820.47000,4.3576203e-12,2.2583449e-14
820.48000,4.3521725e-12,2.2550318e-14
820.49000,4.3477737e-12,2.2525403e-14
820.50000,4.3449785e-12,2.2507368e-14
820.51000,4.3440312e-12,2.2496381e-14
820.52000,4.3449415e-12,2.2491624e-14
820.53000,4.3476632e-12,2.2492182e-14
820.54000,4.3521386e-12,2.2498446e-14
820.55000,4.3579582e-12,2.2509780e-14
820.56000,4.3645184e-12,2.2525141e-14
820.57000,4.3701966e-12,2.2539984e-14
820.58000,4.3736400e-12,2.2551749e-14
820.59000,4.3742348e-12,2.2558279e-14
820.60000,4.3726217e-12,2.2559103e-14
820.61000,4.3703635e-12,2.2556543e-14
820.62000,4.3690647e-12,2.2554320e-14
820.63000,4.3695844e-12,2.2555006e-14
820.64000,4.3718003e-12,2.2559079e-14
820.65000,4.3749066e-12,2.2564838e-14
820.66000,4.3779170e-12,2.2568728e-14
820.67000,4.3800481e-12,2.2567448e-14
820.68000,4.3808598e-12,2.2560315e-14
820.69000,4.3802288e-12,2.2548887e-14
820.70000,4.3783124e-12,2.2535174e-14
820.71000,4.3755675e-12,2.2521104e-14
820.72000,4.3727273e-12,2.2508541e-14
820.73000,4.3706092e-12,2.2498865e-14
820.74000,4.3697923e-12,2.2492881e-14
820.75000,4.3703895e-12,2.2490925e-14
820.76000,4.3720781e-12,2.2492525e-14
820.77000,4.3742987e-12,2.2496434e-14
820.78000,4.3764072e-12,2.2501185e-14
820.79000,4.3777341e-12,2.2505321e-14
820.80000,4.3777055e-12,2.2507854e-14
820.81000,4.3760915e-12,2.2509596e-14
820.82000,4.3732000e-12,2.2514205e-14
820.83000,4.3697817e-12,2.2528183e-14
820.84000,4.3666521e-12,2.2559761e-14
820.85000,4.3642664e-12,2.2615439e-14
820.86000,4.3625157e-12,2.2693955e-14
820.87000,4.3608798e-12,2.2781376e-14
820.88000,4.3587995e-12,2.2852833e-14
820.89000,4.3559203e-12,2.2883212e-14
820.90000,4.3520652e-12,2.2862116e-14
820.91000,4.3472087e-12,2.2802567e-14
820.92000,4.3416538e-12,2.2735431e-14
820.93000,4.3361766e-12,2.2692165e-14
820.94000,4.3318851e-12,2.2687223e-14
820.95000,4.3299007e-12,2.2711412e-14
820.96000,4.3310019e-12,2.2739729e-14
820.97000,4.3351900e-12,2.2747540e-14
820.98000,4.3413248e-12,2.2724050e-14
820.99000,4.3472324e-12,2.2675199e-14
821.00000,4.3504014e-12,2.2615936e-14
821.01000,4.3489190e-12,2.2559169e-14
821.02000,4.3421821e-12,2.2509895e-14
821.03000,4.3311047e-12,2.2466862e-14
821.04000,4.3176815e-12,2.2427419e-14
821.05000,4.3040730e-12,2.2390944e-14
821.06000,4.2919083e-12,2.2359921e-14
821.07000,4.2820408e-12,2.2340623e-14
821.08000,4.2747060e-12,2.2344485e-14
821.09000,4.2698415e-12,2.2388996e-14
821.10000,4.2674277e-12,2.2494761e-14
821.11000,4.2677647e-12,2.2675106e-14
821.12000,4.2715341e-12,2.2919248e-14
821.13000,4.2794359e-12,2.3179881e-14
821.14000,4.2913898e-12,2.3381744e-14
821.15000,4.3058517e-12,2.3456180e-14
821.16000,4.3200506e-12,2.3381039e-14
821.17000,4.3311649e-12,2.3192864e-14
821.18000,4.3375054e-12,2.2960529e-14
821.19000,4.3389011e-12,2.2744894e-14
821.20000,4.3362919e-12,2.2576205e-14
821.21000,4.3309862e-12,2.2456954e-14
821.22000,4.3240492e-12,2.2376216e-14
821.23000,4.3161304e-12,2.2321332e-14
821.24000,4.3077138e-12,2.2283136e-14
821.25000,4.2994102e-12,2.2256882e-14
821.26000,4.2918953e-12,2.2240966e-14
821.27000,4.2855207e-12,2.2234502e-14
821.28000,4.2800275e-12,2.2235118e-14
821.29000,4.2747333e-12,2.2238528e-14
821.30000,4.2691195e-12,2.2240401e-14
821.31000,4.2633601e-12,2.2239409e-14
821.32000,4.2583599e-12,2.2239167e-14
821.33000,4.2552422e-12,2.2246919e-14
821.34000,4.2545976e-12,2.2268610e-14
821.35000,4.2559095e-12,2.2302815e-14
821.36000,4.2574060e-12,2.2337773e-14
821.37000,4.2563536e-12,2.2354609e-14
821.38000,4.2497009e-12,2.2335755e-14
821.39000,4.2349701e-12,2.2273542e-14
821.40000,4.2112873e-12,2.2173704e-14
821.41000,4.1803544e-12,2.2052705e-14
821.42000,4.1469795e-12,2.1932274e-14
821.43000,4.1185297e-12,2.1834400e-14
821.44000,4.1004972e-12,2.1770415e-14
821.45000,4.1046367e-12,2.1767501e-14
821.46000,4.1237810e-12,2.1802856e-14
821.47000,4.1544883e-12,2.1867243e-14
821.48000,4.1878855e-12,2.1939478e-14
821.49000,4.2159262e-12,2.2001342e-14
821.50000,4.2342304e-12,2.2043270e-14
821.51000,4.2426299e-12,2.2064982e-14
821.52000,4.2438410e-12,2.2072357e-14
821.53000,4.2415800e-12,2.2073355e-14
821.54000,4.2391385e-12,2.2074893e-14
821.55000,4.2386481e-12,2.2081078e-14
821.56000,4.2408341e-12,2.2092641e-14
821.57000,4.2450903e-12,2.2107499e-14
821.58000,4.2498087e-12,2.2122004e-14
821.59000,4.2528113e-12,2.2131843e-14
821.60000,4.2516858e-12,2.2131880e-14
821.61000,4.2440559e-12,2.2115743e-14
821.62000,4.2281020e-12,2.2077085e-14
821.63000,4.2035068e-12,2.2013410e-14
821.64000,4.1724536e-12,2.1930697e-14
821.65000,4.1398982e-12,2.1845475e-14
821.66000,4.1125412e-12,2.1782521e-14
821.67000,4.0966355e-12,2.1769884e-14
821.68000,4.0955430e-12,2.1835065e-14
821.69000,4.1083675e-12,2.2004145e-14
821.70000,4.1305997e-12,2.2299399e-14
821.71000,4.1564825e-12,2.2725750e-14
821.72000,4.1816312e-12,2.3243915e-14
821.73000,4.2043325e-12,2.3750750e-14
821.74000,4.2247410e-12,2.4100600e-14
821.75000,4.2426379e-12,2.4174714e-14
821.76000,4.2560282e-12,2.3953684e-14
821.77000,4.2623905e-12,2.3530826e-14
821.78000,4.2613069e-12,2.3053416e-14
821.79000,4.2554418e-12,2.2642773e-14
821.80000,4.2490212e-12,2.2352485e-14
821.81000,4.2457347e-12,2.2178015e-14
821.82000,4.2477032e-12,2.2089306e-14
821.83000,4.2553251e-12,2.2055728e-14
821.84000,4.2674057e-12,2.2054642e-14
821.85000,4.2814653e-12,2.2070058e-14
821.86000,4.2945885e-12,2.2090958e-14
821.87000,4.3042156e-12,2.2109837e-14
821.88000,4.3087291e-12,2.2122239e-14
821.89000,4.3076837e-12,2.2126301e-14
821.90000,4.3017209e-12,2.2122090e-14
821.91000,4.2922465e-12,2.2110867e-14
821.92000,4.2809768e-12,2.2094485e-14
821.93000,4.2695057e-12,2.2075124e-14
821.94000,4.2590599e-12,2.2055371e-14
821.95000,4.2505054e-12,2.2038330e-14
821.96000,4.2444870e-12,2.2027256e-14
821.97000,4.2414760e-12,2.2024526e-14
821.98000,4.2415801e-12,2.2030396e-14
821.99000,4.2442252e-12,2.2042646e-14
822.00000,4.2480295e-12,2.2058074e-14
822.01000,4.2511402e-12,2.2075984e-14
822.02000,4.2519679e-12,2.2102694e-14
822.03000,4.2498701e-12,2.2154692e-14
822.04000,4.2453029e-12,2.2256525e-14
822.05000,4.2394007e-12,2.2429407e-14
822.06000,4.2334325e-12,2.2671215e-14
822.07000,4.2284484e-12,2.2938719e-14
822.08000,4.2249903e-12,2.3151220e-14
822.09000,4.2228524e-12,2.3226172e-14
822.10000,4.2212951e-12,2.3128604e-14
822.11000,4.2197542e-12,2.2894584e-14
822.12000,4.2183510e-12,2.2607134e-14
822.13000,4.2176458e-12,2.2346517e-14
822.14000,4.2178839e-12,2.2155186e-14
822.15000,4.2183431e-12,2.2034871e-14
822.16000,4.2172453e-12,2.1963973e-14
822.17000,4.2124094e-12,2.1916641e-14
822.18000,4.2024219e-12,2.1874380e-14
822.19000,4.1877806e-12,2.1829925e-14
822.20000,4.1711452e-12,2.1785096e-14
822.21000,4.1585196e-12,2.1752358e-14
822.22000,4.1539323e-12,2.1738671e-14
822.23000,4.1613936e-12,2.1753463e-14
822.24000,4.1807722e-12,2.1799267e-14
822.25000,4.2080914e-12,2.1873441e-14
822.26000,4.2371944e-12,2.1972379e-14
822.27000,4.2621972e-12,2.2098317e-14
822.28000,4.2791825e-12,2.2264068e-14
822.29000,4.2863883e-12,2.2488376e-14
822.30000,4.2834707e-12,2.2777614e-14
822.31000,4.2710202e-12,2.3101284e-14
822.32000,4.2509314e-12,2.3383419e-14
822.33000,4.2271414e-12,2.3531127e-14
822.34000,4.2054947e-12,2.3490790e-14
822.35000,4.1917808e-12,2.3285873e-14
822.36000,4.1888495e-12,2.2999155e-14
822.37000,4.1952584e-12,2.2717036e-14
822.38000,4.2066112e-12,2.2487280e-14
822.39000,4.2181742e-12,2.2316998e-14
822.40000,4.2267850e-12,2.2195237e-14
822.41000,4.2313275e-12,2.2112137e-14
822.42000,4.2321712e-12,2.2063524e-14
822.43000,4.2303407e-12,2.2048138e-14
822.44000,4.2269632e-12,2.2067150e-14
822.45000,4.2230853e-12,2.2126854e-14
822.46000,4.2196535e-12,2.2237758e-14
822.47000,4.2174218e-12,2.2403768e-14
822.48000,4.2167208e-12,2.2604831e-14
822.49000,4.2173026e-12,2.2789083e-14
822.50000,4.2185191e-12,2.2890596e-14
822.51000,4.2197177e-12,2.2867249e-14
822.52000,4.2205448e-12,2.2729406e-14
822.53000,4.2211302e-12,2.2534879e-14
822.54000,4.2222527e-12,2.2357259e-14
822.55000,4.2252852e-12,2.2257408e-14
822.56000,4.2316023e-12,2.2276375e-14
822.57000,4.2417952e-12,2.2451490e-14
822.58000,4.2550440e-12,2.2828566e-14
822.59000,4.2692129e-12,2.3448793e-14
822.60000,4.2820727e-12,2.4300154e-14
822.61000,4.2928972e-12,2.5254560e-14
822.62000,4.3026199e-12,2.6055093e-14
822.63000,4.3121446e-12,2.6416775e-14
822.64000,4.3209469e-12,2.6203517e-14
822.65000,4.3276652e-12,2.5530679e-14
822.66000,4.3315660e-12,2.4690983e-14
822.67000,4.3331909e-12,2.3983185e-14
822.68000,4.3341377e-12,2.3601466e-14
822.69000,4.3364239e-12,2.3639196e-14
822.70000,4.3415773e-12,2.4141145e-14
822.71000,4.3497379e-12,2.5125196e-14
822.72000,4.3590387e-12,2.6546378e-14
822.73000,4.3656365e-12,2.8229527e-14
822.74000,4.3649347e-12,2.9836925e-14
822.75000,4.3537084e-12,3.0944980e-14
822.76000,4.3317984e-12,3.1236855e-14
822.77000,4.3023332e-12,3.0688707e-14
822.78000,4.2705357e-12,2.9577222e-14
822.79000,4.2418203e-12,2.8282609e-14
822.80000,4.2200335e-12,2.7064155e-14
822.81000,4.2065234e-12,2.5992993e-14
822.82000,4.2001751e-12,2.5042497e-14
822.83000,4.1981881e-12,2.4200223e-14
822.84000,4.1974733e-12,2.3503955e-14
822.85000,4.1961975e-12,2.3013497e-14
822.86000,4.1943239e-12,2.2739677e-14
822.87000,4.1928317e-12,2.2785298e-14
822.88000,4.1919860e-12,2.3007789e-14
822.89000,4.1914326e-12,2.3336339e-14
822.90000,4.1906198e-12,2.3624902e-14
822.91000,4.1894239e-12,2.3737670e-14
822.92000,4.1878863e-12,2.3615856e-14
822.93000,4.1860044e-12,2.3308988e-14
822.94000,4.1841203e-12,2.2940045e-14
822.95000,4.1830762e-12,2.2629604e-14
822.96000,4.1834965e-12,2.2436918e-14
822.97000,4.1849258e-12,2.2353347e-14
822.98000,4.1857226e-12,2.2337774e-14
822.99000,4.1837712e-12,2.2361687e-14
823.00000,4.1777080e-12,2.2439921e-14
823.01000,4.1680812e-12,2.2636781e-14
823.02000,4.1575025e-12,2.3042788e-14
823.03000,4.1496016e-12,2.3722760e-14
823.04000,4.1479106e-12,2.4651784e-14
823.05000,4.1552664e-12,2.5678361e-14
823.06000,4.1725914e-12,2.6558609e-14
823.07000,4.1968697e-12,2.7062565e-14
823.08000,4.2210709e-12,2.7083097e-14
823.09000,4.2378296e-12,2.6663510e-14
823.10000,4.2438604e-12,2.5938971e-14
823.11000,4.2408823e-12,2.5064182e-14
823.12000,4.2330186e-12,2.4178576e-14
823.13000,4.2238799e-12,2.3394156e-14
823.14000,4.2155335e-12,2.2780749e-14
823.15000,4.2089797e-12,2.2355873e-14
823.16000,4.2046715e-12,2.2093752e-14
823.17000,4.2025418e-12,2.1948208e-14
823.18000,4.2021379e-12,2.1874188e-14
823.19000,4.2031903e-12,2.1838221e-14
823.20000,4.2061497e-12,2.1821753e-14
823.21000,4.2119969e-12,2.1817896e-14
823.22000,4.2214268e-12,2.1826459e-14
823.23000,4.2340519e-12,2.1849460e-14
823.24000,4.2482549e-12,2.1889629e-14
823.25000,4.2617787e-12,2.1953701e-14
823.26000,4.2724996e-12,2.2058810e-14
823.27000,4.2787663e-12,2.2236031e-14
823.28000,4.2793745e-12,2.2522706e-14
823.29000,4.2738092e-12,2.2937215e-14
823.30000,4.2628764e-12,2.3441347e-14
823.31000,4.2489602e-12,2.3918364e-14
823.32000,4.2354157e-12,2.4206563e-14
823.33000,4.2255569e-12,2.4190597e-14
823.34000,4.2216832e-12,2.3883345e-14
823.35000,4.2242646e-12,2.3420213e-14
823.36000,4.2318081e-12,2.2969736e-14
823.37000,4.2417571e-12,2.2640823e-14
823.38000,4.2516399e-12,2.2450877e-14
823.39000,4.2595490e-12,2.2353264e-14
823.40000,4.2640591e-12,2.2286070e-14
823.41000,4.2640624e-12,2.2208304e-14
823.42000,4.2585218e-12,2.2109116e-14
823.43000,4.2460947e-12,2.1995378e-14
823.44000,4.2250042e-12,2.1874640e-14
823.45000,4.1935790e-12,2.1747484e-14
823.46000,4.1514506e-12,2.1611189e-14
823.47000,4.1014756e-12,2.1467815e-14
823.48000,4.0483958e-12,2.1332016e-14
823.49000,4.0020653e-12,2.1224701e-14
823.50000,3.9721436e-12,2.1173506e-14
823.51000,3.9658434e-12,2.1196726e-14
823.52000,3.9843136e-12,2.1292539e-14
823.53000,4.0215904e-12,2.1434989e-14
823.54000,4.0668917e-12,2.1582488e-14
823.55000,4.1091815e-12,2.1696129e-14
823.56000,4.1413724e-12,2.1757090e-14
823.57000,4.1618752e-12,2.1771853e-14
823.58000,4.1731968e-12,2.1763239e-14
823.59000,4.1792303e-12,2.1756253e-14
823.60000,4.1831921e-12,2.1769757e-14
823.61000,4.1870019e-12,2.1817229e-14
823.62000,4.1916145e-12,2.1910396e-14
823.63000,4.1973739e-12,2.2056411e-14
823.64000,4.2039847e-12,2.2245734e-14
823.65000,4.2104871e-12,2.2440723e-14
823.66000,4.2156765e-12,2.2581366e-14
823.67000,4.2187797e-12,2.2613368e-14
823.68000,4.2199498e-12,2.2521563e-14
823.69000,4.2203694e-12,2.2341392e-14
823.70000,4.2218348e-12,2.2137500e-14
823.71000,4.2258439e-12,2.1966864e-14
823.72000,4.2327623e-12,2.1854845e-14
823.73000,4.2417626e-12,2.1796694e-14
823.74000,4.2514451e-12,2.1774293e-14
823.75000,4.2604749e-12,2.1771072e-14
823.76000,4.2678892e-12,2.1777171e-14
823.77000,4.2732462e-12,2.1787255e-14
823.78000,4.2766491e-12,2.1797199e-14
823.79000,4.2786025e-12,2.1802992e-14
823.80000,4.2797271e-12,2.1801939e-14
823.81000,4.2804356e-12,2.1794064e-14
823.82000,4.2807865e-12,2.1782143e-14
823.83000,4.2805857e-12,2.1770411e-14
823.84000,4.2795810e-12,2.1763146e-14
823.85000,4.2775561e-12,2.1764495e-14
823.86000,4.2743032e-12,2.1780007e-14
823.87000,4.2695964e-12,2.1818330e-14
823.88000,4.2632525e-12,2.1889819e-14
823.89000,4.2552959e-12,2.1999635e-14
823.90000,4.2461751e-12,2.2137574e-14
823.91000,4.2368317e-12,2.2272636e-14
823.92000,4.2284186e-12,2.2361228e-14
823.93000,4.2218006e-12,2.2368923e-14
823.94000,4.2171792e-12,2.2291200e-14
823.95000,4.2140391e-12,2.2155473e-14
823.96000,4.2114706e-12,2.2002939e-14
823.97000,4.2087733e-12,2.1866809e-14
823.98000,4.2059417e-12,2.1762595e-14
823.99000,4.2036381e-12,2.1691456e-14
824.00000,4.2027155e-12,2.1648004e-14
824.01000,4.2037069e-12,2.1625848e-14
824.02000,4.2065992e-12,2.1619634e-14
824.03000,4.2108189e-12,2.1623960e-14
824.04000,4.2160491e-12,2.1637238e-14
824.05000,4.2214706e-12,2.1651803e-14
824.06000,4.2268581e-12,2.1663289e-14
824.07000,4.2320153e-12,2.1668145e-14
824.08000,4.2366303e-12,2.1666273e-14
824.09000,4.2401508e-12,2.1661156e-14
824.10000,4.2419211e-12,2.1658143e-14
824.11000,4.2414811e-12,2.1662119e-14
824.12000,4.2387699e-12,2.1675751e-14
824.13000,4.2341098e-12,2.1698509e-14
824.14000,4.2280877e-12,2.1726298e-14
824.15000,4.2214830e-12,2.1752080e-14
824.16000,4.2152111e-12,2.1768389e-14
824.17000,4.2101477e-12,2.1771805e-14
824.18000,4.2068350e-12,2.1767535e-14
824.19000,4.2052854e-12,2.1771383e-14
824.20000,4.2050790e-12,2.1808085e-14
824.21000,4.2056432e-12,2.1907468e-14
824.22000,4.2063555e-12,2.2100470e-14
824.23000,4.2062712e-12,2.2414618e-14
824.24000,4.2037903e-12,2.2864176e-14
824.25000,4.1970362e-12,2.3428910e-14
824.26000,4.1853512e-12,2.4026443e-14
824.27000,4.1707959e-12,2.4505664e-14
824.28000,4.1576430e-12,2.4695506e-14
824.29000,4.1497338e-12,2.4501722e-14
824.30000,4.1482029e-12,2.3977646e-14
824.31000,4.1513175e-12,2.3303749e-14
824.32000,4.1562467e-12,2.2670563e-14
824.33000,4.1606564e-12,2.2189005e-14
824.34000,4.1634762e-12,2.1876875e-14
824.35000,4.1648664e-12,2.1697896e-14
824.36000,4.1656340e-12,2.1604216e-14
824.37000,4.1665882e-12,2.1558200e-14
824.38000,4.1682210e-12,2.1536838e-14
824.39000,4.1706626e-12,2.1528532e-14
824.40000,4.1737015e-12,2.1527947e-14
824.41000,4.1768412e-12,2.1531593e-14
824.42000,4.1794608e-12,2.1535752e-14
824.43000,4.1810327e-12,2.1536917e-14
824.44000,4.1812955e-12,2.1533200e-14
824.45000,4.1803673e-12,2.1524970e-14
824.46000,4.1788131e-12,2.1514335e-14
824.47000,4.1775734e-12,2.1504144e-14
824.48000,4.1776584e-12,2.1497082e-14
824.49000,4.1797179e-12,2.1494906e-14
824.50000,4.1837420e-12,2.1497896e-14
824.51000,4.1890590e-12,2.1504825e-14
824.52000,4.1946025e-12,2.1513682e-14
824.53000,4.1993303e-12,2.1522991e-14
824.54000,4.2026354e-12,2.1532973e-14
824.55000,4.2046794e-12,2.1544925e-14
824.56000,4.2057039e-12,2.1562396e-14
824.57000,4.2067509e-12,2.1583264e-14
824.58000,4.2082799e-12,2.1604294e-14
824.59000,4.2104401e-12,2.1619152e-14
824.60000,4.2130338e-12,2.1622319e-14
824.61000,4.2157587e-12,2.1612587e-14
824.62000,4.2184949e-12,2.1594125e-14
824.63000,4.2214711e-12,2.1574121e-14
824.64000,4.2251806e-12,2.1558967e-14
824.65000,4.2300403e-12,2.1551883e-14
824.66000,4.2359754e-12,2.1552909e-14
824.67000,4.2422409e-12,2.1559866e-14
824.68000,4.2476573e-12,2.1568976e-14
824.69000,4.2511024e-12,2.1575526e-14
824.70000,4.2519028e-12,2.1575422e-14
824.71000,4.2499187e-12,2.1567172e-14
824.72000,4.2454187e-12,2.1552508e-14
824.73000,4.2389370e-12,2.1534862e-14
824.74000,4.2311517e-12,2.1517051e-14
824.75000,4.2227008e-12,2.1500387e-14
824.76000,4.2139900e-12,2.1485688e-14
824.77000,4.2052216e-12,2.1474560e-14
824.78000,4.1967126e-12,2.1468986e-14
824.79000,4.1891632e-12,2.1469143e-14
824.80000,4.1834832e-12,2.1471567e-14
824.81000,4.1802733e-12,2.1470180e-14
824.82000,4.1795072e-12,2.1460765e-14
824.83000,4.1808741e-12,2.1444985e-14
824.84000,4.1842018e-12,2.1430426e-14
824.85000,4.1895064e-12,2.1426291e-14
824.86000,4.1966592e-12,2.1437933e-14
824.87000,4.2051065e-12,2.1463715e-14
824.88000,4.2138918e-12,2.1495538e-14
824.89000,4.2218271e-12,2.1522427e-14
824.90000,4.2276373e-12,2.1535412e-14
824.91000,4.2301678e-12,2.1531331e-14
824.92000,4.2287706e-12,2.1513435e-14
824.93000,4.2236740e-12,2.1488664e-14
824.94000,4.2159730e-12,2.1463784e-14
824.95000,4.2071357e-12,2.1443004e-14
824.96000,4.1983433e-12,2.1427984e-14
824.97000,4.1901175e-12,2.1419191e-14
824.98000,4.1824471e-12,2.1416997e-14
824.99000,4.1752372e-12,2.1421711e-14
825.00000,4.1687047e-12,2.1432711e-14
825.01000,4.1634436e-12,2.1447576e-14
825.02000,4.1601600e-12,2.1462175e-14
825.03000,4.1592914e-12,2.1472056e-14
825.04000,4.1605162e-12,2.1475435e-14
825.05000,4.1639994e-12,2.1469471e-14
825.06000,4.1683623e-12,2.1459821e-14
825.07000,4.1732573e-12,2.1449711e-14
825.08000,4.1783938e-12,2.1442860e-14
825.09000,4.1836189e-12,2.1441246e-14
825.10000,4.1887110e-12,2.1445067e-14
825.11000,4.1933600e-12,2.1453981e-14
825.12000,4.1973625e-12,2.1469154e-14
825.13000,4.2008145e-12,2.1495419e-14
825.14000,4.2040742e-12,2.1542810e-14
825.15000,4.2074634e-12,2.1626297e-14
825.16000,4.2109052e-12,2.1761504e-14
825.17000,4.2137739e-12,2.1954134e-14
825.18000,4.2151016e-12,2.2185156e-14
825.19000,4.2140427e-12,2.2402448e-14
825.20000,4.2103953e-12,2.2533989e-14
825.21000,4.2049138e-12,2.2524477e-14
825.22000,4.1990065e-12,2.2371094e-14
825.23000,4.1938343e-12,2.2126697e-14
825.24000,4.1896852e-12,2.1867027e-14
825.25000,4.1862254e-12,2.1650863e-14
825.26000,4.1830811e-12,2.1501486e-14
825.27000,4.1800772e-12,2.1413269e-14
825.28000,4.1772489e-12,2.1369168e-14
825.29000,4.1749598e-12,2.1353434e-14
825.30000,4.1739675e-12,2.1356205e-14
825.31000,4.1750620e-12,2.1370491e-14
825.32000,4.1783478e-12,2.1388450e-14
825.33000,4.1828263e-12,2.1401565e-14
825.34000,4.1868035e-12,2.1404326e-14
825.35000,4.1888262e-12,2.1397395e-14
825.36000,4.1883091e-12,2.1386595e-14
825.37000,4.1854071e-12,2.1378156e-14
825.38000,4.1805163e-12,2.1374070e-14
825.39000,4.1740378e-12,2.1371090e-14
825.40000,4.1665662e-12,2.1363882e-14
825.41000,4.1591523e-12,2.1349866e-14
825.42000,4.1532599e-12,2.1332250e-14
825.43000,4.1503321e-12,2.1318848e-14
825.44000,4.1511394e-12,2.1317201e-14
825.45000,4.1552221e-12,2.1329386e-14
825.46000,4.1608245e-12,2.1350489e-14
825.47000,4.1655761e-12,2.1372260e-14
825.48000,4.1676736e-12,2.1389585e-14
825.49000,4.1668081e-12,2.1405506e-14
825.50000,4.1641927e-12,2.1429135e-14
825.51000,4.1616841e-12,2.1494406e-14
825.52000,4.1607639e-12,2.1622066e-14
825.53000,4.1621756e-12,2.1862969e-14
825.54000,4.1656145e-12,2.2268194e-14
825.55000,4.1698800e-12,2.2862611e-14
825.56000,4.1730949e-12,2.3593952e-14
825.57000,4.1734402e-12,2.4299784e-14
825.58000,4.1705321e-12,2.4749185e-14
825.59000,4.1660809e-12,2.4765189e-14
825.60000,4.1623845e-12,2.4340151e-14
825.61000,4.1601438e-12,2.3639542e-14
825.62000,4.1583872e-12,2.2892970e-14
825.63000,4.1561716e-12,2.2272119e-14
825.64000,4.1535224e-12,2.1841374e-14
825.65000,4.1508994e-12,2.1582652e-14
825.66000,4.1485161e-12,2.1445608e-14
825.67000,4.1464537e-12,2.1384199e-14
825.68000,4.1451794e-12,2.1369503e-14
825.69000,4.1456890e-12,2.1385832e-14
825.70000,4.1490065e-12,2.1421116e-14
825.71000,4.1553645e-12,2.1460418e-14
825.72000,4.1636671e-12,2.1486900e-14
825.73000,4.1717001e-12,2.1488363e-14
825.74000,4.1770477e-12,2.1463289e-14
825.75000,4.1782907e-12,2.1420312e-14
825.76000,4.1756639e-12,2.1371739e-14
825.77000,4.1710695e-12,2.1328159e-14
825.78000,4.1673526e-12,2.1296220e-14
825.79000,4.1670937e-12,2.1278999e-14
825.80000,4.1714261e-12,2.1276965e-14
825.81000,4.1794650e-12,2.1288981e-14
825.82000,4.1887062e-12,2.1314406e-14
825.83000,4.1961861e-12,2.1357063e-14
825.84000,4.1997101e-12,2.1429816e-14
825.85000,4.1984798e-12,2.1555760e-14
825.86000,4.1929006e-12,2.1759761e-14
825.87000,4.1839187e-12,2.2047052e-14
825.88000,4.1726088e-12,2.2378552e-14
825.89000,4.1603451e-12,2.2666722e-14
825.90000,4.1488869e-12,2.2809504e-14
825.91000,4.1397448e-12,2.2747970e-14
825.92000,4.1334791e-12,2.2504612e-14
825.93000,4.1298977e-12,2.2169525e-14
825.94000,4.1285000e-12,2.1835965e-14
825.95000,4.1304896e-12,2.1599655e-14
825.96000,4.1352633e-12,2.1444440e-14
825.97000,4.1434398e-12,2.1361887e-14
825.98000,4.1547947e-12,2.1323297e-14
825.99000,4.1683791e-12,2.1307571e-14
826.00000,4.1826451e-12,2.1303711e-14
826.01000,4.1959166e-12,2.1306515e-14
826.02000,4.2068272e-12,2.1312124e-14
826.03000,4.2145001e-12,2.1316524e-14
826.04000,4.2185813e-12,2.1316739e-14
826.05000,4.2192623e-12,2.1312242e-14
826.06000,4.2172532e-12,2.1304557e-14
826.07000,4.2136314e-12,2.1295725e-14
826.08000,4.2095891e-12,2.1287644e-14
826.09000,4.2061713e-12,2.1282491e-14
826.10000,4.2040954e-12,2.1282384e-14
826.11000,4.2037034e-12,2.1287477e-14
826.12000,4.2050187e-12,2.1294553e-14
826.13000,4.2077958e-12,2.1298585e-14
826.14000,4.2114687e-12,2.1296684e-14
826.15000,4.2150622e-12,2.1290915e-14
826.16000,4.2172866e-12,2.1287276e-14
826.17000,4.2169978e-12,2.1291718e-14
826.18000,4.2139457e-12,2.1306185e-14
826.19000,4.2090473e-12,2.1328465e-14
826.20000,4.2040793e-12,2.1355636e-14
826.21000,4.2009110e-12,2.1390294e-14
826.22000,4.2008051e-12,2.1446333e-14
826.23000,4.2040299e-12,2.1548030e-14
826.24000,4.2097346e-12,2.1716610e-14
826.25000,4.2162305e-12,2.1947405e-14
826.26000,4.2218236e-12,2.2193728e-14
826.27000,4.2256293e-12,2.2376723e-14
826.28000,4.2275773e-12,2.2424053e-14
826.29000,4.2277817e-12,2.2313283e-14
826.30000,4.2261295e-12,2.2085242e-14
826.31000,4.2224051e-12,2.1816263e-14
826.32000,4.2166271e-12,2.1574530e-14
826.33000,4.2092838e-12,2.1394705e-14
826.34000,4.2013096e-12,2.1280720e-14
826.35000,4.1937462e-12,2.1221638e-14
826.36000,4.1873071e-12,2.1203675e-14
826.37000,4.1820281e-12,2.1211626e-14
826.38000,4.1779988e-12,2.1238285e-14
826.39000,4.1741728e-12,2.1264535e-14
826.40000,4.1697495e-12,2.1278879e-14
826.41000,4.1638314e-12,2.1271958e-14
826.42000,4.1560096e-12,2.1241473e-14
826.43000,4.1467515e-12,2.1193479e-14
826.44000,4.1373297e-12,2.1140271e-14
826.45000,4.1292205e-12,2.1095118e-14
826.46000,4.1233851e-12,2.1066266e-14
826.47000,4.1199939e-12,2.1053804e-14
826.48000,4.1187709e-12,2.1051559e-14
826.49000,4.1195949e-12,2.1052627e-14
826.50000,4.1228373e-12,2.1054304e-14
826.51000,4.1292036e-12,2.1058810e-14
826.52000,4.1392139e-12,2.1069879e-14
826.53000,4.1526213e-12,2.1088625e-14
826.54000,4.1680787e-12,2.1112092e-14
826.55000,4.1833174e-12,2.1135020e-14
826.56000,4.1959150e-12,2.1152729e-14
826.57000,4.2043425e-12,2.1163052e-14
826.58000,4.2086024e-12,2.1166808e-14
826.59000,4.2101091e-12,2.1167293e-14
826.60000,4.2104656e-12,2.1168084e-14
826.61000,4.2104603e-12,2.1170708e-14
826.62000,4.2097900e-12,2.1173532e-14
826.63000,4.2075768e-12,2.1172990e-14
826.64000,4.2031861e-12,2.1166186e-14
826.65000,4.1968146e-12,2.1152807e-14
826.66000,4.1896071e-12,2.1135271e-14
826.67000,4.1833225e-12,2.1117570e-14
826.68000,4.1797298e-12,2.1103857e-14
826.69000,4.1799847e-12,2.1097418e-14
826.70000,4.1841934e-12,2.1099933e-14
826.71000,4.1912841e-12,2.1110797e-14
826.72000,4.1992501e-12,2.1126795e-14
826.73000,4.2057388e-12,2.1142798e-14
826.74000,4.2088160e-12,2.1153600e-14
826.75000,4.2076192e-12,2.1156116e-14
826.76000,4.2026448e-12,2.1150713e-14
826.77000,4.1955705e-12,2.1140969e-14
826.78000,4.1884569e-12,2.1132461e-14
826.79000,4.1830201e-12,2.1130077e-14
826.80000,4.1800988e-12,2.1138270e-14
826.81000,4.1794286e-12,2.1159232e-14
826.82000,4.1801005e-12,2.1191824e-14
826.83000,4.1810617e-12,2.1229876e-14
826.84000,4.1813490e-12,2.1261973e-14
826.85000,4.1801112e-12,2.1274970e-14
826.86000,4.1767103e-12,2.1260449e-14
826.87000,4.1709997e-12,2.1219834e-14
826.88000,4.1635362e-12,2.1163917e-14
826.89000,4.1554301e-12,2.1106946e-14
826.90000,4.1478737e-12,2.1059782e-14
826.91000,4.1417010e-12,2.1026706e-14
826.92000,4.1372312e-12,2.1006558e-14
826.93000,4.1343573e-12,2.0995702e-14
826.94000,4.1327332e-12,2.0990449e-14
826.95000,4.1319733e-12,2.0988264e-14
826.96000,4.1318317e-12,2.0988016e-14
826.97000,4.1323141e-12,2.0989583e-14
826.98000,4.1336674e-12,2.0993099e-14
826.99000,4.1361736e-12,2.0998210e-14
827.00000,4.1399337e-12,2.1004021e-14
827.01000,4.1447045e-12,2.1009521e-14
827.02000,4.1499508e-12,2.1014321e-14
827.03000,4.1551187e-12,2.1019392e-14
827.04000,4.1599805e-12,2.1027587e-14
827.05000,4.1647893e-12,2.1043970e-14
827.06000,4.1700388e-12,2.1076434e-14
827.07000,4.1758919e-12,2.1137285e-14
827.08000,4.1816693e-12,2.1245153e-14
827.09000,4.1858231e-12,2.1422883e-14
827.10000,4.1864662e-12,2.1684661e-14
827.11000,4.1822517e-12,2.2012699e-14
827.12000,4.1733248e-12,2.2340447e-14
827.13000,4.1617293e-12,2.2566905e-14
827.14000,4.1505230e-12,2.2606021e-14
827.15000,4.1419958e-12,2.2439177e-14
827.16000,4.1363186e-12,2.2134826e-14
827.17000,4.1337971e-12,2.1778811e-14
827.18000,4.1328333e-12,2.1476136e-14
827.19000,4.1336478e-12,2.1270899e-14
827.20000,4.1366450e-12,2.1164457e-14
827.21000,4.1423124e-12,2.1133208e-14
827.22000,4.1507855e-12,2.1147383e-14
827.23000,4.1615270e-12,2.1179540e-14
827.24000,4.1733236e-12,2.1207806e-14
827.25000,4.1846420e-12,2.1219266e-14
827.26000,4.1941348e-12,2.1212667e-14
827.27000,4.2009747e-12,2.1197274e-14
827.28000,4.2048640e-12,2.1188649e-14
827.29000,4.2058603e-12,2.1206307e-14
827.30000,4.2042595e-12,2.1276764e-14
827.31000,4.2005414e-12,2.1439374e-14
827.32000,4.1950831e-12,2.1744900e-14
827.33000,4.1876613e-12,2.2233677e-14
827.34000,4.1775833e-12,2.2890295e-14
827.35000,4.1649289e-12,2.3598592e-14
827.36000,4.1516160e-12,2.4143560e-14
827.37000,4.1405602e-12,2.4311534e-14
827.38000,4.1335391e-12,2.4026307e-14
827.39000,4.1304475e-12,2.3399904e-14
827.40000,4.1303219e-12,2.2656963e-14
827.41000,4.1325986e-12,2.2000342e-14
827.42000,4.1374218e-12,2.1529585e-14
827.43000,4.1451231e-12,2.1246803e-14
827.44000,4.1554036e-12,2.1105714e-14
827.45000,4.1668046e-12,2.1053166e-14
827.46000,4.1769316e-12,2.1046612e-14
827.47000,4.1833159e-12,2.1055662e-14
827.48000,4.1843277e-12,2.1060181e-14
827.49000,4.1796619e-12,2.1050823e-14
827.50000,4.1703159e-12,2.1030239e-14
827.51000,4.1582812e-12,2.1011693e-14
827.52000,4.1461323e-12,2.1016058e-14
827.53000,4.1364459e-12,2.1070441e-14
827.54000,4.1303435e-12,2.1192895e-14
827.55000,4.1296264e-12,2.1454555e-14
827.56000,4.1312060e-12,2.1819181e-14
827.57000,4.1337006e-12,2.2261854e-14
827.58000,4.1361036e-12,2.2684198e-14
827.59000,4.1388644e-12,2.2955563e-14
827.60000,4.1430623e-12,2.2975752e-14
827.61000,4.1492400e-12,2.2735899e-14
827.62000,4.1569672e-12,2.2326823e-14
827.63000,4.1651475e-12,2.1883917e-14
827.64000,4.1725390e-12,2.1513462e-14
827.65000,4.1782051e-12,2.1254981e-14
827.66000,4.1817534e-12,2.1092957e-14
827.67000,4.1833080e-12,2.0991735e-14
827.68000,4.1833981e-12,2.0923537e-14
827.69000,4.1828601e-12,2.0877621e-14
827.70000,4.1825859e-12,2.0854900e-14
827.71000,4.1831089e-12,2.0857794e-14
827.72000,4.1843544e-12,2.0882497e-14
827.73000,4.1858012e-12,2.0916588e-14
827.74000,4.1869336e-12,2.0942971e-14
827.75000,4.1875861e-12,2.0949461e-14
827.76000,4.1878249e-12,2.0935519e-14
827.77000,4.1875389e-12,2.0910956e-14
827.78000,4.1861922e-12,2.0887150e-14
827.79000,4.1831048e-12,2.0869050e-14
827.80000,4.1781103e-12,2.0855954e-14
827.81000,4.1719778e-12,2.0850719e-14
827.82000,4.1661000e-12,2.0869596e-14
827.83000,4.1616110e-12,2.0944895e-14
827.84000,4.1586758e-12,2.1117740e-14
827.85000,4.1565715e-12,2.1420988e-14
827.86000,4.1544002e-12,2.1852951e-14
827.87000,4.1516405e-12,2.2350088e-14
827.88000,4.1481115e-12,2.2783396e-14
827.89000,4.1438772e-12,2.3004460e-14
827.90000,4.1393954e-12,2.2964550e-14
827.91000,4.1358550e-12,2.2588007e-14
827.92000,4.1336513e-12,2.2098499e-14
827.93000,4.1329640e-12,2.1606125e-14
827.94000,4.1335125e-12,2.1208607e-14
827.95000,4.1352248e-12,2.0936305e-14
827.96000,4.1382764e-12,2.0773452e-14
827.97000,4.1427456e-12,2.0688253e-14
827.98000,4.1483905e-12,2.0651705e-14
827.99000,4.1547139e-12,2.0643534e-14
828.00000,4.1611705e-12,2.0651489e-14
828.01000,4.1673603e-12,2.0669239e-14
828.02000,4.1731313e-12,2.0695039e-14
828.03000,4.1785431e-12,2.0731154e-14
828.04000,4.1837121e-12,2.0783582e-14
828.05000,4.1886436e-12,2.0862154e-14
828.06000,4.1930992e-12,2.0981671e-14
828.07000,4.1964699e-12,2.1164319e-14
828.08000,4.1977232e-12,2.1441579e-14
828.09000,4.1956038e-12,2.1850720e-14
828.10000,4.1892692e-12,2.2405250e-14
828.11000,4.1786628e-12,2.3052765e-14
828.12000,4.1648878e-12,2.3646323e-14
828.13000,4.1504582e-12,2.3983666e-14
828.14000,4.1383912e-12,2.3918184e-14
828.15000,4.1303111e-12,2.3459031e-14
828.16000,4.1257776e-12,2.2768895e-14
828.17000,4.1235787e-12,2.2061995e-14
828.18000,4.1229029e-12,2.1493172e-14
828.19000,4.1231034e-12,2.1115455e-14
828.20000,4.1232525e-12,2.0905995e-14
828.21000,4.1225283e-12,2.0812405e-14
828.22000,4.1207932e-12,2.0782749e-14
828.23000,4.1185411e-12,2.0775624e-14
828.24000,4.1163658e-12,2.0762920e-14
828.25000,4.1145199e-12,2.0732270e-14
828.26000,4.1128591e-12,2.0687378e-14
828.27000,4.1110111e-12,2.0639855e-14
828.28000,4.1089349e-12,2.0604110e-14
828.29000,4.1069616e-12,2.0588178e-14
828.30000,4.1058980e-12,2.0590953e-14
828.31000,4.1066740e-12,2.0603841e-14
828.32000,4.1099488e-12,2.0616056e-14
828.33000,4.1158723e-12,2.0621168e-14
828.34000,4.1240634e-12,2.0620808e-14
828.35000,4.1337313e-12,2.0622308e-14
828.36000,4.1438663e-12,2.0631730e-14
828.37000,4.1534752e-12,2.0648035e-14
828.38000,4.1618144e-12,2.0663465e-14
828.39000,4.1685049e-12,2.0669828e-14
828.40000,4.1734488e-12,2.0665143e-14
828.41000,4.1766387e-12,2.0654773e-14
828.42000,4.1780746e-12,2.0646288e-14
828.43000,4.1778865e-12,2.0643187e-14
828.44000,4.1765141e-12,2.0643271e-14
828.45000,4.1747434e-12,2.0642358e-14
828.46000,4.1733660e-12,2.0638855e-14
828.47000,4.1728583e-12,2.0634048e-14
828.48000,4.1732098e-12,2.0629468e-14
828.49000,4.1739916e-12,2.0625055e-14
828.50000,4.1745814e-12,2.0619881e-14
828.51000,4.1744016e-12,2.0613611e-14
828.52000,4.1731025e-12,2.0606585e-14
828.53000,4.1706903e-12,2.0599109e-14
828.54000,4.1675603e-12,2.0591627e-14
828.55000,4.1643227e-12,2.0585447e-14
828.56000,4.1614037e-12,2.0582176e-14
828.57000,4.1586677e-12,2.0581893e-14
828.58000,4.1554326e-12,2.0582409e-14
828.59000,4.1509873e-12,2.0580994e-14
828.60000,4.1453393e-12,2.0577139e-14
828.61000,4.1389242e-12,2.0573235e-14
828.62000,4.1330913e-12,2.0574210e-14
828.63000,4.1287743e-12,2.0586194e-14
828.64000,4.1265624e-12,2.0616720e-14
828.65000,4.1268455e-12,2.0678591e-14
828.66000,4.1301704e-12,2.0797418e-14
828.67000,4.1371909e-12,2.1018128e-14
828.68000,4.1479508e-12,2.1399547e-14
828.69000,4.1610210e-12,2.1985756e-14
828.70000,4.1736088e-12,2.2755378e-14
828.71000,4.1829772e-12,2.3576375e-14
828.72000,4.1878963e-12,2.4217972e-14
828.73000,4.1887262e-12,2.4451447e-14
828.74000,4.1863697e-12,2.4188484e-14
828.75000,4.1813511e-12,2.3539895e-14
828.76000,4.1735479e-12,2.2736381e-14
828.77000,4.1622902e-12,2.1987809e-14
828.78000,4.1467348e-12,2.1402832e-14
828.79000,4.1268452e-12,2.0990257e-14
828.80000,4.1037946e-12,2.0719516e-14
828.81000,4.0801266e-12,2.0558867e-14
828.82000,4.0594320e-12,2.0492435e-14
828.83000,4.0454058e-12,2.0522356e-14
828.84000,4.0403753e-12,2.0660011e-14
828.85000,4.0441993e-12,2.0907409e-14
828.86000,4.0543991e-12,2.1234095e-14
828.87000,4.0673285e-12,2.1564698e-14
828.88000,4.0795649e-12,2.1796604e-14
828.89000,4.0889517e-12,2.1848864e-14
828.90000,4.0949764e-12,2.1709556e-14
828.91000,4.0983853e-12,2.1440800e-14
828.92000,4.1004316e-12,2.1137616e-14
828.93000,4.1022450e-12,2.0877025e-14
828.94000,4.1043463e-12,2.0682755e-14
828.95000,4.1065563e-12,2.0578786e-14
828.96000,4.1080773e-12,2.0516040e-14
828.97000,4.1084050e-12,2.0480528e-14
828.98000,4.1080613e-12,2.0458807e-14
828.99000,4.1085425e-12,2.0447287e-14
829.00000,4.1113520e-12,2.0446787e-14
829.01000,4.1169440e-12,2.0456617e-14
829.02000,4.1244776e-12,2.0472299e-14
829.03000,4.1325362e-12,2.0487567e-14
829.04000,4.1401185e-12,2.0497991e-14
829.05000,4.1470260e-12,2.0502771e-14
829.06000,4.1534061e-12,2.0503472e-14
829.07000,4.1590445e-12,2.0501335e-14
829.08000,4.1632108e-12,2.0495782e-14
829.09000,4.1652148e-12,2.0485128e-14
829.10000,4.1650365e-12,2.0468391e-14
829.11000,4.1633242e-12,2.0446415e-14
829.12000,4.1608050e-12,2.0421770e-14
829.13000,4.1575968e-12,2.0397298e-14
829.14000,4.1532048e-12,2.0375243e-14
829.15000,4.1469297e-12,2.0356829e-14
829.16000,4.1383322e-12,2.0342227e-14
829.17000,4.1275677e-12,2.0330771e-14
829.18000,4.1155970e-12,2.0321432e-14
829.19000,4.1041459e-12,2.0313355e-14
829.20000,4.0952231e-12,2.0306199e-14
829.21000,4.0903627e-12,2.0300400e-14
829.22000,4.0901380e-12,2.0297567e-14
829.23000,4.0942805e-12,2.0300657e-14
829.24000,4.1020902e-12,2.0313230e-14
829.25000,4.1125733e-12,2.0338028e-14
829.26000,4.1242893e-12,2.0374577e-14
829.27000,4.1348607e-12,2.0431081e-14
829.28000,4.1425278e-12,2.0510369e-14
829.29000,4.1458566e-12,2.0635978e-14
829.30000,4.1451976e-12,2.0844161e-14
829.31000,4.1422997e-12,2.1174391e-14
829.32000,4.1392287e-12,2.1641080e-14
829.33000,4.1373807e-12,2.2201037e-14
829.34000,4.1372239e-12,2.2744937e-14
829.35000,4.1384032e-12,2.3133815e-14
829.36000,4.1398342e-12,2.3265551e-14
829.37000,4.1401731e-12,2.3123365e-14
829.38000,4.1387119e-12,2.2770650e-14
829.39000,4.1358420e-12,2.2306558e-14
829.40000,4.1326251e-12,2.1825465e-14
829.41000,4.1300696e-12,2.1400679e-14
829.42000,4.1287700e-12,2.1080352e-14
829.43000,4.1289089e-12,2.0884054e-14
829.44000,4.1301650e-12,2.0794363e-14
829.45000,4.1317442e-12,2.0769849e-14
829.46000,4.1326739e-12,2.0762970e-14
829.47000,4.1323770e-12,2.0739996e-14
829.48000,4.1310331e-12,2.0691569e-14
829.49000,4.1294228e-12,2.0628607e-14
829.50000,4.1283545e-12,2.0568613e-14
829.51000,4.1279897e-12,2.0522438e-14
829.52000,4.1275271e-12,2.0488993e-14
829.53000,4.1256055e-12,2.0459042e-14
829.54000,4.1212314e-12,2.0423537e-14
829.55000,4.1145211e-12,2.0380060e-14
829.56000,4.1066945e-12,2.0333444e-14
829.57000,4.0993854e-12,2.0291486e-14
829.58000,4.0935076e-12,2.0258192e-14
829.59000,4.0900637e-12,2.0238633e-14
829.60000,4.0876135e-12,2.0225411e-14
829.61000,4.0852511e-12,2.0215421e-14
829.62000,4.0820073e-12,2.0205402e-14
829.63000,4.0777295e-12,2.0194625e-14
829.64000,4.0733936e-12,2.0184718e-14
829.65000,4.0708870e-12,2.0178704e-14
829.66000,4.0721525e-12,2.0179557e-14
829.67000,4.0780216e-12,2.0188532e-14
829.68000,4.0875210e-12,2.0204039e-14
829.69000,4.0982690e-12,2.0222016e-14
829.70000,4.1077402e-12,2.0237742e-14
829.71000,4.1144614e-12,2.0247769e-14
829.72000,4.1183788e-12,2.0250719e-14
829.73000,4.1204209e-12,2.0246946e-14
829.74000,4.1218150e-12,2.0237969e-14
829.75000,4.1236176e-12,2.0226459e-14
829.76000,4.1264925e-12,2.0216210e-14
829.77000,4.1307493e-12,2.0211615e-14
829.78000,4.1363938e-12,2.0216310e-14
829.79000,4.1430721e-12,2.0231105e-14
829.80000,4.1499504e-12,2.0252457e-14
829.81000,4.1557641e-12,2.0273086e-14
829.82000,4.1592200e-12,2.0285144e-14
829.83000,4.1595866e-12,2.0284232e-14
829.84000,4.1570525e-12,2.0271517e-14
829.85000,4.1525871e-12,2.0252564e-14
829.86000,4.1474409e-12,2.0234238e-14
829.87000,4.1426534e-12,2.0222373e-14
829.88000,4.1388363e-12,2.0221879e-14
829.89000,4.1360718e-12,2.0235682e-14
829.90000,4.1348723e-12,2.0284221e-14
829.91000,4.1346359e-12,2.0373832e-14
829.92000,4.1351381e-12,2.0531939e-14
829.93000,4.1354863e-12,2.0781720e-14
829.94000,4.1341299e-12,2.1126249e-14
829.95000,4.1293465e-12,2.1523221e-14
829.96000,4.1206040e-12,2.1876753e-14
829.97000,4.1096857e-12,2.2068631e-14
829.98000,4.0999963e-12,2.2021185e-14
829.99000,4.0943771e-12,2.1747701e-14
830.00000,4.0934854e-12,2.1346558e-14
830.01000,4.0958374e-12,2.0941828e-14
830.02000,4.0988960e-12,2.0619304e-14
830.03000,4.1003575e-12,2.0402983e-14
830.04000,4.0991513e-12,2.0273540e-14
830.05000,4.0956520e-12,2.0199581e-14
830.06000,4.0911144e-12,2.0155288e-14
830.07000,4.0867266e-12,2.0126404e-14
830.08000,4.0832719e-12,2.0106478e-14
830.09000,4.0811951e-12,2.0093146e-14
830.10000,4.0807000e-12,2.0085836e-14
830.11000,4.0817703e-12,2.0084465e-14
830.12000,4.0842525e-12,2.0088803e-14
830.13000,4.0880489e-12,2.0098197e-14
830.14000,4.0932297e-12,2.0111541e-14
830.15000,4.0998703e-12,2.0127442e-14
830.16000,4.1077027e-12,2.0144214e-14
830.17000,4.1158978e-12,2.0159594e-14
830.18000,4.1232114e-12,2.0170946e-14
830.19000,4.1288013e-12,2.0177121e-14
830.20000,4.1310370e-12,2.0174877e-14
830.21000,4.1311713e-12,2.0167173e-14
830.22000,4.1298072e-12,2.0154580e-14
830.23000,4.1281818e-12,2.0140164e-14
830.24000,4.1271329e-12,2.0128015e-14
830.25000,4.1265866e-12,2.0119867e-14
830.26000,4.1254781e-12,2.0112091e-14
830.27000,4.1222275e-12,2.0098817e-14
830.28000,4.1156452e-12,2.0081206e-14
830.29000,4.1058039e-12,2.0074456e-14
830.30000,4.0942289e-12,2.0104322e-14
830.31000,4.0831481e-12,2.0194554e-14
830.32000,4.0743585e-12,2.0354103e-14
830.33000,4.0686257e-12,2.0570118e-14
830.34000,4.0659207e-12,2.0806692e-14
830.35000,4.0659967e-12,2.1010373e-14
830.36000,4.0685890e-12,2.1133812e-14
830.37000,4.0733983e-12,2.1170910e-14
830.38000,4.0798763e-12,2.1175428e-14
830.39000,4.0872616e-12,2.1245349e-14
830.40000,4.0950192e-12,2.1473749e-14
830.41000,4.1030583e-12,2.1887771e-14
830.42000,4.1112532e-12,2.2405064e-14
830.43000,4.1189323e-12,2.2844026e-14
830.44000,4.1251462e-12,2.3007569e-14
830.45000,4.1292172e-12,2.2798816e-14
830.46000,4.1306976e-12,2.2278807e-14
830.47000,4.1291812e-12,2.1618776e-14
830.48000,4.1247179e-12,2.0995118e-14
830.49000,4.1183603e-12,2.0489928e-14
830.50000,4.1115227e-12,2.0188494e-14
830.51000,4.1058113e-12,2.0000058e-14
830.52000,4.1021286e-12,1.9904376e-14
830.53000,4.1007729e-12,1.9868843e-14
830.54000,4.1016539e-12,1.9874703e-14
830.55000,4.1044150e-12,1.9912176e-14
830.56000,4.1083239e-12,1.9973929e-14
830.57000,4.1121653e-12,2.0050344e-14
830.58000,4.1144573e-12,2.0127546e-14
830.59000,4.1139729e-12,2.0188182e-14
830.60000,4.1101960e-12,2.0214900e-14
830.61000,4.1034161e-12,2.0196112e-14
830.62000,4.0944884e-12,2.0132092e-14
830.63000,4.0844800e-12,2.0037826e-14
830.64000,4.0744072e-12,1.9939897e-14
830.65000,4.0651599e-12,1.9867859e-14
830.66000,4.0574566e-12,1.9840828e-14
830.67000,4.0517717e-12,1.9859498e-14
830.68000,4.0480729e-12,1.9904816e-14
830.69000,4.0456670e-12,1.9946751e-14
830.70000,4.0435158e-12,1.9960534e-14
830.71000,4.0409925e-12,1.9940720e-14
830.72000,4.0385188e-12,1.9902584e-14
830.73000,4.0374622e-12,1.9869464e-14
830.74000,4.0392516e-12,1.9856574e-14
830.75000,4.0443458e-12,1.9864200e-14
830.76000,4.0518176e-12,1.9883397e-14
830.77000,4.0597959e-12,1.9905559e-14
830.78000,4.0666980e-12,1.9926581e-14
830.79000,4.0702615e-12,1.9941112e-14
830.80000,4.0712063e-12,1.9946493e-14
830.81000,4.0696622e-12,1.9938216e-14
830.82000,4.0666611e-12,1.9917273e-14
830.83000,4.0634149e-12,1.9889780e-14
830.84000,4.0610696e-12,1.9862812e-14
830.85000,4.0605693e-12,1.9839378e-14
830.86000,4.0625140e-12,1.9814149e-14
830.87000,4.0669356e-12,1.9768155e-14
830.88000,4.0731794e-12,1.9663035e-14
830.89000,4.0802153e-12,1.9441747e-14
830.90000,4.0873423e-12,1.9045043e-14
830.91000,4.0946789e-12,1.8445096e-14
830.92000,4.1028253e-12,1.7680248e-14
830.93000,4.1118760e-12,1.6862410e-14
830.94000,4.1206885e-12,1.6139018e-14
830.95000,4.1273412e-12,1.5616092e-14
830.96000,4.1302902e-12,1.5313498e-14
830.97000,4.1292136e-12,1.5170229e-14
830.98000,4.1249950e-12,1.5091167e-14
830.99000,4.1190584e-12,1.5000999e-14
831.00000,4.1126722e-12,1.4874881e-14
831.01000,4.1065803e-12,1.4736491e-14
831.02000,4.1009434e-12,1.4632848e-14
831.03000,4.0955228e-12,1.4603074e-14
831.04000,4.0900799e-12,1.4656463e-14
831.05000,4.0847773e-12,1.4768600e-14
831.06000,4.0802274e-12,1.4896059e-14
831.07000,4.0768755e-12,1.5006699e-14
831.08000,4.0756848e-12,1.5078397e-14
831.09000,4.0757469e-12,1.5144213e-14
831.10000,4.0765702e-12,1.5232784e-14
831.11000,4.0771715e-12,1.5357849e-14
831.12000,4.0766469e-12,1.5492825e-14
831.13000,4.0745822e-12,1.5579177e-14
831.14000,4.0712350e-12,1.5560449e-14
831.15000,4.0673112e-12,1.5418316e-14
831.16000,4.0635663e-12,1.5186958e-14
831.17000,4.0605047e-12,1.4939942e-14
831.18000,4.0582149e-12,1.4761713e-14
831.19000,4.0563936e-12,1.4721379e-14
831.20000,4.0546749e-12,1.4860867e-14
831.21000,4.0530527e-12,1.5199369e-14
831.22000,4.0519983e-12,1.5744852e-14
831.23000,4.0521399e-12,1.6490340e-14
831.24000,4.0539190e-12,1.7416046e-14
831.25000,4.0573969e-12,1.8475814e-14
831.26000,4.0622409e-12,1.9591693e-14
831.27000,4.0678872e-12,2.0656446e-14
831.28000,4.0738456e-12,2.1547577e-14
831.29000,4.0799768e-12,2.2160401e-14
831.30000,4.0864797e-12,2.2455996e-14
831.31000,4.0935510e-12,2.2493970e-14
831.32000,4.1010248e-12,2.2412649e-14
831.33000,4.1083119e-12,2.2353520e-14
831.34000,4.1146352e-12,2.2378246e-14
831.35000,4.1196106e-12,2.2449256e-14
831.36000,4.1223211e-12,2.2457724e-14
831.37000,4.1236644e-12,2.2372014e-14
831.38000,4.1238023e-12,2.2219042e-14
831.39000,4.1229203e-12,2.2098193e-14
831.40000,4.1207574e-12,2.2084621e-14
831.41000,4.1167888e-12,2.2161711e-14
831.42000,4.1107350e-12,2.2236418e-14
831.43000,4.1030376e-12,2.2224667e-14
831.44000,4.0948950e-12,2.2128112e-14
831.45000,4.0877533e-12,2.2030493e-14
831.46000,4.0826278e-12,2.2017568e-14
831.47000,4.0797999e-12,2.2098157e-14
831.48000,4.0790578e-12,2.2203332e-14
831.49000,4.0801404e-12,2.2264031e-14
831.50000,4.0829289e-12,2.2291711e-14
831.51000,4.0873646e-12,2.2371255e-14
831.52000,4.0933389e-12,2.2569172e-14
831.53000,4.1006339e-12,2.2854948e-14
831.54000,4.1090631e-12,2.3110685e-14
831.55000,4.1185557e-12,2.3222412e-14
831.56000,4.1288966e-12,2.3165397e-14
831.57000,4.1393812e-12,2.3004796e-14
831.58000,4.1489096e-12,2.2822724e-14
831.59000,4.1564755e-12,2.2654681e-14
831.60000,4.1615854e-12,2.2494876e-14
831.61000,4.1644172e-12,2.2344866e-14
831.62000,4.1658229e-12,2.2226072e-14
831.63000,4.1666712e-12,2.2193246e-14
831.64000,4.1679920e-12,2.2208830e-14
831.65000,4.1701234e-12,2.2237155e-14
831.66000,4.1728592e-12,2.2244687e-14
831.67000,4.1756690e-12,2.2249730e-14
831.68000,4.1780223e-12,2.2306717e-14
831.69000,4.1795923e-12,2.2456993e-14
831.70000,4.1803526e-12,2.2705180e-14
831.71000,4.1806276e-12,2.3038198e-14
831.72000,4.1809674e-12,2.3439811e-14
831.73000,4.1817394e-12,2.3861350e-14
831.74000,4.1826826e-12,2.4188498e-14
831.75000,4.1827642e-12,2.4280022e-14
831.76000,4.1804756e-12,2.4072535e-14
831.77000,4.1746159e-12,2.3646667e-14
831.78000,4.1654356e-12,2.3173993e-14
831.79000,4.1544864e-12,2.2781610e-14
831.80000,4.1436115e-12,2.2503216e-14
831.81000,4.1339391e-12,2.2316492e-14
831.82000,4.1258000e-12,2.2199068e-14
831.83000,4.1191456e-12,2.2139435e-14
831.84000,4.1137605e-12,2.2117538e-14
831.85000,4.1093346e-12,2.2103852e-14
831.86000,4.1057022e-12,2.2082674e-14
831.87000,4.1030607e-12,2.2062252e-14
831.88000,4.1017876e-12,2.2055042e-14
831.89000,4.1018065e-12,2.2057749e-14
831.90000,4.1029780e-12,2.2056558e-14
831.91000,4.1041460e-12,2.2049536e-14
831.92000,4.1048156e-12,2.2044388e-14
831.93000,4.1049519e-12,2.2046835e-14
831.94000,4.1049564e-12,2.2051243e-14
831.95000,4.1052540e-12,2.2052724e-14
831.96000,4.1059727e-12,2.2058533e-14
831.97000,4.1068648e-12,2.2080332e-14
831.98000,4.1074562e-12,2.2123699e-14
831.99000,4.1073993e-12,2.2198121e-14
832.00000,4.1068699e-12,2.2336414e-14
832.01000,4.1066595e-12,2.2593534e-14
832.02000,4.1077810e-12,2.3020678e-14
832.03000,4.1108496e-12,2.3637474e-14
832.04000,4.1155276e-12,2.4407357e-14
832.05000,4.1203151e-12,2.5220572e-14
832.06000,4.1231596e-12,2.5910885e-14
832.07000,4.1228347e-12,2.6306536e-14
832.08000,4.1201016e-12,2.6303663e-14
832.09000,4.1170098e-12,2.5907900e-14
832.10000,4.1149057e-12,2.5223954e-14
832.11000,4.1135521e-12,2.4413123e-14
832.12000,4.1121243e-12,2.3639681e-14
832.13000,4.1103738e-12,2.3019023e-14
832.14000,4.1086197e-12,2.2589282e-14
832.15000,4.1071614e-12,2.2324094e-14
832.16000,4.1060435e-12,2.2162944e-14
832.17000,4.1055418e-12,2.2087245e-14
832.18000,4.1055802e-12,2.2041921e-14
832.19000,4.1061693e-12,2.2015669e-14
832.20000,4.1069983e-12,2.1998098e-14
832.21000,4.1077833e-12,2.1985859e-14
832.22000,4.1087129e-12,2.1978261e-14
832.23000,4.1105844e-12,2.1974680e-14
832.24000,4.1143980e-12,2.1976033e-14
832.25000,4.1206668e-12,2.1984365e-14
832.26000,4.1289555e-12,2.1998997e-14
832.27000,4.1379734e-12,2.2015941e-14
832.28000,4.1461420e-12,2.2031597e-14
832.29000,4.1522704e-12,2.2044227e-14
832.30000,4.1559069e-12,2.2052443e-14
832.31000,4.1574094e-12,2.2056029e-14
832.32000,4.1573545e-12,2.2056657e-14
832.33000,4.1561866e-12,2.2055879e-14
832.34000,4.1541651e-12,2.2053726e-14
832.35000,4.1515867e-12,2.2050430e-14
832.36000,4.1489420e-12,2.2047257e-14
832.37000,4.1467403e-12,2.2044767e-14
832.38000,4.1451212e-12,2.2041963e-14
832.39000,4.1436309e-12,2.2037243e-14
832.40000,4.1413890e-12,2.2029009e-14
832.41000,4.1375113e-12,2.2016103e-14
832.42000,4.1317768e-12,2.1999214e-14
832.43000,4.1233455e-12,2.1979132e-14
832.44000,4.1134777e-12,2.1958983e-14
832.45000,4.1026281e-12,2.1940321e-14
832.46000,4.0916536e-12,2.1924695e-14
832.47000,4.0813370e-12,2.1912988e-14
832.48000,4.0722318e-12,2.1904805e-14
832.49000,4.0646127e-12,2.1899161e-14
832.50000,4.0585497e-12,2.1895807e-14
832.51000,4.0540098e-12,2.1895840e-14
832.52000,4.0508801e-12,2.1901399e-14
832.53000,4.0489007e-12,2.1914035e-14
832.54000,4.0476114e-12,2.1931888e-14
832.55000,4.0464291e-12,2.1948643e-14
832.56000,4.0448792e-12,2.1956346e-14
832.57000,4.0429012e-12,2.1951343e-14
832.58000,4.0409138e-12,2.1936723e-14
832.59000,4.0397011e-12,2.1920827e-14
832.60000,4.0401902e-12,2.1912140e-14
832.61000,4.0431643e-12,2.1914188e-14
832.62000,4.0489611e-12,2.1924134e-14
832.63000,4.0572793e-12,2.1935444e-14
832.64000,4.0672250e-12,2.1942209e-14
832.65000,4.0776037e-12,2.1942354e-14
832.66000,4.0872728e-12,2.1937766e-14
832.67000,4.0953078e-12,2.1931631e-14
832.68000,4.1013293e-12,2.1925568e-14
832.69000,4.1034889e-12,2.1918501e-14
832.70000,4.1024329e-12,2.1908744e-14
832.71000,4.0976310e-12,2.1895208e-14
832.72000,4.0896107e-12,2.1879699e-14
832.73000,4.0795693e-12,2.1866684e-14
832.74000,4.0691156e-12,2.1861252e-14
832.75000,4.0598083e-12,2.1866069e-14
832.76000,4.0526961e-12,2.1878918e-14
832.77000,4.0480883e-12,2.1892807e-14
832.78000,4.0456640e-12,2.1899539e-14
832.79000,4.0448356e-12,2.1894931e-14
832.80000,4.0451238e-12,2.1882221e-14
832.81000,4.0463114e-12,2.1871462e-14
832.82000,4.0483150e-12,2.1875822e-14
832.83000,4.0510527e-12,2.1907987e-14
832.84000,4.0545010e-12,2.1981198e-14
832.85000,4.0587618e-12,2.2110116e-14
832.86000,4.0638906e-12,2.2305263e-14
832.87000,4.0694901e-12,2.2557944e-14
832.88000,4.0745173e-12,2.2824641e-14
832.89000,4.0777284e-12,2.3030374e-14
832.90000,4.0784656e-12,2.3101111e-14
832.91000,4.0770022e-12,2.3007148e-14
832.92000,4.0742650e-12,2.2782902e-14
832.93000,4.0713303e-12,2.2503629e-14
832.94000,4.0698614e-12,2.2256204e-14
832.95000,4.0703950e-12,2.2074646e-14
832.96000,4.0736106e-12,2.1970048e-14
832.97000,4.0793738e-12,2.1921694e-14
832.98000,4.0869716e-12,2.1902720e-14
832.99000,4.0952208e-12,2.1893217e-14
833.00000,4.1026860e-12,2.1883828e-14
833.01000,4.1080134e-12,2.1873319e-14
833.02000,4.1101895e-12,2.1863751e-14
833.03000,4.1085928e-12,2.1856075e-14
833.04000,4.1029184e-12,2.1848152e-14
833.05000,4.0931318e-12,2.1835670e-14
833.06000,4.0795581e-12,2.1814876e-14
833.07000,4.0632507e-12,2.1785940e-14
833.08000,4.0462922e-12,2.1755121e-14
833.09000,4.0314937e-12,2.1733593e-14
833.10000,4.0216094e-12,2.1733753e-14
833.11000,4.0181824e-12,2.1763205e-14
833.12000,4.0207896e-12,2.1819034e-14
833.13000,4.0272147e-12,2.1886096e-14
833.14000,4.0344907e-12,2.1942377e-14
833.15000,4.0401896e-12,2.1970127e-14
833.16000,4.0432248e-12,2.1965598e-14
833.17000,4.0438802e-12,2.1939745e-14
833.18000,4.0433163e-12,2.1908388e-14
833.19000,4.0429656e-12,2.1886407e-14
833.20000,4.0437903e-12,2.1873181e-14
833.21000,4.0462235e-12,2.1866480e-14
833.22000,4.0499181e-12,2.1864833e-14
833.23000,4.0541127e-12,2.1875397e-14
833.24000,4.0580385e-12,2.1913652e-14
833.25000,4.0611546e-12,2.1995369e-14
833.26000,4.0631009e-12,2.2123606e-14
833.27000,4.0634994e-12,2.2277281e-14
833.28000,4.0619234e-12,2.2411492e-14
833.29000,4.0581993e-12,2.2475953e-14
833.30000,4.0527281e-12,2.2443121e-14
833.31000,4.0463811e-12,2.2324477e-14
833.32000,4.0400700e-12,2.2164715e-14
833.33000,4.0343527e-12,2.2012166e-14
833.34000,4.0294017e-12,2.1896285e-14
833.35000,4.0251701e-12,2.1822850e-14
833.36000,4.0217228e-12,2.1781265e-14
833.37000,4.0195050e-12,2.1755777e-14
833.38000,4.0191974e-12,2.1733863e-14
833.39000,4.0211976e-12,2.1709889e-14
833.40000,4.0251965e-12,2.1685132e-14
833.41000,4.0302415e-12,2.1665868e-14
833.42000,4.0352656e-12,2.1661087e-14
833.43000,4.0397943e-12,2.1676359e-14
833.44000,4.0440275e-12,2.1731289e-14
833.45000,4.0490542e-12,2.1815116e-14
833.46000,4.0560062e-12,2.1922148e-14
833.47000,4.0656457e-12,2.2030092e-14
833.48000,4.0781612e-12,2.2112325e-14
833.49000,4.0933287e-12,2.2152169e-14
833.50000,4.1106384e-12,2.2152644e-14
833.51000,4.1291843e-12,2.2132686e-14
833.52000,4.1474859e-12,2.2112605e-14
833.53000,4.1634586e-12,2.2100754e-14
833.54000,4.1746194e-12,2.2090955e-14
833.55000,4.1785650e-12,2.2070345e-14
833.56000,4.1736107e-12,2.2029701e-14
833.57000,4.1600031e-12,2.1970264e-14
833.58000,4.1395878e-12,2.1900488e-14
833.59000,4.1154779e-12,2.1830875e-14
833.60000,4.0911622e-12,2.1769431e-14
833.61000,4.0696368e-12,2.1719861e-14
833.62000,4.0529240e-12,2.1682280e-14
833.63000,4.0420158e-12,2.1655089e-14
833.64000,4.0370230e-12,2.1636593e-14
833.65000,4.0373186e-12,2.1625610e-14
833.66000,4.0416429e-12,2.1621195e-14
833.67000,4.0481886e-12,2.1621577e-14
833.68000,4.0554189e-12,2.1626489e-14
833.69000,4.0618850e-12,2.1633149e-14
833.70000,4.0673178e-12,2.1641906e-14
833.71000,4.0725123e-12,2.1654892e-14
833.72000,4.0787214e-12,2.1676074e-14
833.73000,4.0865483e-12,2.1709803e-14
833.74000,4.0951118e-12,2.1759722e-14
833.75000,4.1021685e-12,2.1829567e-14
833.76000,4.1052313e-12,2.1926007e-14
833.77000,4.1030209e-12,2.2061651e-14
833.78000,4.0964226e-12,2.2254963e-14
833.79000,4.0884603e-12,2.2523242e-14
833.80000,4.0833366e-12,2.2866707e-14
833.81000,4.0842541e-12,2.3241461e-14
833.82000,4.0918757e-12,2.3560282e-14
833.83000,4.1038922e-12,2.3719594e-14
833.84000,4.1159207e-12,2.3653052e-14
833.85000,4.1234503e-12,2.3372872e-14
833.86000,4.1239918e-12,2.2965080e-14
833.87000,4.1181107e-12,2.2542146e-14
833.88000,4.1086157e-12,2.2189935e-14
833.89000,4.0987308e-12,2.1943127e-14
833.90000,4.0907076e-12,2.1793839e-14
833.91000,4.0850804e-12,2.1709002e-14
833.92000,4.0826350e-12,2.1677248e-14
833.93000,4.0815366e-12,2.1662533e-14
833.94000,4.0810525e-12,2.1657129e-14
833.95000,4.0803686e-12,2.1654785e-14
833.96000,4.0791061e-12,2.1653272e-14
833.97000,4.0772271e-12,2.1652181e-14
833.98000,4.0748679e-12,2.1651312e-14
833.99000,4.0722781e-12,2.1650133e-14
834.00000,4.0697816e-12,2.1648234e-14
834.01000,4.0675824e-12,2.1645974e-14
834.02000,4.0654998e-12,2.1644620e-14
834.03000,4.0629517e-12,2.1645919e-14
834.04000,4.0593405e-12,2.1651362e-14
834.05000,4.0546109e-12,2.1661080e-14
834.06000,4.0492878e-12,2.1673542e-14
834.07000,4.0441740e-12,2.1686144e-14
834.08000,4.0400376e-12,2.1697213e-14
834.09000,4.0376043e-12,2.1708217e-14
834.10000,4.0377404e-12,2.1724503e-14
834.11000,4.0414579e-12,2.1753862e-14
834.12000,4.0495227e-12,2.1803132e-14
834.13000,4.0618328e-12,2.1873189e-14
834.14000,4.0770164e-12,2.1954150e-14
834.15000,4.0928851e-12,2.2029252e-14
834.16000,4.1057884e-12,2.2061952e-14
834.17000,4.1142933e-12,2.2049595e-14
834.18000,4.1167116e-12,2.1988967e-14
834.19000,4.1130307e-12,2.1898933e-14
834.20000,4.1043627e-12,2.1804842e-14
834.21000,4.0924444e-12,2.1725970e-14
834.22000,4.0791452e-12,2.1669552e-14
834.23000,4.0663001e-12,2.1633269e-14
834.24000,4.0558047e-12,2.1611696e-14
834.25000,4.0495725e-12,2.1601202e-14
834.26000,4.0491014e-12,2.1601136e-14
834.27000,4.0549109e-12,2.1612512e-14
834.28000,4.0657943e-12,2.1635152e-14
834.29000,4.0792961e-12,2.1666439e-14
834.30000,4.0925015e-12,2.1701040e-14
834.31000,4.1029376e-12,2.1731763e-14
834.32000,4.1092284e-12,2.1751553e-14
834.33000,4.1112860e-12,2.1756129e-14
834.34000,4.1101045e-12,2.1746067e-14
834.35000,4.1072722e-12,2.1726755e-14
834.36000,4.1043021e-12,2.1705737e-14
834.37000,4.1019790e-12,2.1688866e-14
834.38000,4.1000782e-12,2.1677075e-14
834.39000,4.0971097e-12,2.1668270e-14
834.40000,4.0919294e-12,2.1656084e-14
834.41000,4.0834823e-12,2.1636250e-14
834.42000,4.0721857e-12,2.1608298e-14
834.43000,4.0599387e-12,2.1576458e-14
834.44000,4.0495337e-12,2.1547627e-14
834.45000,4.0436045e-12,2.1528085e-14
834.46000,4.0435420e-12,2.1520867e-14
834.47000,4.0487638e-12,2.1524797e-14
834.48000,4.0566852e-12,2.1535208e-14
834.49000,4.0636057e-12,2.1545882e-14
834.50000,4.0662052e-12,2.1551422e-14
834.51000,4.0632212e-12,2.1549494e-14
834.52000,4.0559138e-12,2.1541367e-14
834.53000,4.0470981e-12,2.1530599e-14
834.54000,4.0398575e-12,2.1521391e-14
834.55000,4.0364825e-12,2.1517162e-14
834.56000,4.0380399e-12,2.1519744e-14
834.57000,4.0444190e-12,2.1529156e-14
834.58000,4.0545432e-12,2.1543777e-14
834.59000,4.0666316e-12,2.1560917e-14
834.60000,4.0785843e-12,2.1577822e-14
834.61000,4.0889327e-12,2.1593128e-14
834.62000,4.0952347e-12,2.1606191e-14
834.63000,4.0984365e-12,2.1619069e-14
834.64000,4.0986025e-12,2.1632736e-14
834.65000,4.0967672e-12,2.1646582e-14
834.66000,4.0940815e-12,2.1657920e-14
834.67000,4.0914840e-12,2.1663702e-14
834.68000,4.0895104e-12,2.1662804e-14
834.69000,4.0882609e-12,2.1656707e-14
834.70000,4.0875210e-12,2.1648091e-14
834.71000,4.0869790e-12,2.1638901e-14
834.72000,4.0864263e-12,2.1629688e-14
834.73000,4.0858381e-12,2.1620381e-14
834.74000,4.0853133e-12,2.1611346e-14
834.75000,4.0849058e-12,2.1603537e-14
834.76000,4.0844810e-12,2.1597999e-14
834.77000,4.0837010e-12,2.1595963e-14
834.78000,4.0822066e-12,2.1600318e-14
834.79000,4.0799251e-12,2.1617709e-14
834.80000,4.0772802e-12,2.1658877e-14
834.81000,4.0750973e-12,2.1734877e-14
834.82000,4.0742379e-12,2.1849216e-14
834.83000,4.0751621e-12,2.1989746e-14
834.84000,4.0774894e-12,2.2131492e-14
834.85000,4.0802493e-12,2.2220780e-14
834.86000,4.0816507e-12,2.2242366e-14
834.87000,4.0802403e-12,2.2180577e-14
834.88000,4.0756549e-12,2.2054347e-14
834.89000,4.0690284e-12,2.1901287e-14
834.90000,4.0625743e-12,2.1759835e-14
834.91000,4.0585710e-12,2.1654493e-14
834.92000,4.0582306e-12,2.1590657e-14
834.93000,4.0610367e-12,2.1558691e-14
834.94000,4.0649674e-12,2.1542891e-14
834.95000,4.0675083e-12,2.1530006e-14
834.96000,4.0668464e-12,2.1513461e-14
834.97000,4.0629394e-12,2.1493246e-14
834.98000,4.0571796e-12,2.1472406e-14
834.99000,4.0515233e-12,2.1454207e-14
835.00000,4.0473688e-12,2.1440616e-14
835.01000,4.0449032e-12,2.1431896e-14
835.02000,4.0432689e-12,2.1426888e-14
835.03000,4.0413007e-12,2.1423601e-14
835.04000,4.0382441e-12,2.1419861e-14
835.05000,4.0340116e-12,2.1413884e-14
835.06000,4.0290178e-12,2.1405156e-14
835.07000,4.0235837e-12,2.1392690e-14
835.08000,4.0182528e-12,2.1379034e-14
835.09000,4.0134603e-12,2.1366351e-14
835.10000,4.0098342e-12,2.1358023e-14
835.11000,4.0079893e-12,2.1357460e-14
835.12000,4.0081166e-12,2.1366845e-14
835.13000,4.0097423e-12,2.1385935e-14
835.14000,4.0120066e-12,2.1411828e-14
835.15000,4.0142974e-12,2.1440176e-14
835.16000,4.0166503e-12,2.1467105e-14
835.17000,4.0195274e-12,2.1490428e-14
835.18000,4.0232467e-12,2.1509385e-14
835.19000,4.0276159e-12,2.1523875e-14
835.20000,4.0322047e-12,2.1533797e-14
835.21000,4.0367006e-12,2.1539520e-14
835.22000,4.0409155e-12,2.1542970e-14
835.23000,4.0445527e-12,2.1548680e-14
835.24000,4.0471711e-12,2.1564190e-14
835.25000,4.0485114e-12,2.1598408e-14
835.26000,4.0488738e-12,2.1656673e-14
835.27000,4.0491553e-12,2.1734107e-14
835.28000,4.0502193e-12,2.1815217e-14
835.29000,4.0532622e-12,2.1866086e-14
835.30000,4.0573013e-12,2.1875474e-14
835.31000,4.0612830e-12,2.1834688e-14
835.32000,4.0636905e-12,2.1758765e-14
835.33000,4.0637124e-12,2.1674434e-14
835.34000,4.0616838e-12,2.1606253e-14
835.35000,4.0587557e-12,2.1567083e-14
835.36000,4.0561730e-12,2.1557213e-14
835.37000,4.0547152e-12,2.1568787e-14
835.38000,4.0545457e-12,2.1590211e-14
835.39000,4.0553507e-12,2.1608732e-14
835.40000,4.0565310e-12,2.1612490e-14
835.41000,4.0573593e-12,2.1594894e-14
835.42000,4.0572264e-12,2.1557659e-14
835.43000,4.0558248e-12,2.1509533e-14
835.44000,4.0532269e-12,2.1461743e-14
835.45000,4.0497894e-12,2.1422379e-14
835.46000,4.0460200e-12,2.1393642e-14
835.47000,4.0425634e-12,2.1373376e-14
835.48000,4.0402270e-12,2.1358899e-14
835.49000,4.0398021e-12,2.1349681e-14
835.50000,4.0413746e-12,2.1346021e-14
835.51000,4.0452046e-12,2.1351215e-14
835.52000,4.0494445e-12,2.1360655e-14
835.53000,4.0529491e-12,2.1371199e-14
835.54000,4.0548548e-12,2.1379070e-14
835.55000,4.0551974e-12,2.1384050e-14
835.56000,4.0547129e-12,2.1391256e-14
835.57000,4.0543039e-12,2.1410824e-14
835.58000,4.0545801e-12,2.1455974e-14
835.59000,4.0557026e-12,2.1539509e-14
835.60000,4.0575123e-12,2.1667874e-14
835.61000,4.0597969e-12,2.1833081e-14
835.62000,4.0624689e-12,2.2006562e-14
835.63000,4.0653952e-12,2.2144573e-14
835.64000,4.0680978e-12,2.2210026e-14
835.65000,4.0697145e-12,2.2190946e-14
835.66000,4.0693043e-12,2.2103410e-14
835.67000,4.0661720e-12,2.1976691e-14
835.68000,4.0600188e-12,2.1836119e-14
835.69000,4.0509648e-12,2.1697157e-14
835.70000,4.0395004e-12,2.1568877e-14
835.71000,4.0263780e-12,2.1457666e-14
835.72000,4.0124692e-12,2.1364450e-14
835.73000,3.9986200e-12,2.1297734e-14
835.74000,3.9856062e-12,2.1246918e-14
835.75000,3.9743318e-12,2.1211175e-14
835.76000,3.9658643e-12,2.1187441e-14
835.77000,3.9613991e-12,2.1174145e-14
835.78000,3.9619196e-12,2.1171357e-14
835.79000,3.9676741e-12,2.1179899e-14
835.80000,3.9777347e-12,2.1199397e-14
835.81000,3.9899350e-12,2.1226432e-14
835.82000,4.0013491e-12,2.1254647e-14
835.83000,4.0091640e-12,2.1277365e-14
835.84000,4.0115666e-12,2.1290936e-14
835.85000,4.0085341e-12,2.1296454e-14
835.86000,4.0013355e-12,2.1296881e-14
835.87000,3.9919907e-12,2.1293698e-14
835.88000,3.9825112e-12,2.1285254e-14
835.89000,3.9742902e-12,2.1268375e-14
835.90000,3.9679119e-12,2.1241868e-14
835.91000,3.9633971e-12,2.1208738e-14
835.92000,3.9605757e-12,2.1175034e-14
835.93000,3.9592544e-12,2.1146462e-14
835.94000,3.9590390e-12,2.1124671e-14
835.95000,3.9598060e-12,2.1111763e-14
835.96000,3.9608076e-12,2.1102761e-14
835.97000,3.9618400e-12,2.1096221e-14
835.98000,3.9629678e-12,2.1091148e-14
835.99000,3.9646033e-12,2.1088165e-14
836.00000,3.9673880e-12,2.1089372e-14
836.01000,3.9720440e-12,2.1097936e-14
836.02000,3.9791453e-12,2.1116984e-14
836.03000,3.9887756e-12,2.1147739e-14
836.04000,4.0002606e-12,2.1187934e-14
836.05000,4.0122404e-12,2.1232099e-14
836.06000,4.0231551e-12,2.1274559e-14
836.07000,4.0318373e-12,2.1314183e-14
836.08000,4.0375840e-12,2.1356388e-14
836.09000,4.0399652e-12,2.1411081e-14
836.10000,4.0386763e-12,2.1486665e-14
836.11000,4.0336967e-12,2.1583527e-14
836.12000,4.0256399e-12,2.1691318e-14
836.13000,4.0158821e-12,2.1791434e-14
836.14000,4.0062064e-12,2.1862435e-14
836.15000,3.9978399e-12,2.1893513e-14
836.16000,3.9926567e-12,2.1852848e-14
836.17000,3.9898605e-12,2.1765096e-14
836.18000,3.9894135e-12,2.1639666e-14
836.19000,3.9906205e-12,2.1503059e-14
836.20000,3.9927406e-12,2.1380920e-14
836.21000,3.9951509e-12,2.1288865e-14
836.22000,3.9973412e-12,2.1229711e-14
836.23000,3.9988289e-12,2.1196969e-14
836.24000,3.9991695e-12,2.1180671e-14
836.25000,3.9980717e-12,2.1171859e-14
836.26000,3.9954466e-12,2.1164402e-14
836.27000,3.9914507e-12,2.1154925e-14
836.28000,3.9863683e-12,2.1142248e-14
836.29000,3.9805688e-12,2.1126736e-14
836.30000,3.9745199e-12,2.1109985e-14
836.31000,3.9687921e-12,2.1094261e-14
836.32000,3.9639928e-12,2.1081623e-14
836.33000,3.9605725e-12,2.1073150e-14
836.34000,3.9585847e-12,2.1068605e-14
836.35000,3.9576056e-12,2.1066535e-14
836.36000,3.9569834e-12,2.1065052e-14
836.37000,3.9561227e-12,2.1062330e-14
836.38000,3.9550742e-12,2.1059046e-14
836.39000,3.9543135e-12,2.1057162e-14
836.40000,3.9547103e-12,2.1059574e-14
836.41000,3.9571399e-12,2.1068175e-14
836.42000,3.9621713e-12,2.1082980e-14
836.43000,3.9698632e-12,2.1102499e-14
836.44000,3.9797049e-12,2.1124444e-14
836.45000,3.9907153e-12,2.1145927e-14
836.46000,4.0016651e-12,2.1163497e-14
836.47000,4.0113031e-12,2.1173831e-14
836.48000,4.0187119e-12,2.1175970e-14
836.49000,4.0234820e-12,2.1172160e-14
836.50000,4.0257067e-12,2.1166696e-14
836.51000,4.0258537e-12,2.1163224e-14
836.52000,4.0245533e-12,2.1162522e-14
836.53000,4.0224504e-12,2.1162780e-14
836.54000,4.0201884e-12,2.1162217e-14
836.55000,4.0184476e-12,2.1161616e-14
836.56000,4.0179132e-12,2.1164446e-14
836.57000,4.0188621e-12,2.1173392e-14
836.58000,4.0221919e-12,2.1194436e-14
836.59000,4.0268345e-12,2.1224410e-14
836.60000,4.0321358e-12,2.1264690e-14
836.61000,4.0368660e-12,2.1316958e-14
836.62000,4.0398519e-12,2.1384520e-14
836.63000,4.0403197e-12,2.1468858e-14
836.64000,4.0380543e-12,2.1563354e-14
836.65000,4.0333435e-12,2.1648471e-14
836.66000,4.0267640e-12,2.1694957e-14
836.67000,4.0189918e-12,2.1677777e-14
836.68000,4.0108053e-12,2.1592484e-14
836.69000,4.0030512e-12,2.1465085e-14
836.70000,3.9962918e-12,2.1332161e-14
836.71000,3.9905434e-12,2.1223330e-14
836.72000,3.9853715e-12,2.1151471e-14
836.73000,3.9803211e-12,2.1115004e-14
836.74000,3.9753106e-12,2.1105508e-14
836.75000,3.9706801e-12,2.1113763e-14
836.76000,3.9669148e-12,2.1132028e-14
836.77000,3.9641726e-12,2.1154164e-14
836.78000,3.9630031e-12,2.1175027e-14
836.79000,3.9628443e-12,2.1192046e-14
836.80000,3.9636997e-12,2.1204019e-14
836.81000,3.9653082e-12,2.1211831e-14
836.82000,3.9672527e-12,2.1216950e-14
836.83000,3.9690279e-12,2.1219973e-14
836.84000,3.9702753e-12,2.1220063e-14
836.85000,3.9710484e-12,2.1215710e-14
836.86000,3.9718995e-12,2.1206137e-14
836.87000,3.9736475e-12,2.1192009e-14
836.88000,3.9768991e-12,2.1174652e-14
836.89000,3.9814988e-12,2.1154708e-14
836.90000,3.9864903e-12,2.1131772e-14
836.91000,3.9906296e-12,2.1105851e-14
836.92000,3.9929905e-12,2.1079111e-14
836.93000,3.9932842e-12,2.1055750e-14
836.94000,3.9916821e-12,2.1039533e-14
836.95000,3.9884191e-12,2.1030973e-14
836.96000,3.9836159e-12,2.1026857e-14
836.97000,3.9774491e-12,2.1022741e-14
836.98000,3.9704316e-12,2.1016512e-14
836.99000,3.9633389e-12,2.1008014e-14
837.00000,3.9571511e-12,2.0999813e-14
837.01000,3.9527315e-12,2.0992277e-14
837.02000,3.9505771e-12,2.0983512e-14
837.03000,3.9507869e-12,2.0971105e-14
837.04000,3.9532111e-12,2.0955295e-14
837.05000,3.9576678e-12,2.0940231e-14
837.06000,3.9640386e-12,2.0932090e-14
837.07000,3.9721288e-12,2.0935534e-14
837.08000,3.9813653e-12,2.0950922e-14
837.09000,3.9905092e-12,2.0973361e-14
837.10000,3.9978358e-12,2.0994533e-14
837.11000,4.0017192e-12,2.1007027e-14
837.12000,4.0013038e-12,2.1007558e-14
837.13000,3.9969277e-12,2.0998003e-14
837.14000,3.9900040e-12,2.0983347e-14
837.15000,3.9824327e-12,2.0968266e-14
837.16000,3.9759150e-12,2.0954993e-14
837.17000,3.9715623e-12,2.0943800e-14
837.18000,3.9695387e-12,2.0934618e-14
837.19000,3.9711949e-12,2.0931233e-14
837.20000,3.9754912e-12,2.0935310e-14
837.21000,3.9826785e-12,2.0950602e-14
837.22000,3.9922176e-12,2.0978261e-14
837.23000,4.0030244e-12,2.1017427e-14
837.24000,4.0135366e-12,2.1066459e-14
837.25000,4.0220166e-12,2.1124136e-14
837.26000,4.0269994e-12,2.1189609e-14
837.27000,4.0277331e-12,2.1260518e-14
837.28000,4.0244583e-12,2.1329773e-14
837.29000,4.0184009e-12,2.1382916e-14
837.30000,4.0114147e-12,2.1403247e-14
837.31000,4.0049859e-12,2.1380641e-14
837.32000,3.9998390e-12,2.1319738e-14
837.33000,3.9959906e-12,2.1239271e-14
837.34000,3.9931817e-12,2.1162340e-14
837.35000,3.9913099e-12,2.1105416e-14
837.36000,3.9905643e-12,2.1073168e-14
837.37000,3.9912313e-12,2.1059855e-14
837.38000,3.9932271e-12,2.1054665e-14
837.39000,3.9968240e-12,2.1046153e-14
837.40000,4.0010172e-12,2.1029869e-14
837.41000,4.0053036e-12,2.1005834e-14
837.42000,4.0091209e-12,2.0979663e-14
837.43000,4.0122305e-12,2.0958312e-14
837.44000,4.0147379e-12,2.0946672e-14
837.45000,4.0168804e-12,2.0945957e-14
837.46000,4.0187812e-12,2.0954196e-14
837.47000,4.0203980e-12,2.0968031e-14
837.48000,4.0216595e-12,2.0984536e-14
837.49000,4.0226016e-12,2.1002286e-14
837.50000,4.0233954e-12,2.1022112e-14
837.51000,4.0242850e-12,2.1047969e-14
837.52000,4.0255605e-12,2.1086644e-14
837.53000,4.0274399e-12,2.1144346e-14
837.54000,4.0298414e-12,2.1220369e-14
837.55000,4.0322113e-12,2.1302059e-14
837.56000,4.0336400e-12,2.1366772e-14
837.57000,4.0332944e-12,2.1392268e-14
837.58000,4.0310993e-12,2.1375123e-14
837.59000,4.0264514e-12,2.1308327e-14
837.60000,4.0204154e-12,2.1227806e-14
837.61000,4.0130518e-12,2.1151678e-14
837.62000,4.0047054e-12,2.1094098e-14
837.63000,3.9959542e-12,2.1056248e-14
837.64000,3.9875675e-12,2.1029361e-14
837.65000,3.9801935e-12,2.1002093e-14
837.66000,3.9740595e-12,2.0967862e-14
837.67000,3.9689779e-12,2.0928037e-14
837.68000,3.9646857e-12,2.0889824e-14
837.69000,3.9612141e-12,2.0861170e-14
837.70000,3.9589364e-12,2.0845938e-14
837.71000,3.9582798e-12,2.0843464e-14
837.72000,3.9593182e-12,2.0849795e-14
837.73000,3.9615483e-12,2.0859210e-14
837.74000,3.9639850e-12,2.0865516e-14
837.75000,3.9655429e-12,2.0863865e-14
837.76000,3.9654814e-12,2.0852950e-14
837.77000,3.9638386e-12,2.0835987e-14
837.78000,3.9604450e-12,2.0817496e-14
837.79000,3.9564885e-12,2.0801639e-14
837.80000,3.9525408e-12,2.0789036e-14
837.81000,3.9492322e-12,2.0778007e-14
837.82000,3.9469202e-12,2.0767431e-14
837.83000,3.9455945e-12,2.0758362e-14
837.84000,3.9449049e-12,2.0752669e-14
837.85000,3.9443671e-12,2.0750236e-14
837.86000,3.9437295e-12,2.0747796e-14
837.87000,3.9433430e-12,2.0740962e-14
837.88000,3.9442945e-12,2.0727819e-14
837.89000,3.9478101e-12,2.0711415e-14
837.90000,3.9543961e-12,2.0697370e-14
837.91000,3.9633046e-12,2.0690207e-14
837.92000,3.9727349e-12,2.0691048e-14
837.93000,3.9806675e-12,2.0697965e-14
837.94000,3.9857175e-12,2.0707848e-14
837.95000,3.9875062e-12,2.0717929e-14
837.96000,3.9865187e-12,2.0726301e-14
837.97000,3.9838365e-12,2.0732322e-14
837.98000,3.9802002e-12,2.0734553e-14
837.99000,3.9766783e-12,2.0734449e-14
838.00000,3.9735376e-12,2.0732081e-14
838.01000,3.9706353e-12,2.0727782e-14
838.02000,3.9676516e-12,2.0721983e-14
838.03000,3.9644938e-12,2.0715782e-14
838.04000,3.9614353e-12,2.0710950e-14
838.05000,3.9588714e-12,2.0708974e-14
838.06000,3.9569502e-12,2.0709942e-14
838.07000,3.9554145e-12,2.0712557e-14
838.08000,3.9537390e-12,2.0715528e-14
838.09000,3.9514952e-12,2.0719007e-14
838.10000,3.9486054e-12,2.0723965e-14
838.11000,3.9454052e-12,2.0730153e-14
838.12000,3.9425046e-12,2.0734919e-14
838.13000,3.9405482e-12,2.0734572e-14
838.14000,3.9400311e-12,2.0727524e-14
838.15000,3.9412076e-12,2.0716396e-14
838.16000,3.9438401e-12,2.0706006e-14
838.17000,3.9479472e-12,2.0703635e-14
838.18000,3.9523389e-12,2.0707681e-14
838.19000,3.9563508e-12,2.0715849e-14
838.20000,3.9594323e-12,2.0723277e-14
838.21000,3.9614624e-12,2.0727153e-14
838.22000,3.9627142e-12,2.0728087e-14
838.23000,3.9637723e-12,2.0728607e-14
838.24000,3.9654471e-12,2.0730894e-14
838.25000,3.9685137e-12,2.0735978e-14
838.26000,3.9732028e-12,2.0744396e-14
838.27000,3.9787030e-12,2.0756597e-14
838.28000,3.9833184e-12,2.0772241e-14
838.29000,3.9854058e-12,2.0790195e-14
838.30000,3.9842076e-12,2.0809000e-14
838.31000,3.9802034e-12,2.0827290e-14
838.32000,3.9749154e-12,2.0843485e-14
838.33000,3.9704542e-12,2.0855349e-14
838.34000,3.9689147e-12,2.0860262e-14
838.35000,3.9710334e-12,2.0857533e-14
838.36000,3.9781980e-12,2.0844281e-14
838.37000,3.9872086e-12,2.0826818e-14
838.38000,3.9960374e-12,2.0809225e-14
838.39000,4.0023291e-12,2.0796519e-14
838.40000,4.0048478e-12,2.0791082e-14
838.41000,4.0037428e-12,2.0792219e-14
838.42000,4.0002448e-12,2.0798254e-14
838.43000,3.9960514e-12,2.0809230e-14
838.44000,3.9926463e-12,2.0827401e-14
838.45000,3.9907940e-12,2.0854559e-14
838.46000,3.9904137e-12,2.0888014e-14
838.47000,3.9908453e-12,2.0919139e-14
838.48000,3.9915566e-12,2.0937841e-14
838.49000,3.9924386e-12,2.0938096e-14
838.50000,3.9937184e-12,2.0921372e-14
838.51000,3.9956191e-12,2.0895317e-14
838.52000,3.9980744e-12,2.0868886e-14
838.53000,4.0006852e-12,2.0847509e-14
838.54000,4.0030191e-12,2.0831130e-14
838.55000,4.0044456e-12,2.0818542e-14
838.56000,4.0051914e-12,2.0806846e-14
838.57000,4.0052990e-12,2.0796960e-14
838.58000,4.0048299e-12,2.0791153e-14
838.59000,4.0035164e-12,2.0790550e-14
838.60000,4.0008052e-12,2.0792854e-14
838.61000,3.9961418e-12,2.0792440e-14
838.62000,3.9892406e-12,2.0782734e-14
838.63000,3.9801881e-12,2.0759433e-14
838.64000,3.9694815e-12,2.0723079e-14
838.65000,3.9581487e-12,2.0680272e-14
838.66000,3.9476461e-12,2.0641784e-14
838.67000,3.9393448e-12,2.0617605e-14
838.68000,3.9339586e-12,2.0612645e-14
838.69000,3.9311998e-12,2.0624175e-14
838.70000,3.9300045e-12,2.0643091e-14
838.71000,3.9292207e-12,2.0658746e-14
838.72000,3.9282680e-12,2.0664432e-14
838.73000,3.9272407e-12,2.0660749e-14
838.74000,3.9267799e-12,2.0649406e-14
838.75000,3.9270167e-12,2.0637456e-14
838.76000,3.9279313e-12,2.0626741e-14
838.77000,3.9291507e-12,2.0616850e-14
838.78000,3.9304041e-12,2.0606227e-14
838.79000,3.9317759e-12,2.0594444e-14
838.80000,3.9336347e-12,2.0583151e-14
838.81000,3.9363352e-12,2.0575323e-14
838.82000,3.9399618e-12,2.0573677e-14
838.83000,3.9442893e-12,2.0579444e-14
838.84000,3.9488870e-12,2.0591586e-14
838.85000,3.9532829e-12,2.0607025e-14
838.86000,3.9570201e-12,2.0621608e-14
838.87000,3.9596873e-12,2.0631106e-14
838.88000,3.9610271e-12,2.0632624e-14
838.89000,3.9610715e-12,2.0625708e-14
838.90000,3.9601917e-12,2.0612423e-14
838.91000,3.9589789e-12,2.0596281e-14
838.92000,3.9579131e-12,2.0580280e-14
838.93000,3.9574141e-12,2.0567281e-14
838.94000,3.9570967e-12,2.0556523e-14
838.95000,3.9564213e-12,2.0547236e-14
838.96000,3.9546197e-12,2.0537788e-14
838.97000,3.9511477e-12,2.0526901e-14
838.98000,3.9460439e-12,2.0514347e-14
838.99000,3.9400690e-12,2.0501433e-14
839.00000,3.9344997e-12,2.0490794e-14
839.01000,3.9306190e-12,2.0485085e-14
839.02000,3.9291878e-12,2.0485312e-14
839.03000,3.9299075e-12,2.0489401e-14
839.04000,3.9317776e-12,2.0493247e-14
839.05000,3.9336858e-12,2.0492465e-14
839.06000,3.9350234e-12,2.0484742e-14
839.07000,3.9359292e-12,2.0471425e-14
839.08000,3.9370041e-12,2.0456687e-14
839.09000,3.9387546e-12,2.0444742e-14
839.10000,3.9411707e-12,2.0437065e-14
839.11000,3.9441040e-12,2.0435887e-14
839.12000,3.9470417e-12,2.0438769e-14
839.13000,3.9498114e-12,2.0445292e-14
839.14000,3.9522952e-12,2.0453146e-14
839.15000,3.9543157e-12,2.0459368e-14
839.16000,3.9556560e-12,2.0462555e-14
839.17000,3.9562452e-12,2.0464100e-14
839.18000,3.9562052e-12,2.0466178e-14
839.19000,3.9555867e-12,2.0468333e-14
839.20000,3.9540504e-12,2.0466872e-14
839.21000,3.9510231e-12,2.0458655e-14
839.22000,3.9464924e-12,2.0445376e-14
839.23000,3.9415674e-12,2.0432455e-14
839.24000,3.9383073e-12,2.0424936e-14
839.25000,3.9386724e-12,2.0424568e-14
839.26000,3.9433253e-12,2.0430983e-14
839.27000,3.9511759e-12,2.0445057e-14
839.28000,3.9599744e-12,2.0470186e-14
839.29000,3.9678289e-12,2.0507495e-14
839.30000,3.9723779e-12,2.0559039e-14
839.31000,3.9743685e-12,2.0609885e-14
839.32000,3.9738616e-12,2.0645269e-14
839.33000,3.9714510e-12,2.0651544e-14
839.34000,3.9675452e-12,2.0626664e-14
839.35000,3.9623785e-12,2.0582869e-14
839.36000,3.9562092e-12,2.0540373e-14
839.37000,3.9494849e-12,2.0516124e-14
839.38000,3.9428360e-12,2.0514793e-14
839.39000,3.9369569e-12,2.0526635e-14
839.40000,3.9324207e-12,2.0533596e-14
839.41000,3.9297862e-12,2.0522032e-14
839.42000,3.9296446e-12,2.0489608e-14
839.43000,3.9324743e-12,2.0444950e-14
839.44000,3.9383615e-12,2.0400955e-14
839.45000,3.9467752e-12,2.0367916e-14
839.46000,3.9564847e-12,2.0351229e-14
839.47000,3.9659561e-12,2.0350506e-14
839.48000,3.9720776e-12,2.0373574e-14
839.49000,3.9740369e-12,2.0411187e-14
839.50000,3.9704577e-12,2.0459303e-14
839.51000,3.9618421e-12,2.0505759e-14
839.52000,3.9501259e-12,2.0535742e-14
839.53000,3.9379498e-12,2.0537508e-14
839.54000,3.9276254e-12,2.0507471e-14
839.55000,3.9204138e-12,2.0451527e-14
839.56000,3.9165002e-12,2.0382083e-14
839.57000,3.9156131e-12,2.0313383e-14
839.58000,3.9174569e-12,2.0257063e-14
839.59000,3.9221343e-12,2.0220461e-14
839.60000,3.9296762e-12,2.0207117e-14
839.61000,3.9393410e-12,2.0216178e-14
839.62000,3.9492309e-12,2.0241177e-14
839.63000,3.9567199e-12,2.0270272e-14
839.64000,3.9596039e-12,2.0289961e-14
839.65000,3.9578305e-12,2.0293974e-14
839.66000,3.9509567e-12,2.0274958e-14
839.67000,3.9428813e-12,2.0247872e-14
839.68000,3.9356313e-12,2.0221225e-14
839.69000,3.9310035e-12,2.0203137e-14
839.70000,3.9297256e-12,2.0196543e-14
839.71000,3.9317167e-12,2.0201529e-14
839.72000,3.9365914e-12,2.0219147e-14
839.73000,3.9440214e-12,2.0252917e-14
839.74000,3.9536789e-12,2.0306704e-14
839.75000,3.9647862e-12,2.0380599e-14
839.76000,3.9756080e-12,2.0465220e-14
839.77000,3.9839373e-12,2.0543357e-14
839.78000,3.9880979e-12,2.0594832e-14
839.79000,3.9880175e-12,2.0605009e-14
839.80000,3.9854491e-12,2.0572185e-14
839.81000,3.9830587e-12,2.0508982e-14
839.82000,3.9829992e-12,2.0436461e-14
839.83000,3.9856079e-12,2.0371571e-14
839.84000,3.9910091e-12,2.0334300e-14
839.85000,3.9968399e-12,2.0317938e-14
839.86000,4.0019018e-12,2.0321935e-14
839.87000,4.0053581e-12,2.0342194e-14
839.88000,4.0071458e-12,2.0376701e-14
839.89000,4.0077467e-12,2.0422700e-14
839.90000,4.0077742e-12,2.0472075e-14
839.91000,4.0075712e-12,2.0510924e-14
839.92000,4.0070287e-12,2.0525825e-14
839.93000,4.0057218e-12,2.0512118e-14
839.94000,4.0034145e-12,2.0480436e-14
839.95000,4.0003004e-12,2.0448231e-14
839.96000,3.9968817e-12,2.0430102e-14
839.97000,3.9935983e-12,2.0429648e-14
839.98000,3.9906389e-12,2.0438415e-14
839.99000,3.9881311e-12,2.0442561e-14
840.00000,3.9864317e-12,2.0432849e-14
840.01000,3.9858532e-12,2.0411402e-14
840.02000,3.9873178e-12,2.0386593e-14
840.03000,3.9897977e-12,2.0369208e-14
840.04000,3.9924407e-12,2.0362303e-14
840.05000,3.9940590e-12,2.0360845e-14
840.06000,3.9942001e-12,2.0357886e-14
840.07000,3.9935186e-12,2.0351881e-14
840.08000,3.9932830e-12,2.0347936e-14
840.09000,3.9943149e-12,2.0351965e-14
840.10000,3.9961687e-12,2.0363740e-14
840.11000,3.9971689e-12,2.0375491e-14
840.12000,3.9955941e-12,2.0378370e-14
840.13000,3.9907967e-12,2.0369071e-14
840.14000,3.9836040e-12,2.0350575e-14
840.15000,3.9759346e-12,2.0328960e-14
840.16000,3.9699466e-12,2.0310353e-14
840.17000,3.9671503e-12,2.0299801e-14
840.18000,3.9677924e-12,2.0300435e-14
840.19000,3.9706380e-12,2.0310793e-14
840.20000,3.9737014e-12,2.0328257e-14
840.21000,3.9747660e-12,2.0342955e-14
840.22000,3.9724376e-12,2.0348135e-14
840.23000,3.9667857e-12,2.0340269e-14
840.24000,3.9591144e-12,2.0320515e-14
840.25000,3.9512847e-12,2.0293652e-14
840.26000,3.9451130e-12,2.0266391e-14
840.27000,3.9420543e-12,2.0245275e-14
840.28000,3.9430588e-12,2.0234648e-14
840.29000,3.9481427e-12,2.0235210e-14
840.30000,3.9563014e-12,2.0245058e-14
840.31000,3.9658008e-12,2.0261281e-14
840.32000,3.9745139e-12,2.0279843e-14
840.33000,3.9804636e-12,2.0295269e-14
840.34000,3.9824066e-12,2.0301606e-14
840.35000,3.9802358e-12,2.0294858e-14
840.36000,3.9751798e-12,2.0276526e-14
840.37000,3.9682033e-12,2.0248005e-14
840.38000,3.9613507e-12,2.0219346e-14
840.39000,3.9553858e-12,2.0196410e-14
840.40000,3.9505122e-12,2.0183950e-14
840.41000,3.9464646e-12,2.0184578e-14
840.42000,3.9428772e-12,2.0199447e-14
840.43000,3.9395142e-12,2.0228137e-14
840.44000,3.9363474e-12,2.0267554e-14
840.45000,3.9335954e-12,2.0311045e-14
840.46000,3.9317844e-12,2.0348885e-14
840.47000,3.9315129e-12,2.0372240e-14
840.48000,3.9331903e-12,2.0376367e-14
840.49000,3.9368176e-12,2.0362067e-14
840.50000,3.9420920e-12,2.0334963e-14
840.51000,3.9486860e-12,2.0303064e-14
840.52000,3.9563820e-12,2.0273773e-14
840.53000,3.9649339e-12,2.0251570e-14
840.54000,3.9738670e-12,2.0236344e-14
840.55000,3.9821400e-12,2.0228006e-14
840.56000,3.9889013e-12,2.0220980e-14
840.57000,3.9931177e-12,2.0212757e-14
840.58000,3.9943187e-12,2.0201972e-14
840.59000,3.9927237e-12,2.0189365e-14
840.60000,3.9892353e-12,2.0177161e-14
840.61000,3.9851273e-12,2.0167660e-14
840.62000,3.9814213e-12,2.0161482e-14
840.63000,3.9782373e-12,2.0156575e-14
840.64000,3.9746196e-12,2.0149265e-14
840.65000,3.9693408e-12,2.0137369e-14
840.66000,3.9618775e-12,2.0121890e-14
840.67000,3.9528569e-12,2.0106247e-14
840.68000,3.9437084e-12,2.0093857e-14
840.69000,3.9358718e-12,2.0086373e-14
840.70000,3.9301384e-12,2.0083788e-14
840.71000,3.9262528e-12,2.0085094e-14
840.72000,3.9241346e-12,2.0091984e-14
840.73000,3.9223623e-12,2.0103128e-14
840.74000,3.9202636e-12,2.0119438e-14
840.75000,3.9172825e-12,2.0141025e-14
840.76000,3.9133501e-12,2.0168070e-14
840.77000,3.9090128e-12,2.0200557e-14
840.78000,3.9053279e-12,2.0236675e-14
840.79000,3.9034095e-12,2.0270725e-14
840.80000,3.9038112e-12,2.0292807e-14
840.81000,3.9060731e-12,2.0292721e-14
840.82000,3.9089862e-12,2.0267349e-14
840.83000,3.9114204e-12,2.0222512e-14
840.84000,3.9127930e-12,2.0170847e-14
840.85000,3.9130841e-12,2.0125881e-14
840.86000,3.9125260e-12,2.0096037e-14
840.87000,3.9114111e-12,2.0081541e-14
840.88000,3.9101522e-12,2.0075604e-14
840.89000,3.9098337e-12,2.0069809e-14
840.90000,3.9111749e-12,2.0058806e-14
840.91000,3.9150327e-12,2.0042379e-14
840.92000,3.9213878e-12,2.0025068e-14
840.93000,3.9294408e-12,2.0012275e-14
840.94000,3.9380266e-12,2.0007105e-14
840.95000,3.9460419e-12,2.0009387e-14
840.96000,3.9525525e-12,2.0016320e-14
840.97000,3.9566156e-12,2.0023582e-14
840.98000,3.9571866e-12,2.0026618e-14
840.99000,3.9537204e-12,2.0022939e-14
841.00000,3.9464609e-12,2.0012870e-14
841.01000,3.9366396e-12,1.9998834e-14
841.02000,3.9260526e-12,1.9983534e-14
841.03000,3.9163761e-12,1.9968632e-14
841.04000,3.9086686e-12,1.9954717e-14
841.05000,3.9029650e-12,1.9941741e-14
841.06000,3.8996703e-12,1.9929780e-14
841.07000,3.8973573e-12,1.9917811e-14
841.08000,3.8955021e-12,1.9904877e-14
841.09000,3.8935957e-12,1.9890275e-14
841.10000,3.8915262e-12,1.9874371e-14
841.11000,3.8894532e-12,1.9858394e-14
841.12000,3.8876105e-12,1.9843502e-14
841.13000,3.8862373e-12,1.9830153e-14
841.14000,3.8856081e-12,1.9818332e-14
841.15000,3.8860068e-12,1.9808178e-14
841.16000,3.8875338e-12,1.9800143e-14
841.17000,3.8901512e-12,1.9794915e-14
841.18000,3.8937231e-12,1.9793088e-14
841.19000,3.8979910e-12,1.9794792e-14
841.20000,3.9024439e-12,1.9799266e-14
841.21000,3.9063667e-12,1.9804913e-14
841.22000,3.9094148e-12,1.9810362e-14
841.23000,3.9115860e-12,1.9815324e-14
841.24000,3.9141299e-12,1.9821422e-14
841.25000,3.9178667e-12,1.9830266e-14
841.26000,3.9225582e-12,1.9841529e-14
841.27000,3.9265071e-12,1.9851899e-14
841.28000,3.9274848e-12,1.9856632e-14
841.29000,3.9241694e-12,1.9852585e-14
841.30000,3.9169386e-12,1.9840377e-14
841.31000,3.9075380e-12,1.9824097e-14
841.32000,3.8981555e-12,1.9808980e-14
841.33000,3.8904053e-12,1.9798081e-14
841.34000,3.8850020e-12,1.9791104e-14
841.35000,3.8818575e-12,1.9785358e-14
841.36000,3.8802550e-12,1.9777791e-14
841.37000,3.8791721e-12,1.9766969e-14
841.38000,3.8777884e-12,1.9754084e-14
841.39000,3.8759500e-12,1.9741983e-14
841.40000,3.8740365e-12,1.9737343e-14
841.41000,3.8725874e-12,1.9741842e-14
841.42000,3.8716949e-12,1.9758772e-14
841.43000,3.8708496e-12,1.9788055e-14
841.44000,3.8694365e-12,1.9826643e-14
841.45000,3.8674328e-12,1.9868149e-14
841.46000,3.8656773e-12,1.9903350e-14
841.47000,3.8654749e-12,1.9922717e-14
841.48000,3.8678955e-12,1.9920461e-14
841.49000,3.8731084e-12,1.9898603e-14
841.50000,3.8802602e-12,1.9865743e-14
841.51000,3.8880587e-12,1.9831043e-14
841.52000,3.8953352e-12,1.9800608e-14
841.53000,3.9014679e-12,1.9776723e-14
841.54000,3.9063848e-12,1.9759390e-14
841.55000,3.9102182e-12,1.9747981e-14
841.56000,3.9131081e-12,1.9741209e-14
841.57000,3.9142492e-12,1.9739945e-14
841.58000,3.9138836e-12,1.9741516e-14
841.59000,3.9118054e-12,1.9745565e-14
841.60000,3.9083688e-12,1.9751525e-14
841.61000,3.9040049e-12,1.9758900e-14
841.62000,3.8988797e-12,1.9766584e-14
841.63000,3.8929047e-12,1.9772454e-14
841.64000,3.8861059e-12,1.9773748e-14
841.65000,3.8789626e-12,1.9768072e-14
841.66000,3.8723836e-12,1.9755379e-14
841.67000,3.8672618e-12,1.9738330e-14
841.68000,3.8641397e-12,1.9721186e-14
841.69000,3.8630200e-12,1.9707821e-14
841.70000,3.8633674e-12,1.9700132e-14
841.71000,3.8643191e-12,1.9698196e-14
841.72000,3.8650602e-12,1.9701836e-14
841.73000,3.8652711e-12,1.9710875e-14
841.74000,3.8649223e-12,1.9729456e-14
841.75000,3.8647292e-12,1.9754525e-14
841.76000,3.8652296e-12,1.9783394e-14
841.77000,3.8666437e-12,1.9808629e-14
841.78000,3.8686606e-12,1.9821717e-14
841.79000,3.8706195e-12,1.9817215e-14
841.80000,3.8718824e-12,1.9795668e-14
841.81000,3.8721823e-12,1.9763153e-14
841.82000,3.8718522e-12,1.9728247e-14
841.83000,3.8717777e-12,1.9698405e-14
841.84000,3.8728111e-12,1.9678066e-14
841.85000,3.8751746e-12,1.9668070e-14
841.86000,3.8782511e-12,1.9665092e-14
841.87000,3.8810655e-12,1.9663602e-14
841.88000,3.8830350e-12,1.9660521e-14
841.89000,3.8843133e-12,1.9657361e-14
841.90000,3.8852309e-12,1.9659682e-14
841.91000,3.8862043e-12,1.9665540e-14
841.92000,3.8872591e-12,1.9669222e-14
841.93000,3.8884098e-12,1.9663121e-14
841.94000,3.8899036e-12,1.9647800e-14
841.95000,3.8921728e-12,1.9635304e-14
841.96000,3.8955832e-12,1.9641554e-14
841.97000,3.9002416e-12,1.9673169e-14
841.98000,3.9058938e-12,1.9719224e-14
841.99000,3.9117313e-12,1.9754411e-14
842.00000,3.9164948e-12,1.9755744e-14
842.01000,3.9188716e-12,1.9714913e-14
842.02000,3.9180911e-12,1.9641471e-14
842.03000,3.9142470e-12,1.9556261e-14
842.04000,3.9080338e-12,1.9480630e-14
842.05000,3.9001969e-12,1.9428452e-14
842.06000,3.8913592e-12,1.9400731e-14
842.07000,3.8818280e-12,1.9405495e-14
842.08000,3.8726737e-12,1.9428702e-14
842.09000,3.8650979e-12,1.9468467e-14
842.10000,3.8603240e-12,1.9519598e-14
842.11000,3.8589392e-12,1.9576033e-14
842.12000,3.8606736e-12,1.9630454e-14
842.13000,3.8647554e-12,1.9675165e-14
842.14000,3.8705400e-12,1.9703818e-14
842.15000,3.8778444e-12,1.9712931e-14
842.16000,3.8866188e-12,1.9703094e-14
842.17000,3.8965382e-12,1.9676181e-14
842.18000,3.9067724e-12,1.9634728e-14
842.19000,3.9161904e-12,1.9582019e-14
842.20000,3.9236984e-12,1.9522855e-14
842.21000,3.9284802e-12,1.9464150e-14
842.22000,3.9305460e-12,1.9412411e-14
842.23000,3.9287131e-12,1.9383932e-14
842.24000,3.9246296e-12,1.9378985e-14
842.25000,3.9187504e-12,1.9402745e-14
842.26000,3.9122999e-12,1.9449179e-14
842.27000,3.9067309e-12,1.9503165e-14
842.28000,3.9034118e-12,1.9545006e-14
842.29000,3.9031043e-12,1.9559368e-14
842.30000,3.9055213e-12,1.9543977e-14
842.31000,3.9093896e-12,1.9511796e-14
842.32000,3.9130718e-12,1.9483946e-14
842.33000,3.9155852e-12,1.9473919e-14
842.34000,3.9168121e-12,1.9481051e-14
842.35000,3.9172411e-12,1.9493636e-14
842.36000,3.9175058e-12,1.9498526e-14
842.37000,3.9180668e-12,1.9487388e-14
842.38000,3.9190590e-12,1.9457172e-14
842.39000,3.9206305e-12,1.9376874e-14
842.40000,3.9223495e-12,1.9229880e-14
842.41000,3.9238447e-12,1.8969678e-14
842.42000,3.9246720e-12,1.8566772e-14
842.43000,3.9246356e-12,1.8026915e-14
842.44000,3.9238895e-12,1.7399771e-14
842.45000,3.9227334e-12,1.6762964e-14
842.46000,3.9213089e-12,1.6189401e-14
842.47000,3.9195685e-12,1.5721503e-14
842.48000,3.9176671e-12,1.5356610e-14
842.49000,3.9162775e-12,1.5068823e-14
842.50000,3.9164298e-12,1.4830698e-14
842.51000,3.9189080e-12,1.4623376e-14
842.52000,3.9236327e-12,1.4437855e-14
842.53000,3.9295191e-12,1.4271931e-14
842.54000,3.9351702e-12,1.4124543e-14
842.55000,3.9385365e-12,1.4012792e-14
842.56000,3.9397443e-12,1.3940649e-14
842.57000,3.9388780e-12,1.3940432e-14
842.58000,3.9370789e-12,1.4061949e-14
842.59000,3.9358171e-12,1.4379381e-14
842.60000,3.9363759e-12,1.4980220e-14
842.61000,3.9393573e-12,1.5932691e-14
842.62000,3.9443761e-12,1.7239398e-14
842.63000,3.9501895e-12,1.8805365e-14
842.64000,3.9553251e-12,2.0430957e-14
842.65000,3.9589691e-12,2.1891471e-14
842.66000,3.9611445e-12,2.3001334e-14
842.67000,3.9624140e-12,2.3653315e-14
842.68000,3.9634655e-12,2.3830295e-14
842.69000,3.9648926e-12,2.3594570e-14
842.70000,3.9670052e-12,2.3085880e-14
842.71000,3.9703913e-12,2.2383561e-14
842.72000,3.9744988e-12,2.1677477e-14
842.73000,3.9788560e-12,2.1062876e-14
842.74000,3.9824824e-12,2.0620650e-14
842.75000,3.9842866e-12,2.0400886e-14
842.76000,3.9833578e-12,2.0427553e-14
842.77000,3.9792668e-12,2.0699891e-14
842.78000,3.9723689e-12,2.1187697e-14
842.79000,3.9639264e-12,2.1822973e-14
842.80000,3.9558291e-12,2.2485205e-14
842.81000,3.9496085e-12,2.3028255e-14
842.82000,3.9459140e-12,2.3317098e-14
842.83000,3.9446051e-12,2.3274430e-14
842.84000,3.9452855e-12,2.2913751e-14
842.85000,3.9477476e-12,2.2336863e-14
842.86000,3.9517522e-12,2.1688261e-14
842.87000,3.9577634e-12,2.1155451e-14
842.88000,3.9647164e-12,2.0823336e-14
842.89000,3.9721241e-12,2.0779183e-14
842.90000,3.9793621e-12,2.1031785e-14
842.91000,3.9861319e-12,2.1524043e-14
842.92000,3.9923982e-12,2.2135420e-14
842.93000,3.9981259e-12,2.2699845e-14
842.94000,4.0031213e-12,2.3048747e-14
842.95000,4.0071099e-12,2.3063848e-14
842.96000,4.0100174e-12,2.2754315e-14
842.97000,4.0119658e-12,2.2242580e-14
842.98000,4.0131298e-12,2.1710812e-14
842.99000,4.0136901e-12,2.1336595e-14
843.00000,4.0139417e-12,2.1235717e-14
843.01000,4.0143958e-12,2.1430241e-14
843.02000,4.0154941e-12,2.1830681e-14
843.03000,4.0179912e-12,2.2319954e-14
843.04000,4.0211868e-12,2.2698232e-14
843.05000,4.0243063e-12,2.2826543e-14
843.06000,4.0260274e-12,2.2652768e-14
843.07000,4.0252301e-12,2.2245873e-14
843.08000,4.0214915e-12,2.1770325e-14
843.09000,4.0151656e-12,2.1417198e-14
843.10000,4.0070554e-12,2.1324005e-14
843.11000,3.9979549e-12,2.1522721e-14
843.12000,3.9884182e-12,2.1898788e-14
843.13000,3.9786563e-12,2.2268423e-14
843.14000,3.9688040e-12,2.2455898e-14
843.15000,3.9592366e-12,2.2376178e-14
843.16000,3.9507688e-12,2.2076435e-14
843.17000,3.9445110e-12,2.1710721e-14
843.18000,3.9409214e-12,2.1427881e-14
843.19000,3.9416718e-12,2.1434597e-14
843.20000,3.9450581e-12,2.1639583e-14
843.21000,3.9507634e-12,2.1961193e-14
843.22000,3.9580085e-12,2.2223290e-14
843.23000,3.9662783e-12,2.2285335e-14
843.24000,3.9752200e-12,2.2121639e-14
843.25000,3.9843402e-12,2.1836965e-14
843.26000,3.9927990e-12,2.1606543e-14
843.27000,3.9995034e-12,2.1574832e-14
843.28000,4.0037397e-12,2.1748074e-14
843.29000,4.0054454e-12,2.2010477e-14
843.30000,4.0052895e-12,2.2197927e-14
843.31000,4.0044046e-12,2.2201376e-14
843.32000,4.0039052e-12,2.2033343e-14
843.33000,4.0043707e-12,2.1814525e-14
843.34000,4.0055422e-12,2.1665642e-14
843.35000,4.0063857e-12,2.1726555e-14
843.36000,4.0058358e-12,2.1894984e-14
843.37000,4.0030504e-12,2.2068688e-14
843.38000,3.9980892e-12,2.2120421e-14
843.39000,3.9917482e-12,2.2013322e-14
843.40000,3.9850267e-12,2.1826806e-14
843.41000,3.9785658e-12,2.1696106e-14
843.42000,3.9723803e-12,2.1711133e-14
843.43000,3.9659389e-12,2.1838394e-14
843.44000,3.9585786e-12,2.1956370e-14
843.45000,3.9498434e-12,2.1962067e-14
843.46000,3.9396484e-12,2.1848138e-14
843.47000,3.9282878e-12,2.1701637e-14
843.48000,3.9163637e-12,2.1627355e-14
843.49000,3.9045541e-12,2.1652003e-14
843.50000,3.8940668e-12,2.1748977e-14
843.51000,3.8851613e-12,2.1807482e-14
843.52000,3.8783572e-12,2.1780870e-14
843.53000,3.8735978e-12,2.1701822e-14
843.54000,3.8705055e-12,2.1657981e-14
843.55000,3.8686475e-12,2.1707958e-14
843.56000,3.8677814e-12,2.1822137e-14
843.57000,3.8678680e-12,2.1905883e-14
843.58000,3.8688873e-12,2.1883529e-14
843.59000,3.8705449e-12,2.1780701e-14
843.60000,3.8723628e-12,2.1683534e-14
843.61000,3.8737942e-12,2.1654746e-14
843.62000,3.8744377e-12,2.1681011e-14
843.63000,3.8741681e-12,2.1699400e-14
843.64000,3.8730628e-12,2.1668199e-14
843.65000,3.8712990e-12,2.1604543e-14
843.66000,3.8685281e-12,2.1567931e-14
843.67000,3.8649618e-12,2.1578654e-14
843.68000,3.8605731e-12,2.1618190e-14
843.69000,3.8557715e-12,2.1634538e-14
843.70000,3.8512009e-12,2.1605499e-14
843.71000,3.8474536e-12,2.1562913e-14
843.72000,3.8448543e-12,2.1554265e-14
843.73000,3.8434941e-12,2.1586005e-14
843.74000,3.8433332e-12,2.1613856e-14
843.75000,3.8443272e-12,2.1601540e-14
843.76000,3.8464952e-12,2.1562413e-14
843.77000,3.8498688e-12,2.1538812e-14
843.78000,3.8544005e-12,2.1551243e-14
843.79000,3.8598514e-12,2.1579008e-14
843.80000,3.8657512e-12,2.1594478e-14
843.81000,3.8713651e-12,2.1583473e-14
843.82000,3.8760835e-12,2.1575499e-14
843.83000,3.8793150e-12,2.1586121e-14
843.84000,3.8809278e-12,2.1605787e-14
843.85000,3.8813208e-12,2.1610263e-14
843.86000,3.8812996e-12,2.1595058e-14
843.87000,3.8817862e-12,2.1583059e-14
843.88000,3.8835675e-12,2.1594757e-14
843.89000,3.8871701e-12,2.1621653e-14
843.90000,3.8925450e-12,2.1641303e-14
843.91000,3.8991343e-12,2.1650638e-14
843.92000,3.9059659e-12,2.1663908e-14
843.93000,3.9120417e-12,2.1686853e-14
843.94000,3.9166966e-12,2.1706642e-14
843.95000,3.9196561e-12,2.1710660e-14
843.96000,3.9210911e-12,2.1703786e-14
843.97000,3.9203882e-12,2.1702240e-14
843.98000,3.9182720e-12,2.1709048e-14
843.99000,3.9147409e-12,2.1714645e-14
844.00000,3.9100570e-12,2.1707676e-14
844.01000,3.9044472e-12,2.1690525e-14
844.02000,3.8981266e-12,2.1671421e-14
844.03000,3.8914291e-12,2.1649591e-14
844.04000,3.8849381e-12,2.1618821e-14
844.05000,3.8794212e-12,2.1584032e-14
844.06000,3.8755878e-12,2.1558114e-14
844.07000,3.8738276e-12,2.1545840e-14
844.08000,3.8739792e-12,2.1540926e-14
844.09000,3.8753190e-12,2.1538069e-14
844.10000,3.8768720e-12,2.1538973e-14
844.11000,3.8780351e-12,2.1544883e-14
844.12000,3.8786075e-12,2.1554199e-14
844.13000,3.8794610e-12,2.1563865e-14
844.14000,3.8814874e-12,2.1577939e-14
844.15000,3.8852248e-12,2.1601535e-14
844.16000,3.8903383e-12,2.1630978e-14
844.17000,3.8957205e-12,2.1654912e-14
844.18000,3.9000577e-12,2.1665101e-14
844.19000,3.9024458e-12,2.1660603e-14
844.20000,3.9029160e-12,2.1644044e-14
844.21000,3.9023269e-12,2.1619817e-14
844.22000,3.9019576e-12,2.1596192e-14
844.23000,3.9031410e-12,2.1581758e-14
844.24000,3.9069099e-12,2.1579208e-14
844.25000,3.9137432e-12,2.1586283e-14
844.26000,3.9231543e-12,2.1600077e-14
844.27000,3.9353076e-12,2.1622267e-14
844.28000,3.9483529e-12,2.1647806e-14
844.29000,3.9614402e-12,2.1673496e-14
844.30000,3.9735145e-12,2.1696585e-14
844.31000,3.9836695e-12,2.1716265e-14
844.32000,3.9912291e-12,2.1731099e-14
844.33000,3.9959152e-12,2.1739557e-14
844.34000,3.9979827e-12,2.1743329e-14
844.35000,3.9983313e-12,2.1747074e-14
844.36000,3.9981621e-12,2.1754431e-14
844.37000,3.9985019e-12,2.1767391e-14
844.38000,3.9998802e-12,2.1786348e-14
844.39000,4.0021107e-12,2.1808017e-14
844.40000,4.0043293e-12,2.1825285e-14
844.41000,4.0055986e-12,2.1833071e-14
844.42000,4.0037286e-12,2.1821655e-14
844.43000,3.9987263e-12,2.1796950e-14
844.44000,3.9896903e-12,2.1759719e-14
844.45000,3.9766692e-12,2.1715016e-14
844.46000,3.9603009e-12,2.1668157e-14
844.47000,3.9416062e-12,2.1622378e-14
844.48000,3.9216090e-12,2.1578527e-14
844.49000,3.9010206e-12,2.1536304e-14
844.50000,3.8802552e-12,2.1494661e-14
844.51000,3.8597136e-12,2.1452527e-14
844.52000,3.8400758e-12,2.1410135e-14
844.53000,3.8222905e-12,2.1368779e-14
844.54000,3.8072294e-12,2.1329361e-14
844.55000,3.7952131e-12,2.1291721e-14
844.56000,3.7854597e-12,2.1254702e-14
844.57000,3.7765776e-12,2.1213985e-14
844.58000,3.7654218e-12,2.1164593e-14
844.59000,3.7479368e-12,2.1096474e-14
844.60000,3.7188077e-12,2.0996040e-14
844.61000,3.6717649e-12,2.0846023e-14
844.62000,3.6005131e-12,2.0628337e-14
844.63000,3.5009069e-12,2.0330535e-14
844.64000,3.3739500e-12,1.9954359e-14
844.65000,3.2301822e-12,1.9529215e-14
844.66000,3.0890945e-12,1.9112053e-14
844.67000,2.9736770e-12,1.8771522e-14
844.68000,2.9040510e-12,1.8567988e-14
844.69000,2.8915107e-12,1.8534701e-14
844.70000,2.9366236e-12,1.8671671e-14
844.71000,3.0262278e-12,1.8937973e-14
844.72000,3.1626946e-12,1.9336057e-14
844.73000,3.3173941e-12,1.9782337e-14
844.74000,3.4792337e-12,2.0244278e-14
844.75000,3.6322065e-12,2.0677546e-14
844.76000,3.7627470e-12,2.1045458e-14
844.77000,3.8629781e-12,2.1326782e-14
844.78000,3.9323026e-12,2.1519808e-14
844.79000,3.9756365e-12,2.1637948e-14
844.80000,4.0010595e-12,2.1703990e-14
844.81000,4.0156320e-12,2.1738649e-14
844.82000,4.0237394e-12,2.1755570e-14
844.83000,4.0278718e-12,2.1762943e-14
844.84000,4.0295117e-12,2.1765503e-14
844.85000,4.0298008e-12,2.1766231e-14
844.86000,4.0296720e-12,2.1766860e-14
844.87000,4.0298065e-12,2.1768288e-14
844.88000,4.0301438e-12,2.1769647e-14
844.89000,4.0302224e-12,2.1769606e-14
844.90000,4.0293073e-12,2.1766785e-14
844.91000,4.0269277e-12,2.1760710e-14
844.92000,4.0232196e-12,2.1752015e-14
844.93000,4.0189029e-12,2.1741979e-14
844.94000,4.0149147e-12,2.1731891e-14
844.95000,4.0118313e-12,2.1722571e-14
844.96000,4.0095782e-12,2.1714260e-14
844.97000,4.0076723e-12,2.1706912e-14
844.98000,4.0056232e-12,2.1700443e-14
844.99000,4.0031950e-12,2.1694840e-14
845.00000,4.0003462e-12,2.1689962e-14
845.01000,3.9970798e-12,2.1685284e-14
845.02000,3.9928551e-12,2.1679099e-14
845.03000,3.9876224e-12,2.1670239e-14
845.04000,3.9810686e-12,2.1657179e-14
845.05000,3.9732457e-12,2.1639589e-14
845.06000,3.9643906e-12,2.1618370e-14
845.07000,3.9548377e-12,2.1595486e-14
845.08000,3.9451095e-12,2.1573689e-14
845.09000,3.9361525e-12,2.1556316e-14
845.10000,3.9292090e-12,2.1545903e-14
845.11000,3.9255264e-12,2.1543675e-14
845.12000,3.9260405e-12,2.1549378e-14
845.13000,3.9311382e-12,2.1561712e-14
845.14000,3.9405123e-12,2.1578883e-14
845.15000,3.9528678e-12,2.1598738e-14
845.16000,3.9671866e-12,2.1619393e-14
845.17000,3.9809977e-12,2.1638432e-14
845.18000,3.9927144e-12,2.1653889e-14
845.19000,4.0012280e-12,2.1664470e-14
845.20000,4.0063556e-12,2.1670059e-14
845.21000,4.0087222e-12,2.1671756e-14
845.22000,4.0092988e-12,2.1671241e-14
845.23000,4.0088368e-12,2.1669728e-14
845.24000,4.0075078e-12,2.1667215e-14
845.25000,4.0049662e-12,2.1662681e-14
845.26000,4.0006300e-12,2.1654871e-14
845.27000,3.9940632e-12,2.1643078e-14
845.28000,3.9852769e-12,2.1627571e-14
845.29000,3.9748820e-12,2.1609537e-14
845.30000,3.9638958e-12,2.1590491e-14
845.31000,3.9536497e-12,2.1571500e-14
845.32000,3.9445969e-12,2.1552692e-14
845.33000,3.9369151e-12,2.1533737e-14
845.34000,3.9301794e-12,2.1514674e-14
845.35000,3.9239474e-12,2.1496670e-14
845.36000,3.9181143e-12,2.1481609e-14
845.37000,3.9128743e-12,2.1470755e-14
845.38000,3.9084529e-12,2.1463767e-14
845.39000,3.9048959e-12,2.1458909e-14
845.40000,3.9022171e-12,2.1455003e-14
845.41000,3.9005408e-12,2.1452427e-14
845.42000,3.8999725e-12,2.1452346e-14
845.43000,3.9003587e-12,2.1455068e-14
845.44000,3.9012052e-12,2.1459094e-14
845.45000,3.9019530e-12,2.1462187e-14
845.46000,3.9018144e-12,2.1460212e-14
845.47000,3.9008487e-12,2.1453240e-14
845.48000,3.8991047e-12,2.1440830e-14
845.49000,3.8970493e-12,2.1424770e-14
845.50000,3.8953064e-12,2.1408114e-14
845.51000,3.8944325e-12,2.1394404e-14
845.52000,3.8946972e-12,2.1386484e-14
845.53000,3.8959856e-12,2.1385392e-14
845.54000,3.8978030e-12,2.1389343e-14
845.55000,3.8995965e-12,2.1395339e-14
845.56000,3.9008839e-12,2.1400351e-14
845.57000,3.9013505e-12,2.1402488e-14
845.58000,3.9009127e-12,2.1401567e-14
845.59000,3.8998171e-12,2.1398950e-14
845.60000,3.8984002e-12,2.1396822e-14
845.61000,3.8973012e-12,2.1396656e-14
845.62000,3.8969265e-12,2.1398911e-14
845.63000,3.8974127e-12,2.1402406e-14
845.64000,3.8986927e-12,2.1405473e-14
845.65000,3.9007932e-12,2.1407466e-14
845.66000,3.9040367e-12,2.1409443e-14
845.67000,3.9089490e-12,2.1413475e-14
845.68000,3.9157662e-12,2.1420981e-14
845.69000,3.9242499e-12,2.1432046e-14
845.70000,3.9339036e-12,2.1446264e-14
845.71000,3.9442007e-12,2.1463415e-14
845.72000,3.9545989e-12,2.1483089e-14
845.73000,3.9643371e-12,2.1503594e-14
845.74000,3.9727027e-12,2.1522376e-14
845.75000,3.9774802e-12,2.1533241e-14
845.76000,3.9788655e-12,2.1535806e-14
845.77000,3.9761892e-12,2.1528742e-14
845.78000,3.9698358e-12,2.1514017e-14
845.79000,3.9605936e-12,2.1494604e-14
845.80000,3.9493303e-12,2.1472824e-14
845.81000,3.9368282e-12,2.1449529e-14
845.82000,3.9238480e-12,2.1424539e-14
845.83000,3.9111737e-12,2.1397947e-14
845.84000,3.8995298e-12,2.1370759e-14
845.85000,3.8895388e-12,2.1344753e-14
845.86000,3.8817223e-12,2.1321901e-14
845.87000,3.8765886e-12,2.1304205e-14
845.88000,3.8742014e-12,2.1292778e-14
845.89000,3.8765580e-12,2.1295212e-14
845.90000,3.8825019e-12,2.1311304e-14
845.91000,3.8922474e-12,2.1345860e-14
845.92000,3.9045150e-12,2.1398684e-14
845.93000,3.9170820e-12,2.1464121e-14
845.94000,3.9274019e-12,2.1531599e-14
845.95000,3.9335860e-12,2.1589223e-14
845.96000,3.9349914e-12,2.1627459e-14
845.97000,3.9326223e-12,2.1643200e-14
845.98000,3.9278263e-12,2.1636335e-14
845.99000,3.9216377e-12,2.1608017e-14
846.00000,3.9145337e-12,2.1561328e-14
846.01000,3.9066592e-12,2.1502771e-14
846.02000,3.8982763e-12,2.1440948e-14
846.03000,3.8900765e-12,2.1387218e-14
846.04000,3.8830800e-12,2.1344981e-14
846.05000,3.8785068e-12,2.1317224e-14
846.06000,3.8770536e-12,2.1302096e-14
846.07000,3.8784102e-12,2.1295632e-14
846.08000,3.8812296e-12,2.1293456e-14
846.09000,3.8836762e-12,2.1292128e-14
846.10000,3.8841819e-12,2.1289726e-14
846.11000,3.8822062e-12,2.1285669e-14
846.12000,3.8782420e-12,2.1280008e-14
846.13000,3.8732753e-12,2.1273045e-14
846.14000,3.8682962e-12,2.1265429e-14
846.15000,3.8639512e-12,2.1258040e-14
846.16000,3.8603701e-12,2.1251431e-14
846.17000,3.8578499e-12,2.1246244e-14
846.18000,3.8560014e-12,2.1241840e-14
846.19000,3.8548829e-12,2.1237905e-14
846.20000,3.8544034e-12,2.1233779e-14
846.21000,3.8543013e-12,2.1228596e-14
846.22000,3.8541225e-12,2.1221477e-14
846.23000,3.8534171e-12,2.1212051e-14
846.24000,3.8520460e-12,2.1200931e-14
846.25000,3.8503827e-12,2.1189757e-14
846.26000,3.8490581e-12,2.1180312e-14
846.27000,3.8484796e-12,2.1173661e-14
846.28000,3.8485492e-12,2.1169795e-14
846.29000,3.8487375e-12,2.1167844e-14
846.30000,3.8484447e-12,2.1166681e-14
846.31000,3.8474484e-12,2.1165519e-14
846.32000,3.8453724e-12,2.1163535e-14
846.33000,3.8426036e-12,2.1160322e-14
846.34000,3.8390677e-12,2.1154857e-14
846.35000,3.8348606e-12,2.1146420e-14
846.36000,3.8304675e-12,2.1135576e-14
846.37000,3.8269325e-12,2.1124783e-14
846.38000,3.8255424e-12,2.1117598e-14
846.39000,3.8270430e-12,2.1116588e-14
846.40000,3.8309044e-12,2.1121281e-14
846.41000,3.8358331e-12,2.1129245e-14
846.42000,3.8404925e-12,2.1137811e-14
846.43000,3.8441775e-12,2.1145501e-14
846.44000,3.8469728e-12,2.1152210e-14
846.45000,3.8494077e-12,2.1158481e-14
846.46000,3.8521297e-12,2.1164836e-14
846.47000,3.8553088e-12,2.1171333e-14
846.48000,3.8588657e-12,2.1177557e-14
846.49000,3.8623587e-12,2.1182437e-14
846.50000,3.8652530e-12,2.1184349e-14
846.51000,3.8671709e-12,2.1181665e-14
846.52000,3.8680637e-12,2.1173697e-14
846.53000,3.8682400e-12,2.1161582e-14
846.54000,3.8681989e-12,2.1148237e-14
846.55000,3.8682917e-12,2.1136601e-14
846.56000,3.8685636e-12,2.1128364e-14
846.57000,3.8686847e-12,2.1123165e-14
846.58000,3.8680023e-12,2.1118787e-14
846.59000,3.8660202e-12,2.1112829e-14
846.60000,3.8612576e-12,2.1101275e-14
846.61000,3.8543457e-12,2.1085231e-14
846.62000,3.8453145e-12,2.1065241e-14
846.63000,3.8349303e-12,2.1043392e-14
846.64000,3.8239848e-12,2.1021177e-14
846.65000,3.8129505e-12,2.0998885e-14
846.66000,3.8019760e-12,2.0976363e-14
846.67000,3.7911958e-12,2.0954335e-14
846.68000,3.7809782e-12,2.0934648e-14
846.69000,3.7718962e-12,2.0919343e-14
846.70000,3.7645100e-12,2.0909597e-14
846.71000,3.7591658e-12,2.0905162e-14
846.72000,3.7559043e-12,2.0904499e-14
846.73000,3.7542893e-12,2.0905502e-14
846.74000,3.7545279e-12,2.0906482e-14
846.75000,3.7557333e-12,2.0906874e-14
846.76000,3.7578763e-12,2.0907211e-14
846.77000,3.7608819e-12,2.0908793e-14
846.78000,3.7646793e-12,2.0912823e-14
846.79000,3.7690239e-12,2.0919814e-14
846.80000,3.7733962e-12,2.0929438e-14
846.81000,3.7770267e-12,2.0940517e-14
846.82000,3.7791791e-12,2.0950970e-14
846.83000,3.7792954e-12,2.0957872e-14
846.84000,3.7771244e-12,2.0957708e-14
846.85000,3.7728153e-12,2.0947648e-14
846.86000,3.7669506e-12,2.0927310e-14
846.87000,3.7604166e-12,2.0900095e-14
846.88000,3.7543719e-12,2.0870838e-14
846.89000,3.7495839e-12,2.0846290e-14
846.90000,3.7468209e-12,2.0831172e-14
846.91000,3.7464430e-12,2.0827035e-14
846.92000,3.7484721e-12,2.0832004e-14
846.93000,3.7526270e-12,2.0842092e-14
846.94000,3.7584231e-12,2.0853368e-14
846.95000,3.7652739e-12,2.0863756e-14
846.96000,3.7727061e-12,2.0873425e-14
846.97000,3.7805376e-12,2.0883464e-14
846.98000,3.7887918e-12,2.0894819e-14
846.99000,3.7974766e-12,2.0907920e-14
847.00000,3.8063164e-12,2.0922545e-14
847.01000,3.8148049e-12,2.0937711e-14
847.02000,3.8214935e-12,2.0950737e-14
847.03000,3.8260341e-12,2.0959814e-14
847.04000,3.8277082e-12,2.0963015e-14
847.05000,3.8266142e-12,2.0960758e-14
847.06000,3.8233979e-12,2.0955566e-14
847.07000,3.8189548e-12,2.0950614e-14
847.08000,3.8140930e-12,2.0947740e-14
847.09000,3.8093803e-12,2.0946278e-14
847.10000,3.8051903e-12,2.0944308e-14
847.11000,3.8019185e-12,2.0940876e-14
847.12000,3.8000115e-12,2.0937013e-14
847.13000,3.7997812e-12,2.0935063e-14
847.14000,3.8010118e-12,2.0936489e-14
847.15000,3.8036770e-12,2.0943726e-14
847.16000,3.8065811e-12,2.0953911e-14
847.17000,3.8090075e-12,2.0964918e-14
847.18000,3.8102871e-12,2.0972808e-14
847.19000,3.8101664e-12,2.0973716e-14
847.20000,3.8088947e-12,2.0965588e-14
847.21000,3.8071753e-12,2.0949664e-14
847.22000,3.8061102e-12,2.0930830e-14
847.23000,3.8069662e-12,2.0916306e-14
847.24000,3.8107912e-12,2.0912197e-14
847.25000,3.8180004e-12,2.0921395e-14
847.26000,3.8280621e-12,2.0942612e-14
847.27000,3.8396762e-12,2.0971258e-14
847.28000,3.8515169e-12,2.1002040e-14
847.29000,3.8622965e-12,2.1029806e-14
847.30000,3.8720214e-12,2.1053693e-14
847.31000,3.8805428e-12,2.1073358e-14
847.32000,3.8877116e-12,2.1089544e-14
847.33000,3.8930402e-12,2.1102295e-14
847.34000,3.8960100e-12,2.1110712e-14
847.35000,3.8965704e-12,2.1113736e-14
847.36000,3.8953410e-12,2.1111050e-14
847.37000,3.8934377e-12,2.1104161e-14
847.38000,3.8916954e-12,2.1095428e-14
847.39000,3.8904437e-12,2.1087507e-14
847.40000,3.8895513e-12,2.1082534e-14
847.41000,3.8887489e-12,2.1081547e-14
847.42000,3.8879637e-12,2.1083909e-14
847.43000,3.8876794e-12,2.1089105e-14
847.44000,3.8883592e-12,2.1094227e-14
847.45000,3.8906460e-12,2.1097584e-14
847.46000,3.8947181e-12,2.1098358e-14
847.47000,3.9001748e-12,2.1097269e-14
847.48000,3.9061338e-12,2.1095986e-14
847.49000,3.9115076e-12,2.1096058e-14
847.50000,3.9154162e-12,2.1098187e-14
847.51000,3.9176262e-12,2.1102302e-14
847.52000,3.9184563e-12,2.1107972e-14
847.53000,3.9184613e-12,2.1114141e-14
847.54000,3.9180080e-12,2.1118996e-14
847.55000,3.9171854e-12,2.1121193e-14
847.56000,3.9156773e-12,2.1118651e-14
847.57000,3.9137423e-12,2.1113982e-14
847.58000,3.9116272e-12,2.1109117e-14
847.59000,3.9097610e-12,2.1106279e-14
847.60000,3.9083681e-12,2.1106040e-14
847.61000,3.9073828e-12,2.1107337e-14
847.62000,3.9066612e-12,2.1108745e-14
847.63000,3.9062329e-12,2.1109653e-14
847.64000,3.9062518e-12,2.1110396e-14
847.65000,3.9068114e-12,2.1111553e-14
847.66000,3.9079200e-12,2.1113919e-14
847.67000,3.9096439e-12,2.1118991e-14
847.68000,3.9121382e-12,2.1128713e-14
847.69000,3.9153347e-12,2.1143349e-14
847.70000,3.9189916e-12,2.1162999e-14
847.71000,3.9221807e-12,2.1181986e-14
847.72000,3.9241119e-12,2.1195565e-14
847.73000,3.9244066e-12,2.1199968e-14
847.74000,3.9232834e-12,2.1194684e-14
847.75000,3.9211989e-12,2.1182154e-14
847.76000,3.9183377e-12,2.1165902e-14
847.77000,3.9144578e-12,2.1148746e-14
847.78000,3.9093232e-12,2.1132054e-14
847.79000,3.9030736e-12,2.1116282e-14
847.80000,3.8962940e-12,2.1101388e-14
847.81000,3.8897039e-12,2.1086691e-14
847.82000,3.8837113e-12,2.1071391e-14
847.83000,3.8789832e-12,2.1055269e-14
847.84000,3.8754004e-12,2.1040734e-14
847.85000,3.8734637e-12,2.1031738e-14
847.86000,3.8735286e-12,2.1032408e-14
847.87000,3.8756069e-12,2.1044330e-14
847.88000,3.8791218e-12,2.1065116e-14
847.89000,3.8830360e-12,2.1088995e-14
847.90000,3.8862407e-12,2.1108564e-14
847.91000,3.8880500e-12,2.1117863e-14
847.92000,3.8882367e-12,2.1114178e-14
847.93000,3.8868485e-12,2.1098314e-14
847.94000,3.8841715e-12,2.1074176e-14
847.95000,3.8808150e-12,2.1047457e-14
847.96000,3.8775659e-12,2.1022926e-14
847.97000,3.8759869e-12,2.1007681e-14
847.98000,3.8764329e-12,2.1000827e-14
847.99000,3.8795445e-12,2.1003114e-14
848.00000,3.8851824e-12,2.1012336e-14
848.01000,3.8927139e-12,2.1025562e-14
848.02000,3.9010912e-12,2.1040066e-14
848.03000,3.9088151e-12,2.1053503e-14
848.04000,3.9140096e-12,2.1063690e-14
848.05000,3.9151670e-12,2.1068998e-14
848.06000,3.9117122e-12,2.1068680e-14
848.07000,3.9044631e-12,2.1063281e-14
848.08000,3.8954350e-12,2.1054454e-14
848.09000,3.8867295e-12,2.1044320e-14
848.10000,3.8810706e-12,2.1035473e-14
848.11000,3.8782394e-12,2.1029510e-14
848.12000,3.8782280e-12,2.1028035e-14
848.13000,3.8798697e-12,2.1031105e-14
848.14000,3.8817654e-12,2.1036773e-14
848.15000,3.8827228e-12,2.1041278e-14
848.16000,3.8820070e-12,2.1040429e-14
848.17000,3.8793994e-12,2.1031299e-14
848.18000,3.8754262e-12,2.1014747e-14
848.19000,3.8709884e-12,2.0994112e-14
848.20000,3.8672622e-12,2.0974104e-14
848.21000,3.8655066e-12,2.0959386e-14
848.22000,3.8668298e-12,2.0953535e-14
848.23000,3.8713770e-12,2.0956914e-14
848.24000,3.8804655e-12,2.0973151e-14
848.25000,3.8918185e-12,2.0996092e-14
848.26000,3.9041883e-12,2.1022976e-14
848.27000,3.9155737e-12,2.1049046e-14
848.28000,3.9243762e-12,2.1070212e-14
848.29000,3.9299131e-12,2.1084308e-14
848.30000,3.9324100e-12,2.1091428e-14
848.31000,3.9328358e-12,2.1093784e-14
848.32000,3.9321247e-12,2.1093688e-14
848.33000,3.9308778e-12,2.1092498e-14
848.34000,3.9293481e-12,2.1090411e-14
848.35000,3.9275248e-12,2.1086841e-14
848.36000,3.9253343e-12,2.1081464e-14
848.37000,3.9223501e-12,2.1073235e-14
848.38000,3.9186917e-12,2.1063392e-14
848.39000,3.9142592e-12,2.1052164e-14
848.40000,3.9091879e-12,2.1039941e-14
848.41000,3.9037584e-12,2.1027047e-14
848.42000,3.8984219e-12,2.1014017e-14
848.43000,3.8938799e-12,2.1001688e-14
848.44000,3.8910667e-12,2.0991277e-14
848.45000,3.8908096e-12,2.0984594e-14
848.46000,3.8935601e-12,2.0984027e-14
848.47000,3.8990917e-12,2.0991177e-14
848.48000,3.9064555e-12,2.1004974e-14
848.49000,3.9143394e-12,2.1021524e-14
848.50000,3.9209448e-12,2.1034829e-14
848.51000,3.9256706e-12,2.1042883e-14
848.52000,3.9280130e-12,2.1045809e-14
848.53000,3.9283976e-12,2.1047282e-14
848.54000,3.9277220e-12,2.1050914e-14
848.55000,3.9269203e-12,2.1057647e-14
848.56000,3.9265812e-12,2.1065878e-14
848.57000,3.9267016e-12,2.1073824e-14
848.58000,3.9266975e-12,2.1081698e-14
848.59000,3.9258320e-12,2.1090895e-14
848.60000,3.9236840e-12,2.1101523e-14
848.61000,3.9204699e-12,2.1110671e-14
848.62000,3.9168943e-12,2.1114463e-14
848.63000,3.9139784e-12,2.1103682e-14
848.64000,3.9119830e-12,2.1080900e-14
848.65000,3.9109431e-12,2.1046961e-14
848.66000,3.9104186e-12,2.1008241e-14
848.67000,3.9099650e-12,2.0971952e-14
848.68000,3.9093477e-12,2.0942887e-14
848.69000,3.9084326e-12,2.0922031e-14
848.70000,3.9068982e-12,2.0907905e-14
848.71000,3.9042557e-12,2.0898789e-14
848.72000,3.9001099e-12,2.0895270e-14
848.73000,3.8945867e-12,2.0899407e-14
848.74000,3.8885309e-12,2.0912721e-14
848.75000,3.8830528e-12,2.0933501e-14
848.76000,3.8802365e-12,2.0959240e-14
848.77000,3.8801415e-12,2.0982657e-14
848.78000,3.8832973e-12,2.0998823e-14
848.79000,3.8892612e-12,2.1005360e-14
848.80000,3.8971229e-12,2.1003588e-14
848.81000,3.9056577e-12,2.0996957e-14
848.82000,3.9134848e-12,2.0988700e-14
848.83000,3.9192746e-12,2.0980699e-14
848.84000,3.9224866e-12,2.0973974e-14
848.85000,3.9233013e-12,2.0969726e-14
848.86000,3.9223269e-12,2.0969379e-14
848.87000,3.9200967e-12,2.0973744e-14
848.88000,3.9167648e-12,2.0982287e-14
848.89000,3.9123577e-12,2.0992993e-14
848.90000,3.9060570e-12,2.1001860e-14
848.91000,3.8982811e-12,2.1004579e-14
848.92000,3.8889660e-12,2.0995303e-14
848.93000,3.8786760e-12,2.0969778e-14
848.94000,3.8685606e-12,2.0927870e-14
848.95000,3.8603324e-12,2.0875402e-14
848.96000,3.8560544e-12,2.0823700e-14
848.97000,3.8568401e-12,2.0784871e-14
848.98000,3.8625115e-12,2.0766064e-14
848.99000,3.8714237e-12,2.0767257e-14
849.00000,3.8808753e-12,2.0781952e-14
849.01000,3.8880194e-12,2.0800926e-14
849.02000,3.8915870e-12,2.0817798e-14
849.03000,3.8895417e-12,2.0828049e-14
849.04000,3.8847651e-12,2.0835420e-14
849.05000,3.8787940e-12,2.0842356e-14
849.06000,3.8734987e-12,2.0850183e-14
849.07000,3.8697068e-12,2.0857493e-14
849.08000,3.8672294e-12,2.0861900e-14
849.09000,3.8655819e-12,2.0862185e-14
849.10000,3.8646719e-12,2.0859514e-14
849.11000,3.8649990e-12,2.0855862e-14
849.12000,3.8671589e-12,2.0852675e-14
849.13000,3.8713028e-12,2.0849935e-14
849.14000,3.8768928e-12,2.0846144e-14
849.15000,3.8829585e-12,2.0839966e-14
849.16000,3.8880977e-12,2.0829228e-14
849.17000,3.8916961e-12,2.0816065e-14
849.18000,3.8930792e-12,2.0801527e-14
849.19000,3.8919826e-12,2.0786194e-14
849.20000,3.8882726e-12,2.0768946e-14
849.21000,3.8819250e-12,2.0748174e-14
849.22000,3.8730846e-12,2.0723792e-14
849.23000,3.8624974e-12,2.0698473e-14
849.24000,3.8511583e-12,2.0675640e-14
849.25000,3.8401786e-12,2.0657858e-14
849.26000,3.8304903e-12,2.0646254e-14
849.27000,3.8226465e-12,2.0640863e-14
849.28000,3.8165621e-12,2.0640318e-14
849.29000,3.8129399e-12,2.0644302e-14
849.30000,3.8109851e-12,2.0649175e-14
849.31000,3.8108582e-12,2.0653232e-14
849.32000,3.8124659e-12,2.0655936e-14
849.33000,3.8156487e-12,2.0658609e-14
849.34000,3.8201256e-12,2.0663217e-14
849.35000,3.8254060e-12,2.0670649e-14
849.36000,3.8306695e-12,2.0679409e-14
849.37000,3.8350177e-12,2.0686655e-14
849.38000,3.8376890e-12,2.0689467e-14
849.39000,3.8383012e-12,2.0686113e-14
849.40000,3.8371246e-12,2.0677262e-14
849.41000,3.8338590e-12,2.0662585e-14
849.42000,3.8295103e-12,2.0645853e-14
849.43000,3.8241899e-12,2.0628421e-14
849.44000,3.8181455e-12,2.0611560e-14
849.45000,3.8116136e-12,2.0595633e-14
849.46000,3.8048485e-12,2.0580061e-14
849.47000,3.7980538e-12,2.0563495e-14
849.48000,3.7913118e-12,2.0544438e-14
849.49000,3.7846613e-12,2.0522733e-14
849.50000,3.7783217e-12,2.0500084e-14
849.51000,3.7728049e-12,2.0479769e-14
849.52000,3.7687673e-12,2.0465404e-14
849.53000,3.7663968e-12,2.0458306e-14
849.54000,3.7663429e-12,2.0462272e-14
849.55000,3.7672436e-12,2.0471772e-14
849.56000,3.7682383e-12,2.0483352e-14
849.57000,3.7680954e-12,2.0490783e-14
849.58000,3.7658497e-12,2.0488361e-14
849.59000,3.7610443e-12,2.0473129e-14
849.60000,3.7537380e-12,2.0445759e-14
849.61000,3.7444639e-12,2.0410107e-14
849.62000,3.7340149e-12,2.0370851e-14
849.63000,3.7231142e-12,2.0331284e-14
849.64000,3.7123661e-12,2.0293328e-14
849.65000,3.7021713e-12,2.0257922e-14
849.66000,3.6925511e-12,2.0224896e-14
849.67000,3.6833421e-12,2.0194165e-14
849.68000,3.6738069e-12,2.0163261e-14
849.69000,3.6633867e-12,2.0130459e-14
849.70000,3.6520562e-12,2.0095175e-14
849.71000,3.6407819e-12,2.0059563e-14
849.72000,3.6314363e-12,2.0028491e-14
849.73000,3.6262948e-12,2.0008283e-14
849.74000,3.6267666e-12,2.0003212e-14
849.75000,3.6326124e-12,2.0012999e-14
849.76000,3.6419702e-12,2.0032889e-14
849.77000,3.6516119e-12,2.0054776e-14
849.78000,3.6577220e-12,2.0069398e-14
849.79000,3.6581573e-12,2.0071244e-14
849.80000,3.6478776e-12,2.0046862e-14
849.81000,3.6306360e-12,2.0003730e-14
849.82000,3.6084279e-12,1.9946022e-14
849.83000,3.5867303e-12,1.9889307e-14
849.84000,3.5719330e-12,1.9853771e-14
849.85000,3.5691510e-12,1.9855730e-14
849.86000,3.5804574e-12,1.9899985e-14
849.87000,3.6022711e-12,1.9971975e-14
849.88000,3.6284665e-12,2.0049821e-14
849.89000,3.6527278e-12,2.0113465e-14
849.90000,3.6707769e-12,2.0151623e-14
849.91000,3.6821508e-12,2.0166039e-14
849.92000,3.6855553e-12,2.0155536e-14
849.93000,3.6857460e-12,2.0137255e-14
849.94000,3.6845412e-12,2.0118798e-14
849.95000,3.6838588e-12,2.0107518e-14
849.96000,3.6842652e-12,2.0105757e-14
849.97000,3.6849095e-12,2.0110408e-14
849.98000,3.6841243e-12,2.0114894e-14
849.99000,3.6806169e-12,2.0113017e-14
850.00000,3.6748372e-12,2.0103481e-14
850.01000,3.6685904e-12,2.0089292e-14
850.02000,3.6639482e-12,2.0074912e-14
850.03000,3.6619412e-12,2.0062973e-14
850.04000,3.6619082e-12,2.0052931e-14
850.05000,3.6625335e-12,2.0042029e-14
850.06000,3.6620835e-12,2.0028251e-14
850.07000,3.6598634e-12,2.0011208e-14
850.08000,3.6563279e-12,1.9993585e-14
850.09000,3.6526572e-12,1.9980024e-14
850.10000,3.6500334e-12,1.9975408e-14
850.11000,3.6492606e-12,1.9983571e-14
850.12000,3.6506456e-12,2.0004964e-14
850.13000,3.6541972e-12,2.0036056e-14
850.14000,3.6596972e-12,2.0070259e-14
850.15000,3.6665154e-12,2.0099929e-14
850.16000,3.6735655e-12,2.0119635e-14
850.17000,3.6798099e-12,2.0129579e-14
850.18000,3.6832169e-12,2.0129306e-14
850.19000,3.6839424e-12,2.0125786e-14
850.20000,3.6817035e-12,2.0120831e-14
850.21000,3.6774291e-12,2.0114995e-14
850.22000,3.6727397e-12,2.0108078e-14
850.23000,3.6693999e-12,2.0100856e-14
850.24000,3.6686709e-12,2.0095048e-14
850.25000,3.6703515e-12,2.0091284e-14
850.26000,3.6732086e-12,2.0088363e-14
850.27000,3.6755098e-12,2.0084126e-14
850.28000,3.6757681e-12,2.0076775e-14
850.29000,3.6736355e-12,2.0065994e-14
850.30000,3.6683018e-12,2.0050323e-14
850.31000,3.6615308e-12,2.0031941e-14
850.32000,3.6540372e-12,2.0011618e-14
850.33000,3.6467927e-12,1.9991106e-14
850.34000,3.6405665e-12,1.9972297e-14
850.35000,3.6360421e-12,1.9957022e-14
850.36000,3.6340111e-12,1.9947203e-14
850.37000,3.6351651e-12,1.9944501e-14
850.38000,3.6396326e-12,1.9949499e-14
850.39000,3.6468234e-12,1.9961352e-14
850.40000,3.6553781e-12,1.9977480e-14
850.41000,3.6635684e-12,1.9994221e-14
850.42000,3.6702952e-12,2.0008821e-14
850.43000,3.6740681e-12,2.0017792e-14
850.44000,3.6762623e-12,2.0023503e-14
850.45000,3.6778016e-12,2.0028238e-14
850.46000,3.6799059e-12,2.0035935e-14
850.47000,3.6828547e-12,2.0049377e-14
850.48000,3.6856731e-12,2.0068400e-14
850.49000,3.6866174e-12,2.0089411e-14
850.50000,3.6847392e-12,2.0106862e-14
850.51000,3.6804676e-12,2.0116397e-14
850.52000,3.6753935e-12,2.0116502e-14
850.53000,3.6714173e-12,2.0108942e-14
850.54000,3.6694930e-12,2.0097606e-14
850.55000,3.6710474e-12,2.0086471e-14
850.56000,3.6744899e-12,2.0078154e-14
850.57000,3.6790959e-12,2.0073850e-14
850.58000,3.6835632e-12,2.0073043e-14
850.59000,3.6867795e-12,2.0074196e-14
850.60000,3.6881553e-12,2.0075436e-14
850.61000,3.6879074e-12,2.0075401e-14
850.62000,3.6873327e-12,2.0074368e-14
850.63000,3.6883343e-12,2.0074568e-14
850.64000,3.6926751e-12,2.0079263e-14
850.65000,3.7012126e-12,2.0091161e-14
850.66000,3.7134264e-12,2.0110817e-14
850.67000,3.7275641e-12,2.0135682e-14
850.68000,3.7412716e-12,2.0161958e-14
850.69000,3.7527366e-12,2.0184421e-14
850.70000,3.7607726e-12,2.0199334e-14
850.71000,3.7654852e-12,2.0205475e-14
850.72000,3.7678621e-12,2.0204260e-14
850.73000,3.7692508e-12,2.0198910e-14
850.74000,3.7709856e-12,2.0193515e-14
850.75000,3.7739847e-12,2.0191702e-14
850.76000,3.7785942e-12,2.0195611e-14
850.77000,3.7845409e-12,2.0205312e-14
850.78000,3.7910366e-12,2.0218558e-14
850.79000,3.7972508e-12,2.0231994e-14
850.80000,3.8018438e-12,2.0240021e-14
850.81000,3.8048252e-12,2.0241772e-14
850.82000,3.8058516e-12,2.0236256e-14
850.83000,3.8050315e-12,2.0225566e-14
850.84000,3.8025322e-12,2.0212879e-14
850.85000,3.7984399e-12,2.0200617e-14
850.86000,3.7927094e-12,2.0189259e-14
850.87000,3.7855151e-12,2.0177559e-14
850.88000,3.7773902e-12,2.0164368e-14
850.89000,3.7693393e-12,2.0149906e-14
850.90000,3.7626781e-12,2.0135925e-14
850.91000,3.7582340e-12,2.0124376e-14
850.92000,3.7581444e-12,2.0119915e-14
850.93000,3.7614111e-12,2.0122327e-14
850.94000,3.7682627e-12,2.0133063e-14
850.95000,3.7778576e-12,2.0150743e-14
850.96000,3.7888846e-12,2.0172093e-14
850.97000,3.7998025e-12,2.0193114e-14
850.98000,3.8091656e-12,2.0210652e-14
850.99000,3.8160604e-12,2.0223756e-14
851.00000,3.8203254e-12,2.0233512e-14
851.01000,3.8221847e-12,2.0241306e-14
851.02000,3.8220101e-12,2.0247784e-14
851.03000,3.8201274e-12,2.0252840e-14
851.04000,3.8169355e-12,2.0256520e-14
851.05000,3.8120818e-12,2.0258763e-14
851.06000,3.8062182e-12,2.0261189e-14
851.07000,3.7994470e-12,2.0265861e-14
851.08000,3.7922103e-12,2.0275811e-14
851.09000,3.7851466e-12,2.0293435e-14
851.10000,3.7790477e-12,2.0318061e-14
851.11000,3.7747248e-12,2.0344662e-14
851.12000,3.7725433e-12,2.0366774e-14
851.13000,3.7724496e-12,2.0380359e-14
851.14000,3.7740052e-12,2.0383788e-14
851.15000,3.7766046e-12,2.0376154e-14
851.16000,3.7796855e-12,2.0358565e-14
851.17000,3.7829480e-12,2.0329397e-14
851.18000,3.7861472e-12,2.0297379e-14
851.19000,3.7891579e-12,2.0267715e-14
851.20000,3.7918035e-12,2.0244110e-14
851.21000,3.7938723e-12,2.0226052e-14
851.22000,3.7952833e-12,2.0211844e-14
851.23000,3.7962861e-12,2.0202817e-14
851.24000,3.7974633e-12,2.0201839e-14
851.25000,3.7993073e-12,2.0208737e-14
851.26000,3.8019726e-12,2.0218026e-14
851.27000,3.8053110e-12,2.0222510e-14
851.28000,3.8090926e-12,2.0220210e-14
851.29000,3.8135943e-12,2.0214400e-14
851.30000,3.8189266e-12,2.0215349e-14
851.31000,3.8255873e-12,2.0230725e-14
851.32000,3.8337799e-12,2.0260658e-14
851.33000,3.8432288e-12,2.0295878e-14
851.34000,3.8530869e-12,2.0322469e-14
851.35000,3.8619667e-12,2.0329197e-14
851.36000,3.8683796e-12,2.0315939e-14
851.37000,3.8712567e-12,2.0291651e-14
851.38000,3.8702822e-12,2.0268927e-14
851.39000,3.8661254e-12,2.0258982e-14
851.40000,3.8603514e-12,2.0265254e-14
851.41000,3.8551041e-12,2.0292585e-14
851.42000,3.8521908e-12,2.0325823e-14
851.43000,3.8531916e-12,2.0354300e-14
851.44000,3.8585460e-12,2.0367019e-14
851.45000,3.8674658e-12,2.0360700e-14
851.46000,3.8781561e-12,2.0340711e-14
851.47000,3.8883011e-12,2.0316751e-14
851.48000,3.8957190e-12,2.0298205e-14
851.49000,3.8987857e-12,2.0300365e-14
851.50000,3.8958158e-12,2.0381518e-14
851.51000,3.8840990e-12,2.0710478e-14
851.52000,3.8616572e-12,2.1488189e-14
851.53000,3.8211800e-12,2.3271995e-14
851.54000,NaN,NaN
851.55000,NaN,NaN
851.56000,NaN,NaN
851.57000,NaN,NaN
851.58000,NaN,NaN
851.59000,NaN,NaN
851.60000,NaN,NaN
851.61000,NaN,NaN
851.62000,NaN,NaN
851.63000,NaN,NaN
851.64000,NaN,NaN
851.65000,NaN,NaN
851.66000,NaN,NaN
851.67000,NaN,NaN
851.68000,NaN,NaN
851.69000,NaN,NaN
851.70000,NaN,NaN
851.71000,NaN,NaN
851.72000,NaN,NaN
851.73000,NaN,NaN
851.74000,NaN,NaN
851.75000,NaN,NaN
851.76000,NaN,NaN
851.77000,NaN,NaN
851.78000,NaN,NaN
851.79000,NaN,NaN
851.80000,NaN,NaN
851.81000,NaN,NaN
851.82000,NaN,NaN
851.83000,NaN,NaN
851.84000,NaN,NaN
851.85000,NaN,NaN
851.86000,NaN,NaN
851.87000,NaN,NaN
851.88000,NaN,NaN
851.89000,NaN,NaN
851.90000,NaN,NaN
851.91000,NaN,NaN
851.92000,NaN,NaN
851.93000,NaN,NaN
851.94000,NaN,NaN
851.95000,NaN,NaN
851.96000,NaN,NaN
851.97000,NaN,NaN
851.98000,NaN,NaN
851.99000,NaN,NaN
852.00000,NaN,NaN
852.01000,NaN,NaN
852.02000,NaN,NaN
852.03000,NaN,NaN
852.04000,NaN,NaN
852.05000,NaN,NaN
852.06000,NaN,NaN
852.07000,NaN,NaN
852.08000,NaN,NaN
852.09000,NaN,NaN
852.10000,NaN,NaN
852.11000,NaN,NaN
852.12000,NaN,NaN
852.13000,NaN,NaN
852.14000,NaN,NaN
852.15000,NaN,NaN
852.16000,NaN,NaN
852.17000,NaN,NaN
852.18000,NaN,NaN
852.19000,NaN,NaN
852.20000,NaN,NaN
852.21000,NaN,NaN
852.22000,NaN,NaN
852.23000,NaN,NaN
852.24000,NaN,NaN
852.25000,NaN,NaN
852.26000,NaN,NaN
852.27000,NaN,NaN
852.28000,NaN,NaN
852.29000,NaN,NaN
852.30000,NaN,NaN
852.31000,NaN,NaN
852.32000,NaN,NaN
852.33000,NaN,NaN
852.34000,NaN,NaN
852.35000,NaN,NaN
852.36000,NaN,NaN
852.37000,NaN,NaN
852.38000,NaN,NaN
852.39000,NaN,NaN
852.40000,NaN,NaN
852.41000,NaN,NaN
852.42000,NaN,NaN
852.43000,NaN,NaN
852.44000,NaN,NaN
852.45000,NaN,NaN
852.46000,NaN,NaN
852.47000,NaN,NaN
852.48000,NaN,NaN
852.49000,NaN,NaN
852.50000,NaN,NaN
852.51000,NaN,NaN
852.52000,NaN,NaN
852.53000,NaN,NaN
852.54000,NaN,NaN
852.55000,NaN,NaN
852.56000,NaN,NaN
852.57000,NaN,NaN
852.58000,NaN,NaN
852.59000,NaN,NaN
852.60000,NaN,NaN
852.61000,NaN,NaN
852.62000,NaN,NaN
852.63000,NaN,NaN
852.64000,NaN,NaN
852.65000,NaN,NaN
852.66000,NaN,NaN
852.67000,NaN,NaN
852.68000,NaN,NaN
852.69000,NaN,NaN
852.70000,NaN,NaN
852.71000,NaN,NaN
852.72000,NaN,NaN
852.73000,NaN,NaN
852.74000,NaN,NaN
852.75000,NaN,NaN
852.76000,NaN,NaN
852.77000,NaN,NaN
852.78000,NaN,NaN
852.79000,NaN,NaN
852.80000,NaN,NaN
852.81000,NaN,NaN
852.82000,NaN,NaN
852.83000,NaN,NaN
852.84000,NaN,NaN
852.85000,NaN,NaN
852.86000,NaN,NaN
852.87000,NaN,NaN
852.88000,NaN,NaN
852.89000,NaN,NaN
852.90000,NaN,NaN
852.91000,NaN,NaN
852.92000,NaN,NaN
852.93000,NaN,NaN
852.94000,NaN,NaN
852.95000,NaN,NaN
852.96000,NaN,NaN
852.97000,NaN,NaN
852.98000,NaN,NaN
852.99000,NaN,NaN
853.00000,NaN,NaN
853.01000,NaN,NaN
853.02000,NaN,NaN
853.03000,NaN,NaN
853.04000,NaN,NaN
853.05000,NaN,NaN
853.06000,NaN,NaN
853.07000,NaN,NaN
853.08000,NaN,NaN
853.09000,NaN,NaN
853.10000,NaN,NaN
853.11000,NaN,NaN
853.12000,NaN,NaN
853.13000,NaN,NaN
853.14000,NaN,NaN
853.15000,NaN,NaN
853.16000,NaN,NaN
853.17000,NaN,NaN
853.18000,NaN,NaN
853.19000,NaN,NaN
853.20000,NaN,NaN
853.21000,NaN,NaN
853.22000,NaN,NaN
853.23000,NaN,NaN
853.24000,NaN,NaN
853.25000,NaN,NaN
853.26000,NaN,NaN
853.27000,NaN,NaN
853.28000,NaN,NaN
853.29000,NaN,NaN
853.30000,NaN,NaN
853.31000,NaN,NaN
853.32000,NaN,NaN
853.33000,NaN,NaN
853.34000,NaN,NaN
853.35000,NaN,NaN
853.36000,NaN,NaN
853.37000,NaN,NaN
853.38000,NaN,NaN
853.39000,NaN,NaN
853.40000,NaN,NaN
853.41000,NaN,NaN
853.42000,NaN,NaN
853.43000,NaN,NaN
853.44000,NaN,NaN
853.45000,NaN,NaN
853.46000,NaN,NaN
853.47000,NaN,NaN
853.48000,NaN,NaN
853.49000,NaN,NaN
853.50000,NaN,NaN
853.51000,NaN,NaN
853.52000,NaN,NaN
853.53000,NaN,NaN
853.54000,NaN,NaN
853.55000,NaN,NaN
853.56000,NaN,NaN
853.57000,NaN,NaN
853.58000,NaN,NaN
853.59000,NaN,NaN
853.60000,NaN,NaN
853.61000,NaN,NaN
853.62000,NaN,NaN
853.63000,NaN,NaN
853.64000,NaN,NaN
853.65000,NaN,NaN
853.66000,NaN,NaN
853.67000,NaN,NaN
853.68000,NaN,NaN
853.69000,NaN,NaN
853.70000,NaN,NaN
853.71000,NaN,NaN
853.72000,NaN,NaN
853.73000,NaN,NaN
853.74000,NaN,NaN
853.75000,NaN,NaN
853.76000,NaN,NaN
853.77000,NaN,NaN
853.78000,NaN,NaN
853.79000,NaN,NaN
853.80000,NaN,NaN
853.81000,NaN,NaN
853.82000,NaN,NaN
853.83000,NaN,NaN
853.84000,NaN,NaN
853.85000,NaN,NaN
853.86000,NaN,NaN
853.87000,NaN,NaN
853.88000,NaN,NaN
853.89000,NaN,NaN
853.90000,NaN,NaN
853.91000,NaN,NaN
853.92000,NaN,NaN
853.93000,NaN,NaN
853.94000,NaN,NaN
853.95000,NaN,NaN
853.96000,NaN,NaN
853.97000,NaN,NaN
853.98000,NaN,NaN
853.99000,NaN,NaN
854.00000,NaN,NaN
854.01000,NaN,NaN
854.02000,NaN,NaN
854.03000,NaN,NaN
854.04000,NaN,NaN
854.05000,NaN,NaN
854.06000,NaN,NaN
854.07000,NaN,NaN
854.08000,NaN,NaN
854.09000,NaN,NaN
854.10000,NaN,NaN
854.11000,NaN,NaN
854.12000,NaN,NaN
854.13000,NaN,NaN
854.14000,NaN,NaN
854.15000,NaN,NaN
854.16000,NaN,NaN
854.17000,NaN,NaN
854.18000,NaN,NaN
854.19000,NaN,NaN
854.20000,NaN,NaN
854.21000,NaN,NaN
854.22000,NaN,NaN
854.23000,NaN,NaN
854.24000,NaN,NaN
854.25000,NaN,NaN
854.26000,NaN,NaN
854.27000,NaN,NaN
854.28000,NaN,NaN
854.29000,NaN,NaN
854.30000,NaN,NaN
854.31000,NaN,NaN
854.32000,NaN,NaN
854.33000,NaN,NaN
854.34000,NaN,NaN
854.35000,NaN,NaN
854.36000,NaN,NaN
854.37000,NaN,NaN
854.38000,NaN,NaN
854.39000,NaN,NaN
854.40000,NaN,NaN
854.41000,NaN,NaN
854.42000,NaN,NaN
854.43000,NaN,NaN
854.44000,NaN,NaN
854.45000,NaN,NaN
854.46000,NaN,NaN
854.47000,NaN,NaN
854.48000,NaN,NaN
854.49000,NaN,NaN
854.50000,NaN,NaN
854.51000,NaN,NaN
854.52000,NaN,NaN
854.53000,NaN,NaN
854.54000,NaN,NaN
854.55000,NaN,NaN
854.56000,NaN,NaN
854.57000,NaN,NaN
854.58000,NaN,NaN
854.59000,NaN,NaN
854.60000,NaN,NaN
854.61000,NaN,NaN
854.62000,NaN,NaN
854.63000,NaN,NaN
854.64000,NaN,NaN
854.65000,NaN,NaN
854.66000,NaN,NaN
854.67000,NaN,NaN
854.68000,NaN,NaN
854.69000,NaN,NaN
854.70000,NaN,NaN
854.71000,NaN,NaN
854.72000,NaN,NaN
854.73000,NaN,NaN
854.74000,NaN,NaN
854.75000,NaN,NaN
854.76000,NaN,NaN
854.77000,NaN,NaN
854.78000,NaN,NaN
854.79000,NaN,NaN
854.80000,NaN,NaN
854.81000,NaN,NaN
854.82000,NaN,NaN
854.83000,NaN,NaN
854.84000,NaN,NaN
854.85000,NaN,NaN
854.86000,NaN,NaN
854.87000,NaN,NaN
854.88000,NaN,NaN
854.89000,NaN,NaN
854.90000,NaN,NaN
854.91000,NaN,NaN
854.92000,NaN,NaN
854.93000,NaN,NaN
854.94000,NaN,NaN
854.95000,NaN,NaN
854.96000,NaN,NaN
854.97000,NaN,NaN
854.98000,NaN,NaN
854.99000,NaN,NaN
855.00000,NaN,NaN
855.01000,NaN,NaN
855.02000,NaN,NaN
855.03000,NaN,NaN
855.04000,NaN,NaN
855.05000,NaN,NaN
855.06000,NaN,NaN
855.07000,NaN,NaN
855.08000,NaN,NaN
855.09000,NaN,NaN
855.10000,NaN,NaN
855.11000,NaN,NaN
855.12000,NaN,NaN
855.13000,NaN,NaN
855.14000,NaN,NaN
855.15000,NaN,NaN
855.16000,NaN,NaN
855.17000,NaN,NaN
855.18000,NaN,NaN
855.19000,NaN,NaN
855.20000,NaN,NaN
855.21000,NaN,NaN
855.22000,NaN,NaN
855.23000,NaN,NaN
855.24000,NaN,NaN
855.25000,NaN,NaN
855.26000,NaN,NaN
855.27000,NaN,NaN
855.28000,NaN,NaN
855.29000,NaN,NaN
855.30000,NaN,NaN
855.31000,NaN,NaN
855.32000,NaN,NaN
855.33000,NaN,NaN
855.34000,NaN,NaN
855.35000,NaN,NaN
855.36000,NaN,NaN
855.37000,NaN,NaN
855.38000,NaN,NaN
855.39000,NaN,NaN
855.40000,NaN,NaN
855.41000,NaN,NaN
855.42000,NaN,NaN
855.43000,NaN,NaN
855.44000,NaN,NaN
855.45000,NaN,NaN
855.46000,NaN,NaN
855.47000,NaN,NaN
855.48000,NaN,NaN
855.49000,NaN,NaN
855.50000,NaN,NaN
855.51000,NaN,NaN
855.52000,NaN,NaN
855.53000,NaN,NaN
855.54000,NaN,NaN
855.55000,NaN,NaN
855.56000,NaN,NaN
855.57000,NaN,NaN
855.58000,NaN,NaN
855.59000,NaN,NaN
855.60000,NaN,NaN
855.61000,NaN,NaN
855.62000,NaN,NaN
855.63000,NaN,NaN
855.64000,NaN,NaN
855.65000,NaN,NaN
855.66000,NaN,NaN
855.67000,NaN,NaN
855.68000,NaN,NaN
855.69000,NaN,NaN
855.70000,NaN,NaN
855.71000,NaN,NaN
855.72000,NaN,NaN
855.73000,NaN,NaN
855.74000,NaN,NaN
855.75000,NaN,NaN
855.76000,NaN,NaN
855.77000,NaN,NaN
855.78000,NaN,NaN
855.79000,NaN,NaN
855.80000,NaN,NaN
855.81000,NaN,NaN
855.82000,NaN,NaN
855.83000,NaN,NaN
855.84000,NaN,NaN
855.85000,NaN,NaN
855.86000,NaN,NaN
855.87000,NaN,NaN
855.88000,NaN,NaN
855.89000,NaN,NaN
855.90000,NaN,NaN
855.91000,NaN,NaN
855.92000,NaN,NaN
855.93000,NaN,NaN
855.94000,NaN,NaN
855.95000,NaN,NaN
855.96000,NaN,NaN
855.97000,NaN,NaN
855.98000,NaN,NaN
855.99000,NaN,NaN
856.00000,NaN,NaN
856.01000,NaN,NaN
856.02000,NaN,NaN
856.03000,NaN,NaN
856.04000,NaN,NaN
856.05000,NaN,NaN
856.06000,NaN,NaN
856.07000,NaN,NaN
856.08000,NaN,NaN
856.09000,NaN,NaN
856.10000,NaN,NaN
856.11000,NaN,NaN
856.12000,NaN,NaN
856.13000,NaN,NaN
856.14000,NaN,NaN
856.15000,NaN,NaN
856.16000,NaN,NaN
856.17000,NaN,NaN
856.18000,NaN,NaN
856.19000,NaN,NaN
856.20000,NaN,NaN
856.21000,NaN,NaN
856.22000,NaN,NaN
856.23000,NaN,NaN
856.24000,NaN,NaN
856.25000,NaN,NaN
856.26000,NaN,NaN
856.27000,NaN,NaN
856.28000,NaN,NaN
856.29000,NaN,NaN
856.30000,NaN,NaN
856.31000,NaN,NaN
856.32000,NaN,NaN
856.33000,NaN,NaN
856.34000,NaN,NaN
856.35000,NaN,NaN
856.36000,NaN,NaN
856.37000,NaN,NaN
856.38000,NaN,NaN
856.39000,NaN,NaN
856.40000,NaN,NaN
856.41000,NaN,NaN
856.42000,NaN,NaN
856.43000,NaN,NaN
856.44000,NaN,NaN
856.45000,NaN,NaN
856.46000,NaN,NaN
856.47000,NaN,NaN
856.48000,NaN,NaN
856.49000,NaN,NaN
856.50000,NaN,NaN
856.51000,NaN,NaN
856.52000,NaN,NaN
856.53000,NaN,NaN
856.54000,NaN,NaN
856.55000,NaN,NaN
856.56000,NaN,NaN
856.57000,NaN,NaN
856.58000,NaN,NaN
856.59000,NaN,NaN
856.60000,NaN,NaN
856.61000,NaN,NaN
856.62000,NaN,NaN
856.63000,NaN,NaN
856.64000,NaN,NaN
856.65000,NaN,NaN
856.66000,NaN,NaN
856.67000,NaN,NaN
856.68000,NaN,NaN
856.69000,NaN,NaN
856.70000,NaN,NaN
856.71000,NaN,NaN
856.72000,NaN,NaN
856.73000,NaN,NaN
856.74000,NaN,NaN
856.75000,NaN,NaN
856.76000,NaN,NaN
856.77000,NaN,NaN
856.78000,NaN,NaN
856.79000,NaN,NaN
856.80000,NaN,NaN
856.81000,NaN,NaN
856.82000,NaN,NaN
856.83000,NaN,NaN
856.84000,NaN,NaN
856.85000,NaN,NaN
856.86000,NaN,NaN
856.87000,NaN,NaN
856.88000,NaN,NaN
856.89000,NaN,NaN
856.90000,NaN,NaN
856.91000,NaN,NaN
856.92000,NaN,NaN
856.93000,NaN,NaN
856.94000,NaN,NaN
856.95000,NaN,NaN
856.96000,NaN,NaN
856.97000,NaN,NaN
856.98000,NaN,NaN
856.99000,NaN,NaN
857.00000,NaN,NaN
857.01000,NaN,NaN
857.02000,NaN,NaN
857.03000,NaN,NaN
857.04000,NaN,NaN
857.05000,NaN,NaN
857.06000,NaN,NaN
857.07000,NaN,NaN
857.08000,NaN,NaN
857.09000,NaN,NaN
857.10000,NaN,NaN
857.11000,NaN,NaN
857.12000,NaN,NaN
857.13000,NaN,NaN
857.14000,NaN,NaN
857.15000,NaN,NaN
857.16000,NaN,NaN
857.17000,NaN,NaN
857.18000,NaN,NaN
857.19000,NaN,NaN
857.20000,NaN,NaN
857.21000,NaN,NaN
857.22000,NaN,NaN
857.23000,NaN,NaN
857.24000,NaN,NaN
857.25000,NaN,NaN
857.26000,NaN,NaN
857.27000,NaN,NaN
857.28000,NaN,NaN
857.29000,NaN,NaN
857.30000,NaN,NaN
857.31000,NaN,NaN
857.32000,NaN,NaN
857.33000,NaN,NaN
857.34000,NaN,NaN
857.35000,NaN,NaN
857.36000,NaN,NaN
857.37000,NaN,NaN
857.38000,NaN,NaN
857.39000,NaN,NaN
857.40000,NaN,NaN
857.41000,NaN,NaN
857.42000,NaN,NaN
857.43000,NaN,NaN
857.44000,NaN,NaN
857.45000,NaN,NaN
857.46000,NaN,NaN
857.47000,NaN,NaN
857.48000,NaN,NaN
857.49000,NaN,NaN
857.50000,NaN,NaN
857.51000,NaN,NaN
857.52000,NaN,NaN
857.53000,NaN,NaN
857.54000,NaN,NaN
857.55000,NaN,NaN
857.56000,NaN,NaN
857.57000,NaN,NaN
857.58000,NaN,NaN
857.59000,NaN,NaN
857.60000,NaN,NaN
857.61000,NaN,NaN
857.62000,NaN,NaN
857.63000,NaN,NaN
857.64000,NaN,NaN
857.65000,NaN,NaN
857.66000,NaN,NaN
857.67000,NaN,NaN
857.68000,NaN,NaN
857.69000,NaN,NaN
857.70000,NaN,NaN
857.71000,NaN,NaN
857.72000,NaN,NaN
857.73000,NaN,NaN
857.74000,NaN,NaN
857.75000,NaN,NaN
857.76000,NaN,NaN
857.77000,NaN,NaN
857.78000,NaN,NaN
857.79000,NaN,NaN
857.80000,NaN,NaN
857.81000,NaN,NaN
857.82000,NaN,NaN
857.83000,NaN,NaN
857.84000,NaN,NaN
857.85000,NaN,NaN
857.86000,NaN,NaN
857.87000,NaN,NaN
857.88000,NaN,NaN
857.89000,NaN,NaN
857.90000,NaN,NaN
857.91000,NaN,NaN
857.92000,NaN,NaN
857.93000,NaN,NaN
857.94000,NaN,NaN
857.95000,NaN,NaN
857.96000,NaN,NaN
857.97000,NaN,NaN
857.98000,NaN,NaN
857.99000,NaN,NaN
858.00000,NaN,NaN
858.01000,NaN,NaN
858.02000,NaN,NaN
858.03000,NaN,NaN
858.04000,NaN,NaN
858.05000,NaN,NaN
858.06000,NaN,NaN
858.07000,NaN,NaN
858.08000,NaN,NaN
858.09000,NaN,NaN
858.10000,NaN,NaN
858.11000,NaN,NaN
858.12000,NaN,NaN
858.13000,NaN,NaN
858.14000,NaN,NaN
858.15000,NaN,NaN
858.16000,NaN,NaN
858.17000,NaN,NaN
858.18000,NaN,NaN
858.19000,NaN,NaN
858.20000,NaN,NaN
858.21000,NaN,NaN
858.22000,NaN,NaN
858.23000,NaN,NaN
858.24000,NaN,NaN
858.25000,NaN,NaN
858.26000,NaN,NaN
858.27000,NaN,NaN
858.28000,NaN,NaN
858.29000,NaN,NaN
858.30000,NaN,NaN
858.31000,NaN,NaN
858.32000,NaN,NaN
858.33000,NaN,NaN
858.34000,NaN,NaN
858.35000,NaN,NaN
858.36000,NaN,NaN
858.37000,NaN,NaN
858.38000,NaN,NaN
858.39000,NaN,NaN
858.40000,NaN,NaN
858.41000,NaN,NaN
858.42000,NaN,NaN
858.43000,NaN,NaN
858.44000,NaN,NaN
858.45000,NaN,NaN
858.46000,NaN,NaN
858.47000,NaN,NaN
858.48000,NaN,NaN
858.49000,NaN,NaN
858.50000,NaN,NaN
858.51000,NaN,NaN
858.52000,NaN,NaN
858.53000,NaN,NaN
858.54000,NaN,NaN
858.55000,NaN,NaN
858.56000,NaN,NaN
858.57000,NaN,NaN
858.58000,NaN,NaN
858.59000,NaN,NaN
858.60000,NaN,NaN
858.61000,NaN,NaN
858.62000,NaN,NaN
858.63000,NaN,NaN
858.64000,NaN,NaN
858.65000,NaN,NaN
858.66000,NaN,NaN
858.67000,NaN,NaN
858.68000,NaN,NaN
858.69000,NaN,NaN
858.70000,NaN,NaN
858.71000,NaN,NaN
858.72000,NaN,NaN
858.73000,NaN,NaN
858.74000,NaN,NaN
858.75000,NaN,NaN
858.76000,NaN,NaN
858.77000,NaN,NaN
858.78000,NaN,NaN
858.79000,NaN,NaN
858.80000,NaN,NaN
858.81000,NaN,NaN
858.82000,NaN,NaN
858.83000,NaN,NaN
858.84000,NaN,NaN
858.85000,NaN,NaN
858.86000,NaN,NaN
858.87000,NaN,NaN
858.88000,NaN,NaN
858.89000,NaN,NaN
858.90000,NaN,NaN
858.91000,NaN,NaN
858.92000,NaN,NaN
858.93000,NaN,NaN
858.94000,NaN,NaN
858.95000,NaN,NaN
858.96000,NaN,NaN
858.97000,NaN,NaN
858.98000,NaN,NaN
858.99000,NaN,NaN
859.00000,NaN,NaN
859.01000,NaN,NaN
859.02000,NaN,NaN
859.03000,NaN,NaN
859.04000,NaN,NaN
859.05000,NaN,NaN
859.06000,NaN,NaN
859.07000,NaN,NaN
859.08000,NaN,NaN
859.09000,NaN,NaN
859.10000,NaN,NaN
859.11000,NaN,NaN
859.12000,NaN,NaN
859.13000,NaN,NaN
859.14000,NaN,NaN
859.15000,NaN,NaN
859.16000,NaN,NaN
859.17000,NaN,NaN
859.18000,NaN,NaN
859.19000,NaN,NaN
859.20000,NaN,NaN
859.21000,NaN,NaN
859.22000,NaN,NaN
859.23000,NaN,NaN
859.24000,NaN,NaN
859.25000,NaN,NaN
859.26000,NaN,NaN
859.27000,NaN,NaN
859.28000,NaN,NaN
859.29000,NaN,NaN
859.30000,NaN,NaN
859.31000,NaN,NaN
859.32000,NaN,NaN
859.33000,NaN,NaN
859.34000,NaN,NaN
859.35000,NaN,NaN
859.36000,NaN,NaN
859.37000,NaN,NaN
859.38000,NaN,NaN
859.39000,NaN,NaN
859.40000,NaN,NaN
859.41000,NaN,NaN
859.42000,NaN,NaN
859.43000,NaN,NaN
859.44000,NaN,NaN
859.45000,NaN,NaN
859.46000,NaN,NaN
859.47000,NaN,NaN
859.48000,NaN,NaN
859.49000,NaN,NaN
859.50000,NaN,NaN
859.51000,NaN,NaN
859.52000,NaN,NaN
859.53000,NaN,NaN
859.54000,NaN,NaN
859.55000,NaN,NaN
859.56000,NaN,NaN
859.57000,NaN,NaN
859.58000,NaN,NaN
859.59000,NaN,NaN
859.60000,NaN,NaN
859.61000,NaN,NaN
859.62000,NaN,NaN
859.63000,NaN,NaN
859.64000,NaN,NaN
859.65000,NaN,NaN
859.66000,NaN,NaN
859.67000,NaN,NaN
859.68000,NaN,NaN
859.69000,NaN,NaN
859.70000,NaN,NaN
859.71000,NaN,NaN
859.72000,NaN,NaN
859.73000,NaN,NaN
859.74000,NaN,NaN
859.75000,NaN,NaN
859.76000,NaN,NaN
859.77000,NaN,NaN
859.78000,NaN,NaN
859.79000,NaN,NaN
859.80000,NaN,NaN
859.81000,NaN,NaN
859.82000,NaN,NaN
859.83000,NaN,NaN
859.84000,NaN,NaN
859.85000,NaN,NaN
859.86000,NaN,NaN
859.87000,NaN,NaN
859.88000,NaN,NaN
859.89000,NaN,NaN
859.90000,NaN,NaN
859.91000,NaN,NaN
859.92000,NaN,NaN
859.93000,NaN,NaN
859.94000,NaN,NaN
859.95000,NaN,NaN
859.96000,NaN,NaN
859.97000,NaN,NaN
859.98000,NaN,NaN
859.99000,NaN,NaN
860.00000,NaN,NaN
860.01000,NaN,NaN
860.02000,NaN,NaN
860.03000,NaN,NaN
860.04000,NaN,NaN
860.05000,NaN,NaN
860.06000,NaN,NaN
860.07000,NaN,NaN
860.08000,NaN,NaN
860.09000,NaN,NaN
860.10000,NaN,NaN
860.11000,NaN,NaN
860.12000,NaN,NaN
860.13000,NaN,NaN
860.14000,NaN,NaN
860.15000,NaN,NaN
860.16000,NaN,NaN
860.17000,NaN,NaN
860.18000,NaN,NaN
860.19000,NaN,NaN
860.20000,NaN,NaN
860.21000,NaN,NaN
860.22000,NaN,NaN
860.23000,NaN,NaN
860.24000,NaN,NaN
860.25000,NaN,NaN
860.26000,NaN,NaN
860.27000,NaN,NaN
860.28000,NaN,NaN
860.29000,NaN,NaN
860.30000,NaN,NaN
860.31000,NaN,NaN
860.32000,NaN,NaN
860.33000,NaN,NaN
860.34000,NaN,NaN
860.35000,NaN,NaN
860.36000,NaN,NaN
860.37000,NaN,NaN
860.38000,NaN,NaN
860.39000,NaN,NaN
860.40000,NaN,NaN
860.41000,NaN,NaN
860.42000,NaN,NaN
860.43000,NaN,NaN
860.44000,NaN,NaN
860.45000,NaN,NaN
860.46000,NaN,NaN
860.47000,NaN,NaN
860.48000,NaN,NaN
860.49000,NaN,NaN
860.50000,NaN,NaN
860.51000,NaN,NaN
860.52000,NaN,NaN
860.53000,NaN,NaN
860.54000,NaN,NaN
860.55000,NaN,NaN
860.56000,NaN,NaN
860.57000,NaN,NaN
860.58000,NaN,NaN
860.59000,NaN,NaN
860.60000,NaN,NaN
860.61000,NaN,NaN
860.62000,NaN,NaN
860.63000,NaN,NaN
860.64000,NaN,NaN
860.65000,NaN,NaN
860.66000,NaN,NaN
860.67000,NaN,NaN
860.68000,NaN,NaN
860.69000,NaN,NaN
860.70000,NaN,NaN
860.71000,NaN,NaN
860.72000,NaN,NaN
860.73000,NaN,NaN
860.74000,NaN,NaN
860.75000,NaN,NaN
860.76000,NaN,NaN
860.77000,NaN,NaN
860.78000,NaN,NaN
860.79000,NaN,NaN
860.80000,NaN,NaN
860.81000,NaN,NaN
860.82000,NaN,NaN
860.83000,NaN,NaN
860.84000,NaN,NaN
860.85000,NaN,NaN
860.86000,NaN,NaN
860.87000,NaN,NaN
860.88000,NaN,NaN
860.89000,NaN,NaN
860.90000,NaN,NaN
860.91000,NaN,NaN
860.92000,NaN,NaN
860.93000,NaN,NaN
860.94000,NaN,NaN
860.95000,NaN,NaN
860.96000,NaN,NaN
860.97000,NaN,NaN
860.98000,NaN,NaN
860.99000,NaN,NaN
861.00000,NaN,NaN
861.01000,NaN,NaN
861.02000,NaN,NaN
861.03000,NaN,NaN
861.04000,NaN,NaN
861.05000,NaN,NaN
861.06000,NaN,NaN
861.07000,NaN,NaN
861.08000,NaN,NaN
861.09000,NaN,NaN
861.10000,NaN,NaN
861.11000,NaN,NaN
861.12000,NaN,NaN
861.13000,NaN,NaN
861.14000,NaN,NaN
861.15000,NaN,NaN
861.16000,NaN,NaN
861.17000,NaN,NaN
861.18000,NaN,NaN
861.19000,NaN,NaN
861.20000,NaN,NaN
861.21000,NaN,NaN
861.22000,NaN,NaN
861.23000,NaN,NaN
861.24000,NaN,NaN
861.25000,NaN,NaN
861.26000,NaN,NaN
861.27000,NaN,NaN
861.28000,NaN,NaN
861.29000,NaN,NaN
861.30000,NaN,NaN
861.31000,NaN,NaN
861.32000,NaN,NaN
861.33000,NaN,NaN
861.34000,NaN,NaN
861.35000,NaN,NaN
861.36000,NaN,NaN
861.37000,NaN,NaN
861.38000,NaN,NaN
861.39000,NaN,NaN
861.40000,NaN,NaN
861.41000,NaN,NaN
861.42000,NaN,NaN
861.43000,NaN,NaN
861.44000,NaN,NaN
861.45000,NaN,NaN
861.46000,NaN,NaN
861.47000,NaN,NaN
861.48000,NaN,NaN
861.49000,NaN,NaN
861.50000,NaN,NaN
861.51000,NaN,NaN
861.52000,NaN,NaN
861.53000,NaN,NaN
861.54000,NaN,NaN
861.55000,NaN,NaN
861.56000,NaN,NaN
861.57000,NaN,NaN
861.58000,NaN,NaN
861.59000,NaN,NaN
861.60000,NaN,NaN
861.61000,NaN,NaN
861.62000,NaN,NaN
861.63000,NaN,NaN
861.64000,NaN,NaN
861.65000,NaN,NaN
861.66000,NaN,NaN
861.67000,NaN,NaN
861.68000,NaN,NaN
861.69000,NaN,NaN
861.70000,NaN,NaN
861.71000,NaN,NaN
861.72000,NaN,NaN
861.73000,NaN,NaN
861.74000,NaN,NaN
861.75000,NaN,NaN
861.76000,NaN,NaN
861.77000,NaN,NaN
861.78000,NaN,NaN
861.79000,NaN,NaN
861.80000,NaN,NaN
861.81000,NaN,NaN
861.82000,NaN,NaN
861.83000,NaN,NaN
861.84000,NaN,NaN
861.85000,NaN,NaN
861.86000,NaN,NaN
861.87000,NaN,NaN
861.88000,NaN,NaN
861.89000,NaN,NaN
861.90000,NaN,NaN
861.91000,NaN,NaN
861.92000,NaN,NaN
861.93000,NaN,NaN
861.94000,NaN,NaN
861.95000,NaN,NaN
861.96000,NaN,NaN
861.97000,NaN,NaN
861.98000,NaN,NaN
861.99000,NaN,NaN
862.00000,NaN,NaN
862.01000,NaN,NaN
862.02000,NaN,NaN
862.03000,NaN,NaN
862.04000,NaN,NaN
862.05000,NaN,NaN
862.06000,NaN,NaN
862.07000,NaN,NaN
862.08000,NaN,NaN
862.09000,NaN,NaN
862.10000,NaN,NaN
862.11000,NaN,NaN
862.12000,NaN,NaN
862.13000,NaN,NaN
862.14000,NaN,NaN
862.15000,NaN,NaN
862.16000,NaN,NaN
862.17000,NaN,NaN
862.18000,NaN,NaN
862.19000,NaN,NaN
862.20000,NaN,NaN
862.21000,NaN,NaN
862.22000,NaN,NaN
862.23000,NaN,NaN
862.24000,NaN,NaN
862.25000,NaN,NaN
862.26000,NaN,NaN
862.27000,NaN,NaN
862.28000,NaN,NaN
862.29000,NaN,NaN
862.30000,NaN,NaN
862.31000,NaN,NaN
862.32000,NaN,NaN
862.33000,NaN,NaN
862.34000,NaN,NaN
862.35000,NaN,NaN
862.36000,NaN,NaN
862.37000,NaN,NaN
862.38000,NaN,NaN
862.39000,NaN,NaN
862.40000,NaN,NaN
862.41000,NaN,NaN
862.42000,NaN,NaN
862.43000,NaN,NaN
862.44000,NaN,NaN
862.45000,NaN,NaN
862.46000,NaN,NaN
862.47000,NaN,NaN
862.48000,NaN,NaN
862.49000,NaN,NaN
862.50000,NaN,NaN
862.51000,NaN,NaN
862.52000,NaN,NaN
862.53000,NaN,NaN
862.54000,NaN,NaN
862.55000,NaN,NaN
862.56000,NaN,NaN
862.57000,NaN,NaN
862.58000,NaN,NaN
862.59000,NaN,NaN
862.60000,NaN,NaN
862.61000,NaN,NaN
862.62000,NaN,NaN
862.63000,NaN,NaN
862.64000,NaN,NaN
862.65000,NaN,NaN
862.66000,NaN,NaN
862.67000,NaN,NaN
862.68000,NaN,NaN
862.69000,NaN,NaN
862.70000,NaN,NaN
862.71000,NaN,NaN
862.72000,NaN,NaN
862.73000,NaN,NaN
862.74000,NaN,NaN
862.75000,NaN,NaN
862.76000,NaN,NaN
862.77000,NaN,NaN
862.78000,NaN,NaN
862.79000,NaN,NaN
862.80000,NaN,NaN
862.81000,NaN,NaN
862.82000,NaN,NaN
862.83000,NaN,NaN
862.84000,NaN,NaN
862.85000,NaN,NaN
862.86000,NaN,NaN
862.87000,NaN,NaN
862.88000,NaN,NaN
862.89000,NaN,NaN
862.90000,NaN,NaN
862.91000,NaN,NaN
862.92000,NaN,NaN
862.93000,NaN,NaN
862.94000,NaN,NaN
862.95000,NaN,NaN
862.96000,NaN,NaN
862.97000,NaN,NaN
862.98000,NaN,NaN
862.99000,NaN,NaN
863.00000,NaN,NaN
863.01000,NaN,NaN
863.02000,NaN,NaN
863.03000,NaN,NaN
863.04000,NaN,NaN
863.05000,NaN,NaN
863.06000,NaN,NaN
863.07000,NaN,NaN
863.08000,NaN,NaN
863.09000,NaN,NaN
863.10000,NaN,NaN
863.11000,NaN,NaN
863.12000,NaN,NaN
863.13000,NaN,NaN
863.14000,NaN,NaN
863.15000,NaN,NaN
863.16000,NaN,NaN
863.17000,NaN,NaN
863.18000,NaN,NaN
863.19000,NaN,NaN
863.20000,NaN,NaN
863.21000,NaN,NaN
863.22000,NaN,NaN
863.23000,NaN,NaN
863.24000,NaN,NaN
863.25000,NaN,NaN
863.26000,NaN,NaN
863.27000,NaN,NaN
863.28000,NaN,NaN
863.29000,NaN,NaN
863.30000,NaN,NaN
863.31000,NaN,NaN
863.32000,NaN,NaN
863.33000,NaN,NaN
863.34000,NaN,NaN
863.35000,NaN,NaN
863.36000,NaN,NaN
863.37000,NaN,NaN
863.38000,NaN,NaN
863.39000,NaN,NaN
863.40000,NaN,NaN
863.41000,NaN,NaN
863.42000,NaN,NaN
863.43000,NaN,NaN
863.44000,NaN,NaN
863.45000,NaN,NaN
863.46000,NaN,NaN
863.47000,NaN,NaN
863.48000,NaN,NaN
863.49000,NaN,NaN
863.50000,NaN,NaN
863.51000,NaN,NaN
863.52000,NaN,NaN
863.53000,NaN,NaN
863.54000,NaN,NaN
863.55000,NaN,NaN
863.56000,NaN,NaN
863.57000,NaN,NaN
863.58000,NaN,NaN
863.59000,NaN,NaN
863.60000,NaN,NaN
863.61000,NaN,NaN
863.62000,NaN,NaN
863.63000,NaN,NaN
863.64000,NaN,NaN
863.65000,NaN,NaN
863.66000,NaN,NaN
863.67000,NaN,NaN
863.68000,NaN,NaN
863.69000,NaN,NaN
863.70000,NaN,NaN
863.71000,NaN,NaN
863.72000,NaN,NaN
863.73000,NaN,NaN
863.74000,NaN,NaN
863.75000,NaN,NaN
863.76000,NaN,NaN
863.77000,NaN,NaN
863.78000,NaN,NaN
863.79000,NaN,NaN
863.80000,NaN,NaN
863.81000,NaN,NaN
863.82000,NaN,NaN
863.83000,NaN,NaN
863.84000,NaN,NaN
863.85000,NaN,NaN
863.86000,NaN,NaN
863.87000,NaN,NaN
863.88000,NaN,NaN
863.89000,NaN,NaN
863.90000,NaN,NaN
863.91000,NaN,NaN
863.92000,NaN,NaN
863.93000,NaN,NaN
863.94000,NaN,NaN
863.95000,NaN,NaN
863.96000,NaN,NaN
863.97000,NaN,NaN
863.98000,NaN,NaN
863.99000,NaN,NaN
864.00000,NaN,NaN
864.01000,NaN,NaN
864.02000,NaN,NaN
864.03000,NaN,NaN
864.04000,NaN,NaN
864.05000,NaN,NaN
864.06000,NaN,NaN
864.07000,NaN,NaN
864.08000,NaN,NaN
864.09000,NaN,NaN
864.10000,NaN,NaN
864.11000,NaN,NaN
864.12000,NaN,NaN
864.13000,NaN,NaN
864.14000,NaN,NaN
864.15000,NaN,NaN
864.16000,NaN,NaN
864.17000,NaN,NaN
864.18000,NaN,NaN
864.19000,NaN,NaN
864.20000,NaN,NaN
864.21000,NaN,NaN
864.22000,NaN,NaN
864.23000,NaN,NaN
864.24000,NaN,NaN
864.25000,NaN,NaN
864.26000,NaN,NaN
864.27000,NaN,NaN
864.28000,NaN,NaN
864.29000,NaN,NaN
864.30000,NaN,NaN
864.31000,NaN,NaN
864.32000,NaN,NaN
864.33000,NaN,NaN
864.34000,NaN,NaN
864.35000,NaN,NaN
864.36000,NaN,NaN
864.37000,NaN,NaN
864.38000,NaN,NaN
864.39000,NaN,NaN
864.40000,NaN,NaN
864.41000,NaN,NaN
864.42000,NaN,NaN
864.43000,NaN,NaN
864.44000,NaN,NaN
864.45000,NaN,NaN
864.46000,NaN,NaN
864.47000,NaN,NaN
864.48000,NaN,NaN
864.49000,NaN,NaN
864.50000,NaN,NaN
864.51000,NaN,NaN
864.52000,NaN,NaN
864.53000,NaN,NaN
864.54000,NaN,NaN
864.55000,NaN,NaN
864.56000,NaN,NaN
864.57000,NaN,NaN
864.58000,NaN,NaN
864.59000,NaN,NaN
864.60000,NaN,NaN
864.61000,NaN,NaN
864.62000,NaN,NaN
864.63000,NaN,NaN
864.64000,NaN,NaN
864.65000,NaN,NaN
864.66000,NaN,NaN
864.67000,NaN,NaN
864.68000,NaN,NaN
864.69000,NaN,NaN
864.70000,NaN,NaN
864.71000,NaN,NaN
864.72000,NaN,NaN
864.73000,NaN,NaN
864.74000,NaN,NaN
864.75000,NaN,NaN
864.76000,NaN,NaN
864.77000,NaN,NaN
864.78000,NaN,NaN
864.79000,NaN,NaN
864.80000,NaN,NaN
864.81000,NaN,NaN
864.82000,NaN,NaN
864.83000,NaN,NaN
864.84000,NaN,NaN
864.85000,NaN,NaN
864.86000,NaN,NaN
864.87000,NaN,NaN
864.88000,NaN,NaN
864.89000,NaN,NaN
864.90000,NaN,NaN
864.91000,NaN,NaN
864.92000,NaN,NaN
864.93000,NaN,NaN
864.94000,NaN,NaN
864.95000,NaN,NaN
864.96000,NaN,NaN
864.97000,NaN,NaN
864.98000,NaN,NaN
864.99000,NaN,NaN
865.00000,NaN,NaN
865.01000,NaN,NaN
865.02000,NaN,NaN
865.03000,NaN,NaN
865.04000,NaN,NaN
865.05000,NaN,NaN
865.06000,NaN,NaN
865.07000,NaN,NaN
865.08000,NaN,NaN
865.09000,NaN,NaN
865.10000,NaN,NaN
865.11000,NaN,NaN
865.12000,NaN,NaN
865.13000,NaN,NaN
865.14000,NaN,NaN
865.15000,NaN,NaN
865.16000,NaN,NaN
865.17000,NaN,NaN
865.18000,NaN,NaN
865.19000,NaN,NaN
865.20000,NaN,NaN
865.21000,NaN,NaN
865.22000,NaN,NaN
865.23000,NaN,NaN
865.24000,NaN,NaN
865.25000,NaN,NaN
865.26000,NaN,NaN
865.27000,NaN,NaN
865.28000,NaN,NaN
865.29000,NaN,NaN
865.30000,NaN,NaN
865.31000,NaN,NaN
865.32000,NaN,NaN
865.33000,NaN,NaN
865.34000,NaN,NaN
865.35000,NaN,NaN
865.36000,NaN,NaN
865.37000,NaN,NaN
865.38000,NaN,NaN
865.39000,NaN,NaN
865.40000,NaN,NaN
865.41000,NaN,NaN
865.42000,NaN,NaN
865.43000,NaN,NaN
865.44000,NaN,NaN
865.45000,NaN,NaN
865.46000,NaN,NaN
865.47000,NaN,NaN
865.48000,NaN,NaN
865.49000,NaN,NaN
865.50000,NaN,NaN
865.51000,NaN,NaN
865.52000,NaN,NaN
865.53000,NaN,NaN
865.54000,NaN,NaN
865.55000,NaN,NaN
865.56000,NaN,NaN
865.57000,NaN,NaN
865.58000,NaN,NaN
865.59000,NaN,NaN
865.60000,NaN,NaN
865.61000,NaN,NaN
865.62000,NaN,NaN
865.63000,NaN,NaN
865.64000,NaN,NaN
865.65000,NaN,NaN
865.66000,NaN,NaN
865.67000,NaN,NaN
865.68000,NaN,NaN
865.69000,NaN,NaN
865.70000,NaN,NaN
865.71000,NaN,NaN
865.72000,NaN,NaN
865.73000,NaN,NaN
865.74000,NaN,NaN
865.75000,NaN,NaN
865.76000,NaN,NaN
865.77000,NaN,NaN
865.78000,NaN,NaN
865.79000,NaN,NaN
865.80000,NaN,NaN
865.81000,NaN,NaN
865.82000,NaN,NaN
865.83000,NaN,NaN
865.84000,NaN,NaN
865.85000,NaN,NaN
865.86000,NaN,NaN
865.87000,NaN,NaN
865.88000,NaN,NaN
865.89000,NaN,NaN
865.90000,NaN,NaN
865.91000,NaN,NaN
865.92000,NaN,NaN
865.93000,NaN,NaN
865.94000,NaN,NaN
865.95000,NaN,NaN
865.96000,NaN,NaN
865.97000,NaN,NaN
865.98000,NaN,NaN
865.99000,NaN,NaN
866.00000,NaN,NaN
866.01000,NaN,NaN
866.02000,NaN,NaN
866.03000,NaN,NaN
866.04000,NaN,NaN
866.05000,NaN,NaN
866.06000,NaN,NaN
866.07000,NaN,NaN
866.08000,NaN,NaN
866.09000,NaN,NaN
866.10000,NaN,NaN
866.11000,NaN,NaN
866.12000,NaN,NaN
866.13000,NaN,NaN
866.14000,NaN,NaN
866.15000,NaN,NaN
866.16000,NaN,NaN
866.17000,NaN,NaN
866.18000,NaN,NaN
866.19000,NaN,NaN
866.20000,NaN,NaN
866.21000,NaN,NaN
866.22000,NaN,NaN
866.23000,NaN,NaN
866.24000,NaN,NaN
866.25000,NaN,NaN
866.26000,NaN,NaN
866.27000,NaN,NaN
866.28000,NaN,NaN
866.29000,NaN,NaN
866.30000,NaN,NaN
866.31000,NaN,NaN
866.32000,NaN,NaN
866.33000,NaN,NaN
866.34000,NaN,NaN
866.35000,NaN,NaN
866.36000,NaN,NaN
866.37000,NaN,NaN
866.38000,NaN,NaN
866.39000,NaN,NaN
866.40000,NaN,NaN
866.41000,NaN,NaN
866.42000,NaN,NaN
866.43000,NaN,NaN
866.44000,NaN,NaN
866.45000,NaN,NaN
866.46000,NaN,NaN
866.47000,NaN,NaN
866.48000,NaN,NaN
866.49000,NaN,NaN
866.50000,NaN,NaN
866.51000,NaN,NaN
866.52000,NaN,NaN
866.53000,NaN,NaN
866.54000,NaN,NaN
866.55000,NaN,NaN
866.56000,NaN,NaN
866.57000,NaN,NaN
866.58000,NaN,NaN
866.59000,NaN,NaN
866.60000,NaN,NaN
866.61000,NaN,NaN
866.62000,NaN,NaN
866.63000,NaN,NaN
866.64000,NaN,NaN
866.65000,NaN,NaN
866.66000,NaN,NaN
866.67000,NaN,NaN
866.68000,NaN,NaN
866.69000,NaN,NaN
866.70000,NaN,NaN
866.71000,NaN,NaN
866.72000,NaN,NaN
866.73000,NaN,NaN
866.74000,NaN,NaN
866.75000,NaN,NaN
866.76000,NaN,NaN
866.77000,NaN,NaN
866.78000,NaN,NaN
866.79000,NaN,NaN
866.80000,NaN,NaN
866.81000,NaN,NaN
866.82000,NaN,NaN
866.83000,NaN,NaN
866.84000,NaN,NaN
866.85000,NaN,NaN
866.86000,NaN,NaN
866.87000,NaN,NaN
866.88000,NaN,NaN
866.89000,NaN,NaN
866.90000,NaN,NaN
866.91000,NaN,NaN
866.92000,NaN,NaN
866.93000,NaN,NaN
866.94000,NaN,NaN
866.95000,NaN,NaN
866.96000,NaN,NaN
866.97000,NaN,NaN
866.98000,NaN,NaN
866.99000,NaN,NaN
867.00000,NaN,NaN
867.01000,NaN,NaN
867.02000,NaN,NaN
867.03000,NaN,NaN
867.04000,NaN,NaN
867.05000,NaN,NaN
867.06000,NaN,NaN
867.07000,NaN,NaN
867.08000,NaN,NaN
867.09000,NaN,NaN
867.10000,NaN,NaN
867.11000,NaN,NaN
867.12000,NaN,NaN
867.13000,NaN,NaN
867.14000,NaN,NaN
867.15000,NaN,NaN
867.16000,NaN,NaN
867.17000,NaN,NaN
867.18000,NaN,NaN
867.19000,NaN,NaN
867.20000,NaN,NaN
867.21000,NaN,NaN
867.22000,NaN,NaN
867.23000,NaN,NaN
867.24000,NaN,NaN
867.25000,NaN,NaN
867.26000,NaN,NaN
867.27000,NaN,NaN
867.28000,NaN,NaN
867.29000,NaN,NaN
867.30000,NaN,NaN
867.31000,NaN,NaN
867.32000,NaN,NaN
867.33000,NaN,NaN
867.34000,NaN,NaN
867.35000,NaN,NaN
867.36000,NaN,NaN
867.37000,NaN,NaN
867.38000,NaN,NaN
867.39000,NaN,NaN
867.40000,NaN,NaN
867.41000,NaN,NaN
867.42000,NaN,NaN
867.43000,NaN,NaN
867.44000,NaN,NaN
867.45000,NaN,NaN
867.46000,NaN,NaN
867.47000,NaN,NaN
867.48000,NaN,NaN
867.49000,NaN,NaN
867.50000,NaN,NaN
867.51000,NaN,NaN
867.52000,NaN,NaN
867.53000,NaN,NaN
867.54000,NaN,NaN
867.55000,NaN,NaN
867.56000,NaN,NaN
867.57000,NaN,NaN
867.58000,NaN,NaN
867.59000,NaN,NaN
867.60000,NaN,NaN
867.61000,NaN,NaN
867.62000,NaN,NaN
867.63000,NaN,NaN
867.64000,NaN,NaN
867.65000,NaN,NaN
867.66000,NaN,NaN
867.67000,NaN,NaN
867.68000,NaN,NaN
867.69000,NaN,NaN
867.70000,NaN,NaN
867.71000,NaN,NaN
867.72000,NaN,NaN
867.73000,NaN,NaN
867.74000,NaN,NaN
867.75000,NaN,NaN
867.76000,NaN,NaN
867.77000,NaN,NaN
867.78000,NaN,NaN
867.79000,NaN,NaN
867.80000,NaN,NaN
867.81000,NaN,NaN
867.82000,NaN,NaN
867.83000,NaN,NaN
867.84000,NaN,NaN
867.85000,NaN,NaN
867.86000,NaN,NaN
867.87000,NaN,NaN
867.88000,NaN,NaN
867.89000,NaN,NaN
867.90000,NaN,NaN
867.91000,NaN,NaN
867.92000,NaN,NaN
867.93000,NaN,NaN
867.94000,NaN,NaN
867.95000,NaN,NaN
867.96000,NaN,NaN
867.97000,NaN,NaN
867.98000,NaN,NaN
867.99000,NaN,NaN
868.00000,NaN,NaN
868.01000,NaN,NaN
868.02000,NaN,NaN
868.03000,NaN,NaN
868.04000,NaN,NaN
868.05000,NaN,NaN
868.06000,NaN,NaN
868.07000,NaN,NaN
868.08000,NaN,NaN
868.09000,NaN,NaN
868.10000,NaN,NaN
868.11000,NaN,NaN
868.12000,NaN,NaN
868.13000,NaN,NaN
868.14000,NaN,NaN
868.15000,NaN,NaN
868.16000,NaN,NaN
868.17000,NaN,NaN
868.18000,NaN,NaN
868.19000,NaN,NaN
868.20000,NaN,NaN
868.21000,NaN,NaN
868.22000,NaN,NaN
868.23000,NaN,NaN
868.24000,NaN,NaN
868.25000,NaN,NaN
868.26000,NaN,NaN
868.27000,NaN,NaN
868.28000,NaN,NaN
868.29000,NaN,NaN
868.30000,NaN,NaN
868.31000,NaN,NaN
868.32000,NaN,NaN
868.33000,NaN,NaN
868.34000,NaN,NaN
868.35000,NaN,NaN
868.36000,NaN,NaN
868.37000,NaN,NaN
868.38000,NaN,NaN
868.39000,3.7322728e-12,3.1402503e-14
868.40000,3.7358789e-12,3.2746470e-14
868.41000,3.7606648e-12,3.3322940e-14
868.42000,3.7897122e-12,3.3625193e-14
868.43000,3.8160332e-12,3.3770853e-14
868.44000,3.8349184e-12,3.3845670e-14
868.45000,3.8455263e-12,3.3877557e-14
868.46000,3.8499211e-12,3.3884017e-14
868.47000,3.8507708e-12,3.3879817e-14
868.48000,3.8500305e-12,3.3874888e-14
868.49000,3.8489486e-12,3.3873699e-14
868.50000,3.8484795e-12,3.3879834e-14
868.51000,3.8488200e-12,3.3889555e-14
868.52000,3.8501223e-12,3.3900374e-14
868.53000,3.8521229e-12,3.3909026e-14
868.54000,3.8541548e-12,3.3913120e-14
868.55000,3.8553018e-12,3.3911311e-14
868.56000,3.8546727e-12,3.3901510e-14
868.57000,3.8520123e-12,3.3882966e-14
868.58000,3.8460900e-12,3.3849700e-14
868.59000,3.8381582e-12,3.3807300e-14
868.60000,3.8284076e-12,3.3757803e-14
868.61000,3.8175612e-12,3.3706896e-14
868.62000,3.8065197e-12,3.3661361e-14
868.63000,3.7965885e-12,3.3627290e-14
868.64000,3.7894287e-12,3.3610387e-14
868.65000,3.7860490e-12,3.3612242e-14
868.66000,3.7896080e-12,3.3643090e-14
868.67000,3.7979456e-12,3.3691073e-14
868.68000,3.8104464e-12,3.3751400e-14
868.69000,3.8245531e-12,3.3812820e-14
868.70000,3.8374345e-12,3.3864731e-14
868.71000,3.8472847e-12,3.3902484e-14
868.72000,3.8540252e-12,3.3928454e-14
868.73000,3.8585406e-12,3.3947866e-14
868.74000,3.8620228e-12,3.3965463e-14
868.75000,3.8652579e-12,3.3983718e-14
868.76000,3.8686520e-12,3.4001477e-14
868.77000,3.8720503e-12,3.4015308e-14
868.78000,3.8749582e-12,3.4020519e-14
868.79000,3.8768594e-12,3.4013798e-14
868.80000,3.8777143e-12,3.3996752e-14
868.81000,3.8779580e-12,3.3974243e-14
868.82000,3.8782675e-12,3.3952228e-14
868.83000,3.8799005e-12,3.3940757e-14
868.84000,3.8830960e-12,3.3941603e-14
868.85000,3.8883157e-12,3.3958254e-14
868.86000,3.8954019e-12,3.3989006e-14
868.87000,3.9038256e-12,3.4028904e-14
868.88000,3.9125166e-12,3.4069506e-14
868.89000,3.9203319e-12,3.4103131e-14
868.90000,3.9265366e-12,3.4126154e-14
868.91000,3.9293597e-12,3.4130817e-14
868.92000,3.9296534e-12,3.4124273e-14
868.93000,3.9274437e-12,3.4108507e-14
868.94000,3.9237381e-12,3.4088831e-14
868.95000,3.9198564e-12,3.4070735e-14
868.96000,3.9170192e-12,3.4058517e-14
868.97000,3.9159665e-12,3.4054239e-14
868.98000,3.9168004e-12,3.4057407e-14
868.99000,3.9203474e-12,3.4070221e-14
869.00000,3.9254811e-12,3.4088070e-14
869.01000,3.9317912e-12,3.4108791e-14
869.02000,3.9382437e-12,3.4127992e-14
869.03000,3.9437130e-12,3.4141538e-14
869.04000,3.9474190e-12,3.4147588e-14
869.05000,3.9493371e-12,3.4146928e-14
869.06000,3.9499696e-12,3.4141594e-14
869.07000,3.9501096e-12,3.4134815e-14
869.08000,3.9506990e-12,3.4132224e-14
869.09000,3.9521503e-12,3.4136222e-14
869.10000,3.9546840e-12,3.4148399e-14
869.11000,3.9580398e-12,3.4166453e-14
869.12000,3.9617645e-12,3.4187124e-14
869.13000,3.9655110e-12,3.4208464e-14
869.14000,3.9691438e-12,3.4228768e-14
869.15000,3.9726035e-12,3.4245806e-14
869.16000,3.9755138e-12,3.4253109e-14
869.17000,3.9777229e-12,3.4252309e-14
869.18000,3.9788352e-12,3.4243911e-14
869.19000,3.9787184e-12,3.4231146e-14
869.20000,3.9774806e-12,3.4215350e-14
869.21000,3.9755404e-12,3.4196663e-14
869.22000,3.9731905e-12,3.4176948e-14
869.23000,3.9706680e-12,3.4159602e-14
869.24000,3.9683081e-12,3.4150825e-14
869.25000,3.9664567e-12,3.4148061e-14
869.26000,3.9655719e-12,3.4148955e-14
869.27000,3.9658669e-12,3.4149512e-14
869.28000,3.9671150e-12,3.4149052e-14
869.29000,3.9685632e-12,3.4149665e-14
869.30000,3.9695171e-12,3.4151311e-14
869.31000,3.9697384e-12,3.4151451e-14
869.32000,3.9689525e-12,3.4145454e-14
869.33000,3.9677358e-12,3.4136017e-14
869.34000,3.9663437e-12,3.4127434e-14
869.35000,3.9650747e-12,3.4125529e-14
869.36000,3.9640774e-12,3.4130501e-14
869.37000,3.9633160e-12,3.4133777e-14
869.38000,3.9626857e-12,3.4126706e-14
869.39000,3.9621734e-12,3.4108950e-14
869.40000,3.9618570e-12,3.4088270e-14
869.41000,3.9621565e-12,3.4079724e-14
869.42000,3.9631446e-12,3.4086475e-14
869.43000,3.9650409e-12,3.4106896e-14
869.44000,3.9678103e-12,3.4128490e-14
869.45000,3.9711661e-12,3.4139147e-14
869.46000,3.9746522e-12,3.4139174e-14
869.47000,3.9778721e-12,3.4138272e-14
869.48000,3.9806805e-12,3.4144954e-14
869.49000,3.9829279e-12,3.4167901e-14
869.50000,3.9849895e-12,3.4196137e-14
869.51000,3.9870498e-12,3.4218145e-14
869.52000,3.9891755e-12,3.4221381e-14
869.53000,3.9911541e-12,3.4203848e-14
869.54000,3.9926704e-12,3.4179339e-14
869.55000,3.9934859e-12,3.4164771e-14
869.56000,3.9936115e-12,3.4167921e-14
869.57000,3.9927558e-12,3.4196679e-14
869.58000,3.9913489e-12,3.4231213e-14
869.59000,3.9895238e-12,3.4255423e-14
869.60000,3.9876242e-12,3.4253142e-14
869.61000,3.9860496e-12,3.4219681e-14
869.62000,3.9850078e-12,3.4170670e-14
869.63000,3.9844747e-12,3.4126131e-14
869.64000,3.9842226e-12,3.4098852e-14
869.65000,3.9839190e-12,3.4108787e-14
869.66000,3.9832591e-12,3.4142297e-14
869.67000,3.9820135e-12,3.4191356e-14
869.68000,3.9802357e-12,3.4235375e-14
869.69000,3.9783374e-12,3.4251522e-14
869.70000,3.9769496e-12,3.4232007e-14
869.71000,3.9765410e-12,3.4185694e-14
869.72000,3.9771449e-12,3.4129663e-14
869.73000,3.9790496e-12,3.4083295e-14
869.74000,3.9815212e-12,3.4053900e-14
869.75000,3.9841754e-12,3.4047293e-14
869.76000,3.9863946e-12,3.4064555e-14
869.77000,3.9876163e-12,3.4107746e-14
869.78000,3.9877489e-12,3.4173362e-14
869.79000,3.9871919e-12,3.4248496e-14
869.80000,3.9865103e-12,3.4315697e-14
869.81000,3.9864063e-12,3.4342842e-14
869.82000,3.9870053e-12,3.4330166e-14
869.83000,3.9883954e-12,3.4275291e-14
869.84000,3.9902819e-12,3.4196431e-14
869.85000,3.9921271e-12,3.4118773e-14
869.86000,3.9933146e-12,3.4060972e-14
869.87000,3.9935358e-12,3.4025121e-14
869.88000,3.9929119e-12,3.4003122e-14
869.89000,3.9919160e-12,3.3985005e-14
869.90000,3.9912294e-12,3.3963945e-14
869.91000,3.9912008e-12,3.3942263e-14
869.92000,3.9919938e-12,3.3927895e-14
869.93000,3.9933630e-12,3.3933385e-14
869.94000,3.9948857e-12,3.3969594e-14
869.95000,3.9962975e-12,3.4039426e-14
869.96000,3.9975633e-12,3.4140650e-14
869.97000,3.9987434e-12,3.4263515e-14
869.98000,3.9997927e-12,3.4400432e-14
869.99000,4.0006283e-12,3.4531886e-14
870.00000,4.0010493e-12,3.4641183e-14
870.01000,4.0009305e-12,3.4711517e-14
870.02000,4.0003296e-12,3.4731985e-14
870.03000,3.9994699e-12,3.4706260e-14
870.04000,3.9985565e-12,3.4644339e-14
870.05000,3.9977284e-12,3.4561917e-14
870.06000,3.9972341e-12,3.4469913e-14
870.07000,3.9971010e-12,3.4382110e-14
870.08000,3.9974438e-12,3.4304958e-14
870.09000,3.9981929e-12,3.4240884e-14
870.10000,3.9990232e-12,3.4189048e-14
870.11000,3.9994344e-12,3.4146189e-14
870.12000,3.9989867e-12,3.4110498e-14
870.13000,3.9976050e-12,3.4080494e-14
870.14000,3.9948896e-12,3.4059549e-14
870.15000,3.9914848e-12,3.4046252e-14
870.16000,3.9876524e-12,3.4043525e-14
870.17000,3.9839020e-12,3.4053773e-14
870.18000,3.9807978e-12,3.4080379e-14
870.19000,3.9786103e-12,3.4123755e-14
870.20000,3.9772856e-12,3.4183195e-14
870.21000,3.9764682e-12,3.4254422e-14
870.22000,3.9758675e-12,3.4336130e-14
870.23000,3.9752377e-12,3.4418595e-14
870.24000,3.9746972e-12,3.4494082e-14
870.25000,3.9745657e-12,3.4551431e-14
870.26000,3.9750204e-12,3.4574836e-14
870.27000,3.9755248e-12,3.4554689e-14
870.28000,3.9749961e-12,3.4485772e-14
870.29000,3.9726168e-12,3.4376263e-14
870.30000,3.9661250e-12,3.4220670e-14
870.31000,3.9564040e-12,3.4047173e-14
870.32000,3.9432684e-12,3.3867492e-14
870.33000,3.9279123e-12,3.3698871e-14
870.34000,3.9126238e-12,3.3560725e-14
870.35000,3.9004319e-12,3.3465949e-14
870.36000,3.8940854e-12,3.3421552e-14
870.37000,3.8941821e-12,3.3419827e-14
870.38000,3.9036803e-12,3.3465628e-14
870.39000,3.9179544e-12,3.3529803e-14
870.40000,3.9350418e-12,3.3603727e-14
870.41000,3.9515782e-12,3.3680928e-14
870.42000,3.9647732e-12,3.3764247e-14
870.43000,3.9738293e-12,3.3858006e-14
870.44000,3.9791999e-12,3.3958565e-14
870.45000,3.9821117e-12,3.4054425e-14
870.46000,3.9828788e-12,3.4114971e-14
870.47000,3.9829399e-12,3.4134203e-14
870.48000,3.9826632e-12,3.4101860e-14
870.49000,3.9824073e-12,3.4029923e-14
870.50000,3.9823063e-12,3.3943898e-14
870.51000,3.9822302e-12,3.3870585e-14
870.52000,3.9819451e-12,3.3823504e-14
870.53000,3.9813439e-12,3.3802265e-14
870.54000,3.9802925e-12,3.3815821e-14
870.55000,3.9790903e-12,3.3849348e-14
870.56000,3.9779367e-12,3.3899071e-14
870.57000,3.9770637e-12,3.3951298e-14
870.58000,3.9766165e-12,3.3985285e-14
870.59000,3.9765297e-12,3.3985656e-14
870.60000,3.9766104e-12,3.3952059e-14
870.61000,3.9766590e-12,3.3898834e-14
870.62000,3.9764243e-12,3.3845819e-14
870.63000,3.9759383e-12,3.3811288e-14
870.64000,3.9752171e-12,3.3806991e-14
870.65000,3.9743831e-12,3.3831926e-14
870.66000,3.9735749e-12,3.3873147e-14
870.67000,3.9729182e-12,3.3908801e-14
870.68000,3.9725238e-12,3.3922537e-14
870.69000,3.9724323e-12,3.3912935e-14
870.70000,3.9728369e-12,3.3881457e-14
870.71000,3.9735698e-12,3.3850879e-14
870.72000,3.9746190e-12,3.3835673e-14
870.73000,3.9758830e-12,3.3843615e-14
870.74000,3.9772399e-12,3.3868973e-14
870.75000,3.9785584e-12,3.3894020e-14
870.76000,3.9797927e-12,3.3904762e-14
870.77000,3.9810015e-12,3.3900073e-14
870.78000,3.9823048e-12,3.3883755e-14
870.79000,3.9836341e-12,3.3870795e-14
870.80000,3.9847145e-12,3.3867922e-14
870.81000,3.9850288e-12,3.3872426e-14
870.82000,3.9840422e-12,3.3872040e-14
870.83000,3.9817687e-12,3.3856709e-14
870.84000,3.9786680e-12,3.3828601e-14
870.85000,3.9753034e-12,3.3797934e-14
870.86000,3.9721917e-12,3.3780098e-14
870.87000,3.9694601e-12,3.3775806e-14
870.88000,3.9671597e-12,3.3782109e-14
870.89000,3.9651901e-12,3.3787868e-14
870.90000,3.9634344e-12,3.3784062e-14
870.91000,3.9617567e-12,3.3771736e-14
870.92000,3.9600769e-12,3.3757019e-14
870.93000,3.9584152e-12,3.3743593e-14
870.94000,3.9570220e-12,3.3732308e-14
870.95000,3.9560638e-12,3.3721229e-14
870.96000,3.9557839e-12,3.3711039e-14
870.97000,3.9561946e-12,3.3705150e-14
870.98000,3.9570674e-12,3.3706744e-14
870.99000,3.9579617e-12,3.3712857e-14
871.00000,3.9584804e-12,3.3717070e-14
871.01000,3.9584358e-12,3.3715809e-14
871.02000,3.9573715e-12,3.3705932e-14
871.03000,3.9556389e-12,3.3692424e-14
871.04000,3.9533720e-12,3.3676956e-14
871.05000,3.9510117e-12,3.3660612e-14
871.06000,3.9490579e-12,3.3644029e-14
871.07000,3.9477640e-12,3.3629334e-14
871.08000,3.9471081e-12,3.3618951e-14
871.09000,3.9468792e-12,3.3613037e-14
871.10000,3.9468520e-12,3.3611616e-14
871.11000,3.9464803e-12,3.3610297e-14
871.12000,3.9450039e-12,3.3605267e-14
871.13000,3.9413894e-12,3.3591145e-14
871.14000,3.9343664e-12,3.3561010e-14
871.15000,3.9234408e-12,3.3512112e-14
871.16000,3.9087488e-12,3.3446457e-14
871.17000,3.8914054e-12,3.3370891e-14
871.18000,3.8725789e-12,3.3293864e-14
871.19000,3.8551944e-12,3.3226781e-14
871.20000,3.8422835e-12,3.3182202e-14
871.21000,3.8369067e-12,3.3171274e-14
871.22000,3.8413785e-12,3.3201238e-14
871.23000,3.8542728e-12,3.3263450e-14
871.24000,3.8724146e-12,3.3342858e-14
871.25000,3.8921254e-12,3.3424182e-14
871.26000,3.9094249e-12,3.3488866e-14
871.27000,3.9231293e-12,3.3534608e-14
871.28000,3.9322841e-12,3.3557857e-14
871.29000,3.9374856e-12,3.3563085e-14
871.30000,3.9397414e-12,3.3557233e-14
871.31000,3.9404172e-12,3.3548274e-14
871.32000,3.9404193e-12,3.3541292e-14
871.33000,3.9403707e-12,3.3538468e-14
871.34000,3.9408347e-12,3.3542897e-14
871.35000,3.9417103e-12,3.3550746e-14
871.36000,3.9427726e-12,3.3559378e-14
871.37000,3.9434373e-12,3.3564466e-14
871.38000,3.9430296e-12,3.3562064e-14
871.39000,3.9414415e-12,3.3552095e-14
871.40000,3.9390621e-12,3.3536992e-14
871.41000,3.9365321e-12,3.3520421e-14
871.42000,3.9347778e-12,3.3507237e-14
871.43000,3.9339873e-12,3.3499051e-14
871.44000,3.9343641e-12,3.3497432e-14
871.45000,3.9356783e-12,3.3501535e-14
871.46000,3.9374906e-12,3.3508834e-14
871.47000,3.9392586e-12,3.3515741e-14
871.48000,3.9405847e-12,3.3519456e-14
871.49000,3.9413519e-12,3.3519098e-14
871.50000,3.9412556e-12,3.3512512e-14
871.51000,3.9406372e-12,3.3502640e-14
871.52000,3.9395136e-12,3.3490756e-14
871.53000,3.9379764e-12,3.3479230e-14
871.54000,3.9361419e-12,3.3470352e-14
871.55000,3.9342132e-12,3.3464939e-14
871.56000,3.9323905e-12,3.3462356e-14
871.57000,3.9307956e-12,3.3461007e-14
871.58000,3.9297459e-12,3.3459310e-14
871.59000,3.9292047e-12,3.3456716e-14
871.60000,3.9292933e-12,3.3453188e-14
871.61000,3.9299036e-12,3.3448624e-14
871.62000,3.9306730e-12,3.3442308e-14
871.63000,3.9311641e-12,3.3434350e-14
871.64000,3.9310947e-12,3.3426225e-14
871.65000,3.9304626e-12,3.3419289e-14
871.66000,3.9290853e-12,3.3414080e-14
871.67000,3.9272746e-12,3.3407832e-14
871.68000,3.9250572e-12,3.3397226e-14
871.69000,3.9225018e-12,3.3380211e-14
871.70000,3.9196514e-12,3.3359001e-14
871.71000,3.9165144e-12,3.3338608e-14
871.72000,3.9130706e-12,3.3323003e-14
871.73000,3.9093873e-12,3.3312651e-14
871.74000,3.9056026e-12,3.3307558e-14
871.75000,3.9020292e-12,3.3302860e-14
871.76000,3.8989671e-12,3.3295068e-14
871.77000,3.8965859e-12,3.3281097e-14
871.78000,3.8947930e-12,3.3260441e-14
871.79000,3.8933807e-12,3.3235018e-14
871.80000,3.8921535e-12,3.3207413e-14
871.81000,3.8908890e-12,3.3179402e-14
871.82000,3.8892963e-12,3.3151631e-14
871.83000,3.8869389e-12,3.3123215e-14
871.84000,3.8833059e-12,3.3092295e-14
871.85000,3.8777984e-12,3.3056866e-14
871.86000,3.8700975e-12,3.3016419e-14
871.87000,3.8601891e-12,3.2972038e-14
871.88000,3.8485916e-12,3.2926040e-14
871.89000,3.8358164e-12,3.2883469e-14
871.90000,3.8237784e-12,3.2849337e-14
871.91000,3.8145850e-12,3.2831946e-14
871.92000,3.8106049e-12,3.2838579e-14
871.93000,3.8137954e-12,3.2873231e-14
871.94000,3.8234262e-12,3.2927933e-14
871.95000,3.8372129e-12,3.2989202e-14
871.96000,3.8523970e-12,3.3045578e-14
871.97000,3.8661148e-12,3.3082749e-14
871.98000,3.8773505e-12,3.3105544e-14
871.99000,3.8853028e-12,3.3116352e-14
872.00000,3.8901209e-12,3.3122510e-14
872.01000,3.8921105e-12,3.3129170e-14
872.02000,3.8921193e-12,3.3136357e-14
872.03000,3.8908865e-12,3.3140870e-14
872.04000,3.8891211e-12,3.3140520e-14
872.05000,3.8872162e-12,3.3131135e-14
872.06000,3.8853220e-12,3.3116607e-14
872.07000,3.8832992e-12,3.3098635e-14
872.08000,3.8809527e-12,3.3079992e-14
872.09000,3.8782314e-12,3.3062095e-14
872.10000,3.8752918e-12,3.3044979e-14
872.11000,3.8722626e-12,3.3028621e-14
872.12000,3.8691835e-12,3.3013113e-14
872.13000,3.8659724e-12,3.2999169e-14
872.14000,3.8626529e-12,3.2986312e-14
872.15000,3.8593123e-12,3.2974588e-14
872.16000,3.8561957e-12,3.2964103e-14
872.17000,3.8535205e-12,3.2954894e-14
872.18000,3.8511834e-12,3.2945909e-14
872.19000,3.8487963e-12,3.2935075e-14
872.20000,3.8459697e-12,3.2920948e-14
872.21000,3.8418808e-12,3.2900501e-14
872.22000,3.8366368e-12,3.2875884e-14
872.23000,3.8300825e-12,3.2847975e-14
872.24000,3.8223862e-12,3.2818389e-14
872.25000,3.8139040e-12,3.2787919e-14
872.26000,3.8050969e-12,3.2756972e-14
872.27000,3.7964577e-12,3.2726647e-14
872.28000,3.7890708e-12,3.2701112e-14
872.29000,3.7833231e-12,3.2682308e-14
872.30000,3.7799757e-12,3.2673265e-14
872.31000,3.7791765e-12,3.2673486e-14
872.32000,3.7806115e-12,3.2679304e-14
872.33000,3.7834003e-12,3.2685355e-14
872.34000,3.7867524e-12,3.2688717e-14
872.35000,3.7901581e-12,3.2689493e-14
872.36000,3.7931708e-12,3.2688405e-14
872.37000,3.7957299e-12,3.2687468e-14
872.38000,3.7976606e-12,3.2687382e-14
872.39000,3.7988599e-12,3.2688409e-14
872.40000,3.7991881e-12,3.2691012e-14
872.41000,3.7987155e-12,3.2695816e-14
872.42000,3.7976303e-12,3.2703220e-14
872.43000,3.7962401e-12,3.2712508e-14
872.44000,3.7947999e-12,3.2721961e-14
872.45000,3.7934681e-12,3.2728819e-14
872.46000,3.7922434e-12,3.2730239e-14
872.47000,3.7910373e-12,3.2724726e-14
872.48000,3.7897844e-12,3.2712868e-14
872.49000,3.7884281e-12,3.2697330e-14
872.50000,3.7868190e-12,3.2680021e-14
872.51000,3.7848416e-12,3.2662122e-14
872.52000,3.7822183e-12,3.2644910e-14
872.53000,3.7792875e-12,3.2629666e-14
872.54000,3.7763462e-12,3.2618286e-14
872.55000,3.7738443e-12,3.2611776e-14
872.56000,3.7721128e-12,3.2608602e-14
872.57000,3.7712566e-12,3.2605073e-14
872.58000,3.7713456e-12,3.2597825e-14
872.59000,3.7722727e-12,3.2585975e-14
872.60000,3.7742622e-12,3.2568257e-14
872.61000,3.7767618e-12,3.2548365e-14
872.62000,3.7794405e-12,3.2528390e-14
872.63000,3.7817659e-12,3.2510346e-14
872.64000,3.7833358e-12,3.2494897e-14
872.65000,3.7840652e-12,3.2482048e-14
872.66000,3.7841655e-12,3.2471652e-14
872.67000,3.7837158e-12,3.2465249e-14
872.68000,3.7830855e-12,3.2461480e-14
872.69000,3.7822956e-12,3.2459549e-14
872.70000,3.7812663e-12,3.2456950e-14
872.71000,3.7798389e-12,3.2450680e-14
872.72000,3.7779909e-12,3.2439760e-14
872.73000,3.7758090e-12,3.2425263e-14
872.74000,3.7734410e-12,3.2409157e-14
872.75000,3.7709922e-12,3.2392855e-14
872.76000,3.7686070e-12,3.2376830e-14
872.77000,3.7663903e-12,3.2360637e-14
872.78000,3.7644084e-12,3.2343645e-14
872.79000,3.7625825e-12,3.2325892e-14
872.80000,3.7606246e-12,3.2308108e-14
872.81000,3.7582279e-12,3.2290771e-14
872.82000,3.7553264e-12,3.2273835e-14
872.83000,3.7518033e-12,3.2257065e-14
872.84000,3.7480505e-12,3.2240080e-14
872.85000,3.7441648e-12,3.2222515e-14
872.86000,3.7400502e-12,3.2203659e-14
872.87000,3.7353946e-12,3.2182451e-14
872.88000,3.7300779e-12,3.2158678e-14
872.89000,3.7243646e-12,3.2133638e-14
872.90000,3.7188990e-12,3.2110781e-14
872.91000,3.7142942e-12,3.2092888e-14
872.92000,3.7111239e-12,3.2082893e-14
872.93000,3.7094462e-12,3.2080753e-14
872.94000,3.7087844e-12,3.2083105e-14
872.95000,3.7082628e-12,3.2084184e-14
872.96000,3.7072715e-12,3.2080086e-14
872.97000,3.7057390e-12,3.2070830e-14
872.98000,3.7038028e-12,3.2057259e-14
872.99000,3.7020669e-12,3.2044259e-14
873.00000,3.7009736e-12,3.2034841e-14
873.01000,3.7007616e-12,3.2030802e-14
873.02000,3.7013643e-12,3.2032204e-14
873.03000,3.7023078e-12,3.2036672e-14
873.04000,3.7030388e-12,3.2041171e-14
873.05000,3.7031517e-12,3.2043075e-14
873.06000,3.7017177e-12,3.2036883e-14
873.07000,3.6990457e-12,3.2023578e-14
873.08000,3.6951872e-12,3.2002863e-14
873.09000,3.6908441e-12,3.1977961e-14
873.10000,3.6869963e-12,3.1953677e-14
873.11000,3.6842554e-12,3.1933455e-14
873.12000,3.6826916e-12,3.1918327e-14
873.13000,3.6818955e-12,3.1907096e-14
873.14000,3.6814631e-12,3.1899149e-14
873.15000,3.6808060e-12,3.1891760e-14
873.16000,3.6796044e-12,3.1883538e-14
873.17000,3.6777218e-12,3.1873138e-14
873.18000,3.6752510e-12,3.1859983e-14
873.19000,3.6723967e-12,3.1844468e-14
873.20000,3.6693796e-12,3.1827660e-14
873.21000,3.6664590e-12,3.1810951e-14
873.22000,3.6638392e-12,3.1795742e-14
873.23000,3.6617500e-12,3.1783302e-14
873.24000,3.6602988e-12,3.1774177e-14
873.25000,3.6594031e-12,3.1767890e-14
873.26000,3.6586566e-12,3.1762344e-14
873.27000,3.6576004e-12,3.1755226e-14
873.28000,3.6559927e-12,3.1745331e-14
873.29000,3.6533089e-12,3.1730017e-14
873.30000,3.6498806e-12,3.1710999e-14
873.31000,3.6457176e-12,3.1688527e-14
873.32000,3.6410648e-12,3.1664150e-14
873.33000,3.6362503e-12,3.1639682e-14
873.34000,3.6315548e-12,3.1616520e-14
873.35000,3.6270567e-12,3.1595346e-14
873.36000,3.6226537e-12,3.1575816e-14
873.37000,3.6181233e-12,3.1557505e-14
873.38000,3.6133847e-12,3.1539209e-14
873.39000,3.6084750e-12,3.1520546e-14
873.40000,3.6036541e-12,3.1501077e-14
873.41000,3.5992265e-12,3.1479885e-14
873.42000,3.5953277e-12,3.1457053e-14
873.43000,3.5918910e-12,3.1434311e-14
873.44000,3.5889940e-12,3.1415240e-14
873.45000,3.5863828e-12,3.1399766e-14
873.46000,3.5840533e-12,3.1387561e-14
873.47000,3.5819777e-12,3.1377469e-14
873.48000,3.5800774e-12,3.1369504e-14
873.49000,3.5780538e-12,3.1361604e-14
873.50000,3.5754665e-12,3.1348227e-14
873.51000,3.5720892e-12,3.1326203e-14
873.52000,3.5673869e-12,3.1292898e-14
873.53000,3.5619996e-12,3.1258670e-14
873.54000,3.5562532e-12,3.1229968e-14
873.55000,3.5506247e-12,3.1207267e-14
873.56000,3.5453159e-12,3.1182388e-14
873.57000,3.5401842e-12,3.1150843e-14
873.58000,3.5350344e-12,3.1118817e-14
873.59000,3.5297829e-12,3.1094481e-14
873.60000,3.5244050e-12,3.1086594e-14
873.61000,3.5190317e-12,3.1082366e-14
873.62000,3.5137879e-12,3.1066646e-14
873.63000,3.5088343e-12,3.1026774e-14
873.64000,3.5043055e-12,3.0972697e-14
873.65000,3.5002953e-12,3.0929892e-14
873.66000,3.4968113e-12,3.0913923e-14
873.67000,3.4942368e-12,3.0940930e-14
873.68000,3.4924041e-12,3.0980693e-14
873.69000,3.4914796e-12,3.1008266e-14
873.70000,3.4913723e-12,3.0997057e-14
873.71000,3.4917460e-12,3.0938844e-14
873.72000,3.4919591e-12,3.0859009e-14
873.73000,3.4914267e-12,3.0791314e-14
873.74000,3.4899731e-12,3.0756727e-14
873.75000,3.4872177e-12,3.0789575e-14
873.76000,3.4838896e-12,3.0863308e-14
873.77000,3.4803006e-12,3.0960941e-14
873.78000,3.4767128e-12,3.1043944e-14
873.79000,3.4730242e-12,3.1072753e-14
873.80000,3.4690004e-12,3.1031568e-14
873.81000,3.4646181e-12,3.0932067e-14
873.82000,3.4599470e-12,3.0779804e-14
873.83000,3.4553153e-12,3.0617599e-14
873.84000,3.4508632e-12,3.0466619e-14
873.85000,3.4465464e-12,3.0344944e-14
873.86000,3.4421537e-12,3.0262393e-14
873.87000,3.4375577e-12,3.0216991e-14
873.88000,3.4328774e-12,3.0203728e-14
873.89000,3.4283253e-12,3.0214086e-14
873.90000,3.4243066e-12,3.0250684e-14
873.91000,3.4207406e-12,3.0299297e-14
873.92000,3.4176042e-12,3.0356149e-14
873.93000,3.4146951e-12,3.0414759e-14
873.94000,3.4118493e-12,3.0469182e-14
873.95000,3.4090309e-12,3.0515715e-14
873.96000,3.4062825e-12,3.0551873e-14
873.97000,3.4036211e-12,3.0577705e-14
873.98000,3.4010488e-12,3.0586826e-14
873.99000,3.3984449e-12,3.0582917e-14
874.00000,3.3956618e-12,3.0563309e-14
874.01000,3.3925037e-12,3.0526744e-14
874.02000,3.3888162e-12,3.0473321e-14
874.03000,3.3845034e-12,3.0404051e-14
874.04000,3.3795751e-12,3.0321842e-14
874.05000,3.3736937e-12,3.0224107e-14
874.06000,3.3671873e-12,3.0119082e-14
874.07000,3.3601085e-12,3.0010299e-14
874.08000,3.3527352e-12,2.9904424e-14
874.09000,3.3453830e-12,2.9810143e-14
874.10000,3.3382856e-12,2.9734521e-14
874.11000,3.3315893e-12,2.9684615e-14
874.12000,3.3253281e-12,2.9661731e-14
874.13000,3.3198119e-12,2.9684483e-14
874.14000,3.3148175e-12,2.9740241e-14
874.15000,3.3102950e-12,2.9829198e-14
874.16000,3.3059578e-12,2.9937353e-14
874.17000,3.3014624e-12,3.0038354e-14
874.18000,3.2966882e-12,3.0103993e-14
874.19000,3.2917898e-12,3.0121864e-14
874.20000,3.2871983e-12,3.0064566e-14
874.21000,3.2831523e-12,2.9966231e-14
874.22000,3.2798208e-12,2.9844925e-14
874.23000,3.2769607e-12,2.9734963e-14
874.24000,3.2740353e-12,2.9669286e-14
874.25000,3.2706061e-12,2.9657049e-14
874.26000,3.2666088e-12,2.9685990e-14
874.27000,3.2622558e-12,2.9730869e-14
874.28000,3.2577268e-12,2.9757202e-14
874.29000,3.2532361e-12,2.9750819e-14
874.30000,3.2488268e-12,2.9705719e-14
874.31000,3.2444657e-12,2.9640270e-14
874.32000,3.2400500e-12,2.9584892e-14
874.33000,3.2354289e-12,2.9555944e-14
874.34000,3.2305050e-12,2.9547160e-14
874.35000,3.2250706e-12,2.9542977e-14
874.36000,3.2193500e-12,2.9525712e-14
874.37000,3.2135006e-12,2.9489617e-14
874.38000,3.2078313e-12,2.9444527e-14
874.39000,3.2026636e-12,2.9407750e-14
874.40000,3.1980938e-12,2.9386185e-14
874.41000,3.1939461e-12,2.9372543e-14
874.42000,3.1898718e-12,2.9357487e-14
874.43000,3.1852049e-12,2.9332525e-14
874.44000,3.1797423e-12,2.9302232e-14
874.45000,3.1732630e-12,2.9269579e-14
874.46000,3.1660303e-12,2.9235986e-14
874.47000,3.1586960e-12,2.9199284e-14
874.48000,3.1519328e-12,2.9159817e-14
874.49000,3.1461155e-12,2.9121481e-14
874.50000,3.1411460e-12,2.9087033e-14
874.51000,3.1369336e-12,2.9058596e-14
874.52000,3.1327220e-12,2.9031915e-14
874.53000,3.1279532e-12,2.9004487e-14
874.54000,3.1221505e-12,2.8975115e-14
874.55000,3.1153357e-12,2.8944228e-14
874.56000,3.1078556e-12,2.8912090e-14
874.57000,3.1001409e-12,2.8878996e-14
874.58000,3.0927498e-12,2.8845433e-14
874.59000,3.0860104e-12,2.8812660e-14
874.60000,3.0803186e-12,2.8781932e-14
874.61000,3.0757650e-12,2.8754130e-14
874.62000,3.0719678e-12,2.8728714e-14
874.63000,3.0680946e-12,2.8703032e-14
874.64000,3.0633950e-12,2.8674120e-14
874.65000,3.0576363e-12,2.8640939e-14
874.66000,3.0503903e-12,2.8601662e-14
874.67000,3.0424451e-12,2.8559442e-14
874.68000,3.0341972e-12,2.8515798e-14
874.69000,3.0261038e-12,2.8472619e-14
874.70000,3.0183561e-12,2.8431037e-14
874.71000,3.0109636e-12,2.8391632e-14
874.72000,3.0038762e-12,2.8354520e-14
874.73000,2.9972681e-12,2.8321412e-14
874.74000,2.9909892e-12,2.8291078e-14
874.75000,2.9849937e-12,2.8263149e-14
874.76000,2.9790014e-12,2.8235497e-14
874.77000,2.9725383e-12,2.8204691e-14
874.78000,2.9652400e-12,2.8168201e-14
874.79000,2.9569953e-12,2.8125519e-14
874.80000,2.9480687e-12,2.8078788e-14
874.81000,2.9387250e-12,2.8030879e-14
874.82000,2.9294878e-12,2.7985306e-14
874.83000,2.9205795e-12,2.7943828e-14
874.84000,2.9119662e-12,2.7905872e-14
874.85000,2.9034356e-12,2.7869139e-14
874.86000,2.8949351e-12,2.7832353e-14
874.87000,2.8865843e-12,2.7795744e-14
874.88000,2.8788488e-12,2.7761401e-14
874.89000,2.8717291e-12,2.7729887e-14
874.90000,2.8652853e-12,2.7701651e-14
874.91000,2.8592309e-12,2.7674953e-14
874.92000,2.8531447e-12,2.7646574e-14
874.93000,2.8467921e-12,2.7614267e-14
874.94000,2.8402151e-12,2.7577749e-14
874.95000,2.8335970e-12,2.7538563e-14
874.96000,2.8272378e-12,2.7498466e-14
874.97000,2.8212132e-12,2.7459598e-14
874.98000,2.8155873e-12,2.7423212e-14
874.99000,2.8102974e-12,2.7389949e-14
875.00000,2.8052239e-12,2.7359850e-14
875.01000,2.8003365e-12,2.7333210e-14
875.02000,2.7956679e-12,2.7309924e-14
875.03000,2.7915796e-12,2.7291917e-14
875.04000,2.7880985e-12,2.7277134e-14
875.05000,2.7854554e-12,2.7264974e-14
875.06000,2.7836967e-12,2.7253777e-14
875.07000,2.7827827e-12,2.7242528e-14
875.08000,2.7826723e-12,2.7232018e-14
875.09000,2.7833744e-12,2.7223901e-14
875.10000,2.7855095e-12,2.7222775e-14
875.11000,2.7888548e-12,2.7228712e-14
875.12000,2.7936884e-12,2.7243695e-14
875.13000,2.7999666e-12,2.7267468e-14
875.14000,2.8075636e-12,2.7299245e-14
875.15000,2.8160479e-12,2.7336798e-14
875.16000,2.8249325e-12,2.7377701e-14
875.17000,2.8337700e-12,2.7419161e-14
875.18000,2.8419889e-12,2.7456697e-14
875.19000,2.8496672e-12,2.7489096e-14
875.20000,2.8569151e-12,2.7515197e-14
875.21000,2.8641267e-12,2.7536754e-14
875.22000,2.8716135e-12,2.7557182e-14
875.23000,2.8793790e-12,2.7579192e-14
875.24000,2.8872773e-12,2.7603663e-14
875.25000,2.8951550e-12,2.7632202e-14
875.26000,2.9029005e-12,2.7663400e-14
875.27000,2.9103922e-12,2.7696996e-14
875.28000,2.9175096e-12,2.7731636e-14
875.29000,2.9241831e-12,2.7765479e-14
875.30000,2.9306241e-12,2.7797313e-14
875.31000,2.9371700e-12,2.7826941e-14
875.32000,2.9440495e-12,2.7855028e-14
875.33000,2.9516131e-12,2.7882153e-14
875.34000,2.9596048e-12,2.7909727e-14
875.35000,2.9679150e-12,2.7938933e-14
875.36000,2.9763374e-12,2.7970649e-14
875.37000,2.9847109e-12,2.8004171e-14
875.38000,2.9929332e-12,2.8037591e-14
875.39000,3.0009603e-12,2.8069593e-14
875.40000,3.0085988e-12,2.8098383e-14
875.41000,3.0158790e-12,2.8124719e-14
875.42000,3.0226245e-12,2.8147937e-14
875.43000,3.0286569e-12,2.8167424e-14
875.44000,3.0337955e-12,2.8183029e-14
875.45000,3.0381666e-12,2.8196769e-14
875.46000,3.0420871e-12,2.8211324e-14
875.47000,3.0459621e-12,2.8228162e-14
875.48000,3.0503427e-12,2.8248354e-14
875.49000,3.0552863e-12,2.8269146e-14
875.50000,3.0607792e-12,2.8288217e-14
875.51000,3.0665087e-12,2.8304144e-14
875.52000,3.0721460e-12,2.8319002e-14
875.53000,3.0775780e-12,2.8336761e-14
875.54000,3.0828461e-12,2.8359714e-14
875.55000,3.0879775e-12,2.8391958e-14
875.56000,3.0931259e-12,2.8428723e-14
875.57000,3.0984725e-12,2.8466579e-14
875.58000,3.1043494e-12,2.8499670e-14
875.59000,3.1111270e-12,2.8523676e-14
875.60000,3.1188354e-12,2.8539171e-14
875.61000,3.1271367e-12,2.8549719e-14
875.62000,3.1355548e-12,2.8559211e-14
875.63000,3.1435477e-12,2.8571718e-14
875.64000,3.1507927e-12,2.8589845e-14
875.65000,3.1572890e-12,2.8614441e-14
875.66000,3.1632573e-12,2.8645040e-14
875.67000,3.1690605e-12,2.8679238e-14
875.68000,3.1749735e-12,2.8714778e-14
875.69000,3.1811417e-12,2.8749894e-14
875.70000,3.1878195e-12,2.8782031e-14
875.71000,3.1948169e-12,2.8810894e-14
875.72000,3.2020096e-12,2.8835393e-14
875.73000,3.2091036e-12,2.8855194e-14
875.74000,3.2158236e-12,2.8870838e-14
875.75000,3.2220755e-12,2.8883605e-14
875.76000,3.2279541e-12,2.8895204e-14
875.77000,3.2334547e-12,2.8908283e-14
875.78000,3.2387921e-12,2.8924680e-14
875.79000,3.2439775e-12,2.8946493e-14
875.80000,3.2490380e-12,2.8974190e-14
875.81000,3.2540742e-12,2.9005778e-14
875.82000,3.2592601e-12,2.9036652e-14
875.83000,3.2647201e-12,2.9062263e-14
875.84000,3.2704238e-12,2.9081006e-14
875.85000,3.2762959e-12,2.9090022e-14
875.86000,3.2820920e-12,2.9094818e-14
875.87000,3.2876229e-12,2.9099092e-14
875.88000,3.2927562e-12,2.9107435e-14
875.89000,3.2975441e-12,2.9121373e-14
875.90000,3.3021084e-12,2.9139447e-14
875.91000,3.3065595e-12,2.9158778e-14
875.92000,3.3108815e-12,2.9175387e-14
875.93000,3.3150760e-12,2.9188371e-14
875.94000,3.3191018e-12,2.9197948e-14
875.95000,3.3230591e-12,2.9207387e-14
875.96000,3.3272297e-12,2.9220539e-14
875.97000,3.3318492e-12,2.9238214e-14
875.98000,3.3368671e-12,2.9258266e-14
875.99000,3.3420290e-12,2.9277022e-14
876.00000,3.3468331e-12,2.9292428e-14
876.01000,3.3509142e-12,2.9304032e-14
876.02000,3.3543065e-12,2.9314502e-14
876.03000,3.3575723e-12,2.9328224e-14
876.04000,3.3613928e-12,2.9347649e-14
876.05000,3.3660438e-12,2.9372441e-14
876.06000,3.3713016e-12,2.9399928e-14
876.07000,3.3768187e-12,2.9425996e-14
876.08000,3.3820870e-12,2.9447591e-14
876.09000,3.3868722e-12,2.9462354e-14
876.10000,3.3912328e-12,2.9470250e-14
876.11000,3.3954565e-12,2.9473816e-14
876.12000,3.3997355e-12,2.9475673e-14
876.13000,3.4040890e-12,2.9477730e-14
876.14000,3.4083934e-12,2.9482463e-14
876.15000,3.4124847e-12,2.9490003e-14
876.16000,3.4161641e-12,2.9500721e-14
876.17000,3.4192709e-12,2.9513253e-14
876.18000,3.4217130e-12,2.9524729e-14
876.19000,3.4234676e-12,2.9532298e-14
876.20000,3.4245975e-12,2.9534949e-14
876.21000,3.4248610e-12,2.9530007e-14
876.22000,3.4246602e-12,2.9521034e-14
876.23000,3.4242180e-12,2.9509933e-14
876.24000,3.4240657e-12,2.9500639e-14
876.25000,3.4249082e-12,2.9497710e-14
876.26000,3.4271177e-12,2.9503277e-14
876.27000,3.4306964e-12,2.9517173e-14
876.28000,3.4351766e-12,2.9536420e-14
876.29000,3.4400598e-12,2.9557611e-14
876.30000,3.4445916e-12,2.9576012e-14
876.31000,3.4483353e-12,2.9588645e-14
876.32000,3.4512326e-12,2.9595086e-14
876.33000,3.4537653e-12,2.9598618e-14
876.34000,3.4565259e-12,2.9603128e-14
876.35000,3.4598658e-12,2.9610803e-14
876.36000,3.4644470e-12,2.9625087e-14
876.37000,3.4699149e-12,2.9643762e-14
876.38000,3.4761938e-12,2.9666046e-14
876.39000,3.4828557e-12,2.9689364e-14
876.40000,3.4893519e-12,2.9710946e-14
876.41000,3.4952859e-12,2.9729479e-14
876.42000,3.5005708e-12,2.9745187e-14
876.43000,3.5048956e-12,2.9756799e-14
876.44000,3.5087063e-12,2.9765538e-14
876.45000,3.5122035e-12,2.9771687e-14
876.46000,3.5158344e-12,2.9778298e-14
876.47000,3.5200453e-12,2.9790470e-14
876.48000,3.5248655e-12,2.9809375e-14
876.49000,3.5299602e-12,2.9830782e-14
876.50000,3.5347584e-12,2.9845490e-14
876.51000,3.5389816e-12,2.9850160e-14
876.52000,3.5425224e-12,2.9844477e-14
876.53000,3.5456975e-12,2.9837061e-14
876.54000,3.5490008e-12,2.9841678e-14
876.55000,3.5527139e-12,2.9865725e-14
876.56000,3.5568278e-12,2.9907164e-14
876.57000,3.5612044e-12,2.9956903e-14
876.58000,3.5658788e-12,3.0001616e-14
876.59000,3.5707893e-12,3.0032174e-14
876.60000,3.5759882e-12,3.0041071e-14
876.61000,3.5813133e-12,3.0027603e-14
876.62000,3.5863239e-12,2.9998809e-14
876.63000,3.5906044e-12,2.9963582e-14
876.64000,3.5941236e-12,2.9928624e-14
876.65000,3.5967826e-12,2.9902264e-14
876.66000,3.5992527e-12,2.9885367e-14
876.67000,3.6018723e-12,2.9880932e-14
876.68000,3.6048575e-12,2.9889344e-14
876.69000,3.6080834e-12,2.9909538e-14
876.70000,3.6112700e-12,2.9939286e-14
876.71000,3.6142996e-12,2.9976254e-14
876.72000,3.6171941e-12,3.0021389e-14
876.73000,3.6202325e-12,3.0069810e-14
876.74000,3.6237186e-12,3.0118031e-14
876.75000,3.6278998e-12,3.0159116e-14
876.76000,3.6328255e-12,3.0183652e-14
876.77000,3.6381290e-12,3.0187631e-14
876.78000,3.6432759e-12,3.0172557e-14
876.79000,3.6478334e-12,3.0146280e-14
876.80000,3.6508670e-12,3.0118030e-14
876.81000,3.6525188e-12,3.0097417e-14
876.82000,3.6525825e-12,3.0089563e-14
876.83000,3.6512164e-12,3.0092257e-14
876.84000,3.6489757e-12,3.0096272e-14
876.85000,3.6464580e-12,3.0094598e-14
876.86000,3.6441500e-12,3.0086683e-14
876.87000,3.6427938e-12,3.0075178e-14
876.88000,3.6423370e-12,3.0066934e-14
876.89000,3.6429066e-12,3.0065822e-14
876.90000,3.6443902e-12,3.0071569e-14
876.91000,3.6466281e-12,3.0080477e-14
876.92000,3.6495253e-12,3.0090059e-14
876.93000,3.6529202e-12,3.0099717e-14
876.94000,3.6567626e-12,3.0109193e-14
876.95000,3.6606404e-12,3.0117978e-14
876.96000,3.6643120e-12,3.0125229e-14
876.97000,3.6675563e-12,3.0130476e-14
876.98000,3.6702273e-12,3.0133628e-14
876.99000,3.6722626e-12,3.0134453e-14
877.00000,3.6737146e-12,3.0132868e-14
877.01000,3.6744744e-12,3.0127991e-14
877.02000,3.6750044e-12,3.0121788e-14
877.03000,3.6755916e-12,3.0115526e-14
877.04000,3.6765700e-12,3.0110827e-14
877.05000,3.6781301e-12,3.0108675e-14
877.06000,3.6802239e-12,3.0108828e-14
877.07000,3.6828136e-12,3.0110911e-14
877.08000,3.6858043e-12,3.0114381e-14
877.09000,3.6892086e-12,3.0119148e-14
877.10000,3.6926743e-12,3.0124097e-14
877.11000,3.6958849e-12,3.0128315e-14
877.12000,3.6984945e-12,3.0131068e-14
877.13000,3.7005085e-12,3.0133099e-14
877.14000,3.7021579e-12,3.0135937e-14
877.15000,3.7037082e-12,3.0140345e-14
877.16000,3.7053782e-12,3.0146477e-14
877.17000,3.7071789e-12,3.0151966e-14
877.18000,3.7090811e-12,3.0154472e-14
877.19000,3.7110411e-12,3.0152411e-14
877.20000,3.7131108e-12,3.0147106e-14
877.21000,3.7154419e-12,3.0141440e-14
877.22000,3.7181463e-12,3.0137562e-14
877.23000,3.7216466e-12,3.0138863e-14
877.24000,3.7257675e-12,3.0144307e-14
877.25000,3.7305004e-12,3.0153987e-14
877.26000,3.7354704e-12,3.0166235e-14
877.27000,3.7400072e-12,3.0178200e-14
877.28000,3.7434852e-12,3.0187218e-14
877.29000,3.7457455e-12,3.0192456e-14
877.30000,3.7462714e-12,3.0192342e-14
877.31000,3.7459818e-12,3.0190003e-14
877.32000,3.7452882e-12,3.0187019e-14
877.33000,3.7447612e-12,3.0185172e-14
877.34000,3.7446624e-12,3.0184824e-14
877.35000,3.7448470e-12,3.0184946e-14
877.36000,3.7451045e-12,3.0184690e-14
877.37000,3.7453358e-12,3.0183517e-14
877.38000,3.7456520e-12,3.0182126e-14
877.39000,3.7462906e-12,3.0181079e-14
877.40000,3.7474724e-12,3.0180599e-14
877.41000,3.7492388e-12,3.0180176e-14
877.42000,3.7513739e-12,3.0179475e-14
877.43000,3.7537589e-12,3.0179227e-14
877.44000,3.7563606e-12,3.0180429e-14
877.45000,3.7593051e-12,3.0185152e-14
877.46000,3.7623980e-12,3.0192370e-14
877.47000,3.7653810e-12,3.0201209e-14
877.48000,3.7678610e-12,3.0209962e-14
877.49000,3.7697840e-12,3.0217872e-14
877.50000,3.7714155e-12,3.0225154e-14
877.51000,3.7730664e-12,3.0232097e-14
877.52000,3.7750812e-12,3.0238288e-14
877.53000,3.7774247e-12,3.0243424e-14
877.54000,3.7801246e-12,3.0246949e-14
877.55000,3.7831959e-12,3.0248983e-14
877.56000,3.7865984e-12,3.0250601e-14
877.57000,3.7901234e-12,3.0252642e-14
877.58000,3.7934770e-12,3.0254762e-14
877.59000,3.7960159e-12,3.0253928e-14
877.60000,3.7977498e-12,3.0248160e-14
877.61000,3.7986035e-12,3.0235172e-14
877.62000,3.7989505e-12,3.0216700e-14
877.63000,3.7994564e-12,3.0199676e-14
877.64000,3.8006711e-12,3.0191816e-14
877.65000,3.8026948e-12,3.0195815e-14
877.66000,3.8056953e-12,3.0218248e-14
877.67000,3.8088997e-12,3.0250108e-14
877.68000,3.8117681e-12,3.0287493e-14
877.69000,3.8136992e-12,3.0323220e-14
877.70000,3.8144549e-12,3.0350865e-14
877.71000,3.8143743e-12,3.0367611e-14
877.72000,3.8140277e-12,3.0374488e-14
877.73000,3.8142508e-12,3.0368975e-14
877.74000,3.8153713e-12,3.0356615e-14
877.75000,3.8176330e-12,3.0337452e-14
877.76000,3.8206822e-12,3.0312074e-14
877.77000,3.8236641e-12,3.0281158e-14
877.78000,3.8256958e-12,3.0247388e-14
877.79000,3.8264538e-12,3.0213949e-14
877.80000,3.8253052e-12,3.0186209e-14
877.81000,3.8231847e-12,3.0165212e-14
877.82000,3.8205811e-12,3.0152694e-14
877.83000,3.8183332e-12,3.0147330e-14
877.84000,3.8172076e-12,3.0146635e-14
877.85000,3.8174118e-12,3.0148511e-14
877.86000,3.8187321e-12,3.0152655e-14
877.87000,3.8212077e-12,3.0160639e-14
877.88000,3.8241018e-12,3.0171103e-14
877.89000,3.8270511e-12,3.0183015e-14
877.90000,3.8295208e-12,3.0193985e-14
877.91000,3.8308611e-12,3.0201314e-14
877.92000,3.8307412e-12,3.0203310e-14
877.93000,3.8291687e-12,3.0198766e-14
877.94000,3.8266509e-12,3.0188411e-14
877.95000,3.8238584e-12,3.0172086e-14
877.96000,3.8217650e-12,3.0154915e-14
877.97000,3.8211713e-12,3.0140754e-14
877.98000,3.8225227e-12,3.0133333e-14
877.99000,3.8254144e-12,3.0132625e-14
878.00000,3.8291977e-12,3.0136497e-14
878.01000,3.8333107e-12,3.0142448e-14
878.02000,3.8374008e-12,3.0148828e-14
878.03000,3.8412999e-12,3.0154454e-14
878.04000,3.8448406e-12,3.0158571e-14
878.05000,3.8476877e-12,3.0160094e-14
878.06000,3.8494382e-12,3.0157898e-14
878.07000,3.8498905e-12,3.0151774e-14
878.08000,3.8493394e-12,3.0143838e-14
878.09000,3.8484239e-12,3.0147949e-14
878.10000,3.8488297e-12,3.0189311e-14
878.11000,3.8532785e-12,3.0333390e-14
878.12000,3.8661737e-12,3.0701861e-14
878.13000,3.8904473e-12,3.1387868e-14
878.14000,NaN,NaN
878.15000,NaN,NaN
878.16000,NaN,NaN
878.17000,NaN,NaN
878.18000,NaN,NaN
878.19000,NaN,NaN
878.20000,NaN,NaN
878.21000,NaN,NaN
878.22000,NaN,NaN
878.23000,NaN,NaN
878.24000,NaN,NaN
878.25000,NaN,NaN
878.26000,NaN,NaN
878.27000,NaN,NaN
878.28000,NaN,NaN
878.29000,NaN,NaN
878.30000,NaN,NaN
878.31000,NaN,NaN
878.32000,NaN,NaN
878.33000,NaN,NaN
878.34000,NaN,NaN
878.35000,NaN,NaN
878.36000,NaN,NaN
878.37000,NaN,NaN
878.38000,NaN,NaN
878.39000,NaN,NaN
878.40000,NaN,NaN
878.41000,NaN,NaN
878.42000,NaN,NaN
878.43000,NaN,NaN
878.44000,NaN,NaN
878.45000,NaN,NaN
878.46000,NaN,NaN
878.47000,NaN,NaN
878.48000,NaN,NaN
878.49000,NaN,NaN
878.50000,NaN,NaN
878.51000,NaN,NaN
878.52000,NaN,NaN
878.53000,NaN,NaN
878.54000,NaN,NaN
878.55000,NaN,NaN
878.56000,NaN,NaN
878.57000,NaN,NaN
878.58000,NaN,NaN
878.59000,NaN,NaN
878.60000,NaN,NaN
878.61000,NaN,NaN
878.62000,NaN,NaN
878.63000,NaN,NaN
878.64000,NaN,NaN
878.65000,NaN,NaN
878.66000,NaN,NaN
878.67000,NaN,NaN
878.68000,NaN,NaN
878.69000,NaN,NaN
878.70000,NaN,NaN
878.71000,NaN,NaN
878.72000,NaN,NaN
878.73000,NaN,NaN
878.74000,NaN,NaN
878.75000,NaN,NaN
878.76000,NaN,NaN
878.77000,NaN,NaN
878.78000,NaN,NaN
878.79000,NaN,NaN
878.80000,NaN,NaN
878.81000,NaN,NaN
878.82000,NaN,NaN
878.83000,NaN,NaN
878.84000,NaN,NaN
878.85000,NaN,NaN
878.86000,NaN,NaN
878.87000,NaN,NaN
878.88000,NaN,NaN
878.89000,NaN,NaN
878.90000,NaN,NaN
878.91000,NaN,NaN
878.92000,NaN,NaN
878.93000,NaN,NaN
878.94000,NaN,NaN
878.95000,NaN,NaN
878.96000,NaN,NaN
878.97000,NaN,NaN
878.98000,NaN,NaN
878.99000,NaN,NaN
879.00000,NaN,NaN
879.01000,NaN,NaN
879.02000,NaN,NaN
879.03000,NaN,NaN
879.04000,NaN,NaN
879.05000,NaN,NaN
879.06000,NaN,NaN
879.07000,NaN,NaN
879.08000,NaN,NaN
879.09000,NaN,NaN
879.10000,NaN,NaN
879.11000,NaN,NaN
879.12000,NaN,NaN
879.13000,NaN,NaN
879.14000,NaN,NaN
879.15000,NaN,NaN
879.16000,NaN,NaN
879.17000,NaN,NaN
879.18000,NaN,NaN
879.19000,NaN,NaN
879.20000,NaN,NaN
879.21000,NaN,NaN
879.22000,NaN,NaN
879.23000,NaN,NaN
879.24000,NaN,NaN
879.25000,NaN,NaN
879.26000,NaN,NaN
879.27000,NaN,NaN
879.28000,NaN,NaN
879.29000,NaN,NaN
879.30000,NaN,NaN
879.31000,NaN,NaN
879.32000,NaN,NaN
879.33000,NaN,NaN
879.34000,NaN,NaN
879.35000,NaN,NaN
879.36000,NaN,NaN
879.37000,NaN,NaN
879.38000,NaN,NaN
879.39000,NaN,NaN
879.40000,NaN,NaN
879.41000,NaN,NaN
879.42000,NaN,NaN
879.43000,NaN,NaN
879.44000,NaN,NaN
879.45000,NaN,NaN
879.46000,NaN,NaN
879.47000,NaN,NaN
879.48000,NaN,NaN
879.49000,NaN,NaN
879.50000,NaN,NaN
879.51000,NaN,NaN
879.52000,NaN,NaN
879.53000,NaN,NaN
879.54000,NaN,NaN
879.55000,NaN,NaN
879.56000,NaN,NaN
879.57000,NaN,NaN
879.58000,NaN,NaN
879.59000,NaN,NaN
879.60000,NaN,NaN
879.61000,NaN,NaN
879.62000,NaN,NaN
879.63000,NaN,NaN
879.64000,NaN,NaN
879.65000,NaN,NaN
879.66000,NaN,NaN
879.67000,NaN,NaN
879.68000,NaN,NaN
879.69000,NaN,NaN
879.70000,NaN,NaN
879.71000,NaN,NaN
879.72000,NaN,NaN
879.73000,NaN,NaN
879.74000,NaN,NaN
879.75000,NaN,NaN
879.76000,NaN,NaN
879.77000,NaN,NaN
879.78000,NaN,NaN
879.79000,NaN,NaN
879.80000,NaN,NaN
879.81000,NaN,NaN
879.82000,NaN,NaN
879.83000,NaN,NaN
879.84000,NaN,NaN
879.85000,NaN,NaN
879.86000,NaN,NaN
879.87000,NaN,NaN
879.88000,NaN,NaN
879.89000,NaN,NaN
879.90000,NaN,NaN
879.91000,NaN,NaN
879.92000,NaN,NaN
879.93000,NaN,NaN
879.94000,NaN,NaN
879.95000,NaN,NaN
879.96000,NaN,NaN
879.97000,NaN,NaN
879.98000,NaN,NaN
879.99000,NaN,NaN
880.00000,NaN,NaN
880.01000,NaN,NaN
880.02000,NaN,NaN
880.03000,NaN,NaN
880.04000,NaN,NaN
880.05000,NaN,NaN
880.06000,NaN,NaN
880.07000,NaN,NaN
880.08000,NaN,NaN
880.09000,NaN,NaN
880.10000,3.9749036e-12,3.3802390e-14
880.11000,3.9971456e-12,3.4432678e-14
880.12000,4.0071577e-12,3.4712585e-14
880.13000,4.0116889e-12,3.4837208e-14
880.14000,4.0128678e-12,3.4867296e-14
880.15000,4.0129447e-12,3.4864739e-14
880.16000,4.0128599e-12,3.4855473e-14
880.17000,4.0128109e-12,3.4847208e-14
880.18000,4.0128167e-12,3.4841759e-14
880.19000,4.0130348e-12,3.4841997e-14
880.20000,4.0135655e-12,3.4846800e-14
880.21000,4.0146067e-12,3.4857605e-14
880.22000,4.0161855e-12,3.4875220e-14
880.23000,4.0180097e-12,3.4898447e-14
880.24000,4.0196362e-12,3.4923547e-14
880.25000,4.0207946e-12,3.4946464e-14
880.26000,4.0209416e-12,3.4958326e-14
880.27000,4.0203824e-12,3.4958109e-14
880.28000,4.0192229e-12,3.4942516e-14
880.29000,4.0178991e-12,3.4914608e-14
880.30000,4.0168436e-12,3.4883931e-14
880.31000,4.0161291e-12,3.4858706e-14
880.32000,4.0155161e-12,3.4840545e-14
880.33000,4.0144136e-12,3.4829360e-14
880.34000,4.0125676e-12,3.4818816e-14
880.35000,4.0097261e-12,3.4806683e-14
880.36000,4.0060152e-12,3.4793307e-14
880.37000,4.0018579e-12,3.4779254e-14
880.38000,3.9975606e-12,3.4762159e-14
880.39000,3.9932786e-12,3.4740163e-14
880.40000,3.9892467e-12,3.4711958e-14
880.41000,3.9856533e-12,3.4685041e-14
880.42000,3.9829482e-12,3.4668342e-14
880.43000,3.9816916e-12,3.4670552e-14
880.44000,3.9818955e-12,3.4688026e-14
880.45000,3.9830792e-12,3.4709750e-14
880.46000,3.9844832e-12,3.4725856e-14
880.47000,3.9849566e-12,3.4723937e-14
880.48000,3.9840647e-12,3.4709201e-14
880.49000,3.9812958e-12,3.4686517e-14
880.50000,3.9765013e-12,3.4665732e-14
880.51000,3.9701359e-12,3.4651641e-14
880.52000,3.9627595e-12,3.4641994e-14
880.53000,3.9547737e-12,3.4630352e-14
880.54000,3.9469588e-12,3.4610438e-14
880.55000,3.9397842e-12,3.4576532e-14
880.56000,3.9335482e-12,3.4527697e-14
880.57000,3.9283516e-12,3.4468887e-14
880.58000,3.9240741e-12,3.4409970e-14
880.59000,3.9205777e-12,3.4357620e-14
880.60000,3.9181996e-12,3.4322410e-14
880.61000,3.9166187e-12,3.4301407e-14
880.62000,3.9159814e-12,3.4296322e-14
880.63000,3.9163201e-12,3.4305222e-14
880.64000,3.9176266e-12,3.4325656e-14
880.65000,3.9197074e-12,3.4354613e-14
880.66000,3.9222878e-12,3.4389323e-14
880.67000,3.9252373e-12,3.4429298e-14
880.68000,3.9282258e-12,3.4470747e-14
880.69000,3.9311344e-12,3.4512123e-14
880.70000,3.9339061e-12,3.4551638e-14
880.71000,3.9365859e-12,3.4587862e-14
880.72000,3.9392605e-12,3.4619549e-14
880.73000,3.9419759e-12,3.4646064e-14
880.74000,3.9447411e-12,3.4662086e-14
880.75000,3.9474442e-12,3.4669010e-14
880.76000,3.9498878e-12,3.4664151e-14
880.77000,3.9517216e-12,3.4646668e-14
880.78000,3.9525919e-12,3.4618016e-14
880.79000,3.9523154e-12,3.4580786e-14
880.80000,3.9510461e-12,3.4538289e-14
880.81000,3.9486553e-12,3.4492754e-14
880.82000,3.9458704e-12,3.4448552e-14
880.83000,3.9430675e-12,3.4409082e-14
880.84000,3.9407398e-12,3.4378122e-14
880.85000,3.9391495e-12,3.4357518e-14
880.86000,3.9383357e-12,3.4348099e-14
880.87000,3.9381316e-12,3.4348634e-14
880.88000,3.9385816e-12,3.4363323e-14
880.89000,3.9393068e-12,3.4387275e-14
880.90000,3.9401429e-12,3.4419516e-14
880.91000,3.9408060e-12,3.4454487e-14
880.92000,3.9410150e-12,3.4483160e-14
880.93000,3.9406223e-12,3.4499466e-14
880.94000,3.9391769e-12,3.4491716e-14
880.95000,3.9369681e-12,3.4467195e-14
880.96000,3.9340247e-12,3.4429142e-14
880.97000,3.9306723e-12,3.4388686e-14
880.98000,3.9273547e-12,3.4358599e-14
880.99000,3.9244609e-12,3.4344038e-14
881.00000,3.9221655e-12,3.4341666e-14
881.01000,3.9210724e-12,3.4347940e-14
881.02000,3.9210583e-12,3.4354120e-14
881.03000,3.9224692e-12,3.4358422e-14
881.04000,3.9253556e-12,3.4364923e-14
881.05000,3.9293737e-12,3.4382407e-14
881.06000,3.9337579e-12,3.4414427e-14
881.07000,3.9379027e-12,3.4456210e-14
881.08000,3.9409573e-12,3.4497941e-14
881.09000,3.9430319e-12,3.4528372e-14
881.10000,3.9440030e-12,3.4538931e-14
881.11000,3.9440106e-12,3.4528334e-14
881.12000,3.9432442e-12,3.4503424e-14
881.13000,3.9418961e-12,3.4472356e-14
881.14000,3.9402158e-12,3.4440051e-14
881.15000,3.9385382e-12,3.4411172e-14
881.16000,3.9372612e-12,3.4387702e-14
881.17000,3.9367614e-12,3.4372885e-14
881.18000,3.9372323e-12,3.4368134e-14
881.19000,3.9384406e-12,3.4370622e-14
881.20000,3.9399446e-12,3.4376067e-14
881.21000,3.9413433e-12,3.4381326e-14
881.22000,3.9419809e-12,3.4383014e-14
881.23000,3.9417530e-12,3.4380860e-14
881.24000,3.9403886e-12,3.4373795e-14
881.25000,3.9379767e-12,3.4362019e-14
881.26000,3.9352446e-12,3.4348117e-14
881.27000,3.9331830e-12,3.4335704e-14
881.28000,3.9324650e-12,3.4327644e-14
881.29000,3.9345321e-12,3.4330341e-14
881.30000,3.9386654e-12,3.4342323e-14
881.31000,3.9445207e-12,3.4363545e-14
881.32000,3.9508391e-12,3.4389476e-14
881.33000,3.9563227e-12,3.4413718e-14
881.34000,3.9604920e-12,3.4432848e-14
881.35000,3.9625448e-12,3.4441331e-14
881.36000,3.9633464e-12,3.4442003e-14
881.37000,3.9630793e-12,3.4434792e-14
881.38000,3.9621340e-12,3.4422019e-14
881.39000,3.9607677e-12,3.4406972e-14
881.40000,3.9592224e-12,3.4393227e-14
881.41000,3.9577681e-12,3.4382983e-14
881.42000,3.9571234e-12,3.4381301e-14
881.43000,3.9575449e-12,3.4386726e-14
881.44000,3.9595470e-12,3.4400051e-14
881.45000,3.9632146e-12,3.4419151e-14
881.46000,3.9679262e-12,3.4439545e-14
881.47000,3.9726298e-12,3.4456310e-14
881.48000,3.9765093e-12,3.4466657e-14
881.49000,3.9779533e-12,3.4463388e-14
881.50000,3.9772698e-12,3.4449727e-14
881.51000,3.9743098e-12,3.4425858e-14
881.52000,3.9699161e-12,3.4396760e-14
881.53000,3.9655149e-12,3.4369736e-14
881.54000,3.9620573e-12,3.4349634e-14
881.55000,3.9596427e-12,3.4336772e-14
881.56000,3.9582356e-12,3.4331878e-14
881.57000,3.9569040e-12,3.4329073e-14
881.58000,3.9551132e-12,3.4324903e-14
881.59000,3.9525944e-12,3.4316080e-14
881.60000,3.9496602e-12,3.4302437e-14
881.61000,3.9466926e-12,3.4285503e-14
881.62000,3.9441534e-12,3.4266634e-14
881.63000,3.9420718e-12,3.4248452e-14
881.64000,3.9404447e-12,3.4232568e-14
881.65000,3.9390077e-12,3.4220027e-14
881.66000,3.9374858e-12,3.4210969e-14
881.67000,3.9358940e-12,3.4204649e-14
881.68000,3.9344183e-12,3.4200288e-14
881.69000,3.9333778e-12,3.4197974e-14
881.70000,3.9325682e-12,3.4196157e-14
881.71000,3.9316679e-12,3.4193442e-14
881.72000,3.9301281e-12,3.4187363e-14
881.73000,3.9277544e-12,3.4175968e-14
881.74000,3.9249472e-12,3.4159649e-14
881.75000,3.9222127e-12,3.4140752e-14
881.76000,3.9201780e-12,3.4123092e-14
881.77000,3.9186545e-12,3.4109800e-14
881.78000,3.9173621e-12,3.4103782e-14
881.79000,3.9156911e-12,3.4106324e-14
881.80000,3.9133054e-12,3.4116045e-14
881.81000,3.9103045e-12,3.4130908e-14
881.82000,3.9070079e-12,3.4148318e-14
881.83000,3.9037590e-12,3.4164744e-14
881.84000,3.9007842e-12,3.4176693e-14
881.85000,3.8982227e-12,3.4180368e-14
881.86000,3.8961087e-12,3.4173785e-14
881.87000,3.8942977e-12,3.4160221e-14
881.88000,3.8925951e-12,3.4143990e-14
881.89000,3.8907143e-12,3.4129989e-14
881.90000,3.8885443e-12,3.4120723e-14
881.91000,3.8860788e-12,3.4118191e-14
881.92000,3.8836477e-12,3.4121770e-14
881.93000,3.8818300e-12,3.4127467e-14
881.94000,3.8809450e-12,3.4128671e-14
881.95000,3.8808173e-12,3.4121059e-14
881.96000,3.8811425e-12,3.4094917e-14
881.97000,3.8811268e-12,3.4056110e-14
881.98000,3.8801063e-12,3.4006433e-14
881.99000,3.8773533e-12,3.3952300e-14
882.00000,3.8721576e-12,3.3898516e-14
882.01000,3.8637270e-12,3.3844108e-14
882.02000,3.8518045e-12,3.3785235e-14
882.03000,3.8338495e-12,3.3710339e-14
882.04000,3.8116699e-12,3.3619771e-14
882.05000,3.7857745e-12,3.3512824e-14
882.06000,3.7593879e-12,3.3401465e-14
882.07000,3.7376285e-12,3.3308134e-14
882.08000,3.7253840e-12,3.3254519e-14
882.09000,3.7239912e-12,3.3246474e-14
882.10000,3.7387404e-12,3.3305387e-14
882.11000,3.7627145e-12,3.3402044e-14
882.12000,3.7922826e-12,3.3522032e-14
882.13000,3.8209090e-12,3.3640515e-14
882.14000,3.8442583e-12,3.3740640e-14
882.15000,3.8618699e-12,3.3819551e-14
882.16000,3.8720245e-12,3.3868480e-14
882.17000,3.8784767e-12,3.3900101e-14
882.18000,3.8820552e-12,3.3914848e-14
882.19000,3.8839356e-12,3.3914623e-14
882.20000,3.8847264e-12,3.3901751e-14
882.21000,3.8846718e-12,3.3881212e-14
882.22000,3.8839814e-12,3.3858181e-14
882.23000,3.8826069e-12,3.3838115e-14
882.24000,3.8809855e-12,3.3823010e-14
882.25000,3.8793067e-12,3.3814739e-14
882.26000,3.8778238e-12,3.3813060e-14
882.27000,3.8766588e-12,3.3814309e-14
882.28000,3.8757772e-12,3.3813926e-14
882.29000,3.8750592e-12,3.3809891e-14
882.30000,3.8744380e-12,3.3800972e-14
882.31000,3.8738462e-12,3.3790809e-14
882.32000,3.8732901e-12,3.3781006e-14
882.33000,3.8726895e-12,3.3771257e-14
882.34000,3.8718137e-12,3.3760622e-14
882.35000,3.8705011e-12,3.3749810e-14
882.36000,3.8684882e-12,3.3740891e-14
882.37000,3.8662102e-12,3.3733758e-14
882.38000,3.8640670e-12,3.3727501e-14
882.39000,3.8626409e-12,3.3720762e-14
882.40000,3.8622774e-12,3.3715179e-14
882.41000,3.8628352e-12,3.3713944e-14
882.42000,3.8639653e-12,3.3717136e-14
882.43000,3.8654463e-12,3.3722489e-14
882.44000,3.8668507e-12,3.3724815e-14
882.45000,3.8679378e-12,3.3721606e-14
882.46000,3.8685664e-12,3.3715442e-14
882.47000,3.8689339e-12,3.3711996e-14
882.48000,3.8694577e-12,3.3712793e-14
882.49000,3.8704211e-12,3.3715183e-14
882.50000,3.8722479e-12,3.3714958e-14
882.51000,3.8745380e-12,3.3712419e-14
882.52000,3.8769436e-12,3.3711088e-14
882.53000,3.8788441e-12,3.3716838e-14
882.54000,3.8799032e-12,3.3728016e-14
882.55000,3.8801728e-12,3.3738003e-14
882.56000,3.8795148e-12,3.3735921e-14
882.57000,3.8784100e-12,3.3723709e-14
882.58000,3.8769266e-12,3.3706176e-14
882.59000,3.8750812e-12,3.3696267e-14
882.60000,3.8727457e-12,3.3703266e-14
882.61000,3.8699075e-12,3.3721274e-14
882.62000,3.8667659e-12,3.3738395e-14
882.63000,3.8636830e-12,3.3735347e-14
882.64000,3.8609928e-12,3.3713716e-14
882.65000,3.8589171e-12,3.3676910e-14
882.66000,3.8573983e-12,3.3641189e-14
882.67000,3.8561697e-12,3.3621199e-14
882.68000,3.8550884e-12,3.3618166e-14
882.69000,3.8541413e-12,3.3623304e-14
882.70000,3.8534855e-12,3.3622587e-14
882.71000,3.8530683e-12,3.3608631e-14
882.72000,3.8528673e-12,3.3579671e-14
882.73000,3.8527649e-12,3.3547111e-14
882.74000,3.8526740e-12,3.3527742e-14
882.75000,3.8525903e-12,3.3528363e-14
882.76000,3.8524970e-12,3.3558072e-14
882.77000,3.8522790e-12,3.3598445e-14
882.78000,3.8516607e-12,3.3634699e-14
882.79000,3.8502208e-12,3.3645205e-14
882.80000,3.8476643e-12,3.3617349e-14
882.81000,3.8442173e-12,3.3559531e-14
882.82000,3.8403957e-12,3.3489079e-14
882.83000,3.8369519e-12,3.3428470e-14
882.84000,3.8342819e-12,3.3390405e-14
882.85000,3.8326928e-12,3.3386610e-14
882.86000,3.8320816e-12,3.3420460e-14
882.87000,3.8320089e-12,3.3480820e-14
882.88000,3.8321360e-12,3.3548080e-14
882.89000,3.8322936e-12,3.3603974e-14
882.90000,3.8323786e-12,3.3617432e-14
882.91000,3.8323620e-12,3.3592687e-14
882.92000,3.8321727e-12,3.3531715e-14
882.93000,3.8317237e-12,3.3455948e-14
882.94000,3.8309918e-12,3.3388721e-14
882.95000,3.8300021e-12,3.3337261e-14
882.96000,3.8286582e-12,3.3309071e-14
882.97000,3.8271323e-12,3.3293777e-14
882.98000,3.8255455e-12,3.3293038e-14
882.99000,3.8241930e-12,3.3314033e-14
883.00000,3.8233585e-12,3.3368452e-14
883.01000,3.8230186e-12,3.3459135e-14
883.02000,3.8228995e-12,3.3575059e-14
883.03000,3.8225294e-12,3.3697879e-14
883.04000,3.8216433e-12,3.3797324e-14
883.05000,3.8200194e-12,3.3844231e-14
883.06000,3.8176638e-12,3.3816196e-14
883.07000,3.8148357e-12,3.3722779e-14
883.08000,3.8118074e-12,3.3590360e-14
883.09000,3.8088265e-12,3.3440581e-14
883.10000,3.8060369e-12,3.3302042e-14
883.11000,3.8034963e-12,3.3190551e-14
883.12000,3.8011359e-12,3.3113809e-14
883.13000,3.7988794e-12,3.3072279e-14
883.14000,3.7967264e-12,3.3058487e-14
883.15000,3.7946896e-12,3.3064205e-14
883.16000,3.7928067e-12,3.3090064e-14
883.17000,3.7909738e-12,3.3124030e-14
883.18000,3.7891484e-12,3.3162042e-14
883.19000,3.7873373e-12,3.3197245e-14
883.20000,3.7856328e-12,3.3223269e-14
883.21000,3.7841212e-12,3.3236627e-14
883.22000,3.7827876e-12,3.3238276e-14
883.23000,3.7815726e-12,3.3225212e-14
883.24000,3.7802640e-12,3.3204890e-14
883.25000,3.7786761e-12,3.3179988e-14
883.26000,3.7767160e-12,3.3155024e-14
883.27000,3.7745866e-12,3.3133996e-14
883.28000,3.7725458e-12,3.3118750e-14
883.29000,3.7710238e-12,3.3114432e-14
883.30000,3.7700339e-12,3.3118378e-14
883.31000,3.7696574e-12,3.3130649e-14
883.32000,3.7697353e-12,3.3147187e-14
883.33000,3.7700005e-12,3.3160487e-14
883.34000,3.7702974e-12,3.3163302e-14
883.35000,3.7706617e-12,3.3153471e-14
883.36000,3.7714676e-12,3.3123973e-14
883.37000,3.7728682e-12,3.3083854e-14
883.38000,3.7750928e-12,3.3036763e-14
883.39000,3.7779183e-12,3.2990174e-14
883.40000,3.7805180e-12,3.2950924e-14
883.41000,3.7819822e-12,3.2924311e-14
883.42000,3.7819466e-12,3.2912469e-14
883.43000,3.7794963e-12,3.2928430e-14
883.44000,3.7755385e-12,3.2968758e-14
883.45000,3.7704357e-12,3.3038559e-14
883.46000,3.7649113e-12,3.3133540e-14
883.47000,3.7594430e-12,3.3236612e-14
883.48000,3.7540995e-12,3.3330167e-14
883.49000,3.7487841e-12,3.3377072e-14
883.50000,3.7433557e-12,3.3374472e-14
883.51000,3.7377982e-12,3.3309535e-14
883.52000,3.7323579e-12,3.3191993e-14
883.53000,3.7275106e-12,3.3053343e-14
883.54000,3.7237229e-12,3.2925195e-14
883.55000,3.7211348e-12,3.2822564e-14
883.56000,3.7205322e-12,3.2767541e-14
883.57000,3.7212780e-12,3.2742426e-14
883.58000,3.7231846e-12,3.2740926e-14
883.59000,3.7254070e-12,3.2752344e-14
883.60000,3.7268909e-12,3.2771943e-14
883.61000,3.7271578e-12,3.2800092e-14
883.62000,3.7253191e-12,3.2840200e-14
883.63000,3.7222069e-12,3.2881875e-14
883.64000,3.7181120e-12,3.2912292e-14
883.65000,3.7137675e-12,3.2913285e-14
883.66000,3.7099047e-12,3.2877417e-14
883.67000,3.7069528e-12,3.2816260e-14
883.68000,3.7049309e-12,3.2747608e-14
883.69000,3.7041838e-12,3.2694672e-14
883.70000,3.7040680e-12,3.2665164e-14
883.71000,3.7042714e-12,3.2665962e-14
883.72000,3.7041745e-12,3.2693923e-14
883.73000,3.7032857e-12,3.2734424e-14
883.74000,3.7015454e-12,3.2773503e-14
883.75000,3.6987941e-12,3.2790841e-14
883.76000,3.6957154e-12,3.2784188e-14
883.77000,3.6927232e-12,3.2750713e-14
883.78000,3.6903110e-12,3.2702169e-14
883.79000,3.6886923e-12,3.2659035e-14
883.80000,3.6876464e-12,3.2635891e-14
883.81000,3.6868383e-12,3.2633113e-14
883.82000,3.6859694e-12,3.2651082e-14
883.83000,3.6849455e-12,3.2670571e-14
883.84000,3.6838231e-12,3.2679086e-14
883.85000,3.6828244e-12,3.2667103e-14
883.86000,3.6821392e-12,3.2640807e-14
883.87000,3.6817918e-12,3.2612761e-14
883.88000,3.6818799e-12,3.2598159e-14
883.89000,3.6821674e-12,3.2597549e-14
883.90000,3.6825192e-12,3.2608400e-14
883.91000,3.6827090e-12,3.2618683e-14
883.92000,3.6825172e-12,3.2616559e-14
883.93000,3.6818053e-12,3.2601699e-14
883.94000,3.6805037e-12,3.2580726e-14
883.95000,3.6779444e-12,3.2560593e-14
883.96000,3.6742516e-12,3.2543204e-14
883.97000,3.6691279e-12,3.2525192e-14
883.98000,3.6627644e-12,3.2499238e-14
883.99000,3.6559681e-12,3.2464125e-14
884.00000,3.6496175e-12,3.2426639e-14
884.01000,3.6441567e-12,3.2393684e-14
884.02000,3.6403554e-12,3.2373617e-14
884.03000,3.6376887e-12,3.2361353e-14
884.04000,3.6360430e-12,3.2352038e-14
884.05000,3.6350683e-12,3.2340024e-14
884.06000,3.6343563e-12,3.2325823e-14
884.07000,3.6335787e-12,3.2311822e-14
884.08000,3.6321186e-12,3.2299056e-14
884.09000,3.6299102e-12,3.2285346e-14
884.10000,3.6269060e-12,3.2268909e-14
884.11000,3.6237331e-12,3.2251973e-14
884.12000,3.6214306e-12,3.2241280e-14
884.13000,3.6206395e-12,3.2240518e-14
884.14000,3.6211863e-12,3.2246951e-14
884.15000,3.6228653e-12,3.2255483e-14
884.16000,3.6245162e-12,3.2259771e-14
884.17000,3.6253919e-12,3.2256847e-14
884.18000,3.6249782e-12,3.2247318e-14
884.19000,3.6234093e-12,3.2233569e-14
884.20000,3.6210166e-12,3.2217204e-14
884.21000,3.6177855e-12,3.2199304e-14
884.22000,3.6142243e-12,3.2182117e-14
884.23000,3.6105257e-12,3.2166685e-14
884.24000,3.6070203e-12,3.2152432e-14
884.25000,3.6039764e-12,3.2138027e-14
884.26000,3.6014631e-12,3.2123896e-14
884.27000,3.5993458e-12,3.2111222e-14
884.28000,3.5974899e-12,3.2102133e-14
884.29000,3.5955303e-12,3.2095238e-14
884.30000,3.5931731e-12,3.2089301e-14
884.31000,3.5901767e-12,3.2082319e-14
884.32000,3.5866350e-12,3.2073380e-14
884.33000,3.5827986e-12,3.2062750e-14
884.34000,3.5789710e-12,3.2050703e-14
884.35000,3.5754364e-12,3.2038591e-14
884.36000,3.5724227e-12,3.2026763e-14
884.37000,3.5700141e-12,3.2014470e-14
884.38000,3.5679797e-12,3.1999822e-14
884.39000,3.5658141e-12,3.1980909e-14
884.40000,3.5630769e-12,3.1957064e-14
884.41000,3.5588433e-12,3.1925038e-14
884.42000,3.5534153e-12,3.1888010e-14
884.43000,3.5469993e-12,3.1848311e-14
884.44000,3.5405797e-12,3.1812142e-14
884.45000,3.5351843e-12,3.1784852e-14
884.46000,3.5311004e-12,3.1767257e-14
884.47000,3.5288869e-12,3.1762505e-14
884.48000,3.5275402e-12,3.1763398e-14
884.49000,3.5266278e-12,3.1766881e-14
884.50000,3.5255153e-12,3.1768535e-14
884.51000,3.5238328e-12,3.1765147e-14
884.52000,3.5215474e-12,3.1754969e-14
884.53000,3.5188357e-12,3.1738266e-14
884.54000,3.5158292e-12,3.1713254e-14
884.55000,3.5128737e-12,3.1684838e-14
884.56000,3.5101972e-12,3.1656271e-14
884.57000,3.5079251e-12,3.1631861e-14
884.58000,3.5058734e-12,3.1612594e-14
884.59000,3.5037945e-12,3.1596798e-14
884.60000,3.5013454e-12,3.1582872e-14
884.61000,3.4985758e-12,3.1568435e-14
884.62000,3.4955617e-12,3.1552813e-14
884.63000,3.4925530e-12,3.1536286e-14
884.64000,3.4897128e-12,3.1519556e-14
884.65000,3.4870375e-12,3.1503120e-14
884.66000,3.4844927e-12,3.1487400e-14
884.67000,3.4822287e-12,3.1474017e-14
884.68000,3.4802815e-12,3.1463180e-14
884.69000,3.4787412e-12,3.1455359e-14
884.70000,3.4774244e-12,3.1449378e-14
884.71000,3.4759178e-12,3.1443332e-14
884.72000,3.4739539e-12,3.1436285e-14
884.73000,3.4708855e-12,3.1426036e-14
884.74000,3.4668173e-12,3.1411699e-14
884.75000,3.4614304e-12,3.1390281e-14
884.76000,3.4546463e-12,3.1359754e-14
884.77000,3.4468598e-12,3.1322939e-14
884.78000,3.4386912e-12,3.1285692e-14
884.79000,3.4306252e-12,3.1251979e-14
884.80000,3.4231755e-12,3.1225464e-14
884.81000,3.4162376e-12,3.1201726e-14
884.82000,3.4097622e-12,3.1176281e-14
884.83000,3.4036221e-12,3.1144647e-14
884.84000,3.3978198e-12,3.1108030e-14
884.85000,3.3924134e-12,3.1070354e-14
884.86000,3.3877864e-12,3.1038362e-14
884.87000,3.3837329e-12,3.1013998e-14
884.88000,3.3802307e-12,3.0999689e-14
884.89000,3.3769571e-12,3.0994671e-14
884.90000,3.3734677e-12,3.0995200e-14
884.91000,3.3695632e-12,3.0997730e-14
884.92000,3.3650178e-12,3.0999272e-14
884.93000,3.3601408e-12,3.0998078e-14
884.94000,3.3550771e-12,3.0992509e-14
884.95000,3.3500369e-12,3.0981592e-14
884.96000,3.3451506e-12,3.0964584e-14
884.97000,3.3404684e-12,3.0941563e-14
884.98000,3.3360150e-12,3.0913430e-14
884.99000,3.3320646e-12,3.0878836e-14
885.00000,3.3285805e-12,3.0841255e-14
885.01000,3.3256893e-12,3.0802094e-14
885.02000,3.3233172e-12,3.0763796e-14
885.03000,3.3211426e-12,3.0728167e-14
885.04000,3.3189111e-12,3.0695800e-14
885.05000,3.3164197e-12,3.0669594e-14
885.06000,3.3137885e-12,3.0649032e-14
885.07000,3.3111474e-12,3.0636024e-14
885.08000,3.3086544e-12,3.0630734e-14
885.09000,3.3062720e-12,3.0630610e-14
885.10000,3.3037502e-12,3.0631231e-14
885.11000,3.3008804e-12,3.0629835e-14
885.12000,3.2971350e-12,3.0623399e-14
885.13000,3.2926204e-12,3.0613923e-14
885.14000,3.2871964e-12,3.0602160e-14
885.15000,3.2809399e-12,3.0587788e-14
885.16000,3.2741853e-12,3.0567895e-14
885.17000,3.2672062e-12,3.0540203e-14
885.18000,3.2601925e-12,3.0499006e-14
885.19000,3.2533040e-12,3.0449979e-14
885.20000,3.2466774e-12,3.0396325e-14
885.21000,3.2404766e-12,3.0344750e-14
885.22000,3.2348310e-12,3.0300396e-14
885.23000,3.2297645e-12,3.0264427e-14
885.24000,3.2251875e-12,3.0235328e-14
885.25000,3.2212670e-12,3.0214610e-14
885.26000,3.2177594e-12,3.0198621e-14
885.27000,3.2146204e-12,3.0186598e-14
885.28000,3.2115775e-12,3.0176049e-14
885.29000,3.2082140e-12,3.0163850e-14
885.30000,3.2043038e-12,3.0148416e-14
885.31000,3.1994146e-12,3.0126619e-14
885.32000,3.1940124e-12,3.0100697e-14
885.33000,3.1884264e-12,3.0071629e-14
885.34000,3.1832985e-12,3.0042631e-14
885.35000,3.1790366e-12,3.0017000e-14
885.36000,3.1755711e-12,2.9995844e-14
885.37000,3.1725319e-12,2.9977793e-14
885.38000,3.1694754e-12,2.9960331e-14
885.39000,3.1660267e-12,2.9940032e-14
885.40000,3.1619087e-12,2.9914017e-14
885.41000,3.1570065e-12,2.9881491e-14
885.42000,3.1513784e-12,2.9844662e-14
885.43000,3.1451805e-12,2.9806255e-14
885.44000,3.1384283e-12,2.9770120e-14
885.45000,3.1316261e-12,2.9738498e-14
885.46000,3.1251332e-12,2.9713834e-14
885.47000,3.1192988e-12,2.9695845e-14
885.48000,3.1140253e-12,2.9679643e-14
885.49000,3.1089791e-12,2.9660603e-14
885.50000,3.1037920e-12,2.9632566e-14
885.51000,3.0983123e-12,2.9597576e-14
885.52000,3.0924967e-12,2.9556795e-14
885.53000,3.0864701e-12,2.9514506e-14
885.54000,3.0803540e-12,2.9474761e-14
885.55000,3.0741357e-12,2.9439030e-14
885.56000,3.0677627e-12,2.9406736e-14
885.57000,3.0611076e-12,2.9378647e-14
885.58000,3.0543394e-12,2.9353228e-14
885.59000,3.0476607e-12,2.9331249e-14
885.60000,3.0413892e-12,2.9314017e-14
885.61000,3.0355411e-12,2.9301680e-14
885.62000,3.0298722e-12,2.9293087e-14
885.63000,3.0239282e-12,2.9287139e-14
885.64000,3.0174970e-12,2.9280334e-14
885.65000,3.0104632e-12,2.9270190e-14
885.66000,3.0030869e-12,2.9254849e-14
885.67000,2.9958252e-12,2.9234292e-14
885.68000,2.9889238e-12,2.9208545e-14
885.69000,2.9823411e-12,2.9177590e-14
885.70000,2.9760077e-12,2.9137457e-14
885.71000,2.9696832e-12,2.9090262e-14
885.72000,2.9632687e-12,2.9036381e-14
885.73000,2.9567190e-12,2.8979538e-14
885.74000,2.9499711e-12,2.8924320e-14
885.75000,2.9429462e-12,2.8873443e-14
885.76000,2.9353225e-12,2.8834149e-14
885.77000,2.9272856e-12,2.8805605e-14
885.78000,2.9189815e-12,2.8790079e-14
885.79000,2.9109007e-12,2.8783664e-14
885.80000,2.9034417e-12,2.8774934e-14
885.81000,2.8965566e-12,2.8755036e-14
885.82000,2.8901008e-12,2.8709626e-14
885.83000,2.8835635e-12,2.8646148e-14
885.84000,2.8766720e-12,2.8568153e-14
885.85000,2.8693463e-12,2.8487433e-14
885.86000,2.8617697e-12,2.8415320e-14
885.87000,2.8541744e-12,2.8355860e-14
885.88000,2.8466845e-12,2.8306760e-14
885.89000,2.8394896e-12,2.8267966e-14
885.90000,2.8325595e-12,2.8232948e-14
885.91000,2.8259337e-12,2.8199931e-14
885.92000,2.8195217e-12,2.8167559e-14
885.93000,2.8131166e-12,2.8135180e-14
885.94000,2.8065688e-12,2.8102431e-14
885.95000,2.7995536e-12,2.8068208e-14
885.96000,2.7920438e-12,2.8032043e-14
885.97000,2.7837982e-12,2.7992448e-14
885.98000,2.7746236e-12,2.7947712e-14
885.99000,2.7646206e-12,2.7897717e-14
886.00000,2.7541438e-12,2.7844232e-14
886.01000,2.7436048e-12,2.7789080e-14
886.02000,2.7334613e-12,2.7735266e-14
886.03000,2.7240680e-12,2.7684841e-14
886.04000,2.7155890e-12,2.7639173e-14
886.05000,2.7079330e-12,2.7598308e-14
886.06000,2.7007920e-12,2.7560641e-14
886.07000,2.6938313e-12,2.7524014e-14
886.08000,2.6865389e-12,2.7485004e-14
886.09000,2.6786005e-12,2.7441949e-14
886.10000,2.6696432e-12,2.7393211e-14
886.11000,2.6595867e-12,2.7339504e-14
886.12000,2.6489327e-12,2.7284275e-14
886.13000,2.6381882e-12,2.7230043e-14
886.14000,2.6279821e-12,2.7179905e-14
886.15000,2.6184101e-12,2.7132988e-14
886.16000,2.6095723e-12,2.7088873e-14
886.17000,2.6012742e-12,2.7045662e-14
886.18000,2.5932091e-12,2.7001666e-14
886.19000,2.5852572e-12,2.6956770e-14
886.20000,2.5774588e-12,2.6911948e-14
886.21000,2.5701754e-12,2.6869878e-14
886.22000,2.5635237e-12,2.6831781e-14
886.23000,2.5578006e-12,2.6799643e-14
886.24000,2.5530708e-12,2.6773856e-14
886.25000,2.5491325e-12,2.6753140e-14
886.26000,2.5457090e-12,2.6735759e-14
886.27000,2.5426900e-12,2.6720953e-14
886.28000,2.5397335e-12,2.6706274e-14
886.29000,2.5367299e-12,2.6690486e-14
886.30000,2.5337944e-12,2.6673424e-14
886.31000,2.5313972e-12,2.6657637e-14
886.32000,2.5299593e-12,2.6645956e-14
886.33000,2.5307297e-12,2.6645631e-14
886.34000,2.5334071e-12,2.6655848e-14
886.35000,2.5383748e-12,2.6679004e-14
886.36000,2.5455048e-12,2.6714252e-14
886.37000,2.5542013e-12,2.6757623e-14
886.38000,2.5637943e-12,2.6804721e-14
886.39000,2.5736816e-12,2.6852059e-14
886.40000,2.5832042e-12,2.6895497e-14
886.41000,2.5920738e-12,2.6934515e-14
886.42000,2.6001182e-12,2.6968964e-14
886.43000,2.6077097e-12,2.7001610e-14
886.44000,2.6155024e-12,2.7035740e-14
886.45000,2.6238610e-12,2.7072841e-14
886.46000,2.6333921e-12,2.7115916e-14
886.47000,2.6436980e-12,2.7163371e-14
886.48000,2.6546498e-12,2.7215560e-14
886.49000,2.6658765e-12,2.7273085e-14
886.50000,2.6770286e-12,2.7336876e-14
886.51000,2.6879535e-12,2.7406681e-14
886.52000,2.6982821e-12,2.7482045e-14
886.53000,2.7080021e-12,2.7555992e-14
886.54000,2.7168683e-12,2.7621856e-14
886.55000,2.7248448e-12,2.7671944e-14
886.56000,2.7322953e-12,2.7703108e-14
886.57000,2.7396739e-12,2.7718750e-14
886.58000,2.7474439e-12,2.7720706e-14
886.59000,2.7556422e-12,2.7721982e-14
886.60000,2.7642367e-12,2.7730724e-14
886.61000,2.7729016e-12,2.7750939e-14
886.62000,2.7811873e-12,2.7775984e-14
886.63000,2.7888266e-12,2.7796915e-14
886.64000,2.7958608e-12,2.7813208e-14
886.65000,2.8022265e-12,2.7832218e-14
886.66000,2.8084036e-12,2.7861205e-14
886.67000,2.8146564e-12,2.7902799e-14
886.68000,2.8212481e-12,2.7945824e-14
886.69000,2.8281905e-12,2.7976107e-14
886.70000,2.8353785e-12,2.7993344e-14
886.71000,2.8427977e-12,2.8006504e-14
886.72000,2.8503082e-12,2.8032190e-14
886.73000,2.8578853e-12,2.8080858e-14
886.74000,2.8655032e-12,2.8146055e-14
886.75000,2.8731848e-12,2.8202457e-14
886.76000,2.8809958e-12,2.8234590e-14
886.77000,2.8891626e-12,2.8228155e-14
886.78000,2.8976725e-12,2.8208702e-14
886.79000,2.9065579e-12,2.8198944e-14
886.80000,2.9156059e-12,2.8229570e-14
886.81000,2.9243810e-12,2.8313544e-14
886.82000,2.9324934e-12,2.8434075e-14
886.83000,2.9398601e-12,2.8563760e-14
886.84000,2.9461561e-12,2.8659967e-14
886.85000,2.9519124e-12,2.8706708e-14
886.86000,2.9574386e-12,2.8687058e-14
886.87000,2.9632739e-12,2.8610525e-14
886.88000,2.9696803e-12,2.8509973e-14
886.89000,2.9765325e-12,2.8409844e-14
886.90000,2.9836091e-12,2.8339421e-14
886.91000,2.9904807e-12,2.8300284e-14
886.92000,2.9968706e-12,2.8300302e-14
886.93000,3.0025916e-12,2.8339572e-14
886.94000,3.0076203e-12,2.8409069e-14
886.95000,3.0119838e-12,2.8498999e-14
886.96000,3.0152907e-12,2.8608502e-14
886.97000,3.0178737e-12,2.8725601e-14
886.98000,3.0197839e-12,2.8846873e-14
886.99000,3.0214042e-12,2.8967640e-14
887.00000,3.0232585e-12,2.9083969e-14
887.01000,3.0257348e-12,2.9192982e-14
887.02000,3.0289433e-12,2.9293772e-14
887.03000,3.0334127e-12,2.9380034e-14
887.04000,3.0388810e-12,2.9454225e-14
887.05000,3.0455001e-12,2.9513118e-14
887.06000,3.0530591e-12,2.9554685e-14
887.07000,3.0610271e-12,2.9578239e-14
887.08000,3.0689569e-12,2.9585079e-14
887.09000,3.0762910e-12,2.9566176e-14
887.10000,3.0830659e-12,2.9529598e-14
887.11000,3.0893011e-12,2.9474404e-14
887.12000,3.0952798e-12,2.9403462e-14
887.13000,3.1012917e-12,2.9322771e-14
887.14000,3.1073930e-12,2.9236473e-14
887.15000,3.1134424e-12,2.9146122e-14
887.16000,3.1191824e-12,2.9055927e-14
887.17000,3.1242761e-12,2.8969844e-14
887.18000,3.1285174e-12,2.8896464e-14
887.19000,3.1322024e-12,2.8846442e-14
887.20000,3.1357917e-12,2.8824952e-14
887.21000,3.1397613e-12,2.8853487e-14
887.22000,3.1441136e-12,2.8919537e-14
887.23000,3.1487573e-12,2.9024969e-14
887.24000,3.1534027e-12,2.9156753e-14
887.25000,3.1579107e-12,2.9288888e-14
887.26000,3.1624245e-12,2.9393746e-14
887.27000,3.1671226e-12,2.9459029e-14
887.28000,3.1723524e-12,2.9456910e-14
887.29000,3.1780470e-12,2.9414770e-14
887.30000,3.1842485e-12,2.9350380e-14
887.31000,3.1908285e-12,2.9301570e-14
887.32000,3.1975346e-12,2.9294086e-14
887.33000,3.2041407e-12,2.9327070e-14
887.34000,3.2101751e-12,2.9399944e-14
887.35000,3.2155765e-12,2.9474540e-14
887.36000,3.2201734e-12,2.9525295e-14
887.37000,3.2241149e-12,2.9532659e-14
887.38000,3.2279070e-12,2.9511278e-14
887.39000,3.2319035e-12,2.9484410e-14
887.40000,3.2365936e-12,2.9480430e-14
887.41000,3.2418614e-12,2.9500362e-14
887.42000,3.2477434e-12,2.9539841e-14
887.43000,3.2540572e-12,2.9578815e-14
887.44000,3.2604103e-12,2.9602968e-14
887.45000,3.2664272e-12,2.9615164e-14
887.46000,3.2713688e-12,2.9621880e-14
887.47000,3.2752917e-12,2.9631028e-14
887.48000,3.2781187e-12,2.9642544e-14
887.49000,3.2803946e-12,2.9651122e-14
887.50000,3.2830481e-12,2.9654828e-14
887.51000,3.2866757e-12,2.9658872e-14
887.52000,3.2912198e-12,2.9667392e-14
887.53000,3.2965986e-12,2.9683647e-14
887.54000,3.3020609e-12,2.9702222e-14
887.55000,3.3072054e-12,2.9719482e-14
887.56000,3.3118786e-12,2.9734454e-14
887.57000,3.3162955e-12,2.9749304e-14
887.58000,3.3206997e-12,2.9765112e-14
887.59000,3.3254160e-12,2.9782693e-14
887.60000,3.3304589e-12,2.9801434e-14
887.61000,3.3358133e-12,2.9821415e-14
887.62000,3.3411939e-12,2.9841623e-14
887.63000,3.3462460e-12,2.9860236e-14
887.64000,3.3508551e-12,2.9876827e-14
887.65000,3.3547939e-12,2.9891311e-14
887.66000,3.3584109e-12,2.9905494e-14
887.67000,3.3618644e-12,2.9919927e-14
887.68000,3.3654161e-12,2.9934259e-14
887.69000,3.3692195e-12,2.9947543e-14
887.70000,3.3732611e-12,2.9959486e-14
887.71000,3.3775535e-12,2.9969784e-14
887.72000,3.3819026e-12,2.9979661e-14
887.73000,3.3861696e-12,2.9989866e-14
887.74000,3.3901293e-12,3.0000922e-14
887.75000,3.3935442e-12,3.0012424e-14
887.76000,3.3962486e-12,3.0023743e-14
887.77000,3.3982849e-12,3.0034966e-14
887.78000,3.3995468e-12,3.0048561e-14
887.79000,3.4005738e-12,3.0067870e-14
887.80000,3.4018176e-12,3.0100532e-14
887.81000,3.4037775e-12,3.0155521e-14
887.82000,3.4065345e-12,3.0235158e-14
887.83000,3.4098344e-12,3.0332424e-14
887.84000,3.4134304e-12,3.0434156e-14
887.85000,3.4169017e-12,3.0517542e-14
887.86000,3.4200285e-12,3.0558442e-14
887.87000,3.4227054e-12,3.0540850e-14
887.88000,3.4249987e-12,3.0477602e-14
887.89000,3.4270629e-12,3.0390779e-14
887.90000,3.4291964e-12,3.0302055e-14
887.91000,3.4317462e-12,3.0229784e-14
887.92000,3.4350723e-12,3.0184732e-14
887.93000,3.4393147e-12,3.0168827e-14
887.94000,3.4441084e-12,3.0171966e-14
887.95000,3.4490698e-12,3.0184647e-14
887.96000,3.4538381e-12,3.0200894e-14
887.97000,3.4583098e-12,3.0214796e-14
887.98000,3.4624150e-12,3.0224047e-14
887.99000,3.4661799e-12,3.0228520e-14
888.00000,3.4696427e-12,3.0230279e-14
888.01000,3.4728044e-12,3.0231077e-14
888.02000,3.4754110e-12,3.0231786e-14
888.03000,3.4775352e-12,3.0232783e-14
888.04000,3.4790486e-12,3.0234216e-14
888.05000,3.4799220e-12,3.0236391e-14
888.06000,3.4802564e-12,3.0240066e-14
888.07000,3.4802809e-12,3.0246428e-14
888.08000,3.4802632e-12,3.0256234e-14
888.09000,3.4806724e-12,3.0272614e-14
888.10000,3.4817189e-12,3.0293958e-14
888.11000,3.4837335e-12,3.0319349e-14
888.12000,3.4867739e-12,3.0344266e-14
888.13000,3.4906070e-12,3.0363847e-14
888.14000,3.4949380e-12,3.0376580e-14
888.15000,3.4996141e-12,3.0379090e-14
888.16000,3.5042445e-12,3.0376258e-14
888.17000,3.5085047e-12,3.0369788e-14
888.18000,3.5120431e-12,3.0361704e-14
888.19000,3.5149151e-12,3.0352956e-14
888.20000,3.5174563e-12,3.0344283e-14
888.21000,3.5201584e-12,3.0338339e-14
888.22000,3.5233039e-12,3.0336606e-14
888.23000,3.5269715e-12,3.0341440e-14
888.24000,3.5307541e-12,3.0353244e-14
888.25000,3.5340492e-12,3.0368698e-14
888.26000,3.5366538e-12,3.0384744e-14
888.27000,3.5382300e-12,3.0397934e-14
888.28000,3.5393189e-12,3.0407629e-14
888.29000,3.5401238e-12,3.0412801e-14
888.30000,3.5409143e-12,3.0413405e-14
888.31000,3.5418581e-12,3.0410735e-14
888.32000,3.5430526e-12,3.0406515e-14
888.33000,3.5448386e-12,3.0402779e-14
888.34000,3.5471399e-12,3.0401248e-14
888.35000,3.5499669e-12,3.0403472e-14
888.36000,3.5530006e-12,3.0409966e-14
888.37000,3.5558208e-12,3.0419617e-14
888.38000,3.5583493e-12,3.0430808e-14
888.39000,3.5607462e-12,3.0442442e-14
888.40000,3.5633957e-12,3.0453425e-14
888.41000,3.5665758e-12,3.0463131e-14
888.42000,3.5702363e-12,3.0471453e-14
888.43000,3.5738515e-12,3.0478921e-14
888.44000,3.5768969e-12,3.0486095e-14
888.45000,3.5793016e-12,3.0493319e-14
888.46000,3.5810850e-12,3.0501754e-14
888.47000,3.5828671e-12,3.0512437e-14
888.48000,3.5850509e-12,3.0527071e-14
888.49000,3.5877019e-12,3.0544816e-14
888.50000,3.5904194e-12,3.0560884e-14
888.51000,3.5928838e-12,3.0571313e-14
888.52000,3.5947015e-12,3.0568911e-14
888.53000,3.5961241e-12,3.0558292e-14
888.54000,3.5973286e-12,3.0543148e-14
888.55000,3.5986246e-12,3.0531769e-14
888.56000,3.6001408e-12,3.0528630e-14
888.57000,3.6018278e-12,3.0532176e-14
888.58000,3.6036724e-12,3.0539539e-14
888.59000,3.6056140e-12,3.0544479e-14
888.60000,3.6077501e-12,3.0543614e-14
888.61000,3.6102167e-12,3.0536828e-14
888.62000,3.6128896e-12,3.0528005e-14
888.63000,3.6154955e-12,3.0519493e-14
888.64000,3.6174623e-12,3.0512283e-14
888.65000,3.6187464e-12,3.0505109e-14
888.66000,3.6192679e-12,3.0497035e-14
888.67000,3.6193381e-12,3.0488298e-14
888.68000,3.6194224e-12,3.0480911e-14
888.69000,3.6197209e-12,3.0476282e-14
888.70000,3.6204732e-12,3.0477224e-14
888.71000,3.6216063e-12,3.0482254e-14
888.72000,3.6232606e-12,3.0491392e-14
888.73000,3.6255073e-12,3.0503038e-14
888.74000,3.6280935e-12,3.0514267e-14
888.75000,3.6306062e-12,3.0522861e-14
888.76000,3.6324846e-12,3.0525317e-14
888.77000,3.6338194e-12,3.0523343e-14
888.78000,3.6348176e-12,3.0518073e-14
888.79000,3.6361500e-12,3.0513453e-14
888.80000,3.6383749e-12,3.0513595e-14
888.81000,3.6414218e-12,3.0519728e-14
888.82000,3.6448378e-12,3.0530232e-14
888.83000,3.6480451e-12,3.0543503e-14
888.84000,3.6507971e-12,3.0556411e-14
888.85000,3.6531477e-12,3.0568088e-14
888.86000,3.6555913e-12,3.0580110e-14
888.87000,3.6584604e-12,3.0594632e-14
888.88000,3.6616869e-12,3.0611753e-14
888.89000,3.6650565e-12,3.0629839e-14
888.90000,3.6682200e-12,3.0644819e-14
888.91000,3.6709595e-12,3.0652082e-14
888.92000,3.6732208e-12,3.0649220e-14
888.93000,3.6750059e-12,3.0638964e-14
888.94000,3.6762778e-12,3.0625280e-14
888.95000,3.6765181e-12,3.0611363e-14
888.96000,3.6759039e-12,3.0598831e-14
888.97000,3.6743798e-12,3.0587331e-14
888.98000,3.6723664e-12,3.0575154e-14
888.99000,3.6705421e-12,3.0562194e-14
889.00000,3.6692945e-12,3.0550082e-14
889.01000,3.6694282e-12,3.0543633e-14
889.02000,3.6706927e-12,3.0543436e-14
889.03000,3.6732429e-12,3.0550546e-14
889.04000,3.6768173e-12,3.0562223e-14
889.05000,3.6806411e-12,3.0573666e-14
889.06000,3.6840859e-12,3.0582626e-14
889.07000,3.6860300e-12,3.0586191e-14
889.08000,3.6866419e-12,3.0586285e-14
889.09000,3.6858692e-12,3.0583413e-14
889.10000,3.6843439e-12,3.0579258e-14
889.11000,3.6829108e-12,3.0575238e-14
889.12000,3.6818746e-12,3.0571433e-14
889.13000,3.6814536e-12,3.0566877e-14
889.14000,3.6812793e-12,3.0560971e-14
889.15000,3.6812119e-12,3.0553364e-14
889.16000,3.6811899e-12,3.0545017e-14
889.17000,3.6813439e-12,3.0537675e-14
889.18000,3.6817982e-12,3.0532172e-14
889.19000,3.6828683e-12,3.0529993e-14
889.20000,3.6843872e-12,3.0529965e-14
889.21000,3.6863123e-12,3.0531767e-14
889.22000,3.6884056e-12,3.0534355e-14
889.23000,3.6904759e-12,3.0537065e-14
889.24000,3.6925597e-12,3.0540213e-14
889.25000,3.6949281e-12,3.0545583e-14
889.26000,3.6976905e-12,3.0553729e-14
889.27000,3.7009762e-12,3.0565614e-14
889.28000,3.7046956e-12,3.0580666e-14
889.29000,3.7085654e-12,3.0596588e-14
889.30000,3.7123304e-12,3.0611374e-14
889.31000,3.7155907e-12,3.0622748e-14
889.32000,3.7182627e-12,3.0631529e-14
889.33000,3.7201233e-12,3.0638232e-14
889.34000,3.7211747e-12,3.0644482e-14
889.35000,3.7216835e-12,3.0650963e-14
889.36000,3.7219049e-12,3.0656005e-14
889.37000,3.7219106e-12,3.0657564e-14
889.38000,3.7214397e-12,3.0650678e-14
889.39000,3.7204872e-12,3.0637045e-14
889.40000,3.7190032e-12,3.0617851e-14
889.41000,3.7173123e-12,3.0597926e-14
889.42000,3.7158706e-12,3.0581051e-14
889.43000,3.7149450e-12,3.0568077e-14
889.44000,3.7151871e-12,3.0561253e-14
889.45000,3.7164337e-12,3.0558706e-14
889.46000,3.7187848e-12,3.0560415e-14
889.47000,3.7217812e-12,3.0563761e-14
889.48000,3.7246954e-12,3.0565192e-14
889.49000,3.7271224e-12,3.0563814e-14
889.50000,3.7285364e-12,3.0561128e-14
889.51000,3.7293545e-12,3.0561737e-14
889.52000,3.7298684e-12,3.0569944e-14
889.53000,3.7306324e-12,3.0585910e-14
889.54000,3.7319612e-12,3.0604600e-14
889.55000,3.7338028e-12,3.0622364e-14
889.56000,3.7360916e-12,3.0636459e-14
889.57000,3.7383578e-12,3.0648886e-14
889.58000,3.7402816e-12,3.0661523e-14
889.59000,3.7416359e-12,3.0676602e-14
889.60000,3.7425170e-12,3.0694679e-14
889.61000,3.7431184e-12,3.0714979e-14
889.62000,3.7435555e-12,3.0735475e-14
889.63000,3.7440061e-12,3.0752207e-14
889.64000,3.7445438e-12,3.0759708e-14
889.65000,3.7452529e-12,3.0752719e-14
889.66000,3.7462258e-12,3.0733350e-14
889.67000,3.7475232e-12,3.0707279e-14
889.68000,3.7494371e-12,3.0681306e-14
889.69000,3.7517524e-12,3.0661604e-14
889.70000,3.7543299e-12,3.0652695e-14
889.71000,3.7566581e-12,3.0656198e-14
889.72000,3.7582247e-12,3.0668117e-14
889.73000,3.7589123e-12,3.0683868e-14
889.74000,3.7582963e-12,3.0697388e-14
889.75000,3.7570368e-12,3.0703665e-14
889.76000,3.7554144e-12,3.0696910e-14
889.77000,3.7539886e-12,3.0673404e-14
889.78000,3.7531969e-12,3.0638026e-14
889.79000,3.7531431e-12,3.0598194e-14
889.80000,3.7542786e-12,3.0564141e-14
889.81000,3.7561366e-12,3.0541064e-14
889.82000,3.7585990e-12,3.0533832e-14
889.83000,3.7612721e-12,3.0541750e-14
889.84000,3.7637985e-12,3.0556538e-14
889.85000,3.7661143e-12,3.0570914e-14
889.86000,3.7682031e-12,3.0576051e-14
889.87000,3.7702074e-12,3.0572450e-14
889.88000,3.7720583e-12,3.0560666e-14
889.89000,3.7734352e-12,3.0546392e-14
889.90000,3.7740151e-12,3.0535200e-14
889.91000,3.7738149e-12,3.0527993e-14
889.92000,3.7726872e-12,3.0526113e-14
889.93000,3.7712205e-12,3.0528072e-14
889.94000,3.7696941e-12,3.0536534e-14
889.95000,3.7684983e-12,3.0555969e-14
889.96000,3.7678521e-12,3.0586460e-14
889.97000,3.7677038e-12,3.0622372e-14
889.98000,3.7680672e-12,3.0653132e-14
889.99000,3.7685349e-12,3.0670571e-14
890.00000,3.7688750e-12,3.0666523e-14
890.01000,3.7688751e-12,3.0639595e-14
890.02000,3.7685465e-12,3.0599061e-14
890.03000,3.7680153e-12,3.0554665e-14
890.04000,3.7673565e-12,3.0514333e-14
890.05000,3.7667453e-12,3.0480232e-14
890.06000,3.7663631e-12,3.0453764e-14
890.07000,3.7664912e-12,3.0434312e-14
890.08000,3.7672392e-12,3.0420067e-14
890.09000,3.7683863e-12,3.0409022e-14
890.10000,3.7695456e-12,3.0400185e-14
890.11000,3.7702535e-12,3.0391274e-14
890.12000,3.7701306e-12,3.0381251e-14
890.13000,3.7690924e-12,3.0369948e-14
890.14000,3.7675955e-12,3.0358805e-14
890.15000,3.7662339e-12,3.0349376e-14
890.16000,3.7659628e-12,3.0344766e-14
890.17000,3.7669303e-12,3.0344673e-14
890.18000,3.7694136e-12,3.0349918e-14
890.19000,3.7729683e-12,3.0359450e-14
890.20000,3.7765304e-12,3.0370606e-14
890.21000,3.7794290e-12,3.0381209e-14
890.22000,3.7810554e-12,3.0388627e-14
890.23000,3.7820254e-12,3.0392494e-14
890.24000,3.7827187e-12,3.0391379e-14
890.25000,3.7836166e-12,3.0384492e-14
890.26000,3.7847382e-12,3.0372507e-14
890.27000,3.7858206e-12,3.0357403e-14
890.28000,3.7865881e-12,3.0340626e-14
890.29000,3.7871873e-12,3.0324727e-14
890.30000,3.7878536e-12,3.0311551e-14
890.31000,3.7889078e-12,3.0302753e-14
890.32000,3.7903247e-12,3.0298805e-14
890.33000,3.7918256e-12,3.0298879e-14
890.34000,3.7931945e-12,3.0304141e-14
890.35000,3.7945357e-12,3.0312563e-14
890.36000,3.7961303e-12,3.0323649e-14
890.37000,3.7983465e-12,3.0335094e-14
890.38000,3.8011359e-12,3.0343441e-14
890.39000,3.8040483e-12,3.0347078e-14
890.40000,3.8064117e-12,3.0343357e-14
890.41000,3.8079868e-12,3.0335520e-14
890.42000,3.8084989e-12,3.0325009e-14
890.43000,3.8079536e-12,3.0314292e-14
890.44000,3.8065602e-12,3.0304394e-14
890.45000,3.8045927e-12,3.0294538e-14
890.46000,3.8020017e-12,3.0282868e-14
890.47000,3.7990913e-12,3.0269026e-14
890.48000,3.7959635e-12,3.0252966e-14
890.49000,3.7928852e-12,3.0236367e-14
890.50000,3.7901793e-12,3.0221523e-14
890.51000,3.7879691e-12,3.0209159e-14
890.52000,3.7865770e-12,3.0200442e-14
890.53000,3.7857929e-12,3.0194110e-14
890.54000,3.7857060e-12,3.0190448e-14
890.55000,3.7863026e-12,3.0189652e-14
890.56000,3.7874278e-12,3.0191450e-14
890.57000,3.7888017e-12,3.0194902e-14
890.58000,3.7902358e-12,3.0200444e-14
890.59000,3.7916597e-12,3.0208513e-14
890.60000,3.7932368e-12,3.0221597e-14
890.61000,3.7953287e-12,3.0242239e-14
890.62000,3.7981157e-12,3.0269502e-14
890.63000,3.8013516e-12,3.0299026e-14
890.64000,3.8047802e-12,3.0325418e-14
890.65000,3.8080727e-12,3.0346105e-14
890.66000,3.8110437e-12,3.0358539e-14
890.67000,3.8134488e-12,3.0361296e-14
890.68000,3.8148699e-12,3.0353307e-14
890.69000,3.8151089e-12,3.0335650e-14
890.70000,3.8135175e-12,3.0306041e-14
890.71000,3.8108536e-12,3.0270922e-14
890.72000,3.8074803e-12,3.0233404e-14
890.73000,3.8041566e-12,3.0197908e-14
890.74000,3.8013694e-12,3.0166120e-14
890.75000,3.7990322e-12,3.0136621e-14
890.76000,3.7970810e-12,3.0108587e-14
890.77000,3.7953597e-12,3.0081849e-14
890.78000,3.7941268e-12,3.0059060e-14
890.79000,3.7938966e-12,3.0045368e-14
890.80000,3.7949764e-12,3.0044650e-14
890.81000,3.7970601e-12,3.0055122e-14
890.82000,3.8000705e-12,3.0080971e-14
890.83000,3.8035405e-12,3.0126440e-14
890.84000,3.8078340e-12,3.0225511e-14
890.85000,3.8142526e-12,3.0469933e-14
890.86000,3.8245125e-12,3.0979484e-14
890.87000,NaN,NaN
890.88000,NaN,NaN
890.89000,NaN,NaN
890.90000,NaN,NaN
890.91000,NaN,NaN
890.92000,NaN,NaN
890.93000,NaN,NaN
890.94000,NaN,NaN
890.95000,NaN,NaN
890.96000,NaN,NaN
890.97000,NaN,NaN
890.98000,NaN,NaN
890.99000,NaN,NaN
891.00000,NaN,NaN
891.01000,NaN,NaN
891.02000,NaN,NaN
891.03000,NaN,NaN
891.04000,NaN,NaN
891.05000,NaN,NaN
891.06000,NaN,NaN
891.07000,NaN,NaN
891.08000,NaN,NaN
891.09000,NaN,NaN
891.10000,NaN,NaN
891.11000,NaN,NaN
891.12000,NaN,NaN
891.13000,NaN,NaN
891.14000,NaN,NaN
891.15000,NaN,NaN
891.16000,NaN,NaN
891.17000,NaN,NaN
891.18000,NaN,NaN
891.19000,NaN,NaN
891.20000,NaN,NaN
891.21000,NaN,NaN
891.22000,NaN,NaN
891.23000,NaN,NaN
891.24000,NaN,NaN
891.25000,NaN,NaN
891.26000,NaN,NaN
891.27000,NaN,NaN
891.28000,NaN,NaN
891.29000,NaN,NaN
891.30000,NaN,NaN
891.31000,NaN,NaN
891.32000,NaN,NaN
891.33000,NaN,NaN
891.34000,NaN,NaN
891.35000,NaN,NaN
891.36000,NaN,NaN
891.37000,NaN,NaN
891.38000,NaN,NaN
891.39000,NaN,NaN
891.40000,NaN,NaN
891.41000,NaN,NaN
891.42000,NaN,NaN
891.43000,NaN,NaN
891.44000,NaN,NaN
891.45000,NaN,NaN
891.46000,NaN,NaN
891.47000,NaN,NaN
891.48000,NaN,NaN
891.49000,NaN,NaN
891.50000,NaN,NaN
891.51000,NaN,NaN
891.52000,NaN,NaN
891.53000,NaN,NaN
891.54000,NaN,NaN
891.55000,NaN,NaN
891.56000,NaN,NaN
891.57000,NaN,NaN
891.58000,NaN,NaN
891.59000,NaN,NaN
891.60000,NaN,NaN
891.61000,NaN,NaN
891.62000,NaN,NaN
891.63000,NaN,NaN
891.64000,NaN,NaN
891.65000,NaN,NaN
891.66000,NaN,NaN
891.67000,NaN,NaN
891.68000,NaN,NaN
891.69000,NaN,NaN
891.70000,NaN,NaN
891.71000,NaN,NaN
891.72000,NaN,NaN
891.73000,NaN,NaN
891.74000,NaN,NaN
891.75000,NaN,NaN
891.76000,NaN,NaN
891.77000,NaN,NaN
891.78000,NaN,NaN
891.79000,NaN,NaN
891.80000,NaN,NaN
891.81000,NaN,NaN
891.82000,NaN,NaN
891.83000,NaN,NaN
891.84000,NaN,NaN
891.85000,NaN,NaN
891.86000,NaN,NaN
891.87000,NaN,NaN
891.88000,NaN,NaN
891.89000,NaN,NaN
891.90000,NaN,NaN
891.91000,NaN,NaN
891.92000,NaN,NaN
891.93000,NaN,NaN
891.94000,NaN,NaN
891.95000,NaN,NaN
891.96000,NaN,NaN
891.97000,NaN,NaN
891.98000,NaN,NaN
891.99000,NaN,NaN
892.00000,NaN,NaN
892.01000,NaN,NaN
892.02000,NaN,NaN
892.03000,NaN,NaN
892.04000,NaN,NaN
892.05000,NaN,NaN
892.06000,NaN,NaN
892.07000,NaN,NaN
892.08000,NaN,NaN
892.09000,NaN,NaN
892.10000,NaN,NaN
892.11000,NaN,NaN
892.12000,NaN,NaN
892.13000,NaN,NaN
892.14000,NaN,NaN
892.15000,NaN,NaN
892.16000,NaN,NaN
892.17000,NaN,NaN
892.18000,NaN,NaN
892.19000,NaN,NaN
892.20000,NaN,NaN
892.21000,NaN,NaN
892.22000,NaN,NaN
892.23000,NaN,NaN
892.24000,NaN,NaN
892.25000,NaN,NaN
892.26000,NaN,NaN
892.27000,NaN,NaN
892.28000,NaN,NaN
892.29000,NaN,NaN
892.30000,NaN,NaN
892.31000,NaN,NaN
892.32000,NaN,NaN
892.33000,NaN,NaN
892.34000,NaN,NaN
892.35000,NaN,NaN
892.36000,NaN,NaN
892.37000,NaN,NaN
892.38000,NaN,NaN
892.39000,NaN,NaN
892.40000,NaN,NaN
892.41000,NaN,NaN
892.42000,NaN,NaN
892.43000,NaN,NaN
892.44000,NaN,NaN
892.45000,NaN,NaN
892.46000,NaN,NaN
892.47000,NaN,NaN
892.48000,NaN,NaN
892.49000,NaN,NaN
892.50000,NaN,NaN
892.51000,NaN,NaN
892.52000,NaN,NaN
892.53000,NaN,NaN
892.54000,NaN,NaN
892.55000,NaN,NaN
892.56000,NaN,NaN
892.57000,NaN,NaN
892.58000,NaN,NaN
892.59000,NaN,NaN
892.60000,NaN,NaN
892.61000,NaN,NaN
892.62000,NaN,NaN
892.63000,NaN,NaN
892.64000,NaN,NaN
892.65000,NaN,NaN
892.66000,NaN,NaN
892.67000,NaN,NaN
892.68000,NaN,NaN
892.69000,NaN,NaN
892.70000,NaN,NaN
892.71000,NaN,NaN
892.72000,NaN,NaN
892.73000,NaN,NaN
892.74000,NaN,NaN
892.75000,NaN,NaN
892.76000,NaN,NaN
892.77000,NaN,NaN
892.78000,NaN,NaN
892.79000,NaN,NaN
892.80000,NaN,NaN
892.81000,NaN,NaN
892.82000,NaN,NaN
892.83000,NaN,NaN
892.84000,NaN,NaN
892.85000,NaN,NaN
892.86000,NaN,NaN
892.87000,NaN,NaN
892.88000,NaN,NaN
892.89000,NaN,NaN
892.90000,NaN,NaN
892.91000,NaN,NaN
892.92000,NaN,NaN
892.93000,NaN,NaN
892.94000,NaN,NaN
892.95000,NaN,NaN
892.96000,NaN,NaN
892.97000,NaN,NaN
892.98000,NaN,NaN
892.99000,NaN,NaN
893.00000,3.8696181e-12,3.3696680e-14
893.01000,3.8772197e-12,3.4235962e-14
893.02000,3.8805427e-12,3.4533347e-14
893.03000,3.8805727e-12,3.4634342e-14
893.04000,3.8795431e-12,3.4650174e-14
893.05000,3.8786869e-12,3.4645585e-14
893.06000,3.8781610e-12,3.4637045e-14
893.07000,3.8779257e-12,3.4629396e-14
893.08000,3.8776732e-12,3.4623137e-14
893.09000,3.8772499e-12,3.4618471e-14
893.10000,3.8766490e-12,3.4614739e-14
893.11000,3.8759802e-12,3.4611053e-14
893.12000,3.8752949e-12,3.4607197e-14
893.13000,3.8745136e-12,3.4603569e-14
893.14000,3.8735357e-12,3.4600398e-14
893.15000,3.8722000e-12,3.4596622e-14
893.16000,3.8705127e-12,3.4588329e-14
893.17000,3.8686156e-12,3.4572779e-14
893.18000,3.8665270e-12,3.4544682e-14
893.19000,3.8642836e-12,3.4509366e-14
893.20000,3.8617331e-12,3.4469938e-14
893.21000,3.8586181e-12,3.4432575e-14
893.22000,3.8548281e-12,3.4401322e-14
893.23000,3.8505317e-12,3.4376633e-14
893.24000,3.8459069e-12,3.4364526e-14
893.25000,3.8414795e-12,3.4365343e-14
893.26000,3.8377575e-12,3.4388138e-14
893.27000,3.8354907e-12,3.4449481e-14
893.28000,3.8351513e-12,3.4564217e-14
893.29000,3.8367363e-12,3.4735132e-14
893.30000,3.8412061e-12,3.4989932e-14
893.31000,3.8471145e-12,3.5279030e-14
893.32000,3.8535214e-12,3.5557341e-14
893.33000,3.8582414e-12,3.5731764e-14
893.34000,3.8598196e-12,3.5749456e-14
893.35000,3.8584303e-12,3.5628134e-14
893.36000,3.8538355e-12,3.5364548e-14
893.37000,3.8484545e-12,3.5067440e-14
893.38000,3.8437807e-12,3.4795929e-14
893.39000,3.8411822e-12,3.4597814e-14
893.40000,3.8406324e-12,3.4471916e-14
893.41000,3.8413706e-12,3.4396188e-14
893.42000,3.8427481e-12,3.4365138e-14
893.43000,3.8438555e-12,3.4351000e-14
893.44000,3.8442741e-12,3.4348170e-14
893.45000,3.8441372e-12,3.4353031e-14
893.46000,3.8438884e-12,3.4363955e-14
893.47000,3.8440525e-12,3.4382836e-14
893.48000,3.8447507e-12,3.4405934e-14
893.49000,3.8460413e-12,3.4430997e-14
893.50000,3.8476076e-12,3.4451710e-14
893.51000,3.8489509e-12,3.4460797e-14
893.52000,3.8498721e-12,3.4456584e-14
893.53000,3.8500896e-12,3.4433358e-14
893.54000,3.8498624e-12,3.4400787e-14
893.55000,3.8491356e-12,3.4362713e-14
893.56000,3.8478103e-12,3.4325129e-14
893.57000,3.8460366e-12,3.4291471e-14
893.58000,3.8441998e-12,3.4262575e-14
893.59000,3.8432416e-12,3.4243595e-14
893.60000,3.8435392e-12,3.4233407e-14
893.61000,3.8456461e-12,3.4234815e-14
893.62000,3.8494288e-12,3.4247576e-14
893.63000,3.8540031e-12,3.4267201e-14
893.64000,3.8586892e-12,3.4289608e-14
893.65000,3.8627304e-12,3.4310991e-14
893.66000,3.8659545e-12,3.4329078e-14
893.67000,3.8680257e-12,3.4341694e-14
893.68000,3.8688625e-12,3.4347656e-14
893.69000,3.8686333e-12,3.4346861e-14
893.70000,3.8676402e-12,3.4340275e-14
893.71000,3.8660291e-12,3.4327153e-14
893.72000,3.8644025e-12,3.4311903e-14
893.73000,3.8632368e-12,3.4298400e-14
893.74000,3.8627813e-12,3.4290765e-14
893.75000,3.8627982e-12,3.4288958e-14
893.76000,3.8629691e-12,3.4293016e-14
893.77000,3.8628939e-12,3.4297979e-14
893.78000,3.8623888e-12,3.4300832e-14
893.79000,3.8615815e-12,3.4298859e-14
893.80000,3.8608830e-12,3.4292510e-14
893.81000,3.8605160e-12,3.4283574e-14
893.82000,3.8607660e-12,3.4272762e-14
893.83000,3.8613261e-12,3.4261771e-14
893.84000,3.8620056e-12,3.4251803e-14
893.85000,3.8624673e-12,3.4245616e-14
893.86000,3.8625414e-12,3.4246024e-14
893.87000,3.8622368e-12,3.4254918e-14
893.88000,3.8613505e-12,3.4285912e-14
893.89000,3.8600647e-12,3.4342976e-14
893.90000,3.8583666e-12,3.4444749e-14
893.91000,3.8564793e-12,3.4603405e-14
893.92000,3.8547851e-12,3.4803225e-14
893.93000,3.8535338e-12,3.5015050e-14
893.94000,3.8532606e-12,3.5187325e-14
893.95000,3.8537275e-12,3.5294584e-14
893.96000,3.8547950e-12,3.5304737e-14
893.97000,3.8558749e-12,3.5225741e-14
893.98000,3.8565611e-12,3.5091706e-14
893.99000,3.8563919e-12,3.4913668e-14
894.00000,3.8556658e-12,3.4726257e-14
894.01000,3.8545925e-12,3.4546757e-14
894.02000,3.8538188e-12,3.4400805e-14
894.03000,3.8540669e-12,3.4305555e-14
894.04000,3.8555318e-12,3.4257248e-14
894.05000,3.8588351e-12,3.4267198e-14
894.06000,3.8630554e-12,3.4301971e-14
894.07000,3.8676796e-12,3.4347645e-14
894.08000,3.8716228e-12,3.4384109e-14
894.09000,3.8742315e-12,3.4407202e-14
894.10000,3.8756526e-12,3.4427052e-14
894.11000,3.8759851e-12,3.4472055e-14
894.12000,3.8762122e-12,3.4555288e-14
894.13000,3.8767540e-12,3.4691970e-14
894.14000,3.8775248e-12,3.4862270e-14
894.15000,3.8779101e-12,3.5014841e-14
894.16000,3.8775527e-12,3.5116147e-14
894.17000,3.8758492e-12,3.5106824e-14
894.18000,3.8733722e-12,3.5019876e-14
894.19000,3.8705983e-12,3.4872844e-14
894.20000,3.8684861e-12,3.4716782e-14
894.21000,3.8674889e-12,3.4581250e-14
894.22000,3.8682937e-12,3.4490737e-14
894.23000,3.8701114e-12,3.4429942e-14
894.24000,3.8725697e-12,3.4394698e-14
894.25000,3.8749273e-12,3.4374317e-14
894.26000,3.8766202e-12,3.4360078e-14
894.27000,3.8775314e-12,3.4348604e-14
894.28000,3.8771321e-12,3.4341482e-14
894.29000,3.8758409e-12,3.4340044e-14
894.30000,3.8736764e-12,3.4349569e-14
894.31000,3.8710546e-12,3.4376778e-14
894.32000,3.8685719e-12,3.4419622e-14
894.33000,3.8664596e-12,3.4470069e-14
894.34000,3.8649229e-12,3.4512710e-14
894.35000,3.8635646e-12,3.4535649e-14
894.36000,3.8620984e-12,3.4525128e-14
894.37000,3.8603288e-12,3.4478656e-14
894.38000,3.8584908e-12,3.4408438e-14
894.39000,3.8569004e-12,3.4327025e-14
894.40000,3.8561161e-12,3.4243952e-14
894.41000,3.8559706e-12,3.4166500e-14
894.42000,3.8562200e-12,3.4099269e-14
894.43000,3.8561653e-12,3.4044189e-14
894.44000,3.8554709e-12,3.4000997e-14
894.45000,3.8538053e-12,3.3978890e-14
894.46000,3.8517370e-12,3.3975065e-14
894.47000,3.8496475e-12,3.3995167e-14
894.48000,3.8480939e-12,3.4042591e-14
894.49000,3.8472574e-12,3.4115979e-14
894.50000,3.8469070e-12,3.4212412e-14
894.51000,3.8467172e-12,3.4349087e-14
894.52000,3.8461658e-12,3.4518345e-14
894.53000,3.8447831e-12,3.4726632e-14
894.54000,3.8422001e-12,3.4961224e-14
894.55000,3.8386905e-12,3.5188653e-14
894.56000,3.8348341e-12,3.5388059e-14
894.57000,3.8316715e-12,3.5525557e-14
894.58000,3.8296844e-12,3.5618661e-14
894.59000,3.8291147e-12,3.5662835e-14
894.60000,3.8289984e-12,3.5647179e-14
894.61000,3.8282002e-12,3.5552955e-14
894.62000,3.8264727e-12,3.5380614e-14
894.63000,3.8238405e-12,3.5112976e-14
894.64000,3.8212899e-12,3.4810452e-14
894.65000,3.8197138e-12,3.4521062e-14
894.66000,3.8195225e-12,3.4291822e-14
894.67000,3.8203327e-12,3.4125409e-14
894.68000,3.8217920e-12,3.4039830e-14
894.69000,3.8230396e-12,3.3993861e-14
894.70000,3.8235302e-12,3.3977626e-14
894.71000,3.8229251e-12,3.3980048e-14
894.72000,3.8216055e-12,3.4001336e-14
894.73000,3.8200901e-12,3.4047219e-14
894.74000,3.8190481e-12,3.4149045e-14
894.75000,3.8186693e-12,3.4298274e-14
894.76000,3.8190704e-12,3.4500062e-14
894.77000,3.8197372e-12,3.4725735e-14
894.78000,3.8198025e-12,3.4923048e-14
894.79000,3.8188516e-12,3.5059958e-14
894.80000,3.8162343e-12,3.5069173e-14
894.81000,3.8128120e-12,3.4982173e-14
894.82000,3.8092823e-12,3.4804886e-14
894.83000,3.8065346e-12,3.4586550e-14
894.84000,3.8047170e-12,3.4369079e-14
894.85000,3.8040821e-12,3.4191034e-14
894.86000,3.8039820e-12,3.4054298e-14
894.87000,3.8041736e-12,3.3965677e-14
894.88000,3.8043322e-12,3.3916995e-14
894.89000,3.8043144e-12,3.3889247e-14
894.90000,3.8041274e-12,3.3869448e-14
894.91000,3.8036341e-12,3.3851444e-14
894.92000,3.8028680e-12,3.3833054e-14
894.93000,3.8017708e-12,3.3817610e-14
894.94000,3.8005952e-12,3.3814989e-14
894.95000,3.7998733e-12,3.3834188e-14
894.96000,3.7998759e-12,3.3876388e-14
894.97000,3.8010956e-12,3.3948652e-14
894.98000,3.8029331e-12,3.4030996e-14
894.99000,3.8049347e-12,3.4104576e-14
895.00000,3.8063751e-12,3.4143408e-14
895.01000,3.8070265e-12,3.4144033e-14
895.02000,3.8065937e-12,3.4101856e-14
895.03000,3.8057075e-12,3.4050708e-14
895.04000,3.8048173e-12,3.4017487e-14
895.05000,3.8047073e-12,3.4041686e-14
895.06000,3.8058234e-12,3.4145944e-14
895.07000,3.8079258e-12,3.4321283e-14
895.08000,3.8108386e-12,3.4583440e-14
895.09000,3.8137688e-12,3.4883061e-14
895.10000,3.8163681e-12,3.5201554e-14
895.11000,3.8184970e-12,3.5505683e-14
895.12000,3.8201868e-12,3.5759807e-14
895.13000,3.8212987e-12,3.5937800e-14
895.14000,3.8209000e-12,3.5938142e-14
895.15000,3.8191202e-12,3.5783831e-14
895.16000,3.8159327e-12,3.5457372e-14
895.17000,3.8123184e-12,3.5034255e-14
895.18000,3.8091280e-12,3.4609998e-14
895.19000,3.8070214e-12,3.4269941e-14
895.20000,3.8056771e-12,3.4018302e-14
895.21000,3.8050461e-12,3.3865400e-14
895.22000,3.8049916e-12,3.3790404e-14
895.23000,3.8053719e-12,3.3757852e-14
895.24000,3.8060020e-12,3.3742994e-14
895.25000,3.8067120e-12,3.3736740e-14
895.26000,3.8072854e-12,3.3733173e-14
895.27000,3.8076132e-12,3.3737852e-14
895.28000,3.8078114e-12,3.3770515e-14
895.29000,3.8082391e-12,3.3857074e-14
895.30000,3.8091066e-12,3.4013898e-14
895.31000,3.8108779e-12,3.4315778e-14
895.32000,3.8133028e-12,3.4733966e-14
895.33000,3.8163358e-12,3.5271327e-14
895.34000,3.8193915e-12,3.5841766e-14
895.35000,3.8215463e-12,3.6327136e-14
895.36000,3.8223494e-12,3.6682497e-14
895.37000,3.8210424e-12,3.6868220e-14
895.38000,3.8186042e-12,3.7016382e-14
895.39000,3.8153283e-12,3.7245163e-14
895.40000,3.8111405e-12,3.7580556e-14
895.41000,3.8059567e-12,3.7912960e-14
895.42000,3.7998052e-12,3.7994575e-14
895.43000,3.7938755e-12,3.7770763e-14
895.44000,3.7890582e-12,3.7178378e-14
895.45000,3.7856595e-12,3.6340988e-14
895.46000,3.7828764e-12,3.5498631e-14
895.47000,3.7802273e-12,3.4762325e-14
895.48000,3.7776471e-12,3.4265266e-14
895.49000,3.7752396e-12,3.3928607e-14
895.50000,3.7731255e-12,3.3737966e-14
895.51000,3.7712930e-12,3.3635031e-14
895.52000,3.7697184e-12,3.3571169e-14
895.53000,3.7686601e-12,3.3535581e-14
895.54000,3.7680524e-12,3.3512306e-14
895.55000,3.7678909e-12,3.3502051e-14
895.56000,3.7678415e-12,3.3505482e-14
895.57000,3.7674395e-12,3.3519080e-14
895.58000,3.7665508e-12,3.3536140e-14
895.59000,3.7650012e-12,3.3547056e-14
895.60000,3.7632295e-12,3.3547238e-14
895.61000,3.7615424e-12,3.3532753e-14
895.62000,3.7604681e-12,3.3507428e-14
895.63000,3.7603000e-12,3.3483033e-14
895.64000,3.7609946e-12,3.3467181e-14
895.65000,3.7627901e-12,3.3473721e-14
895.66000,3.7650657e-12,3.3498524e-14
895.67000,3.7674606e-12,3.3542553e-14
895.68000,3.7693521e-12,3.3598606e-14
895.69000,3.7704417e-12,3.3659781e-14
895.70000,3.7701490e-12,3.3731011e-14
895.71000,3.7689327e-12,3.3821174e-14
895.72000,3.7669363e-12,3.3952299e-14
895.73000,3.7646259e-12,3.4148228e-14
895.74000,3.7623314e-12,3.4393597e-14
895.75000,3.7600819e-12,3.4642271e-14
895.76000,3.7579616e-12,3.4800770e-14
895.77000,3.7561087e-12,3.4841119e-14
895.78000,3.7548148e-12,3.4723230e-14
895.79000,3.7541879e-12,3.4473674e-14
895.80000,3.7538367e-12,3.4180663e-14
895.81000,3.7534359e-12,3.3900029e-14
895.82000,3.7527679e-12,3.3692044e-14
895.83000,3.7520836e-12,3.3547257e-14
895.84000,3.7518603e-12,3.3467103e-14
895.85000,3.7526468e-12,3.3427522e-14
895.86000,3.7543341e-12,3.3405636e-14
895.87000,3.7566481e-12,3.3393309e-14
895.88000,3.7586364e-12,3.3381411e-14
895.89000,3.7595144e-12,3.3366730e-14
895.90000,3.7587232e-12,3.3347104e-14
895.91000,3.7567586e-12,3.3325744e-14
895.92000,3.7544344e-12,3.3307736e-14
895.93000,3.7527190e-12,3.3303221e-14
895.94000,3.7519133e-12,3.3310167e-14
895.95000,3.7522226e-12,3.3327862e-14
895.96000,3.7531787e-12,3.3349348e-14
895.97000,3.7539736e-12,3.3369116e-14
895.98000,3.7542171e-12,3.3386303e-14
895.99000,3.7534991e-12,3.3400061e-14
896.00000,3.7524077e-12,3.3411816e-14
896.01000,3.7516046e-12,3.3421978e-14
896.02000,3.7518299e-12,3.3433543e-14
896.03000,3.7530150e-12,3.3449573e-14
896.04000,3.7549551e-12,3.3475302e-14
896.05000,3.7567381e-12,3.3507012e-14
896.06000,3.7577685e-12,3.3542035e-14
896.07000,3.7577182e-12,3.3577558e-14
896.08000,3.7570830e-12,3.3624585e-14
896.09000,3.7564719e-12,3.3704230e-14
896.10000,3.7569130e-12,3.3909236e-14
896.11000,3.7586252e-12,3.4272019e-14
896.12000,3.7620487e-12,3.4898984e-14
896.13000,3.7668627e-12,3.5843110e-14
896.14000,3.7721130e-12,3.7011027e-14
896.15000,3.7769851e-12,3.8240326e-14
896.16000,3.7799520e-12,3.9224042e-14
896.17000,3.7806638e-12,3.9786256e-14
896.18000,3.7781272e-12,3.9678324e-14
896.19000,3.7728503e-12,3.8985315e-14
896.20000,3.7662024e-12,3.7982686e-14
896.21000,3.7594860e-12,3.6917861e-14
896.22000,3.7537382e-12,3.6048630e-14
896.23000,3.7494657e-12,3.5554261e-14
896.24000,3.7465623e-12,3.5519332e-14
896.25000,3.7445540e-12,3.5801844e-14
896.26000,3.7432020e-12,3.6219198e-14
896.27000,3.7426784e-12,3.6537195e-14
896.28000,3.7425560e-12,3.6611379e-14
896.29000,3.7425561e-12,3.6318517e-14
896.30000,3.7424586e-12,3.5739317e-14
896.31000,3.7425145e-12,3.5057402e-14
896.32000,3.7433612e-12,3.4425746e-14
896.33000,3.7448764e-12,3.3915248e-14
896.34000,3.7468316e-12,3.3566731e-14
896.35000,3.7485793e-12,3.3371531e-14
896.36000,3.7498332e-12,3.3281645e-14
896.37000,3.7507546e-12,3.3261195e-14
896.38000,3.7514683e-12,3.3323329e-14
896.39000,3.7521119e-12,3.3436234e-14
896.40000,3.7525158e-12,3.3612735e-14
896.41000,3.7523607e-12,3.3878848e-14
896.42000,3.7516352e-12,3.4274579e-14
896.43000,3.7505640e-12,3.4818912e-14
896.44000,3.7491669e-12,3.5588660e-14
896.45000,3.7473616e-12,3.6458958e-14
896.46000,3.7446130e-12,3.7251509e-14
896.47000,3.7410857e-12,3.7690026e-14
896.48000,3.7377493e-12,3.7709976e-14
896.49000,3.7363943e-12,3.7171414e-14
896.50000,3.7369539e-12,3.6431690e-14
896.51000,3.7393638e-12,3.5705933e-14
896.52000,3.7426809e-12,3.5290791e-14
896.53000,3.7460795e-12,3.5262436e-14
896.54000,3.7491869e-12,3.5522924e-14
896.55000,3.7509898e-12,3.5970737e-14
896.56000,3.7512584e-12,3.6341266e-14
896.57000,3.7496753e-12,3.6421180e-14
896.58000,3.7474905e-12,3.6123444e-14
896.59000,3.7459769e-12,3.5576790e-14
896.60000,3.7461425e-12,3.4881418e-14
896.61000,3.7471370e-12,3.4221618e-14
896.62000,3.7482438e-12,3.3686960e-14
896.63000,3.7483952e-12,3.3324087e-14
896.64000,3.7472534e-12,3.3095360e-14
896.65000,3.7451169e-12,3.2951965e-14
896.66000,3.7421560e-12,3.2890539e-14
896.67000,3.7392689e-12,3.2864541e-14
896.68000,3.7372185e-12,3.2869023e-14
896.69000,3.7367972e-12,3.2895966e-14
896.70000,3.7378906e-12,3.2936509e-14
896.71000,3.7406485e-12,3.2988441e-14
896.72000,3.7439935e-12,3.3042583e-14
896.73000,3.7473317e-12,3.3093469e-14
896.74000,3.7498107e-12,3.3133927e-14
896.75000,3.7509016e-12,3.3161007e-14
896.76000,3.7506600e-12,3.3177943e-14
896.77000,3.7485103e-12,3.3187770e-14
896.78000,3.7453272e-12,3.3200555e-14
896.79000,3.7414340e-12,3.3224349e-14
896.80000,3.7377061e-12,3.3263112e-14
896.81000,3.7348339e-12,3.3306098e-14
896.82000,3.7328983e-12,3.3339840e-14
896.83000,3.7321748e-12,3.3336418e-14
896.84000,3.7320478e-12,3.3296090e-14
896.85000,3.7323555e-12,3.3214500e-14
896.86000,3.7329318e-12,3.3110894e-14
896.87000,3.7336950e-12,3.3005126e-14
896.88000,3.7346376e-12,3.2915321e-14
896.89000,3.7355964e-12,3.2843412e-14
896.90000,3.7364510e-12,3.2793509e-14
896.91000,3.7370615e-12,3.2767140e-14
896.92000,3.7374071e-12,3.2763299e-14
896.93000,3.7375239e-12,3.2781753e-14
896.94000,3.7373197e-12,3.2841578e-14
896.95000,3.7369084e-12,3.2938259e-14
896.96000,3.7362815e-12,3.3089453e-14
896.97000,3.7354779e-12,3.3310849e-14
896.98000,3.7345296e-12,3.3603383e-14
896.99000,3.7332971e-12,3.4017448e-14
897.00000,3.7317503e-12,3.4529448e-14
897.01000,3.7296810e-12,3.5159773e-14
897.02000,3.7268638e-12,3.5912474e-14
897.03000,3.7235351e-12,3.6772783e-14
897.04000,3.7202488e-12,3.7724717e-14
897.05000,3.7180719e-12,3.8777657e-14
897.06000,3.7170156e-12,3.9808965e-14
897.07000,3.7169803e-12,4.0610382e-14
897.08000,3.7172619e-12,4.0842426e-14
897.09000,3.7175783e-12,4.0456112e-14
897.10000,3.7180811e-12,3.9316767e-14
897.11000,3.7188236e-12,3.7885266e-14
897.12000,3.7198561e-12,3.6414581e-14
897.13000,3.7212130e-12,3.5221569e-14
897.14000,3.7229030e-12,3.4402610e-14
897.15000,3.7247976e-12,3.3866220e-14
897.16000,3.7266440e-12,3.3634847e-14
897.17000,3.7281807e-12,3.3540838e-14
897.18000,3.7291700e-12,3.3566270e-14
897.19000,3.7295203e-12,3.3671458e-14
897.20000,3.7292583e-12,3.3798823e-14
897.21000,3.7283979e-12,3.3904336e-14
897.22000,3.7265367e-12,3.3918809e-14
897.23000,3.7239251e-12,3.3847677e-14
897.24000,3.7205930e-12,3.3688269e-14
897.25000,3.7170127e-12,3.3487847e-14
897.26000,3.7135755e-12,3.3286509e-14
897.27000,3.7107485e-12,3.3128887e-14
897.28000,3.7084614e-12,3.3027452e-14
897.29000,3.7067986e-12,3.3017116e-14
897.30000,3.7056481e-12,3.3140753e-14
897.31000,3.7046179e-12,3.3405903e-14
897.32000,3.7033454e-12,3.3786251e-14
897.33000,3.7011434e-12,3.4275021e-14
897.34000,3.6980843e-12,3.4778313e-14
897.35000,3.6941896e-12,3.5229470e-14
897.36000,3.6900187e-12,3.5593146e-14
897.37000,3.6860015e-12,3.5893862e-14
897.38000,3.6826451e-12,3.6117472e-14
897.39000,3.6799571e-12,3.6260725e-14
897.40000,3.6781831e-12,3.6242017e-14
897.41000,3.6776297e-12,3.5952886e-14
897.42000,3.6784264e-12,3.5429368e-14
897.43000,3.6803994e-12,3.4779386e-14
897.44000,3.6834630e-12,3.4124062e-14
897.45000,3.6865609e-12,3.3567375e-14
897.46000,3.6890047e-12,3.3176645e-14
897.47000,3.6905575e-12,3.2937775e-14
897.48000,3.6915247e-12,3.2790367e-14
897.49000,3.6919525e-12,3.2727560e-14
897.50000,3.6921636e-12,3.2708504e-14
897.51000,3.6922607e-12,3.2743043e-14
897.52000,3.6924272e-12,3.2849572e-14
897.53000,3.6926647e-12,3.3022883e-14
897.54000,3.6928102e-12,3.3237581e-14
897.55000,3.6925135e-12,3.3454306e-14
897.56000,3.6918610e-12,3.3621512e-14
897.57000,3.6910110e-12,3.3681043e-14
897.58000,3.6903196e-12,3.3609028e-14
897.59000,3.6898112e-12,3.3446590e-14
897.60000,3.6892787e-12,3.3218713e-14
897.61000,3.6885059e-12,3.2992316e-14
897.62000,3.6874043e-12,3.2801553e-14
897.63000,3.6861454e-12,3.2670376e-14
897.64000,3.6849546e-12,3.2588318e-14
897.65000,3.6838368e-12,3.2536661e-14
897.66000,3.6826420e-12,3.2510939e-14
897.67000,3.6812365e-12,3.2494206e-14
897.68000,3.6795039e-12,3.2482975e-14
897.69000,3.6775329e-12,3.2472512e-14
897.70000,3.6755339e-12,3.2460357e-14
897.71000,3.6737758e-12,3.2445973e-14
897.72000,3.6723541e-12,3.2432339e-14
897.73000,3.6714025e-12,3.2422617e-14
897.74000,3.6708703e-12,3.2419301e-14
897.75000,3.6703708e-12,3.2420314e-14
897.76000,3.6695486e-12,3.2422369e-14
897.77000,3.6676770e-12,3.2421010e-14
897.78000,3.6648848e-12,3.2414844e-14
897.79000,3.6611235e-12,3.2402398e-14
897.80000,3.6569730e-12,3.2386085e-14
897.81000,3.6531076e-12,3.2370085e-14
897.82000,3.6504171e-12,3.2359496e-14
897.83000,3.6489029e-12,3.2355346e-14
897.84000,3.6487794e-12,3.2360033e-14
897.85000,3.6497091e-12,3.2374984e-14
897.86000,3.6508007e-12,3.2399736e-14
897.87000,3.6514693e-12,3.2433908e-14
897.88000,3.6509673e-12,3.2492436e-14
897.89000,3.6497091e-12,3.2584594e-14
897.90000,3.6480133e-12,3.2752135e-14
897.91000,3.6466275e-12,3.3075654e-14
897.92000,3.6457950e-12,3.3610423e-14
897.93000,3.6453531e-12,3.4575719e-14
897.94000,3.6444489e-12,3.5916753e-14
897.95000,3.6421246e-12,3.7673344e-14
897.96000,3.6375844e-12,3.9606713e-14
897.97000,3.6315606e-12,4.1174588e-14
897.98000,3.6253211e-12,4.2057142e-14
897.99000,3.6206166e-12,4.1588851e-14
898.00000,3.6178018e-12,4.0296353e-14
898.01000,3.6176062e-12,3.8433619e-14
898.02000,3.6200235e-12,3.6612547e-14
898.03000,3.6239199e-12,3.5127018e-14
898.04000,3.6282281e-12,3.4205584e-14
898.05000,3.6317970e-12,3.3616293e-14
898.06000,3.6341230e-12,3.3290743e-14
898.07000,3.6354043e-12,3.3096822e-14
898.08000,3.6362804e-12,3.2937931e-14
898.09000,3.6370204e-12,3.2786212e-14
898.10000,3.6374262e-12,3.2643815e-14
898.11000,3.6373002e-12,3.2516204e-14
898.12000,3.6361710e-12,3.2413005e-14
898.13000,3.6337559e-12,3.2334447e-14
898.14000,3.6303672e-12,3.2271099e-14
898.15000,3.6260328e-12,3.2221370e-14
898.16000,3.6213678e-12,3.2177733e-14
898.17000,3.6165996e-12,3.2139838e-14
898.18000,3.6120530e-12,3.2108035e-14
898.19000,3.6080580e-12,3.2082842e-14
898.20000,3.6047823e-12,3.2064064e-14
898.21000,3.6029497e-12,3.2055824e-14
898.22000,3.6022073e-12,3.2054436e-14
898.23000,3.6026178e-12,3.2058993e-14
898.24000,3.6036879e-12,3.2064813e-14
898.25000,3.6048091e-12,3.2068486e-14
898.26000,3.6054351e-12,3.2067855e-14
898.27000,3.6055444e-12,3.2065609e-14
898.28000,3.6052009e-12,3.2064378e-14
898.29000,3.6049203e-12,3.2067873e-14
898.30000,3.6052457e-12,3.2076406e-14
898.31000,3.6062177e-12,3.2087644e-14
898.32000,3.6078538e-12,3.2098394e-14
898.33000,3.6095365e-12,3.2105816e-14
898.34000,3.6108326e-12,3.2107078e-14
898.35000,3.6114180e-12,3.2100868e-14
898.36000,3.6114112e-12,3.2088880e-14
898.37000,3.6107937e-12,3.2071418e-14
898.38000,3.6099838e-12,3.2053172e-14
898.39000,3.6092087e-12,3.2037505e-14
898.40000,3.6087971e-12,3.2028478e-14
898.41000,3.6088677e-12,3.2026287e-14
898.42000,3.6093057e-12,3.2028584e-14
898.43000,3.6099678e-12,3.2033643e-14
898.44000,3.6104513e-12,3.2037943e-14
898.45000,3.6103075e-12,3.2039236e-14
898.46000,3.6091525e-12,3.2036762e-14
898.47000,3.6071416e-12,3.2032824e-14
898.48000,3.6043448e-12,3.2034609e-14
898.49000,3.6015049e-12,3.2050884e-14
898.50000,3.5991587e-12,3.2100776e-14
898.51000,3.5978950e-12,3.2227311e-14
898.52000,3.5975703e-12,3.2481213e-14
898.53000,3.5976153e-12,3.2891700e-14
898.54000,3.5969156e-12,3.3610969e-14
898.55000,3.5947546e-12,3.4568487e-14
898.56000,3.5902466e-12,3.5745581e-14
898.57000,3.5837872e-12,3.6899732e-14
898.58000,3.5766499e-12,3.7793660e-14
898.59000,3.5699746e-12,3.8033768e-14
898.60000,3.5642062e-12,3.7788538e-14
898.61000,3.5597037e-12,3.7157753e-14
898.62000,3.5571555e-12,3.6572825e-14
898.63000,3.5570433e-12,3.6447757e-14
898.64000,3.5588745e-12,3.6875654e-14
898.65000,3.5613283e-12,3.8097406e-14
898.66000,3.5619816e-12,3.9679245e-14
898.67000,3.5587391e-12,4.1259515e-14
898.68000,3.5524020e-12,4.2244309e-14
898.69000,3.5455775e-12,4.2455323e-14
898.70000,3.5410937e-12,4.1543689e-14
898.71000,3.5390324e-12,4.0109017e-14
898.72000,3.5391749e-12,3.8430443e-14
898.73000,3.5401528e-12,3.6906836e-14
898.74000,3.5410042e-12,3.5672236e-14
898.75000,3.5416385e-12,3.4680961e-14
898.76000,3.5422238e-12,3.3994617e-14
898.77000,3.5429960e-12,3.3518117e-14
898.78000,3.5439410e-12,3.3327768e-14
898.79000,3.5445044e-12,3.3449510e-14
898.80000,3.5442826e-12,3.3817586e-14
898.81000,3.5427114e-12,3.4427821e-14
898.82000,3.5406617e-12,3.5065103e-14
898.83000,3.5389514e-12,3.5566687e-14
898.84000,3.5385587e-12,3.5743678e-14
898.85000,3.5391834e-12,3.5586235e-14
898.86000,3.5399774e-12,3.5192363e-14
898.87000,3.5396471e-12,3.4611218e-14
898.88000,3.5378875e-12,3.3996067e-14
898.89000,3.5344632e-12,3.3420992e-14
898.90000,3.5301884e-12,3.2936471e-14
898.91000,3.5258262e-12,3.2549639e-14
898.92000,3.5221160e-12,3.2340321e-14
898.93000,3.5190159e-12,3.2270432e-14
898.94000,3.5163912e-12,3.2390530e-14
898.95000,3.5136125e-12,3.2751584e-14
898.96000,3.5103309e-12,3.3351135e-14
898.97000,3.5063770e-12,3.4313589e-14
898.98000,3.5022395e-12,3.5492596e-14
898.99000,3.4981012e-12,3.6779096e-14
899.00000,3.4935039e-12,3.7822771e-14
899.01000,3.4877134e-12,3.8297384e-14
899.02000,3.4810901e-12,3.8218131e-14
899.03000,3.4750496e-12,3.7585376e-14
899.04000,3.4705988e-12,3.6931903e-14
899.05000,3.4679396e-12,3.6685253e-14
899.06000,3.4651876e-12,3.7217331e-14
899.07000,3.4609877e-12,3.8427232e-14
899.08000,3.4546990e-12,4.0266387e-14
899.09000,3.4483695e-12,4.2109818e-14
899.10000,3.4442089e-12,4.3439681e-14
899.11000,3.4449162e-12,4.3609169e-14
899.12000,3.4500451e-12,4.2623809e-14
899.13000,3.4576460e-12,4.0871942e-14
899.14000,3.4659274e-12,3.8637037e-14
899.15000,3.4730962e-12,3.6485935e-14
899.16000,3.4780834e-12,3.4739087e-14
899.17000,3.4807212e-12,3.3516762e-14
899.18000,3.4815888e-12,3.2695031e-14
899.19000,3.4803689e-12,3.2320317e-14
899.20000,3.4781315e-12,3.2150903e-14
899.21000,3.4752260e-12,3.2129672e-14
899.22000,3.4724531e-12,3.2153243e-14
899.23000,3.4703386e-12,3.2142873e-14
899.24000,3.4688302e-12,3.2078950e-14
899.25000,3.4677999e-12,3.1940535e-14
899.26000,3.4667298e-12,3.1772254e-14
899.27000,3.4652954e-12,3.1604757e-14
899.28000,3.4634146e-12,3.1465860e-14
899.29000,3.4612064e-12,3.1355381e-14
899.30000,3.4585677e-12,3.1279239e-14
899.31000,3.4555916e-12,3.1217986e-14
899.32000,3.4520667e-12,3.1167674e-14
899.33000,3.4477635e-12,3.1123410e-14
899.34000,3.4427785e-12,3.1081970e-14
899.35000,3.4370406e-12,3.1042318e-14
899.36000,3.4310544e-12,3.1003004e-14
899.37000,3.4251467e-12,3.0964296e-14
899.38000,3.4198173e-12,3.0928459e-14
899.39000,3.4152819e-12,3.0898257e-14
899.40000,3.4114088e-12,3.0874148e-14
899.41000,3.4083317e-12,3.0859691e-14
899.42000,3.4056815e-12,3.0851588e-14
899.43000,3.4035017e-12,3.0850274e-14
899.44000,3.4018087e-12,3.0853484e-14
899.45000,3.4004878e-12,3.0857425e-14
899.46000,3.3995114e-12,3.0856556e-14
899.47000,3.3985828e-12,3.0848796e-14
899.48000,3.3975231e-12,3.0831628e-14
899.49000,3.3961291e-12,3.0806137e-14
899.50000,3.3943620e-12,3.0777667e-14
899.51000,3.3922761e-12,3.0749568e-14
899.52000,3.3898374e-12,3.0725285e-14
899.53000,3.3873087e-12,3.0704585e-14
899.54000,3.3849407e-12,3.0687935e-14
899.55000,3.3829925e-12,3.0674194e-14
899.56000,3.3814332e-12,3.0661970e-14
899.57000,3.3802648e-12,3.0650751e-14
899.58000,3.3791716e-12,3.0639884e-14
899.59000,3.3780099e-12,3.0629881e-14
899.60000,3.3767042e-12,3.0622184e-14
899.61000,3.3753280e-12,3.0617641e-14
899.62000,3.3739626e-12,3.0615783e-14
899.63000,3.3727154e-12,3.0616073e-14
899.64000,3.3715788e-12,3.0615943e-14
899.65000,3.3704891e-12,3.0612600e-14
899.66000,3.3692112e-12,3.0604183e-14
899.67000,3.3675683e-12,3.0591111e-14
899.68000,3.3650437e-12,3.0572157e-14
899.69000,3.3617695e-12,3.0550719e-14
899.70000,3.3576079e-12,3.0528498e-14
899.71000,3.3528273e-12,3.0508237e-14
899.72000,3.3478833e-12,3.0490929e-14
899.73000,3.3432480e-12,3.0478580e-14
899.74000,3.3391061e-12,3.0469783e-14
899.75000,3.3356157e-12,3.0465208e-14
899.76000,3.3326347e-12,3.0466130e-14
899.77000,3.3296925e-12,3.0472971e-14
899.78000,3.3264799e-12,3.0484678e-14
899.79000,3.3225018e-12,3.0500043e-14
899.80000,3.3179216e-12,3.0513894e-14
899.81000,3.3128618e-12,3.0520968e-14
899.82000,3.3078721e-12,3.0519520e-14
899.83000,3.3032746e-12,3.0513954e-14
899.84000,3.2993885e-12,3.0514312e-14
899.85000,3.2957645e-12,3.0530818e-14
899.86000,3.2919771e-12,3.0583484e-14
899.87000,3.2874363e-12,3.0710859e-14
899.88000,3.2822210e-12,3.0943906e-14
899.89000,3.2765773e-12,3.1422880e-14
899.90000,3.2710268e-12,3.2172476e-14
899.91000,3.2656138e-12,3.3331328e-14
899.92000,3.2595890e-12,3.5001112e-14
899.93000,3.2521979e-12,3.7027517e-14
899.94000,3.2439103e-12,3.9121367e-14
899.95000,3.2362551e-12,4.0726138e-14
899.96000,3.2303800e-12,4.1615053e-14
899.97000,3.2268486e-12,4.1446656e-14
899.98000,3.2244915e-12,4.0361497e-14
899.99000,3.2224172e-12,3.8812811e-14
900.00000,3.2210194e-12,3.7041839e-14
900.01000,3.2206710e-12,3.5337567e-14
900.02000,3.2218987e-12,3.3829753e-14
900.03000,3.2245159e-12,3.2625511e-14
900.04000,3.2274587e-12,3.1714199e-14
900.05000,3.2299939e-12,3.1034388e-14
900.06000,3.2310497e-12,3.0616209e-14
900.07000,3.2307185e-12,3.0330314e-14
900.08000,3.2286497e-12,3.0153818e-14
900.09000,3.2250825e-12,3.0041303e-14
900.10000,3.2205141e-12,2.9961054e-14
900.11000,3.2150561e-12,2.9901252e-14
900.12000,3.2094576e-12,2.9844344e-14
900.13000,3.2041189e-12,2.9791518e-14
900.14000,3.1993819e-12,2.9755447e-14
900.15000,3.1951394e-12,2.9741170e-14
900.16000,3.1913476e-12,2.9752562e-14
900.17000,3.1876636e-12,2.9768599e-14
900.18000,3.1839457e-12,2.9774269e-14
900.19000,3.1800519e-12,2.9761879e-14
900.20000,3.1758982e-12,2.9757550e-14
900.21000,3.1714346e-12,2.9794260e-14
900.22000,3.1662758e-12,2.9972333e-14
900.23000,3.1603833e-12,3.0313313e-14
900.24000,3.1531887e-12,3.0923566e-14
900.25000,3.1440784e-12,3.1857894e-14
900.26000,3.1329512e-12,3.3054944e-14
900.27000,3.1185537e-12,3.4497561e-14
900.28000,3.1023475e-12,3.5919964e-14
900.29000,3.0856057e-12,3.7052737e-14
900.30000,3.0721457e-12,3.7533216e-14
900.31000,3.0650508e-12,3.7282092e-14
900.32000,3.0642852e-12,3.6461001e-14
900.33000,3.0707245e-12,3.5135498e-14
900.34000,3.0796587e-12,3.3710670e-14
900.35000,3.0879255e-12,3.2442149e-14
900.36000,3.0931945e-12,3.1467738e-14
900.37000,3.0956015e-12,3.0747028e-14
900.38000,3.0944561e-12,3.0319295e-14
900.39000,3.0915589e-12,3.0019250e-14
900.40000,3.0871913e-12,2.9803424e-14
900.41000,3.0819676e-12,2.9617748e-14
900.42000,3.0764188e-12,2.9442205e-14
900.43000,3.0709752e-12,2.9282037e-14
900.44000,3.0659488e-12,2.9139477e-14
900.45000,3.0616138e-12,2.9025014e-14
900.46000,3.0579899e-12,2.8945427e-14
900.47000,3.0546753e-12,2.8893505e-14
900.48000,3.0513248e-12,2.8858585e-14
900.49000,3.0474895e-12,2.8833100e-14
900.50000,3.0431350e-12,2.8805338e-14
900.51000,3.0381430e-12,2.8770993e-14
900.52000,3.0326592e-12,2.8737459e-14
900.53000,3.0268654e-12,2.8715856e-14
900.54000,3.0208376e-12,2.8740248e-14
900.55000,3.0148479e-12,2.8818551e-14
900.56000,3.0091528e-12,2.8986793e-14
900.57000,3.0039853e-12,2.9269420e-14
900.58000,2.9992269e-12,2.9647888e-14
900.59000,2.9946381e-12,3.0134524e-14
900.60000,2.9897098e-12,3.0657494e-14
900.61000,2.9839047e-12,3.1172946e-14
900.62000,2.9766729e-12,3.1614091e-14
900.63000,2.9681376e-12,3.1960980e-14
900.64000,2.9587324e-12,3.2233332e-14
900.65000,2.9488647e-12,3.2426495e-14
900.66000,2.9393427e-12,3.2569805e-14
900.67000,2.9310368e-12,3.2616229e-14
900.68000,2.9245014e-12,3.2497446e-14
900.69000,2.9195312e-12,3.2207000e-14
900.70000,2.9164290e-12,3.1680097e-14
900.71000,2.9139881e-12,3.1053249e-14
900.72000,2.9116290e-12,3.0396486e-14
900.73000,2.9088117e-12,2.9806137e-14
900.74000,2.9056601e-12,2.9303906e-14
900.75000,2.9024546e-12,2.8934248e-14
900.76000,2.8994348e-12,2.8652750e-14
900.77000,2.8965707e-12,2.8472959e-14
900.78000,2.8933717e-12,2.8414812e-14
900.79000,2.8893332e-12,2.8472595e-14
900.80000,2.8843720e-12,2.8618375e-14
900.81000,2.8780899e-12,2.8825460e-14
900.82000,2.8710630e-12,2.9007159e-14
900.83000,2.8635308e-12,2.9074380e-14
900.84000,2.8559534e-12,2.8989078e-14
900.85000,2.8484978e-12,2.8795337e-14
900.86000,2.8412265e-12,2.8524094e-14
900.87000,2.8340039e-12,2.8260472e-14
900.88000,2.8267936e-12,2.8045211e-14
900.89000,2.8196296e-12,2.7889250e-14
900.90000,2.8125545e-12,2.7770885e-14
900.91000,2.8056832e-12,2.7689402e-14
900.92000,2.7990173e-12,2.7627404e-14
900.93000,2.7926588e-12,2.7585362e-14
900.94000,2.7866985e-12,2.7557801e-14
900.95000,2.7810536e-12,2.7533732e-14
900.96000,2.7755687e-12,2.7508315e-14
900.97000,2.7699446e-12,2.7479663e-14
900.98000,2.7638564e-12,2.7450440e-14
900.99000,2.7567183e-12,2.7422589e-14
901.00000,2.7482459e-12,2.7397928e-14
901.01000,2.7387224e-12,2.7379329e-14
901.02000,2.7282460e-12,2.7386404e-14
901.03000,2.7177088e-12,2.7431933e-14
901.04000,2.7076468e-12,2.7561741e-14
901.05000,2.6981792e-12,2.7847882e-14
901.06000,2.6886020e-12,2.8319069e-14
901.07000,2.6770704e-12,2.9111449e-14
901.08000,2.6629825e-12,3.0112195e-14
901.09000,2.6457385e-12,3.1249588e-14
901.10000,2.6277809e-12,3.2227381e-14
901.11000,2.6137630e-12,3.2737338e-14
901.12000,2.6055840e-12,3.2713501e-14
901.13000,2.6061163e-12,3.1961574e-14
901.14000,2.6105709e-12,3.0867494e-14
901.15000,2.6154480e-12,2.9670558e-14
901.16000,2.6174951e-12,2.8641950e-14
901.17000,2.6166876e-12,2.7828577e-14
901.18000,2.6124789e-12,2.7326069e-14
901.19000,2.6067497e-12,2.6987155e-14
901.20000,2.5997752e-12,2.6784224e-14
901.21000,2.5919588e-12,2.6657433e-14
901.22000,2.5836606e-12,2.6567420e-14
901.23000,2.5749783e-12,2.6511594e-14
901.24000,2.5662003e-12,2.6473283e-14
901.25000,2.5573855e-12,2.6451334e-14
901.26000,2.5485110e-12,2.6436572e-14
901.27000,2.5394756e-12,2.6414827e-14
901.28000,2.5301962e-12,2.6378565e-14
901.29000,2.5203693e-12,2.6313800e-14
901.30000,2.5100374e-12,2.6228973e-14
901.31000,2.4991240e-12,2.6128850e-14
901.32000,2.4879425e-12,2.6027734e-14
901.33000,2.4768117e-12,2.5933186e-14
901.34000,2.4662093e-12,2.5855618e-14
901.35000,2.4561716e-12,2.5791182e-14
901.36000,2.4468254e-12,2.5740483e-14
901.37000,2.4378998e-12,2.5697795e-14
901.38000,2.4290060e-12,2.5657140e-14
901.39000,2.4196138e-12,2.5613540e-14
901.40000,2.4095961e-12,2.5565723e-14
901.41000,2.3987633e-12,2.5513196e-14
901.42000,2.3873767e-12,2.5459188e-14
901.43000,2.3760067e-12,2.5407789e-14
901.44000,2.3653830e-12,2.5365252e-14
901.45000,2.3557030e-12,2.5332176e-14
901.46000,2.3473284e-12,2.5312515e-14
901.47000,2.3404110e-12,2.5311523e-14
901.48000,2.3346901e-12,2.5334411e-14
901.49000,2.3298965e-12,2.5385807e-14
901.50000,2.3263969e-12,2.5505407e-14
901.51000,2.3238340e-12,2.5703505e-14
901.52000,2.3224586e-12,2.6055773e-14
901.53000,2.3221918e-12,2.6663517e-14
901.54000,2.3227188e-12,2.7579368e-14
901.55000,2.3241407e-12,2.9150327e-14
901.56000,2.3259796e-12,3.1260127e-14
901.57000,2.3281982e-12,3.3955666e-14
901.58000,2.3310331e-12,3.6748177e-14
901.59000,2.3351384e-12,3.8987234e-14
901.60000,2.3430491e-12,3.9583544e-14
901.61000,2.3548075e-12,3.8784129e-14
901.62000,2.3709837e-12,3.6627789e-14
901.63000,2.3894308e-12,3.3878918e-14
901.64000,2.4067307e-12,3.1362337e-14
901.65000,2.4217017e-12,2.9305186e-14
901.66000,2.4328968e-12,2.7989734e-14
901.67000,2.4419572e-12,2.7124670e-14
901.68000,2.4494678e-12,2.6662641e-14
901.69000,2.4564003e-12,2.6446692e-14
901.70000,2.4632022e-12,2.6370436e-14
901.71000,2.4702741e-12,2.6413225e-14
901.72000,2.4778832e-12,2.6487720e-14
901.73000,2.4866452e-12,2.6555331e-14
901.74000,2.4971579e-12,2.6578398e-14
901.75000,2.5092558e-12,2.6559000e-14
901.76000,2.5231641e-12,2.6496739e-14
901.77000,2.5375812e-12,2.6425785e-14
901.78000,2.5516685e-12,2.6363574e-14
901.79000,2.5643929e-12,2.6324556e-14
901.80000,2.5757544e-12,2.6304884e-14
901.81000,2.5855140e-12,2.6306064e-14
901.82000,2.5945390e-12,2.6317500e-14
901.83000,2.6031308e-12,2.6337689e-14
901.84000,2.6116943e-12,2.6364457e-14
901.85000,2.6203974e-12,2.6395040e-14
901.86000,2.6292025e-12,2.6427636e-14
901.87000,2.6380176e-12,2.6462215e-14
901.88000,2.6467016e-12,2.6498559e-14
901.89000,2.6550160e-12,2.6538257e-14
901.90000,2.6627139e-12,2.6581593e-14
901.91000,2.6698061e-12,2.6626790e-14
901.92000,2.6761479e-12,2.6670994e-14
901.93000,2.6823164e-12,2.6711971e-14
901.94000,2.6888041e-12,2.6747628e-14
901.95000,2.6962056e-12,2.6778476e-14
901.96000,2.7044747e-12,2.6807127e-14
901.97000,2.7136681e-12,2.6835122e-14
901.98000,2.7231249e-12,2.6863506e-14
901.99000,2.7325323e-12,2.6892098e-14
902.00000,2.7416200e-12,2.6920049e-14
902.01000,2.7504231e-12,2.6947271e-14
902.02000,2.7590166e-12,2.6974192e-14
902.03000,2.7671867e-12,2.7001007e-14
902.04000,2.7747834e-12,2.7027548e-14
902.05000,2.7812015e-12,2.7053702e-14
902.06000,2.7862189e-12,2.7081822e-14
902.07000,2.7901546e-12,2.7115468e-14
902.08000,2.7931693e-12,2.7168202e-14
902.09000,2.7961429e-12,2.7244220e-14
902.10000,2.7996320e-12,2.7363928e-14
902.11000,2.8038687e-12,2.7553961e-14
902.12000,2.8085117e-12,2.7829977e-14
902.13000,2.8127328e-12,2.8304497e-14
902.14000,2.8156104e-12,2.8971194e-14
902.15000,2.8156349e-12,2.9913123e-14
902.16000,2.8119968e-12,3.1101471e-14
902.17000,2.8065274e-12,3.2345374e-14
902.18000,2.8027509e-12,3.3303815e-14
902.19000,2.8034654e-12,3.3797243e-14
902.20000,2.8111435e-12,3.3594171e-14
902.21000,2.8249458e-12,3.2702806e-14
902.22000,2.8404587e-12,3.1507566e-14
902.23000,2.8552964e-12,3.0284803e-14
902.24000,2.8674979e-12,2.9301745e-14
902.25000,2.8777512e-12,2.8574949e-14
902.26000,2.8861165e-12,2.8136116e-14
902.27000,2.8930163e-12,2.7884011e-14
902.28000,2.8987604e-12,2.7733577e-14
902.29000,2.9031125e-12,2.7666473e-14
902.30000,2.9069441e-12,2.7630835e-14
902.31000,2.9109177e-12,2.7621896e-14
902.32000,2.9160179e-12,2.7634238e-14
902.33000,2.9224656e-12,2.7662202e-14
902.34000,2.9308371e-12,2.7709134e-14
902.35000,2.9400249e-12,2.7765448e-14
902.36000,2.9493591e-12,2.7829108e-14
902.37000,2.9577910e-12,2.7895975e-14
902.38000,2.9650760e-12,2.7963862e-14
902.39000,2.9707460e-12,2.8035293e-14
902.40000,2.9755333e-12,2.8114503e-14
902.41000,2.9796404e-12,2.8212222e-14
902.42000,2.9834447e-12,2.8349948e-14
902.43000,2.9871437e-12,2.8546278e-14
902.44000,2.9906660e-12,2.8812670e-14
902.45000,2.9934863e-12,2.9235585e-14
902.46000,2.9953997e-12,2.9833053e-14
902.47000,2.9959894e-12,3.0743900e-14
902.48000,2.9959922e-12,3.2011825e-14
902.49000,2.9965537e-12,3.3529703e-14
902.50000,2.9998454e-12,3.5069543e-14
902.51000,3.0056033e-12,3.6254467e-14
902.52000,3.0136474e-12,3.6588379e-14
902.53000,3.0226474e-12,3.5921413e-14
902.54000,3.0320395e-12,3.4624825e-14
902.55000,3.0417426e-12,3.2972993e-14
902.56000,3.0512190e-12,3.1438326e-14
902.57000,3.0596996e-12,3.0247478e-14
902.58000,3.0665973e-12,2.9456260e-14
902.59000,3.0723300e-12,2.8925931e-14
902.60000,3.0770350e-12,2.8646126e-14
902.61000,3.0814875e-12,2.8471832e-14
902.62000,3.0859641e-12,2.8376620e-14
902.63000,3.0906277e-12,2.8327401e-14
902.64000,3.0953940e-12,2.8299817e-14
902.65000,3.1001965e-12,2.8283617e-14
902.66000,3.1050512e-12,2.8276319e-14
902.67000,3.1099542e-12,2.8272507e-14
902.68000,3.1147584e-12,2.8270530e-14
902.69000,3.1190703e-12,2.8268389e-14
902.70000,3.1226958e-12,2.8265773e-14
902.71000,3.1252235e-12,2.8264207e-14
902.72000,3.1272405e-12,2.8265831e-14
902.73000,3.1292486e-12,2.8274513e-14
902.74000,3.1318846e-12,2.8291658e-14
902.75000,3.1351828e-12,2.8314785e-14
902.76000,3.1392543e-12,2.8343017e-14
902.77000,3.1436057e-12,2.8372504e-14
902.78000,3.1481775e-12,2.8404098e-14
902.79000,3.1531234e-12,2.8445401e-14
902.80000,3.1585511e-12,2.8504997e-14
902.81000,3.1646314e-12,2.8611281e-14
902.82000,3.1708169e-12,2.8761484e-14
902.83000,3.1764985e-12,2.8965427e-14
902.84000,3.1808204e-12,2.9201380e-14
902.85000,3.1838461e-12,2.9422642e-14
902.86000,3.1854923e-12,2.9555259e-14
902.87000,3.1866750e-12,2.9587462e-14
902.88000,3.1878057e-12,2.9494223e-14
902.89000,3.1893846e-12,2.9301713e-14
902.90000,3.1916956e-12,2.9086766e-14
902.91000,3.1948252e-12,2.8893043e-14
902.92000,3.1993657e-12,2.8768047e-14
902.93000,3.2049223e-12,2.8696251e-14
902.94000,3.2114467e-12,2.8674002e-14
902.95000,3.2183508e-12,2.8677809e-14
902.96000,3.2251792e-12,2.8694800e-14
902.97000,3.2312751e-12,2.8729633e-14
902.98000,3.2365090e-12,2.8782897e-14
902.99000,3.2404007e-12,2.8873267e-14
903.00000,3.2427582e-12,2.9026790e-14
903.01000,3.2437947e-12,2.9254405e-14
903.02000,3.2428299e-12,2.9625969e-14
903.03000,3.2405763e-12,3.0102681e-14
903.04000,3.2371415e-12,3.0671053e-14
903.05000,3.2335917e-12,3.1205937e-14
903.06000,3.2310740e-12,3.1587134e-14
903.07000,3.2317110e-12,3.1608877e-14
903.08000,3.2353663e-12,3.1357710e-14
903.09000,3.2425909e-12,3.0858410e-14
903.10000,3.2522297e-12,3.0273993e-14
903.11000,3.2619801e-12,2.9759936e-14
903.12000,3.2707330e-12,2.9356139e-14
903.13000,3.2773005e-12,2.9119544e-14
903.14000,3.2823869e-12,2.8981744e-14
903.15000,3.2863212e-12,2.8921748e-14
903.16000,3.2899059e-12,2.8895384e-14
903.17000,3.2935209e-12,2.8881489e-14
903.18000,3.2975337e-12,2.8869034e-14
903.19000,3.3019899e-12,2.8851496e-14
903.20000,3.3071199e-12,2.8826253e-14
903.21000,3.3128827e-12,2.8797746e-14
903.22000,3.3189735e-12,2.8771909e-14
903.23000,3.3248716e-12,2.8759479e-14
903.24000,3.3301021e-12,2.8760125e-14
903.25000,3.3340924e-12,2.8775602e-14
903.26000,3.3368041e-12,2.8798030e-14
903.27000,3.3387541e-12,2.8819158e-14
903.28000,3.3402517e-12,2.8830795e-14
903.29000,3.3418700e-12,2.8834911e-14
903.30000,3.3439426e-12,2.8833318e-14
903.31000,3.3466439e-12,2.8832056e-14
903.32000,3.3497671e-12,2.8833975e-14
903.33000,3.3531487e-12,2.8841660e-14
903.34000,3.3564239e-12,2.8854091e-14
903.35000,3.3593186e-12,2.8874358e-14
903.36000,3.3615586e-12,2.8909540e-14
903.37000,3.3632087e-12,2.8961741e-14
903.38000,3.3641125e-12,2.9038598e-14
903.39000,3.3646243e-12,2.9127658e-14
903.40000,3.3649241e-12,2.9218193e-14
903.41000,3.3654796e-12,2.9283943e-14
903.42000,3.3666870e-12,2.9305784e-14
903.43000,3.3685643e-12,2.9285882e-14
903.44000,3.3712249e-12,2.9217423e-14
903.45000,3.3741006e-12,2.9131279e-14
903.46000,3.3767266e-12,2.9045404e-14
903.47000,3.3787677e-12,2.8975895e-14
903.48000,3.3803703e-12,2.8923474e-14
903.49000,3.3818027e-12,2.8894468e-14
903.50000,3.3834995e-12,2.8878198e-14
903.51000,3.3857264e-12,2.8873132e-14
903.52000,3.3882722e-12,2.8873768e-14
903.53000,3.3907565e-12,2.8875982e-14
903.54000,3.3927708e-12,2.8877931e-14
903.55000,3.3944589e-12,2.8879828e-14
903.56000,3.3960318e-12,2.8883460e-14
903.57000,3.3979297e-12,2.8890900e-14
903.58000,3.4002261e-12,2.8901098e-14
903.59000,3.4028660e-12,2.8911693e-14
903.60000,3.4054071e-12,2.8919395e-14
903.61000,3.4074733e-12,2.8921395e-14
903.62000,3.4088240e-12,2.8917602e-14
903.63000,3.4097690e-12,2.8911906e-14
903.64000,3.4106906e-12,2.8908396e-14
903.65000,3.4119637e-12,2.8908780e-14
903.66000,3.4138009e-12,2.8913869e-14
903.67000,3.4160138e-12,2.8921347e-14
903.68000,3.4180257e-12,2.8927300e-14
903.69000,3.4195745e-12,2.8930366e-14
903.70000,3.4204405e-12,2.8929230e-14
903.71000,3.4211563e-12,2.8926593e-14
903.72000,3.4223850e-12,2.8924969e-14
903.73000,3.4245569e-12,2.8926317e-14
903.74000,3.4274146e-12,2.8930180e-14
903.75000,3.4304385e-12,2.8935868e-14
903.76000,3.4328428e-12,2.8941045e-14
903.77000,3.4338795e-12,2.8943880e-14
903.78000,3.4336210e-12,2.8943770e-14
903.79000,3.4327776e-12,2.8941754e-14
903.80000,3.4322447e-12,2.8939249e-14
903.81000,3.4326361e-12,2.8938583e-14
903.82000,3.4345252e-12,2.8942614e-14
903.83000,3.4376982e-12,2.8953182e-14
903.84000,3.4414259e-12,2.8969070e-14
903.85000,3.4450355e-12,2.8992409e-14
903.86000,3.4480269e-12,2.9022367e-14
903.87000,3.4499478e-12,2.9066340e-14
903.88000,3.4506915e-12,2.9139726e-14
903.89000,3.4506742e-12,2.9248199e-14
903.90000,3.4500997e-12,2.9410440e-14
903.91000,3.4496051e-12,2.9597460e-14
903.92000,3.4497482e-12,2.9783157e-14
903.93000,3.4514775e-12,2.9918312e-14
903.94000,3.4552956e-12,3.0006662e-14
903.95000,3.4635842e-12,3.0117045e-14
903.96000,3.4762795e-12,3.0357501e-14
903.97000,NaN,NaN
903.98000,NaN,NaN
903.99000,NaN,NaN
904.00000,NaN,NaN
904.01000,NaN,NaN
904.02000,NaN,NaN
904.03000,NaN,NaN
904.04000,NaN,NaN
904.05000,NaN,NaN
904.06000,NaN,NaN
904.07000,NaN,NaN
904.08000,NaN,NaN
904.09000,NaN,NaN
904.10000,NaN,NaN
904.11000,NaN,NaN
904.12000,NaN,NaN
904.13000,NaN,NaN
904.14000,NaN,NaN
904.15000,NaN,NaN
904.16000,NaN,NaN
904.17000,NaN,NaN
904.18000,NaN,NaN
904.19000,NaN,NaN
904.20000,NaN,NaN
904.21000,NaN,NaN
904.22000,NaN,NaN
904.23000,NaN,NaN
904.24000,NaN,NaN
904.25000,NaN,NaN
904.26000,NaN,NaN
904.27000,NaN,NaN
904.28000,NaN,NaN
904.29000,NaN,NaN
904.30000,NaN,NaN
904.31000,NaN,NaN
904.32000,NaN,NaN
904.33000,NaN,NaN
904.34000,NaN,NaN
904.35000,NaN,NaN
904.36000,NaN,NaN
904.37000,NaN,NaN
904.38000,NaN,NaN
904.39000,NaN,NaN
904.40000,NaN,NaN
904.41000,NaN,NaN
904.42000,NaN,NaN
904.43000,NaN,NaN
904.44000,NaN,NaN
904.45000,NaN,NaN
904.46000,NaN,NaN
904.47000,NaN,NaN
904.48000,NaN,NaN
904.49000,NaN,NaN
904.50000,NaN,NaN
904.51000,NaN,NaN
904.52000,NaN,NaN
904.53000,NaN,NaN
904.54000,NaN,NaN
904.55000,NaN,NaN
904.56000,NaN,NaN
904.57000,NaN,NaN
904.58000,NaN,NaN
904.59000,NaN,NaN
904.60000,NaN,NaN
904.61000,NaN,NaN
904.62000,NaN,NaN
904.63000,NaN,NaN
904.64000,NaN,NaN
904.65000,NaN,NaN
904.66000,NaN,NaN
904.67000,NaN,NaN
904.68000,NaN,NaN
904.69000,NaN,NaN
904.70000,NaN,NaN
904.71000,NaN,NaN
904.72000,NaN,NaN
904.73000,NaN,NaN
904.74000,NaN,NaN
904.75000,NaN,NaN
904.76000,NaN,NaN
904.77000,NaN,NaN
904.78000,NaN,NaN
904.79000,NaN,NaN
904.80000,NaN,NaN
904.81000,NaN,NaN
904.82000,NaN,NaN
904.83000,NaN,NaN
904.84000,NaN,NaN
904.85000,NaN,NaN
904.86000,NaN,NaN
904.87000,NaN,NaN
904.88000,NaN,NaN
904.89000,NaN,NaN
904.90000,NaN,NaN
904.91000,NaN,NaN
904.92000,NaN,NaN
904.93000,NaN,NaN
904.94000,NaN,NaN
904.95000,NaN,NaN
904.96000,NaN,NaN
904.97000,NaN,NaN
904.98000,NaN,NaN
904.99000,NaN,NaN
905.00000,NaN,NaN
905.01000,NaN,NaN
905.02000,NaN,NaN
905.03000,NaN,NaN
905.04000,NaN,NaN
905.05000,NaN,NaN
905.06000,NaN,NaN
905.07000,NaN,NaN
905.08000,NaN,NaN
905.09000,NaN,NaN
905.10000,NaN,NaN
905.11000,NaN,NaN
905.12000,NaN,NaN
905.13000,NaN,NaN
905.14000,NaN,NaN
905.15000,NaN,NaN
905.16000,NaN,NaN
905.17000,NaN,NaN
905.18000,NaN,NaN
905.19000,NaN,NaN
905.20000,NaN,NaN
905.21000,NaN,NaN
905.22000,NaN,NaN
905.23000,NaN,NaN
905.24000,NaN,NaN
905.25000,NaN,NaN
905.26000,NaN,NaN
905.27000,NaN,NaN
905.28000,NaN,NaN
905.29000,NaN,NaN
905.30000,NaN,NaN
905.31000,NaN,NaN
905.32000,NaN,NaN
905.33000,NaN,NaN
905.34000,NaN,NaN
905.35000,NaN,NaN
905.36000,NaN,NaN
905.37000,NaN,NaN
905.38000,NaN,NaN
905.39000,NaN,NaN
905.40000,NaN,NaN
905.41000,NaN,NaN
905.42000,NaN,NaN
905.43000,NaN,NaN
905.44000,NaN,NaN
905.45000,NaN,NaN
905.46000,NaN,NaN
905.47000,NaN,NaN
905.48000,NaN,NaN
905.49000,NaN,NaN
905.50000,NaN,NaN
905.51000,NaN,NaN
905.52000,NaN,NaN
905.53000,NaN,NaN
905.54000,NaN,NaN
905.55000,NaN,NaN
905.56000,NaN,NaN
905.57000,NaN,NaN
905.58000,NaN,NaN
905.59000,NaN,NaN
905.60000,NaN,NaN
905.61000,NaN,NaN
905.62000,NaN,NaN
905.63000,NaN,NaN
905.64000,NaN,NaN
905.65000,NaN,NaN
905.66000,NaN,NaN
905.67000,NaN,NaN
905.68000,NaN,NaN
905.69000,NaN,NaN
905.70000,NaN,NaN
905.71000,NaN,NaN
905.72000,NaN,NaN
905.73000,NaN,NaN
905.74000,NaN,NaN
905.75000,NaN,NaN
905.76000,NaN,NaN
905.77000,NaN,NaN
905.78000,NaN,NaN
905.79000,NaN,NaN
905.80000,NaN,NaN
905.81000,NaN,NaN
905.82000,NaN,NaN
905.83000,NaN,NaN
905.84000,NaN,NaN
905.85000,NaN,NaN
905.86000,NaN,NaN
905.87000,NaN,NaN
905.88000,NaN,NaN
905.89000,NaN,NaN
905.90000,NaN,NaN
905.91000,NaN,NaN
905.92000,NaN,NaN
905.93000,NaN,NaN
905.94000,NaN,NaN
905.95000,NaN,NaN
905.96000,NaN,NaN
905.97000,NaN,NaN
905.98000,NaN,NaN
905.99000,NaN,NaN
906.00000,NaN,NaN
906.01000,NaN,NaN
906.02000,NaN,NaN
906.03000,NaN,NaN
906.04000,NaN,NaN
906.05000,NaN,NaN
906.06000,NaN,NaN
906.07000,NaN,NaN
906.08000,NaN,NaN
906.09000,NaN,NaN
906.10000,NaN,NaN
906.11000,NaN,NaN
906.12000,NaN,NaN
906.13000,NaN,NaN
906.14000,NaN,NaN
906.15000,NaN,NaN
906.16000,NaN,NaN
906.17000,NaN,NaN
906.18000,NaN,NaN
906.19000,NaN,NaN
906.20000,NaN,NaN
906.21000,NaN,NaN
906.22000,NaN,NaN
906.23000,NaN,NaN
906.24000,NaN,NaN
906.25000,NaN,NaN
906.26000,NaN,NaN
906.27000,NaN,NaN
906.28000,3.5493039e-12,3.3291904e-14
906.29000,3.5647079e-12,3.4240113e-14
906.30000,3.5772821e-12,3.5046991e-14
906.31000,3.5906356e-12,3.5740171e-14
906.32000,3.6063949e-12,3.6237156e-14
906.33000,3.6235669e-12,3.6442806e-14
906.34000,3.6401690e-12,3.6391011e-14
906.35000,3.6534130e-12,3.6036558e-14
906.36000,3.6633925e-12,3.5576410e-14
906.37000,3.6693786e-12,3.5101848e-14
906.38000,3.6724089e-12,3.4711078e-14
906.39000,3.6741372e-12,3.4409471e-14
906.40000,3.6754656e-12,3.4227091e-14
906.41000,3.6771895e-12,3.4108072e-14
906.42000,3.6795563e-12,3.4048597e-14
906.43000,3.6821982e-12,3.4032202e-14
906.44000,3.6846190e-12,3.4040217e-14
906.45000,3.6862069e-12,3.4067136e-14
906.46000,3.6871219e-12,3.4094927e-14
906.47000,3.6873960e-12,3.4112158e-14
906.48000,3.6873614e-12,3.4109074e-14
906.49000,3.6872019e-12,3.4089150e-14
906.50000,3.6867043e-12,3.4051410e-14
906.51000,3.6857321e-12,3.4008012e-14
906.52000,3.6839348e-12,3.3964630e-14
906.53000,3.6812149e-12,3.3928834e-14
906.54000,3.6779535e-12,3.3902972e-14
906.55000,3.6744706e-12,3.3894976e-14
906.56000,3.6712468e-12,3.3899723e-14
906.57000,3.6686430e-12,3.3917211e-14
906.58000,3.6667683e-12,3.3939790e-14
906.59000,3.6652984e-12,3.3958857e-14
906.60000,3.6639957e-12,3.3962792e-14
906.61000,3.6625897e-12,3.3952341e-14
906.62000,3.6610433e-12,3.3925781e-14
906.63000,3.6596628e-12,3.3891758e-14
906.64000,3.6587623e-12,3.3861744e-14
906.65000,3.6589641e-12,3.3850879e-14
906.66000,3.6600395e-12,3.3858406e-14
906.67000,3.6620217e-12,3.3886246e-14
906.68000,3.6644523e-12,3.3923775e-14
906.69000,3.6667692e-12,3.3958035e-14
906.70000,3.6683054e-12,3.3976506e-14
906.71000,3.6690282e-12,3.3982712e-14
906.72000,3.6687449e-12,3.3981353e-14
906.73000,3.6676173e-12,3.3991699e-14
906.74000,3.6660226e-12,3.4030117e-14
906.75000,3.6639657e-12,3.4144933e-14
906.76000,3.6616582e-12,3.4348744e-14
906.77000,3.6590410e-12,3.4712222e-14
906.78000,3.6558427e-12,3.5347466e-14
906.79000,3.6517648e-12,3.6276071e-14
906.80000,3.6458533e-12,3.7667295e-14
906.81000,3.6387836e-12,3.9317448e-14
906.82000,3.6315677e-12,4.1054324e-14
906.83000,3.6273214e-12,4.2368268e-14
906.84000,3.6272665e-12,4.2985892e-14
906.85000,3.6327034e-12,4.2433487e-14
906.86000,3.6398908e-12,4.1193040e-14
906.87000,3.6463690e-12,3.9482777e-14
906.88000,3.6499164e-12,3.7796902e-14
906.89000,3.6513702e-12,3.6369812e-14
906.90000,3.6514012e-12,3.5396766e-14
906.91000,3.6513698e-12,3.4709400e-14
906.92000,3.6517170e-12,3.4286475e-14
906.93000,3.6526285e-12,3.4046359e-14
906.94000,3.6539698e-12,3.3898803e-14
906.95000,3.6558203e-12,3.3832722e-14
906.96000,3.6579065e-12,3.3799689e-14
906.97000,3.6601058e-12,3.3790137e-14
906.98000,3.6622283e-12,3.3791814e-14
906.99000,3.6642473e-12,3.3798840e-14
907.00000,3.6661554e-12,3.3816968e-14
907.01000,3.6679555e-12,3.3849281e-14
907.02000,3.6694362e-12,3.3908232e-14
907.03000,3.6700720e-12,3.4017554e-14
907.04000,3.6696792e-12,3.4194250e-14
907.05000,3.6675840e-12,3.4537993e-14
907.06000,3.6642443e-12,3.5074524e-14
907.07000,3.6594256e-12,3.5934913e-14
907.08000,3.6531516e-12,3.7244573e-14
907.09000,3.6462952e-12,3.8882500e-14
907.10000,3.6408566e-12,4.0680775e-14
907.11000,3.6386775e-12,4.2234500e-14
907.12000,3.6424811e-12,4.3083448e-14
907.13000,3.6528707e-12,4.2822494e-14
907.14000,3.6658411e-12,4.1755156e-14
907.15000,3.6771858e-12,4.0044748e-14
907.16000,3.6847985e-12,3.8284354e-14
907.17000,3.6876003e-12,3.6771499e-14
907.18000,3.6869986e-12,3.5713403e-14
907.19000,3.6852652e-12,3.5003656e-14
907.20000,3.6832789e-12,3.4672037e-14
907.21000,3.6815088e-12,3.4516245e-14
907.22000,3.6800057e-12,3.4488463e-14
907.23000,3.6787114e-12,3.4501997e-14
907.24000,3.6775865e-12,3.4500212e-14
907.25000,3.6767340e-12,3.4448915e-14
907.26000,3.6760500e-12,3.4368178e-14
907.27000,3.6754810e-12,3.4281479e-14
907.28000,3.6748879e-12,3.4251254e-14
907.29000,3.6741761e-12,3.4317334e-14
907.30000,3.6731096e-12,3.4592517e-14
907.31000,3.6716195e-12,3.5056086e-14
907.32000,3.6694277e-12,3.5756715e-14
907.33000,3.6662528e-12,3.6626338e-14
907.34000,3.6622397e-12,3.7477199e-14
907.35000,3.6575011e-12,3.8008340e-14
907.36000,3.6530676e-12,3.8147016e-14
907.37000,3.6501692e-12,3.7767112e-14
907.38000,3.6499068e-12,3.6984805e-14
907.39000,3.6514766e-12,3.6081406e-14
907.40000,3.6543923e-12,3.5259919e-14
907.41000,3.6574413e-12,3.4602054e-14
907.42000,3.6602313e-12,3.4162169e-14
907.43000,3.6625981e-12,3.3910016e-14
907.44000,3.6646189e-12,3.3757958e-14
907.45000,3.6661130e-12,3.3688755e-14
907.46000,3.6672338e-12,3.3648602e-14
907.47000,3.6679669e-12,3.3627465e-14
907.48000,3.6684794e-12,3.3614719e-14
907.49000,3.6689734e-12,3.3604444e-14
907.50000,3.6696157e-12,3.3595118e-14
907.51000,3.6704288e-12,3.3586319e-14
907.52000,3.6714412e-12,3.3579341e-14
907.53000,3.6724855e-12,3.3575771e-14
907.54000,3.6732558e-12,3.3574551e-14
907.55000,3.6729242e-12,3.3573289e-14
907.56000,3.6713134e-12,3.3568754e-14
907.57000,3.6678547e-12,3.3557518e-14
907.58000,3.6628203e-12,3.3539116e-14
907.59000,3.6573474e-12,3.3517835e-14
907.60000,3.6527268e-12,3.3498649e-14
907.61000,3.6494020e-12,3.3484315e-14
907.62000,3.6476271e-12,3.3476588e-14
907.63000,3.6464064e-12,3.3472532e-14
907.64000,3.6446093e-12,3.3467815e-14
907.65000,3.6409223e-12,3.3458180e-14
907.66000,3.6357393e-12,3.3444345e-14
907.67000,3.6291204e-12,3.3426783e-14
907.68000,3.6218677e-12,3.3408726e-14
907.69000,3.6146438e-12,3.3392672e-14
907.70000,3.6079952e-12,3.3382559e-14
907.71000,3.6019548e-12,3.3378087e-14
907.72000,3.5967287e-12,3.3381478e-14
907.73000,3.5921920e-12,3.3393964e-14
907.74000,3.5879243e-12,3.3415625e-14
907.75000,3.5834934e-12,3.3461401e-14
907.76000,3.5786833e-12,3.3538382e-14
907.77000,3.5734672e-12,3.3679523e-14
907.78000,3.5684830e-12,3.3925378e-14
907.79000,3.5643504e-12,3.4273506e-14
907.80000,3.5623344e-12,3.4766766e-14
907.81000,3.5619573e-12,3.5330174e-14
907.82000,3.5632196e-12,3.5926346e-14
907.83000,3.5651700e-12,3.6491887e-14
907.84000,3.5670142e-12,3.7015632e-14
907.85000,3.5681228e-12,3.7505580e-14
907.86000,3.5687392e-12,3.8014151e-14
907.87000,3.5692370e-12,3.8591617e-14
907.88000,3.5707315e-12,3.9237020e-14
907.89000,3.5740166e-12,3.9868604e-14
907.90000,3.5816079e-12,4.0255851e-14
907.91000,3.5926368e-12,4.0315509e-14
907.92000,3.6071301e-12,3.9872126e-14
907.93000,3.6224795e-12,3.9019966e-14
907.94000,3.6366416e-12,3.8014696e-14
907.95000,3.6470456e-12,3.7099186e-14
907.96000,3.6543562e-12,3.6393319e-14
907.97000,3.6578112e-12,3.5993299e-14
907.98000,3.6577004e-12,3.5853243e-14
907.99000,3.6548778e-12,3.5887103e-14
908.00000,3.6479581e-12,3.6178789e-14
908.01000,3.6378767e-12,3.6679260e-14
908.02000,3.6233661e-12,3.7474574e-14
908.03000,3.6055373e-12,3.8489682e-14
908.04000,3.5874372e-12,3.9536745e-14
908.05000,3.5751912e-12,4.0265145e-14
908.06000,3.5708446e-12,4.0543508e-14
908.07000,3.5777919e-12,4.0157018e-14
908.08000,3.5926628e-12,3.9281023e-14
908.09000,3.6104277e-12,3.8216094e-14
908.10000,3.6272044e-12,3.7210174e-14
908.11000,3.6411223e-12,3.6392654e-14
908.12000,3.6507765e-12,3.5849583e-14
908.13000,3.6567056e-12,3.5519533e-14
908.14000,3.6600963e-12,3.5314798e-14
908.15000,3.6607907e-12,3.5224498e-14
908.16000,3.6602820e-12,3.5182942e-14
908.17000,3.6590416e-12,3.5183445e-14
908.18000,3.6579275e-12,3.5212553e-14
908.19000,3.6573679e-12,3.5261512e-14
908.20000,3.6581043e-12,3.5335400e-14
908.21000,3.6598515e-12,3.5425138e-14
908.22000,3.6625421e-12,3.5532562e-14
908.23000,3.6653635e-12,3.5652357e-14
908.24000,3.6677299e-12,3.5778669e-14
908.25000,3.6687573e-12,3.5907540e-14
908.26000,3.6686858e-12,3.6034611e-14
908.27000,3.6676458e-12,3.6158884e-14
908.28000,3.6665105e-12,3.6284733e-14
908.29000,3.6657626e-12,3.6416234e-14
908.30000,3.6658741e-12,3.6562038e-14
908.31000,3.6664539e-12,3.6720283e-14
908.32000,3.6670794e-12,3.6892480e-14
908.33000,3.6673231e-12,3.7072400e-14
908.34000,3.6672393e-12,3.7254934e-14
908.35000,3.6670638e-12,3.7434469e-14
908.36000,3.6671657e-12,3.7607428e-14
908.37000,3.6678310e-12,3.7768243e-14
908.38000,3.6688233e-12,3.7918965e-14
908.39000,3.6698128e-12,3.8065909e-14
908.40000,3.6702727e-12,3.8223985e-14
908.41000,3.6700219e-12,3.8406586e-14
908.42000,3.6686795e-12,3.8641751e-14
908.43000,3.6665293e-12,3.8927287e-14
908.44000,3.6637019e-12,3.9270018e-14
908.45000,3.6609161e-12,3.9627644e-14
908.46000,3.6588261e-12,3.9962975e-14
908.47000,3.6582465e-12,4.0214606e-14
908.48000,3.6589402e-12,4.0378174e-14
908.49000,3.6607603e-12,4.0440624e-14
908.50000,3.6626514e-12,4.0476860e-14
908.51000,3.6638726e-12,4.0549231e-14
908.52000,3.6635825e-12,4.0766311e-14
908.53000,3.6618186e-12,4.1168855e-14
908.54000,3.6579811e-12,4.1927029e-14
908.55000,3.6529578e-12,4.2990998e-14
908.56000,3.6470836e-12,4.4461057e-14
908.57000,3.6415433e-12,4.6351784e-14
908.58000,3.6373209e-12,4.8509490e-14
908.59000,3.6363521e-12,5.0836112e-14
908.60000,3.6380965e-12,5.3043367e-14
908.61000,3.6427968e-12,5.4746549e-14
908.62000,3.6492500e-12,5.5390837e-14
908.63000,3.6559253e-12,5.4960751e-14
908.64000,3.6607359e-12,5.3073762e-14
908.65000,3.6625578e-12,5.0528453e-14
908.66000,3.6591258e-12,4.7712978e-14
908.67000,3.6498263e-12,4.5214769e-14
908.68000,3.6367818e-12,4.3167206e-14
908.69000,3.6206362e-12,4.1800781e-14
908.70000,3.6039377e-12,4.0810591e-14
908.71000,3.5877819e-12,4.0157977e-14
908.72000,3.5732434e-12,3.9706950e-14
908.73000,3.5604788e-12,3.9354802e-14
908.74000,3.5509183e-12,3.9088780e-14
908.75000,3.5437133e-12,3.8856538e-14
908.76000,3.5394053e-12,3.8653067e-14
908.77000,3.5375337e-12,3.8468057e-14
908.78000,3.5372032e-12,3.8293532e-14
908.79000,3.5384187e-12,3.8128177e-14
908.80000,3.5402418e-12,3.7965203e-14
908.81000,3.5423782e-12,3.7802249e-14
908.82000,3.5443070e-12,3.7640681e-14
908.83000,3.5457363e-12,3.7486290e-14
908.84000,3.5459016e-12,3.7364327e-14
908.85000,3.5449096e-12,3.7286320e-14
908.86000,3.5424537e-12,3.7292904e-14
908.87000,3.5392756e-12,3.7399805e-14
908.88000,3.5364128e-12,3.7582959e-14
908.89000,3.5360786e-12,3.7822526e-14
908.90000,3.5389695e-12,3.8044406e-14
908.91000,3.5469959e-12,3.8172767e-14
908.92000,3.5594111e-12,3.8176908e-14
908.93000,3.5742666e-12,3.8083965e-14
908.94000,3.5899003e-12,3.7886414e-14
908.95000,3.6044075e-12,3.7635629e-14
908.96000,3.6163928e-12,3.7326236e-14
908.97000,3.6258604e-12,3.6966472e-14
908.98000,3.6332929e-12,3.6574202e-14
908.99000,3.6380413e-12,3.6172170e-14
909.00000,3.6410231e-12,3.5794808e-14
909.01000,3.6422211e-12,3.5480975e-14
909.02000,3.6425493e-12,3.5226562e-14
909.03000,3.6424650e-12,3.5044829e-14
909.04000,3.6425567e-12,3.4903554e-14
909.05000,3.6431264e-12,3.4798044e-14
909.06000,3.6442461e-12,3.4717560e-14
909.07000,3.6455842e-12,3.4649821e-14
909.08000,3.6468438e-12,3.4597992e-14
909.09000,3.6478530e-12,3.4562999e-14
909.10000,3.6485017e-12,3.4563692e-14
909.11000,3.6487165e-12,3.4640713e-14
909.12000,3.6484041e-12,3.4810507e-14
909.13000,3.6467911e-12,3.5146052e-14
909.14000,3.6439543e-12,3.5595850e-14
909.15000,3.6397793e-12,3.6134705e-14
909.16000,3.6354656e-12,3.6622290e-14
909.17000,3.6323434e-12,3.6944857e-14
909.18000,3.6323344e-12,3.6898214e-14
909.19000,3.6346418e-12,3.6582781e-14
909.20000,3.6390414e-12,3.6023989e-14
909.21000,3.6440770e-12,3.5403065e-14
909.22000,3.6486881e-12,3.4851218e-14
909.23000,3.6517299e-12,3.4518049e-14
909.24000,3.6533656e-12,3.4372964e-14
909.25000,3.6530436e-12,3.4473069e-14
909.26000,3.6503227e-12,3.4806985e-14
909.27000,3.6453485e-12,3.5294432e-14
909.28000,3.6370530e-12,3.5884559e-14
909.29000,3.6271600e-12,3.6418149e-14
909.30000,3.6166653e-12,3.6715140e-14
909.31000,3.6070776e-12,3.6647732e-14
909.32000,3.5985704e-12,3.6286527e-14
909.33000,3.5911970e-12,3.5638048e-14
909.34000,3.5840406e-12,3.4932480e-14
909.35000,3.5766986e-12,3.4304820e-14
909.36000,3.5691845e-12,3.3844128e-14
909.37000,3.5617786e-12,3.3532330e-14
909.38000,3.5550865e-12,3.3418252e-14
909.39000,3.5492717e-12,3.3425109e-14
909.40000,3.5449038e-12,3.3566791e-14
909.41000,3.5420031e-12,3.3811601e-14
909.42000,3.5402272e-12,3.4118945e-14
909.43000,3.5395711e-12,3.4449417e-14
909.44000,3.5391515e-12,3.4733438e-14
909.45000,3.5378970e-12,3.4867188e-14
909.46000,3.5343730e-12,3.4799402e-14
909.47000,3.5278577e-12,3.4554752e-14
909.48000,3.5157204e-12,3.4115463e-14
909.49000,3.4991537e-12,3.3603941e-14
909.50000,3.4787196e-12,3.3105753e-14
909.51000,3.4582711e-12,3.2679264e-14
909.52000,3.4434335e-12,3.2390182e-14
909.53000,3.4365603e-12,3.2206025e-14
909.54000,3.4420237e-12,3.2139842e-14
909.55000,3.4615846e-12,3.2178747e-14
909.56000,3.4900377e-12,3.2277380e-14
909.57000,3.5254004e-12,3.2423543e-14
909.58000,3.5612825e-12,3.2578096e-14
909.59000,3.5940210e-12,3.2722173e-14
909.60000,3.6202105e-12,3.2837012e-14
909.61000,3.6405120e-12,3.2923969e-14
909.62000,3.6529413e-12,3.2973376e-14
909.63000,3.6609550e-12,3.3003025e-14
909.64000,3.6648268e-12,3.3017578e-14
909.65000,3.6660066e-12,3.3028445e-14
909.66000,3.6658674e-12,3.3042367e-14
909.67000,3.6647325e-12,3.3067677e-14
909.68000,3.6634209e-12,3.3104983e-14
909.69000,3.6623188e-12,3.3163583e-14
909.70000,3.6618156e-12,3.3255530e-14
909.71000,3.6618636e-12,3.3385095e-14
909.72000,3.6623381e-12,3.3588592e-14
909.73000,3.6625579e-12,3.3847746e-14
909.74000,3.6617203e-12,3.4159957e-14
909.75000,3.6595471e-12,3.4466547e-14
909.76000,3.6566423e-12,3.4715731e-14
909.77000,3.6538004e-12,3.4801696e-14
909.78000,3.6516530e-12,3.4744676e-14
909.79000,3.6504736e-12,3.4529015e-14
909.80000,3.6497041e-12,3.4243575e-14
909.81000,3.6489488e-12,3.3966488e-14
909.82000,3.6480434e-12,3.3807863e-14
909.83000,3.6470489e-12,3.3798890e-14
909.84000,3.6456544e-12,3.4051362e-14
909.85000,3.6428065e-12,3.4604628e-14
909.86000,3.6376355e-12,3.5437141e-14
909.87000,3.6278895e-12,3.6628953e-14
909.88000,3.6150851e-12,3.7977870e-14
909.89000,3.6019849e-12,3.9226761e-14
909.90000,3.5927062e-12,4.0125427e-14
909.91000,3.5921576e-12,4.0325933e-14
909.92000,3.5974178e-12,4.0052635e-14
909.93000,3.6062293e-12,3.9420353e-14
909.94000,3.6131242e-12,3.8788630e-14
909.95000,3.6163591e-12,3.8335837e-14
909.96000,3.6151533e-12,3.8117712e-14
909.97000,3.6127106e-12,3.7924658e-14
909.98000,3.6110121e-12,3.7575095e-14
909.99000,3.6120543e-12,3.6939730e-14
910.00000,3.6154378e-12,3.6127409e-14
910.01000,3.6209162e-12,3.5257210e-14
910.02000,3.6265392e-12,3.4483019e-14
910.03000,3.6311960e-12,3.3910614e-14
910.04000,3.6343013e-12,3.3548206e-14
910.05000,3.6362760e-12,3.3314687e-14
910.06000,3.6370305e-12,3.3197901e-14
910.07000,3.6372841e-12,3.3118959e-14
910.08000,3.6371764e-12,3.3061229e-14
910.09000,3.6368556e-12,3.3008766e-14
910.10000,3.6363348e-12,3.2956097e-14
910.11000,3.6354399e-12,3.2898256e-14
910.12000,3.6343011e-12,3.2834775e-14
910.13000,3.6330003e-12,3.2765603e-14
910.14000,3.6316851e-12,3.2698996e-14
910.15000,3.6303330e-12,3.2642476e-14
910.16000,3.6287242e-12,3.2613020e-14
910.17000,3.6267920e-12,3.2607960e-14
910.18000,3.6244661e-12,3.2630577e-14
910.19000,3.6220361e-12,3.2664551e-14
910.20000,3.6197333e-12,3.2695577e-14
910.21000,3.6178362e-12,3.2704326e-14
910.22000,3.6162575e-12,3.2690130e-14
910.23000,3.6149499e-12,3.2653451e-14
910.24000,3.6137939e-12,3.2612640e-14
910.25000,3.6129852e-12,3.2587218e-14
910.26000,3.6126131e-12,3.2584560e-14
910.27000,3.6129533e-12,3.2614274e-14
910.28000,3.6141173e-12,3.2672481e-14
910.29000,3.6157787e-12,3.2739182e-14
910.30000,3.6177571e-12,3.2790434e-14
910.31000,3.6196641e-12,3.2813851e-14
910.32000,3.6212307e-12,3.2794941e-14
910.33000,3.6222528e-12,3.2740437e-14
910.34000,3.6228435e-12,3.2673667e-14
910.35000,3.6230101e-12,3.2617509e-14
910.36000,3.6231283e-12,3.2585013e-14
910.37000,3.6235032e-12,3.2595450e-14
910.38000,3.6244270e-12,3.2668528e-14
910.39000,3.6258293e-12,3.2813667e-14
910.40000,3.6277800e-12,3.3131724e-14
910.41000,3.6299714e-12,3.3627121e-14
910.42000,3.6324709e-12,3.4414810e-14
910.43000,3.6354984e-12,3.5492623e-14
910.44000,3.6390518e-12,3.6724233e-14
910.45000,3.6428484e-12,3.7862757e-14
910.46000,3.6460156e-12,3.8655836e-14
910.47000,3.6474007e-12,3.8737301e-14
910.48000,3.6470961e-12,3.8144441e-14
910.49000,3.6459111e-12,3.7162790e-14
910.50000,3.6441217e-12,3.6040083e-14
910.51000,3.6418665e-12,3.5073747e-14
910.52000,3.6385251e-12,3.4459786e-14
910.53000,3.6342533e-12,3.4108610e-14
910.54000,3.6294474e-12,3.3994683e-14
910.55000,3.6250707e-12,3.3961901e-14
910.56000,3.6219711e-12,3.3973570e-14
910.57000,3.6207553e-12,3.4031122e-14
910.58000,3.6208627e-12,3.4158313e-14
910.59000,3.6222484e-12,3.4433469e-14
910.60000,3.6240828e-12,3.4825004e-14
910.61000,3.6260795e-12,3.5336160e-14
910.62000,3.6278542e-12,3.5896050e-14
910.63000,3.6292530e-12,3.6422655e-14
910.64000,3.6298398e-12,3.6778733e-14
910.65000,3.6297668e-12,3.6943892e-14
910.66000,3.6289755e-12,3.6824483e-14
910.67000,3.6279432e-12,3.6445229e-14
910.68000,3.6270693e-12,3.5936955e-14
910.69000,3.6264525e-12,3.5428516e-14
910.70000,3.6255690e-12,3.5047473e-14
910.71000,3.6234313e-12,3.4923163e-14
910.72000,3.6193114e-12,3.5057027e-14
910.73000,3.6136389e-12,3.5343490e-14
910.74000,3.6069795e-12,3.5678806e-14
910.75000,3.6010234e-12,3.5910888e-14
910.76000,3.5977932e-12,3.5873693e-14
910.77000,3.5981386e-12,3.5543252e-14
910.78000,3.6013328e-12,3.5013854e-14
910.79000,3.6073875e-12,3.4353009e-14
910.80000,3.6144345e-12,3.3712857e-14
910.81000,3.6214816e-12,3.3203160e-14
910.82000,3.6277796e-12,3.2824113e-14
910.83000,3.6323610e-12,3.2606957e-14
910.84000,3.6354025e-12,3.2478953e-14
910.85000,3.6365078e-12,3.2431364e-14
910.86000,3.6358214e-12,3.2442550e-14
910.87000,3.6342035e-12,3.2486209e-14
910.88000,3.6320395e-12,3.2559462e-14
910.89000,3.6299335e-12,3.2640368e-14
910.90000,3.6281411e-12,3.2714788e-14
910.91000,3.6267969e-12,3.2762429e-14
910.92000,3.6258620e-12,3.2781268e-14
910.93000,3.6256499e-12,3.2760251e-14
910.94000,3.6259524e-12,3.2721451e-14
910.95000,3.6267270e-12,3.2674146e-14
910.96000,3.6274269e-12,3.2629092e-14
910.97000,3.6275726e-12,3.2585833e-14
910.98000,3.6260198e-12,3.2538014e-14
910.99000,3.6227349e-12,3.2482551e-14
911.00000,3.6167459e-12,3.2418485e-14
911.01000,3.6080762e-12,3.2355815e-14
911.02000,3.5975296e-12,3.2302463e-14
911.03000,3.5855189e-12,3.2270592e-14
911.04000,3.5735825e-12,3.2253057e-14
911.05000,3.5631066e-12,3.2241692e-14
911.06000,3.5545047e-12,3.2222630e-14
911.07000,3.5484921e-12,3.2184843e-14
911.08000,3.5440194e-12,3.2135433e-14
911.09000,3.5408456e-12,3.2081078e-14
911.10000,3.5383560e-12,3.2036616e-14
911.11000,3.5360649e-12,3.2006955e-14
911.12000,3.5339717e-12,3.2000058e-14
911.13000,3.5321321e-12,3.2007152e-14
911.14000,3.5308005e-12,3.2026940e-14
911.15000,3.5300844e-12,3.2052674e-14
911.16000,3.5296351e-12,3.2078626e-14
911.17000,3.5287618e-12,3.2102966e-14
911.18000,3.5269315e-12,3.2128574e-14
911.19000,3.5234282e-12,3.2161134e-14
911.20000,3.5187153e-12,3.2203832e-14
911.21000,3.5142053e-12,3.2251367e-14
911.22000,3.5127912e-12,3.2292717e-14
911.23000,3.5151973e-12,3.2319615e-14
911.24000,3.5231835e-12,3.2320372e-14
911.25000,3.5353046e-12,3.2297317e-14
911.26000,3.5490856e-12,3.2261866e-14
911.27000,3.5621588e-12,3.2225700e-14
911.28000,3.5730590e-12,3.2200599e-14
911.29000,3.5804406e-12,3.2197834e-14
911.30000,3.5851255e-12,3.2214352e-14
911.31000,3.5882678e-12,3.2241813e-14
911.32000,3.5903263e-12,3.2274202e-14
911.33000,3.5920387e-12,3.2304254e-14
911.34000,3.5933348e-12,3.2328347e-14
911.35000,3.5941930e-12,3.2347207e-14
911.36000,3.5945511e-12,3.2357065e-14
911.37000,3.5948549e-12,3.2358877e-14
911.38000,3.5955002e-12,3.2350276e-14
911.39000,3.5967665e-12,3.2335762e-14
911.40000,3.5983624e-12,3.2324555e-14
911.41000,3.5998660e-12,3.2334290e-14
911.42000,3.6009315e-12,3.2369301e-14
911.43000,3.6012332e-12,3.2446529e-14
911.44000,3.6007035e-12,3.2576510e-14
911.45000,3.5994814e-12,3.2750713e-14
911.46000,3.5971695e-12,3.2974095e-14
911.47000,3.5942200e-12,3.3203180e-14
911.48000,3.5910744e-12,3.3384173e-14
911.49000,3.5888711e-12,3.3457334e-14
911.50000,3.5880623e-12,3.3423520e-14
911.51000,3.5894802e-12,3.3259167e-14
911.52000,3.5920739e-12,3.3046143e-14
911.53000,3.5950971e-12,3.2841375e-14
911.54000,3.5975521e-12,3.2687487e-14
911.55000,3.5984042e-12,3.2624959e-14
911.56000,3.5977495e-12,3.2631072e-14
911.57000,3.5952432e-12,3.2714809e-14
911.58000,3.5911783e-12,3.2872778e-14
911.59000,3.5866131e-12,3.3072698e-14
911.60000,3.5824876e-12,3.3291175e-14
911.61000,3.5792707e-12,3.3487250e-14
911.62000,3.5773747e-12,3.3622096e-14
911.63000,3.5766121e-12,3.3674719e-14
911.64000,3.5763877e-12,3.3674915e-14
911.65000,3.5763798e-12,3.3649991e-14
911.66000,3.5761729e-12,3.3654843e-14
911.67000,3.5753422e-12,3.3755790e-14
911.68000,3.5733766e-12,3.4013631e-14
911.69000,3.5702841e-12,3.4414315e-14
911.70000,3.5661180e-12,3.4976502e-14
911.71000,3.5623628e-12,3.5564649e-14
911.72000,3.5611387e-12,3.6028918e-14
911.73000,3.5634250e-12,3.6241484e-14
911.74000,3.5679720e-12,3.6241207e-14
911.75000,3.5730480e-12,3.6103919e-14
911.76000,3.5764902e-12,3.6068777e-14
911.77000,3.5764992e-12,3.6448556e-14
911.78000,3.5739640e-12,3.7275052e-14
911.79000,3.5694344e-12,3.8586248e-14
911.80000,3.5651610e-12,3.9968672e-14
911.81000,3.5634234e-12,4.1021314e-14
911.82000,3.5670354e-12,4.1204484e-14
911.83000,3.5748882e-12,4.0596836e-14
911.84000,3.5856620e-12,3.9136823e-14
911.85000,3.5955040e-12,3.7435542e-14
911.86000,3.6018716e-12,3.5809387e-14
911.87000,3.6042671e-12,3.4540688e-14
911.88000,3.6045032e-12,3.3592310e-14
911.89000,3.6034907e-12,3.3045081e-14
911.90000,3.6025670e-12,3.2691570e-14
911.91000,3.6020988e-12,3.2501615e-14
911.92000,3.6020183e-12,3.2397600e-14
911.93000,3.6021716e-12,3.2334493e-14
911.94000,3.6025848e-12,3.2303245e-14
911.95000,3.6031138e-12,3.2284929e-14
911.96000,3.6036017e-12,3.2279215e-14
911.97000,3.6038179e-12,3.2282246e-14
911.98000,3.6037258e-12,3.2289287e-14
911.99000,3.6032719e-12,3.2292806e-14
912.00000,3.6027127e-12,3.2285942e-14
912.01000,3.6022591e-12,3.2259642e-14
912.02000,3.6019730e-12,3.2218398e-14
912.03000,3.6018848e-12,3.2163854e-14
912.04000,3.6018777e-12,3.2107682e-14
912.05000,3.6019503e-12,3.2057298e-14
912.06000,3.6021733e-12,3.2019338e-14
912.07000,3.6025696e-12,3.1991904e-14
912.08000,3.6031656e-12,3.1976743e-14
912.09000,3.6037253e-12,3.1966292e-14
912.10000,3.6038875e-12,3.1957699e-14
912.11000,3.6032548e-12,3.1947661e-14
912.12000,3.6019014e-12,3.1935688e-14
912.13000,3.5998623e-12,3.1921153e-14
912.14000,3.5978507e-12,3.1905596e-14
912.15000,3.5965991e-12,3.1890452e-14
912.16000,3.5964763e-12,3.1878421e-14
912.17000,3.5972143e-12,3.1871028e-14
912.18000,3.5985915e-12,3.1872818e-14
912.19000,3.5998942e-12,3.1881881e-14
912.20000,3.6005201e-12,3.1897396e-14
912.21000,3.6004046e-12,3.1913655e-14
912.22000,3.5992820e-12,3.1924261e-14
912.23000,3.5975810e-12,3.1927514e-14
912.24000,3.5953538e-12,3.1921668e-14
912.25000,3.5927828e-12,3.1912708e-14
912.26000,3.5900151e-12,3.1909637e-14
912.27000,3.5868063e-12,3.1930954e-14
912.28000,3.5829655e-12,3.1978239e-14
912.29000,3.5776587e-12,3.2063393e-14
912.30000,3.5701148e-12,3.2183041e-14
912.31000,3.5607193e-12,3.2323079e-14
912.32000,3.5499784e-12,3.2476189e-14
912.33000,3.5401138e-12,3.2625709e-14
912.34000,3.5342015e-12,3.2755294e-14
912.35000,3.5340918e-12,3.2853045e-14
912.36000,3.5387837e-12,3.2920677e-14
912.37000,3.5480477e-12,3.2948674e-14
912.38000,3.5582554e-12,3.2953867e-14
912.39000,3.5670366e-12,3.2934553e-14
912.40000,3.5739198e-12,3.2892039e-14
912.41000,3.5786562e-12,3.2804058e-14
912.42000,3.5824881e-12,3.2678465e-14
912.43000,3.5856114e-12,3.2512924e-14
912.44000,3.5879917e-12,3.2331555e-14
912.45000,3.5896947e-12,3.2160518e-14
912.46000,3.5905241e-12,3.2030543e-14
912.47000,3.5910024e-12,3.1936263e-14
912.48000,3.5913803e-12,3.1882784e-14
912.49000,3.5919435e-12,3.1856750e-14
912.50000,3.5927082e-12,3.1844136e-14
912.51000,3.5936958e-12,3.1842738e-14
912.52000,3.5947409e-12,3.1846975e-14
912.53000,3.5957432e-12,3.1859410e-14
912.54000,3.5966496e-12,3.1880982e-14
912.55000,3.5974997e-12,3.1910082e-14
912.56000,3.5983558e-12,3.1946883e-14
912.57000,3.5992589e-12,3.1985174e-14
912.58000,3.6001554e-12,3.2017873e-14
912.59000,3.6009083e-12,3.2041487e-14
912.60000,3.6012642e-12,3.2051301e-14
912.61000,3.6012861e-12,3.2054355e-14
912.62000,3.6009880e-12,3.2055881e-14
912.63000,3.6005754e-12,3.2068748e-14
912.64000,3.6001263e-12,3.2101899e-14
912.65000,3.5992722e-12,3.2188598e-14
912.66000,3.5976830e-12,3.2328205e-14
912.67000,3.5946320e-12,3.2544452e-14
912.68000,3.5901396e-12,3.2819483e-14
912.69000,3.5851532e-12,3.3109163e-14
912.70000,3.5813670e-12,3.3350627e-14
912.71000,3.5797148e-12,3.3521588e-14
912.72000,3.5814271e-12,3.3605102e-14
912.73000,3.5855044e-12,3.3669118e-14
912.74000,3.5905913e-12,3.3771770e-14
912.75000,3.5957130e-12,3.3984474e-14
912.76000,3.6002133e-12,3.4269735e-14
912.77000,3.6034981e-12,3.4543269e-14
912.78000,3.6055038e-12,3.4702989e-14
912.79000,3.6052646e-12,3.4606995e-14
912.80000,3.6034299e-12,3.4329549e-14
912.81000,3.6001511e-12,3.3905830e-14
912.82000,3.5965268e-12,3.3479471e-14
912.83000,3.5932920e-12,3.3132885e-14
912.84000,3.5910235e-12,3.2970473e-14
912.85000,3.5891888e-12,3.2946489e-14
912.86000,3.5869487e-12,3.3097064e-14
912.87000,3.5827221e-12,3.3407080e-14
912.88000,3.5762047e-12,3.3826823e-14
912.89000,3.5671249e-12,3.4331759e-14
912.90000,3.5579686e-12,3.4823980e-14
912.91000,3.5515509e-12,3.5215135e-14
912.92000,3.5485703e-12,3.5516335e-14
912.93000,3.5491084e-12,3.5821334e-14
912.94000,3.5504751e-12,3.6265305e-14
912.95000,3.5510867e-12,3.6994716e-14
912.96000,3.5496255e-12,3.8008562e-14
912.97000,3.5467906e-12,3.9034927e-14
912.98000,3.5437901e-12,3.9613989e-14
912.99000,3.5424114e-12,3.9617113e-14
913.00000,3.5446843e-12,3.8840971e-14
913.01000,3.5507142e-12,3.7529985e-14
913.02000,3.5582399e-12,3.6074352e-14
913.03000,3.5649801e-12,3.4779743e-14
913.04000,3.5698454e-12,3.3737456e-14
913.05000,3.5721355e-12,3.3033779e-14
913.06000,3.5725340e-12,3.2579607e-14
913.07000,3.5717082e-12,3.2270614e-14
913.08000,3.5694100e-12,3.2093451e-14
913.09000,3.5662178e-12,3.1978625e-14
913.10000,3.5623064e-12,3.1934901e-14
913.11000,3.5583157e-12,3.1954938e-14
913.12000,3.5546965e-12,3.2082330e-14
913.13000,3.5514347e-12,3.2291419e-14
913.14000,3.5484398e-12,3.2583774e-14
913.15000,3.5455922e-12,3.2895066e-14
913.16000,3.5431578e-12,3.3151750e-14
913.17000,3.5423563e-12,3.3231719e-14
913.18000,3.5432348e-12,3.3157830e-14
913.19000,3.5460498e-12,3.2911607e-14
913.20000,3.5493438e-12,3.2577084e-14
913.21000,3.5517604e-12,3.2232831e-14
913.22000,3.5512588e-12,3.1944825e-14
913.23000,3.5481154e-12,3.1718718e-14
913.24000,3.5416374e-12,3.1567762e-14
913.25000,3.5328637e-12,3.1467805e-14
913.26000,3.5230589e-12,3.1400952e-14
913.27000,3.5138312e-12,3.1378879e-14
913.28000,3.5067205e-12,3.1400207e-14
913.29000,3.5039374e-12,3.1503062e-14
913.30000,3.5048711e-12,3.1692915e-14
913.31000,3.5098816e-12,3.2028762e-14
913.32000,3.5162089e-12,3.2462822e-14
913.33000,3.5224628e-12,3.2981369e-14
913.34000,3.5275806e-12,3.3494225e-14
913.35000,3.5320923e-12,3.3934521e-14
913.36000,3.5368395e-12,3.4195219e-14
913.37000,3.5421742e-12,3.4324030e-14
913.38000,3.5477653e-12,3.4320220e-14
913.39000,3.5525348e-12,3.4244258e-14
913.40000,3.5562379e-12,3.4130095e-14
913.41000,3.5585973e-12,3.3968592e-14
913.42000,3.5604208e-12,3.3771578e-14
913.43000,3.5620491e-12,3.3540020e-14
913.44000,3.5636424e-12,3.3308722e-14
913.45000,3.5649091e-12,3.3138789e-14
913.46000,3.5655406e-12,3.3066324e-14
913.47000,3.5648061e-12,3.3177941e-14
913.48000,3.5618228e-12,3.3566367e-14
913.49000,3.5567425e-12,3.4195743e-14
913.50000,3.5488430e-12,3.5124996e-14
913.51000,3.5399765e-12,3.6162676e-14
913.52000,3.5320058e-12,3.7189450e-14
913.53000,3.5271937e-12,3.8082110e-14
913.54000,3.5249450e-12,3.8865372e-14
913.55000,3.5238516e-12,3.9575133e-14
913.56000,3.5216105e-12,4.0280030e-14
913.57000,3.5179512e-12,4.0912073e-14
913.58000,3.5153646e-12,4.1333687e-14
913.59000,3.5167082e-12,4.1290453e-14
913.60000,3.5208331e-12,4.0872650e-14
913.61000,3.5264510e-12,4.0074260e-14
913.62000,3.5311374e-12,3.9033182e-14
913.63000,3.5347434e-12,3.7895546e-14
913.64000,3.5379532e-12,3.6694581e-14
913.65000,3.5417706e-12,3.5498049e-14
913.66000,3.5466683e-12,3.4380184e-14
913.67000,3.5520709e-12,3.3440098e-14
913.68000,3.5571734e-12,3.2680290e-14
913.69000,3.5608320e-12,3.2184557e-14
913.70000,3.5631186e-12,3.1841014e-14
913.71000,3.5637472e-12,3.1638254e-14
913.72000,3.5633940e-12,3.1513284e-14
913.73000,3.5626860e-12,3.1429804e-14
913.74000,3.5621089e-12,3.1381759e-14
913.75000,3.5618963e-12,3.1350010e-14
913.76000,3.5620891e-12,3.1330505e-14
913.77000,3.5623694e-12,3.1315338e-14
913.78000,3.5624330e-12,3.1301438e-14
913.79000,3.5622252e-12,3.1286970e-14
913.80000,3.5617576e-12,3.1272427e-14
913.81000,3.5613135e-12,3.1259647e-14
913.82000,3.5610955e-12,3.1249585e-14
913.83000,3.5614320e-12,3.1246374e-14
913.84000,3.5621873e-12,3.1249971e-14
913.85000,3.5633499e-12,3.1264383e-14
913.86000,3.5645605e-12,3.1289980e-14
913.87000,3.5655407e-12,3.1324508e-14
913.88000,3.5658852e-12,3.1368896e-14
913.89000,3.5657397e-12,3.1416010e-14
913.90000,3.5652672e-12,3.1458221e-14
913.91000,3.5648220e-12,3.1493839e-14
913.92000,3.5645005e-12,3.1530444e-14
913.93000,3.5641190e-12,3.1581192e-14
913.94000,3.5634308e-12,3.1661834e-14
913.95000,3.5624709e-12,3.1767509e-14
913.96000,3.5616256e-12,3.1871449e-14
913.97000,3.5615200e-12,3.1931032e-14
913.98000,3.5620362e-12,3.1945079e-14
913.99000,3.5630234e-12,3.1912851e-14
914.00000,3.5638819e-12,3.1872539e-14
914.01000,3.5643919e-12,3.1843937e-14
914.02000,3.5644081e-12,3.1828891e-14
914.03000,3.5642824e-12,3.1802732e-14
914.04000,3.5643672e-12,3.1730080e-14
914.05000,3.5647964e-12,3.1615847e-14
914.06000,3.5655838e-12,3.1474693e-14
914.07000,3.5663663e-12,3.1347393e-14
914.08000,3.5667832e-12,3.1267696e-14
914.09000,3.5664412e-12,3.1250469e-14
914.10000,3.5654371e-12,3.1268125e-14
914.11000,3.5636734e-12,3.1296444e-14
914.12000,3.5616982e-12,3.1306099e-14
914.13000,3.5598969e-12,3.1279197e-14
914.14000,3.5586975e-12,3.1228946e-14
914.15000,3.5581235e-12,3.1179622e-14
914.16000,3.5584463e-12,3.1164165e-14
914.17000,3.5593035e-12,3.1186360e-14
914.18000,3.5606329e-12,3.1252663e-14
914.19000,3.5621441e-12,3.1339266e-14
914.20000,3.5636927e-12,3.1438986e-14
914.21000,3.5651386e-12,3.1547410e-14
914.22000,3.5663281e-12,3.1676913e-14
914.23000,3.5670874e-12,3.1842838e-14
914.24000,3.5675070e-12,3.2035187e-14
914.25000,3.5676773e-12,3.2238086e-14
914.26000,3.5679198e-12,3.2420204e-14
914.27000,3.5684145e-12,3.2546791e-14
914.28000,3.5689733e-12,3.2609822e-14
914.29000,3.5692562e-12,3.2635282e-14
914.30000,3.5685986e-12,3.2647374e-14
914.31000,3.5671017e-12,3.2676519e-14
914.32000,3.5648514e-12,3.2737637e-14
914.33000,3.5625905e-12,3.2809867e-14
914.34000,3.5611136e-12,3.2864090e-14
914.35000,3.5605784e-12,3.2886726e-14
914.36000,3.5613018e-12,3.2863635e-14
914.37000,3.5631404e-12,3.2795135e-14
914.38000,3.5655244e-12,3.2695314e-14
914.39000,3.5680495e-12,3.2552996e-14
914.40000,3.5701798e-12,3.2385039e-14
914.41000,3.5712821e-12,3.2191850e-14
914.42000,3.5710300e-12,3.1987287e-14
914.43000,3.5697407e-12,3.1782477e-14
914.44000,3.5674762e-12,3.1590396e-14
914.45000,3.5650085e-12,3.1415070e-14
914.46000,3.5628090e-12,3.1268634e-14
914.47000,3.5610119e-12,3.1147637e-14
914.48000,3.5596725e-12,3.1061581e-14
914.49000,3.5584741e-12,3.1000281e-14
914.50000,3.5572087e-12,3.0971284e-14
914.51000,3.5556074e-12,3.0981689e-14
914.52000,3.5536695e-12,3.1023675e-14
914.53000,3.5513476e-12,3.1101142e-14
914.54000,3.5489825e-12,3.1186687e-14
914.55000,3.5469694e-12,3.1257195e-14
914.56000,3.5458007e-12,3.1288110e-14
914.57000,3.5455214e-12,3.1280735e-14
914.58000,3.5464813e-12,3.1227253e-14
914.59000,3.5480452e-12,3.1156460e-14
914.60000,3.5497434e-12,3.1089602e-14
914.61000,3.5510521e-12,3.1042078e-14
914.62000,3.5515219e-12,3.1026014e-14
914.63000,3.5514467e-12,3.1024888e-14
914.64000,3.5509752e-12,3.1025396e-14
914.65000,3.5504084e-12,3.1006595e-14
914.66000,3.5497774e-12,3.0968847e-14
914.67000,3.5487706e-12,3.0918738e-14
914.68000,3.5473206e-12,3.0878412e-14
914.69000,3.5452864e-12,3.0868859e-14
914.70000,3.5429123e-12,3.0890546e-14
914.71000,3.5404096e-12,3.0925849e-14
914.72000,3.5377834e-12,3.0956612e-14
914.73000,3.5350408e-12,3.0974194e-14
914.74000,3.5322532e-12,3.0983221e-14
914.75000,3.5297210e-12,3.1001104e-14
914.76000,3.5280733e-12,3.1044255e-14
914.77000,3.5273239e-12,3.1102260e-14
914.78000,3.5277612e-12,3.1161831e-14
914.79000,3.5292688e-12,3.1196200e-14
914.80000,3.5314048e-12,3.1199300e-14
914.81000,3.5340478e-12,3.1153926e-14
914.82000,3.5367124e-12,3.1083542e-14
914.83000,3.5390466e-12,3.1000039e-14
914.84000,3.5408481e-12,3.0931093e-14
914.85000,3.5422317e-12,3.0891554e-14
914.86000,3.5431618e-12,3.0921468e-14
914.87000,3.5438230e-12,3.1021562e-14
914.88000,3.5440871e-12,3.1232818e-14
914.89000,3.5440199e-12,3.1534893e-14
914.90000,3.5437086e-12,3.1932455e-14
914.91000,3.5435815e-12,3.2343208e-14
914.92000,3.5442881e-12,3.2683563e-14
914.93000,3.5466811e-12,3.2851335e-14
914.94000,3.5506666e-12,3.2858913e-14
914.95000,3.5563164e-12,3.2678927e-14
914.96000,3.5619676e-12,3.2438164e-14
914.97000,3.5657554e-12,3.2206723e-14
914.98000,3.5663570e-12,3.2034228e-14
914.99000,3.5641303e-12,3.1906642e-14
915.00000,3.5587184e-12,3.1804486e-14
915.01000,3.5520091e-12,3.1692045e-14
915.02000,3.5452428e-12,3.1559606e-14
915.03000,3.5392854e-12,3.1432561e-14
915.04000,3.5350303e-12,3.1370167e-14
915.05000,3.5319410e-12,3.1391804e-14
915.06000,3.5299411e-12,3.1546286e-14
915.07000,3.5284025e-12,3.1826477e-14
915.08000,3.5269183e-12,3.2174725e-14
915.09000,3.5253821e-12,3.2544429e-14
915.10000,3.5239341e-12,3.2877654e-14
915.11000,3.5228485e-12,3.3132428e-14
915.12000,3.5219557e-12,3.3339375e-14
915.13000,3.5203238e-12,3.3555054e-14
915.14000,3.5170387e-12,3.3840163e-14
915.15000,3.5105272e-12,3.4263709e-14
915.16000,3.5000818e-12,3.4850557e-14
915.17000,3.4877451e-12,3.5520811e-14
915.18000,3.4764596e-12,3.6193510e-14
915.19000,3.4686654e-12,3.6790045e-14
915.20000,3.4671798e-12,3.7244026e-14
915.21000,3.4713348e-12,3.7552550e-14
915.22000,3.4784537e-12,3.7733118e-14
915.23000,3.4870280e-12,3.7644434e-14
915.24000,3.4951690e-12,3.7278613e-14
915.25000,3.5018686e-12,3.6491614e-14
915.26000,3.5072218e-12,3.5437273e-14
915.27000,3.5107466e-12,3.4232758e-14
915.28000,3.5131557e-12,3.3096232e-14
915.29000,3.5144938e-12,3.2179673e-14
915.30000,3.5152160e-12,3.1553791e-14
915.31000,3.5158690e-12,3.1129883e-14
915.32000,3.5172459e-12,3.0926158e-14
915.33000,3.5196117e-12,3.0816923e-14
915.34000,3.5234541e-12,3.0780211e-14
915.35000,3.5283095e-12,3.0775026e-14
915.36000,3.5335034e-12,3.0784358e-14
915.37000,3.5383085e-12,3.0813731e-14
915.38000,3.5422418e-12,3.0868955e-14
915.39000,3.5443657e-12,3.0990782e-14
915.40000,3.5445204e-12,3.1204262e-14
915.41000,3.5408801e-12,3.1641361e-14
915.42000,3.5339557e-12,3.2319147e-14
915.43000,3.5225037e-12,3.3414487e-14
915.44000,3.5070333e-12,3.5047351e-14
915.45000,3.4896059e-12,3.7106108e-14
915.46000,3.4726052e-12,3.9541779e-14
915.47000,3.4585597e-12,4.1904466e-14
915.48000,3.4515036e-12,4.3572686e-14
915.49000,3.4516508e-12,4.4241172e-14
915.50000,3.4605528e-12,4.3448255e-14
915.51000,3.4735301e-12,4.1813135e-14
915.52000,3.4882500e-12,3.9595494e-14
915.53000,3.5012465e-12,3.7382495e-14
915.54000,3.5119225e-12,3.5448680e-14
915.55000,3.5192275e-12,3.4079051e-14
915.56000,3.5244321e-12,3.3091113e-14
915.57000,3.5267714e-12,3.2515913e-14
915.58000,3.5257744e-12,3.2218719e-14
915.59000,3.5218336e-12,3.2059026e-14
915.60000,3.5139999e-12,3.1956315e-14
915.61000,3.5041901e-12,3.1813004e-14
915.62000,3.4938028e-12,3.1569478e-14
915.63000,3.4847784e-12,3.1263051e-14
915.64000,3.4797657e-12,3.0936174e-14
915.65000,3.4784927e-12,3.0645369e-14
915.66000,3.4819801e-12,3.0434809e-14
915.67000,3.4894282e-12,3.0315791e-14
915.68000,3.4989621e-12,3.0256433e-14
915.69000,3.5099250e-12,3.0257058e-14
915.70000,3.5209302e-12,3.0280924e-14
915.71000,3.5312070e-12,3.0318508e-14
915.72000,3.5402864e-12,3.0355718e-14
915.73000,3.5482180e-12,3.0387283e-14
915.74000,3.5544443e-12,3.0407487e-14
915.75000,3.5593527e-12,3.0420192e-14
915.76000,3.5625917e-12,3.0428535e-14
915.77000,3.5645120e-12,3.0436246e-14
915.78000,3.5646087e-12,3.0442000e-14
915.79000,3.5636742e-12,3.0443020e-14
915.80000,3.5618939e-12,3.0433108e-14
915.81000,3.5600151e-12,3.0410790e-14
915.82000,3.5585178e-12,3.0382005e-14
915.83000,3.5581080e-12,3.0356323e-14
915.84000,3.5586338e-12,3.0343928e-14
915.85000,3.5601556e-12,3.0365317e-14
915.86000,3.5619551e-12,3.0426716e-14
915.87000,3.5631550e-12,3.0564042e-14
915.88000,3.5632410e-12,3.0768601e-14
915.89000,3.5614709e-12,3.1064417e-14
915.90000,3.5579040e-12,3.1438645e-14
915.91000,3.5535929e-12,3.1837739e-14
915.92000,3.5498599e-12,3.2177968e-14
915.93000,3.5476157e-12,3.2410562e-14
915.94000,3.5478473e-12,3.2456251e-14
915.95000,3.5496381e-12,3.2351061e-14
915.96000,3.5516230e-12,3.2181132e-14
915.97000,3.5521852e-12,3.2038940e-14
915.98000,3.5509649e-12,3.1986792e-14
915.99000,3.5479012e-12,3.2050926e-14
916.00000,3.5442406e-12,3.2151313e-14
916.01000,3.5411018e-12,3.2182747e-14
916.02000,3.5391002e-12,3.2098002e-14
916.03000,3.5390580e-12,3.1845552e-14
916.04000,3.5409942e-12,3.1483214e-14
916.05000,3.5441292e-12,3.1094937e-14
916.06000,3.5479038e-12,3.0757100e-14
916.07000,3.5513537e-12,3.0492109e-14
916.08000,3.5537554e-12,3.0328643e-14
916.09000,3.5552114e-12,3.0231283e-14
916.10000,3.5554671e-12,3.0203705e-14
916.11000,3.5550002e-12,3.0212864e-14
916.12000,3.5537868e-12,3.0259957e-14
916.13000,3.5521170e-12,3.0340247e-14
916.14000,3.5504125e-12,3.0442295e-14
916.15000,3.5493015e-12,3.0564446e-14
916.16000,3.5489776e-12,3.0687344e-14
916.17000,3.5498036e-12,3.0787326e-14
916.18000,3.5512585e-12,3.0837419e-14
916.19000,3.5526745e-12,3.0833282e-14
916.20000,3.5531777e-12,3.0751612e-14
916.21000,3.5526624e-12,3.0625805e-14
916.22000,3.5512258e-12,3.0483360e-14
916.23000,3.5495770e-12,3.0356186e-14
916.24000,3.5482563e-12,3.0282693e-14
916.25000,3.5473584e-12,3.0258560e-14
916.26000,3.5468581e-12,3.0301318e-14
916.27000,3.5462578e-12,3.0402576e-14
916.28000,3.5451809e-12,3.0539919e-14
916.29000,3.5429184e-12,3.0700081e-14
916.30000,3.5396941e-12,3.0851527e-14
916.31000,3.5356888e-12,3.0958531e-14
916.32000,3.5317997e-12,3.1014504e-14
916.33000,3.5291312e-12,3.0993915e-14
916.34000,3.5278036e-12,3.0926395e-14
916.35000,3.5281572e-12,3.0815565e-14
916.36000,3.5296199e-12,3.0683920e-14
916.37000,3.5314356e-12,3.0549448e-14
916.38000,3.5331996e-12,3.0425531e-14
916.39000,3.5347611e-12,3.0313800e-14
916.40000,3.5360411e-12,3.0217392e-14
916.41000,3.5370371e-12,3.0130926e-14
916.42000,3.5374827e-12,3.0056070e-14
916.43000,3.5374517e-12,2.9989734e-14
916.44000,3.5368849e-12,2.9934916e-14
916.45000,3.5360388e-12,2.9892976e-14
916.46000,3.5352441e-12,2.9860347e-14
916.47000,3.5349066e-12,2.9839868e-14
916.48000,3.5350355e-12,2.9826467e-14
916.49000,3.5357411e-12,2.9821114e-14
916.50000,3.5367180e-12,2.9821743e-14
916.51000,3.5376611e-12,2.9825846e-14
916.52000,3.5382021e-12,2.9832267e-14
916.53000,3.5382790e-12,2.9838535e-14
916.54000,3.5376822e-12,2.9842562e-14
916.55000,3.5365331e-12,2.9843876e-14
916.56000,3.5346239e-12,2.9841699e-14
916.57000,3.5323294e-12,2.9839215e-14
916.58000,3.5298765e-12,2.9841900e-14
916.59000,3.5277402e-12,2.9860066e-14
916.60000,3.5260766e-12,2.9898058e-14
916.61000,3.5252538e-12,2.9974057e-14
916.62000,3.5250773e-12,3.0079552e-14
916.63000,3.5258909e-12,3.0218391e-14
916.64000,3.5276408e-12,3.0375140e-14
916.65000,3.5307461e-12,3.0553142e-14
916.66000,3.5345583e-12,3.0753928e-14
916.67000,3.5385685e-12,3.1005619e-14
916.68000,3.5416385e-12,3.1335234e-14
916.69000,3.5434557e-12,3.1716997e-14
916.70000,3.5434927e-12,3.2089574e-14
916.71000,3.5427846e-12,3.2366025e-14
916.72000,3.5417518e-12,3.2408677e-14
916.73000,3.5405721e-12,3.2230227e-14
916.74000,3.5389112e-12,3.1843617e-14
916.75000,3.5368363e-12,3.1414090e-14
916.76000,3.5345151e-12,3.1047308e-14
916.77000,3.5324319e-12,3.0836196e-14
916.78000,3.5306295e-12,3.0741516e-14
916.79000,3.5288849e-12,3.0748590e-14
916.80000,3.5268211e-12,3.0768362e-14
916.81000,3.5240295e-12,3.0761511e-14
916.82000,3.5204815e-12,3.0721060e-14
916.83000,3.5164769e-12,3.0664430e-14
916.84000,3.5125006e-12,3.0599407e-14
916.85000,3.5093223e-12,3.0526939e-14
916.86000,3.5082358e-12,3.0427088e-14
916.87000,3.5091420e-12,3.0295464e-14
916.88000,3.5123596e-12,3.0123640e-14
916.89000,3.5162649e-12,2.9940503e-14
916.90000,3.5198541e-12,2.9769595e-14
916.91000,3.5222148e-12,2.9636866e-14
916.92000,3.5234658e-12,2.9543152e-14
916.93000,3.5233952e-12,2.9508523e-14
916.94000,3.5226767e-12,2.9514440e-14
916.95000,3.5214194e-12,2.9567879e-14
916.96000,3.5198801e-12,2.9649804e-14
916.97000,3.5180444e-12,2.9752326e-14
916.98000,3.5160956e-12,2.9850852e-14
916.99000,3.5141683e-12,2.9923001e-14
917.00000,3.5125195e-12,2.9951828e-14
917.01000,3.5112332e-12,2.9947876e-14
917.02000,3.5105854e-12,2.9916826e-14
917.03000,3.5103686e-12,2.9886820e-14
917.04000,3.5105910e-12,2.9881280e-14
917.05000,3.5110543e-12,2.9904441e-14
917.06000,3.5118280e-12,2.9960676e-14
917.07000,3.5128935e-12,3.0028183e-14
917.08000,3.5144358e-12,3.0092214e-14
917.09000,3.5164585e-12,3.0134989e-14
917.10000,3.5186335e-12,3.0159939e-14
917.11000,3.5203639e-12,3.0179533e-14
917.12000,3.5212870e-12,3.0220805e-14
917.13000,3.5206939e-12,3.0327648e-14
917.14000,3.5186807e-12,3.0509303e-14
917.15000,3.5147374e-12,3.0774154e-14
917.16000,3.5092874e-12,3.1062566e-14
917.17000,3.5018303e-12,3.1323446e-14
917.18000,3.4925483e-12,3.1483724e-14
917.19000,3.4828306e-12,3.1543176e-14
917.20000,3.4750283e-12,3.1456450e-14
917.21000,3.4702370e-12,3.1288050e-14
917.22000,3.4703826e-12,3.1044986e-14
917.23000,3.4745280e-12,3.0776046e-14
917.24000,3.4805172e-12,3.0520599e-14
917.25000,3.4863377e-12,3.0349440e-14
917.26000,3.4902251e-12,3.0294011e-14
917.27000,3.4904856e-12,3.0459221e-14
917.28000,3.4879124e-12,3.0856033e-14
917.29000,3.4823633e-12,3.1688327e-14
917.30000,3.4761722e-12,3.2862711e-14
917.31000,3.4714285e-12,3.4430800e-14
917.32000,3.4706911e-12,3.6118736e-14
917.33000,3.4738486e-12,3.7606799e-14
917.34000,3.4810323e-12,3.8307405e-14
917.35000,3.4888042e-12,3.8210070e-14
917.36000,3.4944785e-12,3.7196206e-14
917.37000,3.4978157e-12,3.5803697e-14
917.38000,3.4985365e-12,3.4409119e-14
917.39000,3.4981188e-12,3.3304255e-14
917.40000,3.4966244e-12,3.2715065e-14
917.41000,3.4939667e-12,3.2629304e-14
917.42000,3.4900647e-12,3.2845963e-14
917.43000,3.4831026e-12,3.3251735e-14
917.44000,3.4725965e-12,3.3599693e-14
917.45000,3.4557808e-12,3.3687933e-14
917.46000,NaN,NaN
917.47000,NaN,NaN
917.48000,NaN,NaN
917.49000,NaN,NaN
917.50000,NaN,NaN
917.51000,NaN,NaN
917.52000,NaN,NaN
917.53000,NaN,NaN
917.54000,NaN,NaN
917.55000,NaN,NaN
917.56000,NaN,NaN
917.57000,NaN,NaN
917.58000,NaN,NaN
917.59000,NaN,NaN
917.60000,NaN,NaN
917.61000,NaN,NaN
917.62000,NaN,NaN
917.63000,NaN,NaN
917.64000,NaN,NaN
917.65000,NaN,NaN
917.66000,NaN,NaN
917.67000,NaN,NaN
917.68000,NaN,NaN
917.69000,NaN,NaN
917.70000,NaN,NaN
917.71000,NaN,NaN
917.72000,NaN,NaN
917.73000,NaN,NaN
917.74000,NaN,NaN
917.75000,NaN,NaN
917.76000,NaN,NaN
917.77000,NaN,NaN
917.78000,NaN,NaN
917.79000,NaN,NaN
917.80000,NaN,NaN
917.81000,NaN,NaN
917.82000,NaN,NaN
917.83000,NaN,NaN
917.84000,NaN,NaN
917.85000,NaN,NaN
917.86000,NaN,NaN
917.87000,NaN,NaN
917.88000,NaN,NaN
917.89000,NaN,NaN
917.90000,NaN,NaN
917.91000,NaN,NaN
917.92000,NaN,NaN
917.93000,NaN,NaN
917.94000,NaN,NaN
917.95000,NaN,NaN
917.96000,NaN,NaN
917.97000,NaN,NaN
917.98000,NaN,NaN
917.99000,NaN,NaN
918.00000,NaN,NaN
918.01000,NaN,NaN
918.02000,NaN,NaN
918.03000,NaN,NaN
918.04000,NaN,NaN
918.05000,NaN,NaN
918.06000,NaN,NaN
918.07000,NaN,NaN
918.08000,NaN,NaN
918.09000,NaN,NaN
918.10000,NaN,NaN
918.11000,NaN,NaN
918.12000,NaN,NaN
918.13000,NaN,NaN
918.14000,NaN,NaN
918.15000,NaN,NaN
918.16000,NaN,NaN
918.17000,NaN,NaN
918.18000,NaN,NaN
918.19000,NaN,NaN
918.20000,NaN,NaN
918.21000,NaN,NaN
918.22000,NaN,NaN
918.23000,NaN,NaN
918.24000,NaN,NaN
918.25000,NaN,NaN
918.26000,NaN,NaN
918.27000,NaN,NaN
918.28000,NaN,NaN
918.29000,NaN,NaN
918.30000,NaN,NaN
918.31000,NaN,NaN
918.32000,NaN,NaN
918.33000,NaN,NaN
918.34000,NaN,NaN
918.35000,NaN,NaN
918.36000,NaN,NaN
918.37000,NaN,NaN
918.38000,NaN,NaN
918.39000,NaN,NaN
918.40000,NaN,NaN
918.41000,NaN,NaN
918.42000,NaN,NaN
918.43000,NaN,NaN
918.44000,NaN,NaN
918.45000,NaN,NaN
918.46000,NaN,NaN
918.47000,NaN,NaN
918.48000,NaN,NaN
918.49000,NaN,NaN
918.50000,NaN,NaN
918.51000,NaN,NaN
918.52000,NaN,NaN
918.53000,NaN,NaN
918.54000,NaN,NaN
918.55000,NaN,NaN
918.56000,NaN,NaN
918.57000,NaN,NaN
918.58000,NaN,NaN
918.59000,NaN,NaN
918.60000,NaN,NaN
918.61000,NaN,NaN
918.62000,NaN,NaN
918.63000,NaN,NaN
918.64000,NaN,NaN
918.65000,NaN,NaN
918.66000,NaN,NaN
918.67000,NaN,NaN
918.68000,NaN,NaN
918.69000,NaN,NaN
918.70000,NaN,NaN
918.71000,NaN,NaN
918.72000,NaN,NaN
918.73000,NaN,NaN
918.74000,NaN,NaN
918.75000,NaN,NaN
918.76000,NaN,NaN
918.77000,NaN,NaN
918.78000,NaN,NaN
918.79000,NaN,NaN
918.80000,NaN,NaN
918.81000,NaN,NaN
918.82000,NaN,NaN
918.83000,NaN,NaN
918.84000,NaN,NaN
918.85000,NaN,NaN
918.86000,NaN,NaN
918.87000,NaN,NaN
918.88000,NaN,NaN
918.89000,NaN,NaN
918.90000,NaN,NaN
918.91000,NaN,NaN
918.92000,NaN,NaN
918.93000,NaN,NaN
918.94000,NaN,NaN
918.95000,NaN,NaN
918.96000,NaN,NaN
918.97000,NaN,NaN
918.98000,NaN,NaN
918.99000,NaN,NaN
919.00000,NaN,NaN
919.01000,NaN,NaN
919.02000,NaN,NaN
919.03000,NaN,NaN
919.04000,NaN,NaN
919.05000,NaN,NaN
919.06000,NaN,NaN
919.07000,NaN,NaN
919.08000,NaN,NaN
919.09000,NaN,NaN
919.10000,NaN,NaN
919.11000,NaN,NaN
919.12000,NaN,NaN
919.13000,NaN,NaN
919.14000,NaN,NaN
919.15000,NaN,NaN
919.16000,NaN,NaN
919.17000,NaN,NaN
919.18000,NaN,NaN
919.19000,NaN,NaN
919.20000,NaN,NaN
919.21000,NaN,NaN
919.22000,NaN,NaN
919.23000,NaN,NaN
919.24000,NaN,NaN
919.25000,NaN,NaN
919.26000,NaN,NaN
919.27000,NaN,NaN
919.28000,NaN,NaN
919.29000,NaN,NaN
919.30000,NaN,NaN
919.31000,NaN,NaN
919.32000,NaN,NaN
919.33000,NaN,NaN
919.34000,NaN,NaN
919.35000,NaN,NaN
919.36000,NaN,NaN
919.37000,NaN,NaN
919.38000,NaN,NaN
919.39000,NaN,NaN
919.40000,NaN,NaN
919.41000,NaN,NaN
919.42000,NaN,NaN
919.43000,NaN,NaN
919.44000,NaN,NaN
919.45000,NaN,NaN
919.46000,NaN,NaN
919.47000,NaN,NaN
919.48000,NaN,NaN
919.49000,NaN,NaN
919.50000,NaN,NaN
919.51000,NaN,NaN
919.52000,NaN,NaN
919.53000,NaN,NaN
919.54000,NaN,NaN
919.55000,NaN,NaN
919.56000,NaN,NaN
919.57000,NaN,NaN
919.58000,NaN,NaN
919.59000,NaN,NaN
919.60000,NaN,NaN
919.61000,NaN,NaN
919.62000,NaN,NaN
919.63000,NaN,NaN
919.64000,NaN,NaN
919.65000,NaN,NaN
919.66000,NaN,NaN
919.67000,NaN,NaN
919.68000,NaN,NaN
919.69000,NaN,NaN
919.70000,NaN,NaN
919.71000,NaN,NaN
919.72000,NaN,NaN
919.73000,NaN,NaN
919.74000,NaN,NaN
919.75000,NaN,NaN
919.76000,NaN,NaN
919.77000,NaN,NaN
919.78000,NaN,NaN
919.79000,NaN,NaN
919.80000,NaN,NaN
919.81000,NaN,NaN
919.82000,NaN,NaN
919.83000,NaN,NaN
919.84000,NaN,NaN
919.85000,NaN,NaN
919.86000,NaN,NaN
919.87000,NaN,NaN
919.88000,NaN,NaN
919.89000,NaN,NaN
919.90000,NaN,NaN
919.91000,NaN,NaN
919.92000,NaN,NaN
919.93000,NaN,NaN
919.94000,NaN,NaN
919.95000,NaN,NaN
919.96000,NaN,NaN
919.97000,3.3980029e-12,3.3037309e-14
919.98000,3.3836607e-12,3.2812045e-14
919.99000,3.3773410e-12,3.2711449e-14
920.00000,3.3753784e-12,3.2676514e-14
920.01000,3.3758353e-12,3.2672241e-14
920.02000,3.3763387e-12,3.2665837e-14
920.03000,3.3753983e-12,3.2641727e-14
920.04000,3.3730542e-12,3.2604564e-14
920.05000,3.3691635e-12,3.2557278e-14
920.06000,3.3646918e-12,3.2510995e-14
920.07000,3.3604061e-12,3.2471198e-14
920.08000,3.3571984e-12,3.2445375e-14
920.09000,3.3551541e-12,3.2430742e-14
920.10000,3.3543973e-12,3.2425687e-14
920.11000,3.3543317e-12,3.2424109e-14
920.12000,3.3547062e-12,3.2422294e-14
920.13000,3.3549897e-12,3.2417703e-14
920.14000,3.3546876e-12,3.2407563e-14
920.15000,3.3535038e-12,3.2391739e-14
920.16000,3.3506902e-12,3.2367458e-14
920.17000,3.3465753e-12,3.2337632e-14
920.18000,3.3410237e-12,3.2303254e-14
920.19000,3.3347375e-12,3.2269220e-14
920.20000,3.3285060e-12,3.2238610e-14
920.21000,3.3231210e-12,3.2215972e-14
920.22000,3.3185694e-12,3.2199643e-14
920.23000,3.3149551e-12,3.2191385e-14
920.24000,3.3117608e-12,3.2188666e-14
920.25000,3.3088384e-12,3.2191933e-14
920.26000,3.3060491e-12,3.2197402e-14
920.27000,3.3036540e-12,3.2203071e-14
920.28000,3.3022065e-12,3.2207422e-14
920.29000,3.3018770e-12,3.2211707e-14
920.30000,3.3032985e-12,3.2219596e-14
920.31000,3.3056577e-12,3.2232652e-14
920.32000,3.3080330e-12,3.2252607e-14
920.33000,3.3094121e-12,3.2275379e-14
920.34000,3.3082686e-12,3.2295413e-14
920.35000,3.3050880e-12,3.2308093e-14
920.36000,3.2994518e-12,3.2304953e-14
920.37000,3.2920304e-12,3.2282233e-14
920.38000,3.2835107e-12,3.2243517e-14
920.39000,3.2737638e-12,3.2187047e-14
920.40000,3.2631065e-12,3.2124002e-14
920.41000,3.2512537e-12,3.2068004e-14
920.42000,3.2386099e-12,3.2032196e-14
920.43000,3.2258286e-12,3.2057076e-14
920.44000,3.2141708e-12,3.2142798e-14
920.45000,3.2060272e-12,3.2318181e-14
920.46000,3.2021748e-12,3.2547207e-14
920.47000,3.2045004e-12,3.2781239e-14
920.48000,3.2104415e-12,3.2960498e-14
920.49000,3.2189967e-12,3.3016611e-14
920.50000,3.2274959e-12,3.2926106e-14
920.51000,3.2347821e-12,3.2747189e-14
920.52000,3.2398546e-12,3.2517150e-14
920.53000,3.2436422e-12,3.2306675e-14
920.54000,3.2462383e-12,3.2173069e-14
920.55000,3.2480226e-12,3.2115036e-14
920.56000,3.2483976e-12,3.2163680e-14
920.57000,3.2477027e-12,3.2276466e-14
920.58000,3.2459427e-12,3.2447466e-14
920.59000,3.2439919e-12,3.2627583e-14
920.60000,3.2424467e-12,3.2776166e-14
920.61000,3.2418543e-12,3.2825994e-14
920.62000,3.2418332e-12,3.2782409e-14
920.63000,3.2419490e-12,3.2644584e-14
920.64000,3.2418037e-12,3.2477222e-14
920.65000,3.2411164e-12,3.2341929e-14
920.66000,3.2401859e-12,3.2270393e-14
920.67000,3.2393274e-12,3.2304676e-14
920.68000,3.2389170e-12,3.2417220e-14
920.69000,3.2393734e-12,3.2580567e-14
920.70000,3.2404679e-12,3.2734029e-14
920.71000,3.2421621e-12,3.2829157e-14
920.72000,3.2440696e-12,3.2836299e-14
920.73000,3.2458464e-12,3.2790229e-14
920.74000,3.2469428e-12,3.2723774e-14
920.75000,3.2472279e-12,3.2683675e-14
920.76000,3.2460175e-12,3.2699875e-14
920.77000,3.2434045e-12,3.2743225e-14
920.78000,3.2387489e-12,3.2768002e-14
920.79000,3.2327542e-12,3.2742678e-14
920.80000,3.2254446e-12,3.2636708e-14
920.81000,3.2176928e-12,3.2472461e-14
920.82000,3.2102696e-12,3.2294345e-14
920.83000,3.2042370e-12,3.2145375e-14
920.84000,3.1996358e-12,3.2039875e-14
920.85000,3.1969457e-12,3.1990429e-14
920.86000,3.1954966e-12,3.1970032e-14
920.87000,3.1953170e-12,3.1966229e-14
920.88000,3.1955604e-12,3.1958793e-14
920.89000,3.1957883e-12,3.1936900e-14
920.90000,3.1954105e-12,3.1898899e-14
920.91000,3.1942866e-12,3.1849980e-14
920.92000,3.1920272e-12,3.1791761e-14
920.93000,3.1890851e-12,3.1731899e-14
920.94000,3.1859365e-12,3.1677324e-14
920.95000,3.1831197e-12,3.1631183e-14
920.96000,3.1813320e-12,3.1600985e-14
920.97000,3.1803508e-12,3.1580955e-14
920.98000,3.1801113e-12,3.1568115e-14
920.99000,3.1799855e-12,3.1553595e-14
921.00000,3.1794204e-12,3.1528898e-14
921.01000,3.1782621e-12,3.1494646e-14
921.02000,3.1762354e-12,3.1450260e-14
921.03000,3.1734022e-12,3.1401977e-14
921.04000,3.1700853e-12,3.1354964e-14
921.05000,3.1664073e-12,3.1314172e-14
921.06000,3.1627041e-12,3.1279019e-14
921.07000,3.1591077e-12,3.1250411e-14
921.08000,3.1555002e-12,3.1226159e-14
921.09000,3.1513995e-12,3.1208904e-14
921.10000,3.1465117e-12,3.1197395e-14
921.11000,3.1400297e-12,3.1194285e-14
921.12000,3.1316540e-12,3.1199840e-14
921.13000,3.1218404e-12,3.1214395e-14
921.14000,3.1107953e-12,3.1252270e-14
921.15000,3.0997615e-12,3.1323516e-14
921.16000,3.0900210e-12,3.1457856e-14
921.17000,3.0818731e-12,3.1648653e-14
921.18000,3.0762671e-12,3.1899302e-14
921.19000,3.0721225e-12,3.2150126e-14
921.20000,3.0691232e-12,3.2320437e-14
921.21000,3.0663052e-12,3.2369926e-14
921.22000,3.0631422e-12,3.2236167e-14
921.23000,3.0596563e-12,3.2001110e-14
921.24000,3.0560398e-12,3.1703874e-14
921.25000,3.0526336e-12,3.1425673e-14
921.26000,3.0493586e-12,3.1192927e-14
921.27000,3.0458028e-12,3.1035843e-14
921.28000,3.0416359e-12,3.0925993e-14
921.29000,3.0364977e-12,3.0861296e-14
921.30000,3.0308956e-12,3.0825684e-14
921.31000,3.0255766e-12,3.0842468e-14
921.32000,3.0211937e-12,3.0910103e-14
921.33000,3.0186911e-12,3.1072701e-14
921.34000,3.0178706e-12,3.1341930e-14
921.35000,3.0186001e-12,3.1760136e-14
921.36000,3.0198150e-12,3.2266144e-14
921.37000,3.0210307e-12,3.2816453e-14
921.38000,3.0219264e-12,3.3269419e-14
921.39000,3.0226710e-12,3.3549196e-14
921.40000,3.0233756e-12,3.3486757e-14
921.41000,3.0239705e-12,3.3191482e-14
921.42000,3.0238885e-12,3.2693551e-14
921.43000,3.0228830e-12,3.2157344e-14
921.44000,3.0206133e-12,3.1700667e-14
921.45000,3.0178264e-12,3.1353839e-14
921.46000,3.0150197e-12,3.1153558e-14
921.47000,3.0127904e-12,3.1058280e-14
921.48000,3.0111336e-12,3.1009646e-14
921.49000,3.0100455e-12,3.0976959e-14
921.50000,3.0090061e-12,3.0931751e-14
921.51000,3.0075028e-12,3.0864435e-14
921.52000,3.0054169e-12,3.0786581e-14
921.53000,3.0024429e-12,3.0709940e-14
921.54000,2.9990051e-12,3.0646150e-14
921.55000,2.9952457e-12,3.0615036e-14
921.56000,2.9915009e-12,3.0627400e-14
921.57000,2.9880768e-12,3.0726903e-14
921.58000,2.9850219e-12,3.0913811e-14
921.59000,2.9824362e-12,3.1241394e-14
921.60000,2.9800121e-12,3.1743246e-14
921.61000,2.9772835e-12,3.2377076e-14
921.62000,2.9732441e-12,3.3131197e-14
921.63000,2.9677532e-12,3.3877080e-14
921.64000,2.9601676e-12,3.4429280e-14
921.65000,2.9513772e-12,3.4706539e-14
921.66000,2.9419313e-12,3.4499606e-14
921.67000,2.9328248e-12,3.3978842e-14
921.68000,2.9247979e-12,3.3181069e-14
921.69000,2.9179118e-12,3.2322652e-14
921.70000,2.9116454e-12,3.1527017e-14
921.71000,2.9055965e-12,3.0919934e-14
921.72000,2.8993266e-12,3.0479671e-14
921.73000,2.8927164e-12,3.0204127e-14
921.74000,2.8859582e-12,3.0016589e-14
921.75000,2.8790263e-12,2.9905958e-14
921.76000,2.8717423e-12,2.9819932e-14
921.77000,2.8630049e-12,2.9743622e-14
921.78000,2.8518687e-12,2.9662044e-14
921.79000,2.8353749e-12,2.9561658e-14
921.80000,2.8138388e-12,2.9442258e-14
921.81000,2.7849614e-12,2.9295013e-14
921.82000,2.7490882e-12,2.9121650e-14
921.83000,2.7091101e-12,2.8934039e-14
921.84000,2.6679069e-12,2.8747009e-14
921.85000,2.6305882e-12,2.8581927e-14
921.86000,2.6054103e-12,2.8476149e-14
921.87000,2.5936659e-12,2.8432799e-14
921.88000,2.6044981e-12,2.8490969e-14
921.89000,2.6293850e-12,2.8610881e-14
921.90000,2.6671383e-12,2.8787145e-14
921.91000,2.7083656e-12,2.8980224e-14
921.92000,2.7458811e-12,2.9162458e-14
921.93000,2.7767538e-12,2.9320938e-14
921.94000,2.7976439e-12,2.9441457e-14
921.95000,2.8091039e-12,2.9520663e-14
921.96000,2.8147145e-12,2.9568521e-14
921.97000,2.8143632e-12,2.9574144e-14
921.98000,2.8112862e-12,2.9553751e-14
921.99000,2.8060635e-12,2.9508894e-14
922.00000,2.7999968e-12,2.9454777e-14
922.01000,2.7935060e-12,2.9399779e-14
922.02000,2.7871772e-12,2.9350997e-14
922.03000,2.7814500e-12,2.9315131e-14
922.04000,2.7763986e-12,2.9292886e-14
922.05000,2.7720003e-12,2.9291577e-14
922.06000,2.7676972e-12,2.9309264e-14
922.07000,2.7629469e-12,2.9356701e-14
922.08000,2.7570781e-12,2.9443308e-14
922.09000,2.7502216e-12,2.9559773e-14
922.10000,2.7423305e-12,2.9700683e-14
922.11000,2.7342762e-12,2.9833264e-14
922.12000,2.7268838e-12,2.9908286e-14
922.13000,2.7204725e-12,2.9910340e-14
922.14000,2.7155139e-12,2.9801854e-14
922.15000,2.7113028e-12,2.9632927e-14
922.16000,2.7075113e-12,2.9425722e-14
922.17000,2.7035194e-12,2.9229373e-14
922.18000,2.6991324e-12,2.9061238e-14
922.19000,2.6940933e-12,2.8942056e-14
922.20000,2.6886307e-12,2.8855496e-14
922.21000,2.6828160e-12,2.8794529e-14
922.22000,2.6767956e-12,2.8744346e-14
922.23000,2.6704628e-12,2.8702464e-14
922.24000,2.6639081e-12,2.8663572e-14
922.25000,2.6571366e-12,2.8626784e-14
922.26000,2.6503524e-12,2.8589908e-14
922.27000,2.6438120e-12,2.8551743e-14
922.28000,2.6375732e-12,2.8513611e-14
922.29000,2.6317192e-12,2.8479145e-14
922.30000,2.6260213e-12,2.8453057e-14
922.31000,2.6202175e-12,2.8434584e-14
922.32000,2.6139421e-12,2.8424257e-14
922.33000,2.6071887e-12,2.8417020e-14
922.34000,2.5999376e-12,2.8415394e-14
922.35000,2.5925076e-12,2.8427297e-14
922.36000,2.5852037e-12,2.8493651e-14
922.37000,2.5782318e-12,2.8627370e-14
922.38000,2.5719058e-12,2.8889127e-14
922.39000,2.5660760e-12,2.9262755e-14
922.40000,2.5603857e-12,2.9728199e-14
922.41000,2.5541812e-12,3.0174001e-14
922.42000,2.5466377e-12,3.0466229e-14
922.43000,2.5376585e-12,3.0477841e-14
922.44000,2.5281349e-12,3.0254104e-14
922.45000,2.5191196e-12,2.9781116e-14
922.46000,2.5111602e-12,2.9231895e-14
922.47000,2.5044930e-12,2.8717980e-14
922.48000,2.4982973e-12,2.8286055e-14
922.49000,2.4919356e-12,2.7990242e-14
922.50000,2.4850871e-12,2.7773058e-14
922.51000,2.4775958e-12,2.7630993e-14
922.52000,2.4698485e-12,2.7527502e-14
922.53000,2.4621884e-12,2.7456311e-14
922.54000,2.4548006e-12,2.7399371e-14
922.55000,2.4478262e-12,2.7354495e-14
922.56000,2.4411762e-12,2.7316494e-14
922.57000,2.4346377e-12,2.7281125e-14
922.58000,2.4279552e-12,2.7245774e-14
922.59000,2.4209276e-12,2.7208090e-14
922.60000,2.4131751e-12,2.7165397e-14
922.61000,2.4047674e-12,2.7118582e-14
922.62000,2.3954120e-12,2.7066920e-14
922.63000,2.3854973e-12,2.7013297e-14
922.64000,2.3749846e-12,2.6958593e-14
922.65000,2.3640906e-12,2.6903769e-14
922.66000,2.3528316e-12,2.6849408e-14
922.67000,2.3414422e-12,2.6796307e-14
922.68000,2.3301086e-12,2.6747093e-14
922.69000,2.3191864e-12,2.6706595e-14
922.70000,2.3087665e-12,2.6676089e-14
922.71000,2.2991200e-12,2.6663417e-14
922.72000,2.2898801e-12,2.6664172e-14
922.73000,2.2807443e-12,2.6680285e-14
922.74000,2.2713665e-12,2.6704889e-14
922.75000,2.2613694e-12,2.6735355e-14
922.76000,2.2509203e-12,2.6763538e-14
922.77000,2.2400196e-12,2.6777116e-14
922.78000,2.2289127e-12,2.6765693e-14
922.79000,2.2176786e-12,2.6709792e-14
922.80000,2.2064188e-12,2.6621511e-14
922.81000,2.1952195e-12,2.6504687e-14
922.82000,2.1842869e-12,2.6388105e-14
922.83000,2.1736769e-12,2.6292192e-14
922.84000,2.1634984e-12,2.6246814e-14
922.85000,2.1534391e-12,2.6240694e-14
922.86000,2.1431281e-12,2.6268791e-14
922.87000,2.1324150e-12,2.6300222e-14
922.88000,2.1212024e-12,2.6301568e-14
922.89000,2.1099480e-12,2.6265273e-14
922.90000,2.0992721e-12,2.6177817e-14
922.91000,2.0897219e-12,2.6064842e-14
922.92000,2.0823446e-12,2.5956746e-14
922.93000,2.0769005e-12,2.5878446e-14
922.94000,2.0741708e-12,2.5856527e-14
922.95000,2.0745117e-12,2.5893536e-14
922.96000,2.0773569e-12,2.5961645e-14
922.97000,2.0839373e-12,2.6040880e-14
922.98000,2.0931654e-12,2.6107029e-14
922.99000,2.1055611e-12,2.6147567e-14
923.00000,2.1198847e-12,2.6175904e-14
923.01000,2.1360759e-12,2.6204456e-14
923.02000,2.1528012e-12,2.6241778e-14
923.03000,2.1693709e-12,2.6290033e-14
923.04000,2.1852101e-12,2.6339704e-14
923.05000,2.1997403e-12,2.6380256e-14
923.06000,2.2133159e-12,2.6409791e-14
923.07000,2.2258750e-12,2.6425810e-14
923.08000,2.2377363e-12,2.6434353e-14
923.09000,2.2492665e-12,2.6443119e-14
923.10000,2.2605631e-12,2.6461607e-14
923.11000,2.2717961e-12,2.6492785e-14
923.12000,2.2829554e-12,2.6546705e-14
923.13000,2.2940085e-12,2.6622724e-14
923.14000,2.3047932e-12,2.6742200e-14
923.15000,2.3153294e-12,2.6899013e-14
923.16000,2.3254927e-12,2.7109595e-14
923.17000,2.3353512e-12,2.7354441e-14
923.18000,2.3448362e-12,2.7603920e-14
923.19000,2.3540625e-12,2.7817025e-14
923.20000,2.3629320e-12,2.7939156e-14
923.21000,2.3713774e-12,2.7939926e-14
923.22000,2.3794704e-12,2.7855692e-14
923.23000,2.3870863e-12,2.7698984e-14
923.24000,2.3944249e-12,2.7533152e-14
923.25000,2.4015877e-12,2.7399498e-14
923.26000,2.4087772e-12,2.7304475e-14
923.27000,2.4162032e-12,2.7264963e-14
923.28000,2.4238494e-12,2.7254857e-14
923.29000,2.4317124e-12,2.7271452e-14
923.30000,2.4395818e-12,2.7301303e-14
923.31000,2.4471901e-12,2.7345259e-14
923.32000,2.4544592e-12,2.7401228e-14
923.33000,2.4612093e-12,2.7481531e-14
923.34000,2.4674372e-12,2.7605914e-14
923.35000,2.4732937e-12,2.7779833e-14
923.36000,2.4787009e-12,2.8040442e-14
923.37000,2.4838609e-12,2.8363621e-14
923.38000,2.4889205e-12,2.8726717e-14
923.39000,2.4941181e-12,2.9071580e-14
923.40000,2.4998513e-12,2.9304208e-14
923.41000,2.5060718e-12,2.9419128e-14
923.42000,2.5128578e-12,2.9370930e-14
923.43000,2.5198783e-12,2.9226831e-14
923.44000,2.5269885e-12,2.9021925e-14
923.45000,2.5341332e-12,2.8819482e-14
923.46000,2.5414496e-12,2.8653766e-14
923.47000,2.5490450e-12,2.8539498e-14
923.48000,2.5567805e-12,2.8462486e-14
923.49000,2.5643590e-12,2.8420769e-14
923.50000,2.5714970e-12,2.8389144e-14
923.51000,2.5778325e-12,2.8353582e-14
923.52000,2.5835293e-12,2.8311048e-14
923.53000,2.5883903e-12,2.8264325e-14
923.54000,2.5927665e-12,2.8222143e-14
923.55000,2.5965347e-12,2.8193955e-14
923.56000,2.5998379e-12,2.8178028e-14
923.57000,2.6025288e-12,2.8175659e-14
923.58000,2.6048762e-12,2.8180081e-14
923.59000,2.6069384e-12,2.8193766e-14
923.60000,2.6089186e-12,2.8222158e-14
923.61000,2.6109281e-12,2.8266674e-14
923.62000,2.6131200e-12,2.8334800e-14
923.63000,2.6156000e-12,2.8415248e-14
923.64000,2.6186637e-12,2.8494142e-14
923.65000,2.6223189e-12,2.8561622e-14
923.66000,2.6269058e-12,2.8612503e-14
923.67000,2.6320755e-12,2.8664865e-14
923.68000,2.6378313e-12,2.8756806e-14
923.69000,2.6439023e-12,2.8906169e-14
923.70000,2.6504297e-12,2.9149033e-14
923.71000,2.6573536e-12,2.9436948e-14
923.72000,2.6649345e-12,2.9720682e-14
923.73000,2.6730923e-12,2.9928321e-14
923.74000,2.6818088e-12,2.9981554e-14
923.75000,2.6907323e-12,2.9926467e-14
923.76000,2.6997507e-12,2.9791494e-14
923.77000,2.7089335e-12,2.9684986e-14
923.78000,2.7184650e-12,2.9661659e-14
923.79000,2.7287829e-12,2.9791311e-14
923.80000,2.7395928e-12,3.0007642e-14
923.81000,2.7502369e-12,3.0239947e-14
923.82000,2.7599280e-12,3.0405202e-14
923.83000,2.7672661e-12,3.0397084e-14
923.84000,2.7728338e-12,3.0263316e-14
923.85000,2.7765987e-12,3.0016023e-14
923.86000,2.7796816e-12,2.9747986e-14
923.87000,2.7826637e-12,2.9530339e-14
923.88000,2.7858728e-12,2.9379539e-14
923.89000,2.7893669e-12,2.9317751e-14
923.90000,2.7928452e-12,2.9324417e-14
923.91000,2.7960330e-12,2.9366444e-14
923.92000,2.7984732e-12,2.9434447e-14
923.93000,2.8003041e-12,2.9508837e-14
923.94000,2.8017840e-12,2.9579853e-14
923.95000,2.8034953e-12,2.9639873e-14
923.96000,2.8063307e-12,2.9668155e-14
923.97000,2.8102612e-12,2.9666466e-14
923.98000,2.8155596e-12,2.9623332e-14
923.99000,2.8214855e-12,2.9555851e-14
924.00000,2.8275441e-12,2.9471917e-14
924.01000,2.8333065e-12,2.9388587e-14
924.02000,2.8385713e-12,2.9316812e-14
924.03000,2.8435990e-12,2.9263658e-14
924.04000,2.8486868e-12,2.9226969e-14
924.05000,2.8541077e-12,2.9212109e-14
924.06000,2.8597793e-12,2.9211652e-14
924.07000,2.8654427e-12,2.9224328e-14
924.08000,2.8708658e-12,2.9244977e-14
924.09000,2.8758091e-12,2.9275605e-14
924.10000,2.8805066e-12,2.9313045e-14
924.11000,2.8851843e-12,2.9360497e-14
924.12000,2.8900101e-12,2.9415537e-14
924.13000,2.8950083e-12,2.9478806e-14
924.14000,2.8999851e-12,2.9544706e-14
924.15000,2.9047623e-12,2.9613298e-14
924.16000,2.9093624e-12,2.9690721e-14
924.17000,2.9139122e-12,2.9797829e-14
924.18000,2.9185701e-12,2.9937189e-14
924.19000,2.9234219e-12,3.0117800e-14
924.20000,2.9282579e-12,3.0313853e-14
924.21000,2.9327651e-12,3.0492199e-14
924.22000,2.9361727e-12,3.0598538e-14
924.23000,2.9383545e-12,3.0627998e-14
924.24000,2.9388148e-12,3.0558839e-14
924.25000,2.9381463e-12,3.0429377e-14
924.26000,2.9364187e-12,3.0245540e-14
924.27000,2.9344674e-12,3.0052108e-14
924.28000,2.9327562e-12,2.9881611e-14
924.29000,2.9314880e-12,2.9754298e-14
924.30000,2.9308603e-12,2.9708518e-14
924.31000,2.9305669e-12,2.9725981e-14
924.32000,2.9304735e-12,2.9823175e-14
924.33000,2.9302793e-12,2.9988389e-14
924.34000,2.9298417e-12,3.0199617e-14
924.35000,2.9288431e-12,3.0456003e-14
924.36000,2.9272172e-12,3.0725916e-14
924.37000,2.9244154e-12,3.0974521e-14
924.38000,2.9201389e-12,3.1177026e-14
924.39000,2.9121711e-12,3.1263862e-14
924.40000,2.9002760e-12,3.1239115e-14
924.41000,2.8815027e-12,3.1045604e-14
924.42000,2.8570458e-12,3.0733719e-14
924.43000,2.8254080e-12,3.0300410e-14
924.44000,2.7910651e-12,2.9836699e-14
924.45000,2.7582289e-12,2.9407014e-14
924.46000,2.7325642e-12,2.9063424e-14
924.47000,2.7238405e-12,2.8885709e-14
924.48000,2.7304889e-12,2.8848315e-14
924.49000,2.7568179e-12,2.9003534e-14
924.50000,2.7977385e-12,2.9358475e-14
924.51000,2.8447307e-12,2.9864794e-14
924.52000,2.8918325e-12,3.0543269e-14
924.53000,2.9339491e-12,3.1282712e-14
924.54000,2.9670428e-12,3.1947093e-14
924.55000,2.9932971e-12,3.2436843e-14
924.56000,3.0112890e-12,3.2543376e-14
924.57000,3.0252457e-12,3.2369828e-14
924.58000,3.0355689e-12,3.1919160e-14
924.59000,3.0440696e-12,3.1383910e-14
924.60000,3.0506035e-12,3.0885678e-14
924.61000,3.0560406e-12,3.0483109e-14
924.62000,3.0602883e-12,3.0228122e-14
924.63000,3.0638023e-12,3.0084226e-14
924.64000,3.0667096e-12,3.0046081e-14
924.65000,3.0693702e-12,3.0057729e-14
924.66000,3.0718813e-12,3.0105058e-14
924.67000,3.0744295e-12,3.0156229e-14
924.68000,3.0771098e-12,3.0192666e-14
924.69000,3.0800399e-12,3.0191443e-14
924.70000,3.0830979e-12,3.0160560e-14
924.71000,3.0860791e-12,3.0105019e-14
924.72000,3.0887774e-12,3.0045555e-14
924.73000,3.0906992e-12,2.9999093e-14
924.74000,3.0919057e-12,2.9967909e-14
924.75000,3.0920381e-12,2.9954256e-14
924.76000,3.0914239e-12,2.9947203e-14
924.77000,3.0902713e-12,2.9942473e-14
924.78000,3.0892365e-12,2.9940150e-14
924.79000,3.0889839e-12,2.9951415e-14
924.80000,3.0899544e-12,2.9996693e-14
924.81000,3.0918782e-12,3.0083613e-14
924.82000,3.0946357e-12,3.0245771e-14
924.83000,3.0974465e-12,3.0471355e-14
924.84000,3.0996890e-12,3.0754214e-14
924.85000,3.1013473e-12,3.1053507e-14
924.86000,3.1024719e-12,3.1314048e-14
924.87000,3.1036183e-12,3.1500730e-14
924.88000,3.1051818e-12,3.1548872e-14
924.89000,3.1070173e-12,3.1490014e-14
924.90000,3.1087515e-12,3.1310492e-14
924.91000,3.1100756e-12,3.1088489e-14
924.92000,3.1107915e-12,3.0861883e-14
924.93000,3.1113336e-12,3.0665815e-14
924.94000,3.1121790e-12,3.0534441e-14
924.95000,3.1133793e-12,3.0456926e-14
924.96000,3.1146873e-12,3.0455884e-14
924.97000,3.1152215e-12,3.0547257e-14
924.98000,3.1146248e-12,3.0729272e-14
924.99000,3.1122423e-12,3.1064529e-14
925.00000,3.1088776e-12,3.1521044e-14
925.01000,3.1053380e-12,3.2064676e-14
925.02000,3.1022295e-12,3.2589754e-14
925.03000,3.1000231e-12,3.2920620e-14
925.04000,3.0984138e-12,3.3021654e-14
925.05000,3.0976465e-12,3.2801187e-14
925.06000,3.0977194e-12,3.2412553e-14
925.07000,3.0993394e-12,3.1943418e-14
925.08000,3.1020357e-12,3.1520851e-14
925.09000,3.1058169e-12,3.1224430e-14
925.10000,3.1099923e-12,3.1033804e-14
925.11000,3.1141183e-12,3.0943001e-14
925.12000,3.1179651e-12,3.0888853e-14
925.13000,3.1214249e-12,3.0850249e-14
925.14000,3.1246767e-12,3.0803600e-14
925.15000,3.1278801e-12,3.0743544e-14
925.16000,3.1309742e-12,3.0661365e-14
925.17000,3.1337559e-12,3.0565090e-14
925.18000,3.1357158e-12,3.0464958e-14
925.19000,3.1368720e-12,3.0375596e-14
925.20000,3.1371631e-12,3.0323288e-14
925.21000,3.1374380e-12,3.0306081e-14
925.22000,3.1388818e-12,3.0331942e-14
925.23000,3.1419258e-12,3.0376829e-14
925.24000,3.1475629e-12,3.0427310e-14
925.25000,3.1546232e-12,3.0471811e-14
925.26000,3.1625308e-12,3.0511084e-14
925.27000,3.1701079e-12,3.0557873e-14
925.28000,3.1763624e-12,3.0629793e-14
925.29000,3.1814331e-12,3.0722983e-14
925.30000,3.1850966e-12,3.0835773e-14
925.31000,3.1876517e-12,3.0950192e-14
925.32000,3.1894409e-12,3.1054875e-14
925.33000,3.1901048e-12,3.1132481e-14
925.34000,3.1897887e-12,3.1180186e-14
925.35000,3.1882351e-12,3.1180131e-14
925.36000,3.1858880e-12,3.1138485e-14
925.37000,3.1829703e-12,3.1043961e-14
925.38000,3.1802040e-12,3.0930584e-14
925.39000,3.1784054e-12,3.0832559e-14
925.40000,3.1777019e-12,3.0772394e-14
925.41000,3.1786241e-12,3.0777152e-14
925.42000,3.1803647e-12,3.0812939e-14
925.43000,3.1825043e-12,3.0850720e-14
925.44000,3.1843618e-12,3.0855872e-14
925.45000,3.1854314e-12,3.0799354e-14
925.46000,3.1859385e-12,3.0706135e-14
925.47000,3.1860274e-12,3.0593143e-14
925.48000,3.1862349e-12,3.0497316e-14
925.49000,3.1868308e-12,3.0429490e-14
925.50000,3.1882258e-12,3.0403711e-14
925.51000,3.1902783e-12,3.0401019e-14
925.52000,3.1929874e-12,3.0407967e-14
925.53000,3.1960568e-12,3.0414013e-14
925.54000,3.1993430e-12,3.0419194e-14
925.55000,3.2024939e-12,3.0430375e-14
925.56000,3.2049883e-12,3.0461186e-14
925.57000,3.2067236e-12,3.0510141e-14
925.58000,3.2073563e-12,3.0577629e-14
925.59000,3.2075563e-12,3.0646323e-14
925.60000,3.2079664e-12,3.0699823e-14
925.61000,3.2092322e-12,3.0732066e-14
925.62000,3.2121041e-12,3.0735455e-14
925.63000,3.2160229e-12,3.0723425e-14
925.64000,3.2207387e-12,3.0698626e-14
925.65000,3.2253855e-12,3.0666424e-14
925.66000,3.2295743e-12,3.0629546e-14
925.67000,3.2328727e-12,3.0589453e-14
925.68000,3.2355096e-12,3.0552297e-14
925.69000,3.2375817e-12,3.0527863e-14
925.70000,3.2393349e-12,3.0517758e-14
925.71000,3.2406947e-12,3.0527815e-14
925.72000,3.2417726e-12,3.0547510e-14
925.73000,3.2424648e-12,3.0570342e-14
925.74000,3.2428830e-12,3.0591148e-14
925.75000,3.2430399e-12,3.0609289e-14
925.76000,3.2432126e-12,3.0628951e-14
925.77000,3.2437735e-12,3.0658344e-14
925.78000,3.2449041e-12,3.0702789e-14
925.79000,3.2469487e-12,3.0778079e-14
925.80000,3.2495293e-12,3.0878123e-14
925.81000,3.2524618e-12,3.1003691e-14
925.82000,3.2552636e-12,3.1131441e-14
925.83000,3.2574245e-12,3.1228285e-14
925.84000,3.2589115e-12,3.1283869e-14
925.85000,3.2594949e-12,3.1279722e-14
925.86000,3.2593430e-12,3.1226384e-14
925.87000,3.2588416e-12,3.1151855e-14
925.88000,3.2581132e-12,3.1080348e-14
925.89000,3.2572472e-12,3.1039126e-14
925.90000,3.2558280e-12,3.1076572e-14
925.91000,3.2535342e-12,3.1200782e-14
925.92000,3.2492168e-12,3.1477229e-14
925.93000,3.2432168e-12,3.1851429e-14
925.94000,3.2352367e-12,3.2291312e-14
925.95000,3.2265791e-12,3.2695807e-14
925.96000,3.2186174e-12,3.2923004e-14
925.97000,3.2121721e-12,3.2971279e-14
925.98000,3.2083575e-12,3.2788247e-14
925.99000,3.2065496e-12,3.2480601e-14
926.00000,3.2064130e-12,3.2120256e-14
926.01000,3.2065275e-12,3.1782441e-14
926.02000,3.2056674e-12,3.1501264e-14
926.03000,3.2019762e-12,3.1271169e-14
926.04000,3.1946608e-12,3.1069008e-14
926.05000,3.1794841e-12,3.0887831e-14
926.06000,3.1556943e-12,3.0707656e-14
926.07000,3.1186384e-12,3.0505071e-14
926.08000,3.0705169e-12,3.0270927e-14
926.09000,3.0085066e-12,2.9992364e-14
926.10000,2.9409975e-12,2.9704942e-14
926.11000,2.8769278e-12,2.9470134e-14
926.12000,2.8246238e-12,2.9322708e-14
926.13000,2.8025238e-12,2.9342972e-14
926.14000,2.8063021e-12,2.9471149e-14
926.15000,2.8442824e-12,2.9691665e-14
926.16000,2.9021082e-12,2.9927052e-14
926.17000,2.9722843e-12,3.0126421e-14
926.18000,3.0406099e-12,3.0283509e-14
926.19000,3.0973062e-12,3.0392462e-14
926.20000,3.1396288e-12,3.0474712e-14
926.21000,3.1631628e-12,3.0528056e-14
926.22000,3.1739422e-12,3.0552074e-14
926.23000,3.1692113e-12,3.0517671e-14
926.24000,3.1480011e-12,3.0394939e-14
926.25000,3.1131949e-12,3.0193882e-14
926.26000,3.0588539e-12,2.9886017e-14
926.27000,2.9916789e-12,2.9515599e-14
926.28000,2.9152501e-12,2.9107680e-14
926.29000,2.8393787e-12,2.8707836e-14
926.30000,2.7793430e-12,2.8385524e-14
926.31000,2.7404776e-12,2.8161006e-14
926.32000,2.7405598e-12,2.8115682e-14
926.33000,2.7713826e-12,2.8213895e-14
926.34000,2.8395197e-12,2.8491258e-14
926.35000,2.9235237e-12,2.8848992e-14
926.36000,3.0134789e-12,2.9244808e-14
926.37000,3.0963551e-12,2.9615996e-14
926.38000,3.1606034e-12,2.9909830e-14
926.39000,3.2093962e-12,3.0136406e-14
926.40000,3.2397525e-12,3.0280736e-14
926.41000,3.2563836e-12,3.0362589e-14
926.42000,3.2650379e-12,3.0408129e-14
926.43000,3.2663753e-12,3.0421205e-14
926.44000,3.2644166e-12,3.0420402e-14
926.45000,3.2607610e-12,3.0412372e-14
926.46000,3.2568589e-12,3.0402767e-14
926.47000,3.2536144e-12,3.0397049e-14
926.48000,3.2512184e-12,3.0400405e-14
926.49000,3.2498708e-12,3.0427462e-14
926.50000,3.2491049e-12,3.0480603e-14
926.51000,3.2486568e-12,3.0574855e-14
926.52000,3.2478419e-12,3.0687705e-14
926.53000,3.2450141e-12,3.0789740e-14
926.54000,3.2388819e-12,3.0846174e-14
926.55000,3.2245701e-12,3.0790781e-14
926.56000,3.2021234e-12,3.0640845e-14
926.57000,3.1659981e-12,3.0370665e-14
926.58000,3.1170453e-12,3.0024220e-14
926.59000,3.0516631e-12,2.9615071e-14
926.60000,2.9771280e-12,2.9187786e-14
926.61000,2.8971341e-12,2.8768029e-14
926.62000,2.8239917e-12,2.8401654e-14
926.63000,2.7656948e-12,2.8111971e-14
926.64000,2.7418548e-12,2.7981880e-14
926.65000,2.7523699e-12,2.8005693e-14
926.66000,2.8028421e-12,2.8207832e-14
926.67000,2.8773704e-12,2.8518290e-14
926.68000,2.9699674e-12,2.8913560e-14
926.69000,3.0624786e-12,2.9313903e-14
926.70000,3.1414917e-12,2.9663905e-14
926.71000,3.2055863e-12,2.9955591e-14
926.72000,3.2473678e-12,3.0158664e-14
926.73000,3.2765983e-12,3.0311164e-14
926.74000,3.2938721e-12,3.0415431e-14
926.75000,3.3057542e-12,3.0499942e-14
926.76000,3.3133794e-12,3.0577477e-14
926.77000,3.3196735e-12,3.0663196e-14
926.78000,3.3252562e-12,3.0771452e-14
926.79000,3.3307174e-12,3.0901818e-14
926.80000,3.3359719e-12,3.1051350e-14
926.81000,3.3407600e-12,3.1199677e-14
926.82000,3.3443279e-12,3.1322390e-14
926.83000,3.3460189e-12,3.1392804e-14
926.84000,3.3460608e-12,3.1412956e-14
926.85000,3.3440270e-12,3.1366249e-14
926.86000,3.3408451e-12,3.1281855e-14
926.87000,3.3370846e-12,3.1181444e-14
926.88000,3.3333709e-12,3.1087584e-14
926.89000,3.3303040e-12,3.1022451e-14
926.90000,3.3279858e-12,3.0983504e-14
926.91000,3.3266798e-12,3.0968926e-14
926.92000,3.3259869e-12,3.0959790e-14
926.93000,3.3258293e-12,3.0939290e-14
926.94000,3.3257888e-12,3.0903118e-14
926.95000,3.3257147e-12,3.0849109e-14
926.96000,3.3255844e-12,3.0791996e-14
926.97000,3.3254789e-12,3.0746904e-14
926.98000,3.3255011e-12,3.0717144e-14
926.99000,3.3258428e-12,3.0706267e-14
927.00000,3.3265365e-12,3.0702503e-14
927.01000,3.3277041e-12,3.0695517e-14
927.02000,3.3291326e-12,3.0680457e-14
927.03000,3.3307484e-12,3.0654620e-14
927.04000,3.3324087e-12,3.0624565e-14
927.05000,3.3340841e-12,3.0596853e-14
927.06000,3.3357691e-12,3.0579994e-14
927.07000,3.3373808e-12,3.0576084e-14
927.08000,3.3386637e-12,3.0589900e-14
927.09000,3.3395364e-12,3.0619066e-14
927.10000,3.3398259e-12,3.0672819e-14
927.11000,3.3398766e-12,3.0745195e-14
927.12000,3.3400040e-12,3.0834545e-14
927.13000,3.3403334e-12,3.0927588e-14
927.14000,3.3408328e-12,3.1012178e-14
927.15000,3.3412372e-12,3.1087938e-14
927.16000,3.3412440e-12,3.1171112e-14
927.17000,3.3408953e-12,3.1287976e-14
927.18000,3.3401282e-12,3.1499272e-14
927.19000,3.3392040e-12,3.1791223e-14
927.20000,3.3383207e-12,3.2168355e-14
927.21000,3.3377575e-12,3.2553481e-14
927.22000,3.3379438e-12,3.2834616e-14
927.23000,3.3386526e-12,3.2970525e-14
927.24000,3.3396163e-12,3.2870710e-14
927.25000,3.3401684e-12,3.2586153e-14
927.26000,3.3396507e-12,3.2155174e-14
927.27000,3.3383326e-12,3.1696706e-14
927.28000,3.3363883e-12,3.1283324e-14
927.29000,3.3345097e-12,3.0978284e-14
927.30000,3.3329959e-12,3.0769736e-14
927.31000,3.3321306e-12,3.0684340e-14
927.32000,3.3317000e-12,3.0668409e-14
927.33000,3.3316769e-12,3.0695539e-14
927.34000,3.3319250e-12,3.0729253e-14
927.35000,3.3324858e-12,3.0746878e-14
927.36000,3.3331621e-12,3.0747496e-14
927.37000,3.3338933e-12,3.0744008e-14
927.38000,3.3347861e-12,3.0760292e-14
927.39000,3.3365056e-12,3.0838242e-14
927.40000,3.3392123e-12,3.0966774e-14
927.41000,3.3433905e-12,3.1140887e-14
927.42000,3.3481872e-12,3.1309806e-14
927.43000,3.3523909e-12,3.1409298e-14
927.44000,3.3551401e-12,3.1433269e-14
927.45000,3.3552280e-12,3.1360869e-14
927.46000,3.3533492e-12,3.1241886e-14
927.47000,3.3501059e-12,3.1112146e-14
927.48000,3.3469388e-12,3.0999730e-14
927.49000,3.3448748e-12,3.0917154e-14
927.50000,3.3444189e-12,3.0855213e-14
927.51000,3.3451436e-12,3.0802911e-14
927.52000,3.3469530e-12,3.0760299e-14
927.53000,3.3490397e-12,3.0727330e-14
927.54000,3.3508405e-12,3.0710730e-14
927.55000,3.3521787e-12,3.0710370e-14
927.56000,3.3528079e-12,3.0738430e-14
927.57000,3.3530499e-12,3.0790666e-14
927.58000,3.3531022e-12,3.0869277e-14
927.59000,3.3530944e-12,3.0958474e-14
927.60000,3.3527452e-12,3.1040788e-14
927.61000,3.3518232e-12,3.1104039e-14
927.62000,3.3497609e-12,3.1138429e-14
927.63000,3.3468651e-12,3.1160909e-14
927.64000,3.3432716e-12,3.1186675e-14
927.65000,3.3397158e-12,3.1222721e-14
927.66000,3.3367977e-12,3.1262526e-14
927.67000,3.3346146e-12,3.1285934e-14
927.68000,3.3334405e-12,3.1262432e-14
927.69000,3.3328036e-12,3.1202084e-14
927.70000,3.3325777e-12,3.1111944e-14
927.71000,3.3324376e-12,3.1032483e-14
927.72000,3.3321787e-12,3.1028357e-14
927.73000,3.3316564e-12,3.1123883e-14
927.74000,3.3303729e-12,3.1409362e-14
927.75000,3.3273894e-12,3.1961219e-14
927.76000,3.3223166e-12,3.2766766e-14
927.77000,3.3137061e-12,3.3927484e-14
927.78000,3.3027332e-12,3.5280146e-14
927.79000,3.2916903e-12,3.6563788e-14
927.80000,3.2832812e-12,3.7532540e-14
927.81000,3.2822002e-12,3.7729900e-14
927.82000,3.2876316e-12,3.7264753e-14
927.83000,3.2984909e-12,3.6210804e-14
927.84000,3.3101548e-12,3.4995503e-14
927.85000,3.3184175e-12,3.3954615e-14
927.86000,3.3224018e-12,3.3231789e-14
927.87000,3.3211860e-12,3.2984689e-14
927.88000,3.3178618e-12,3.3031288e-14
927.89000,3.3148486e-12,3.3357799e-14
927.90000,3.3140287e-12,3.3757811e-14
927.91000,3.3172366e-12,3.4122569e-14
927.92000,3.3229635e-12,3.4370226e-14
927.93000,3.3299952e-12,3.4359910e-14
927.94000,3.3362385e-12,3.4138008e-14
927.95000,3.3401089e-12,3.3655186e-14
927.96000,3.3419920e-12,3.3036644e-14
927.97000,3.3423080e-12,3.2380060e-14
927.98000,3.3422992e-12,3.1784093e-14
927.99000,3.3422482e-12,3.1322847e-14
928.00000,3.3419781e-12,3.0982493e-14
928.01000,3.3411231e-12,3.0757586e-14
928.02000,3.3399204e-12,3.0588661e-14
928.03000,3.3387737e-12,3.0471073e-14
928.04000,3.3385012e-12,3.0399139e-14
928.05000,3.3392635e-12,3.0365331e-14
928.06000,3.3415857e-12,3.0388738e-14
928.07000,3.3448846e-12,3.0452891e-14
928.08000,3.3488090e-12,3.0550711e-14
928.09000,3.3527714e-12,3.0658077e-14
928.10000,3.3561626e-12,3.0753524e-14
928.11000,3.3587835e-12,3.0825480e-14
928.12000,3.3602399e-12,3.0861718e-14
928.13000,3.3609444e-12,3.0878948e-14
928.14000,3.3610035e-12,3.0894387e-14
928.15000,3.3610157e-12,3.0927869e-14
928.16000,3.3614795e-12,3.0998210e-14
928.17000,3.3625407e-12,3.1087021e-14
928.18000,3.3644602e-12,3.1163599e-14
928.19000,3.3667007e-12,3.1201470e-14
928.20000,3.3687034e-12,3.1161420e-14
928.21000,3.3699660e-12,3.1059402e-14
928.22000,3.3699617e-12,3.0899711e-14
928.23000,3.3692637e-12,3.0725567e-14
928.24000,3.3682494e-12,3.0563448e-14
928.25000,3.3674571e-12,3.0435032e-14
928.26000,3.3669950e-12,3.0370401e-14
928.27000,3.3664704e-12,3.0358549e-14
928.28000,3.3653140e-12,3.0412554e-14
928.29000,3.3631738e-12,3.0514238e-14
928.30000,3.3604743e-12,3.0636618e-14
928.31000,3.3579719e-12,3.0766262e-14
928.32000,3.3566471e-12,3.0895586e-14
928.33000,3.3575721e-12,3.1045780e-14
928.34000,3.3603527e-12,3.1244207e-14
928.35000,3.3652968e-12,3.1583076e-14
928.36000,3.3712372e-12,3.2085498e-14
928.37000,3.3774787e-12,3.2835964e-14
928.38000,3.3832751e-12,3.3758449e-14
928.39000,3.3873965e-12,3.4786683e-14
928.40000,3.3897155e-12,3.5717275e-14
928.41000,3.3892288e-12,3.6237449e-14
928.42000,3.3866694e-12,3.6313188e-14
928.43000,3.3815205e-12,3.5731796e-14
928.44000,3.3752421e-12,3.4832029e-14
928.45000,3.3686213e-12,3.3780192e-14
928.46000,3.3626684e-12,3.2808228e-14
928.47000,3.3585174e-12,3.2087780e-14
928.48000,3.3558137e-12,3.1562844e-14
928.49000,3.3548628e-12,3.1268056e-14
928.50000,3.3550382e-12,3.1127179e-14
928.51000,3.3566337e-12,3.1195185e-14
928.52000,3.3592800e-12,3.1424481e-14
928.53000,3.3633576e-12,3.1885964e-14
928.54000,3.3683025e-12,3.2523575e-14
928.55000,3.3732504e-12,3.3272903e-14
928.56000,3.3772669e-12,3.3979815e-14
928.57000,3.3791922e-12,3.4471628e-14
928.58000,3.3787824e-12,3.4614608e-14
928.59000,3.3769571e-12,3.4468724e-14
928.60000,3.3742644e-12,3.3993055e-14
928.61000,3.3717873e-12,3.3358480e-14
928.62000,3.3701677e-12,3.2669053e-14
928.63000,3.3692801e-12,3.2006381e-14
928.64000,3.3691545e-12,3.1451102e-14
928.65000,3.3692480e-12,3.1006839e-14
928.66000,3.3691790e-12,3.0703958e-14
928.67000,3.3688392e-12,3.0497291e-14
928.68000,3.3682523e-12,3.0404899e-14
928.69000,3.3677684e-12,3.0374953e-14
928.70000,3.3678277e-12,3.0407292e-14
928.71000,3.3684147e-12,3.0477988e-14
928.72000,3.3696825e-12,3.0605656e-14
928.73000,3.3713074e-12,3.0776071e-14
928.74000,3.3734393e-12,3.1010737e-14
928.75000,3.3760186e-12,3.1287582e-14
928.76000,3.3791032e-12,3.1592206e-14
928.77000,3.3821833e-12,3.1879258e-14
928.78000,3.3845262e-12,3.2084184e-14
928.79000,3.3857735e-12,3.2184669e-14
928.80000,3.3851245e-12,3.2114520e-14
928.81000,3.3830399e-12,3.1929238e-14
928.82000,3.3789955e-12,3.1626488e-14
928.83000,3.3734753e-12,3.1282717e-14
928.84000,3.3667553e-12,3.0974258e-14
928.85000,3.3600621e-12,3.0747717e-14
928.86000,3.3548086e-12,3.0672198e-14
928.87000,3.3521618e-12,3.0735085e-14
928.88000,3.3536682e-12,3.0924222e-14
928.89000,3.3580426e-12,3.1147810e-14
928.90000,3.3649289e-12,3.1336067e-14
928.91000,3.3719957e-12,3.1404091e-14
928.92000,3.3777191e-12,3.1355295e-14
928.93000,3.3802263e-12,3.1162402e-14
928.94000,3.3801151e-12,3.0905162e-14
928.95000,3.3780366e-12,3.0646787e-14
928.96000,3.3755601e-12,3.0430669e-14
928.97000,3.3740101e-12,3.0318162e-14
928.98000,3.3738900e-12,3.0301654e-14
928.99000,3.3756937e-12,3.0417826e-14
929.00000,3.3786347e-12,3.0640689e-14
929.01000,3.3824768e-12,3.1031086e-14
929.02000,3.3863914e-12,3.1538508e-14
929.03000,3.3897155e-12,3.2150087e-14
929.04000,3.3921422e-12,3.2755930e-14
929.05000,3.3924973e-12,3.3167489e-14
929.06000,3.3910200e-12,3.3330533e-14
929.07000,3.3868733e-12,3.3090890e-14
929.08000,3.3811937e-12,3.2603595e-14
929.09000,3.3747698e-12,3.1939676e-14
929.10000,3.3689572e-12,3.1288810e-14
929.11000,3.3649481e-12,3.0774930e-14
929.12000,3.3625429e-12,3.0408521e-14
929.13000,3.3619414e-12,3.0236591e-14
929.14000,3.3622000e-12,3.0178838e-14
929.15000,3.3632509e-12,3.0246512e-14
929.16000,3.3648652e-12,3.0398390e-14
929.17000,3.3674333e-12,3.0641857e-14
929.18000,3.3708962e-12,3.0937194e-14
929.19000,3.3757112e-12,3.1286334e-14
929.20000,3.3815187e-12,3.1665664e-14
929.21000,3.3876615e-12,3.2043544e-14
929.22000,3.3931391e-12,3.2375654e-14
929.23000,3.3966418e-12,3.2577727e-14
929.24000,3.3971422e-12,3.2569428e-14
929.25000,3.3951074e-12,3.2382091e-14
929.26000,3.3900102e-12,3.1996173e-14
929.27000,3.3834280e-12,3.1540295e-14
929.28000,3.3766200e-12,3.1122718e-14
929.29000,3.3705485e-12,3.0797288e-14
929.30000,3.3663352e-12,3.0659586e-14
929.31000,3.3637140e-12,3.0687367e-14
929.32000,3.3628120e-12,3.0934794e-14
929.33000,3.3629855e-12,3.1350855e-14
929.34000,3.3646735e-12,3.1985114e-14
929.35000,3.3676385e-12,3.2726902e-14
929.36000,3.3726986e-12,3.3495870e-14
929.37000,3.3794678e-12,3.4205668e-14
929.38000,3.3885435e-12,3.4774951e-14
929.39000,3.3988877e-12,3.5262459e-14
929.40000,3.4103667e-12,3.5712756e-14
929.41000,3.4219331e-12,3.6159837e-14
929.42000,3.4313317e-12,3.6499132e-14
929.43000,3.4372831e-12,3.6638220e-14
929.44000,3.4363647e-12,3.6331432e-14
929.45000,3.4300567e-12,3.5647976e-14
929.46000,3.4184013e-12,3.4570576e-14
929.47000,3.4054364e-12,3.3389821e-14
929.48000,3.3936317e-12,3.2293961e-14
929.49000,3.3843407e-12,3.1392282e-14
929.50000,3.3789316e-12,3.0800431e-14
929.51000,3.3758295e-12,3.0405640e-14
929.52000,3.3747182e-12,3.0213574e-14
929.53000,3.3742469e-12,3.0134041e-14
929.54000,3.3737341e-12,3.0143389e-14
929.55000,3.3729173e-12,3.0182819e-14
929.56000,3.3718214e-12,3.0233011e-14
929.57000,3.3708373e-12,3.0278087e-14
929.58000,3.3703636e-12,3.0325353e-14
929.59000,3.3703138e-12,3.0393725e-14
929.60000,3.3706096e-12,3.0522885e-14
929.61000,3.3709824e-12,3.0754969e-14
929.62000,3.3714574e-12,3.1087571e-14
929.63000,3.3725503e-12,3.1588064e-14
929.64000,3.3746549e-12,3.2246608e-14
929.65000,3.3783233e-12,3.3124410e-14
929.66000,3.3831084e-12,3.4178909e-14
929.67000,3.3887005e-12,3.5413150e-14
929.68000,3.3939065e-12,3.6646924e-14
929.69000,3.3971328e-12,3.7605625e-14
929.70000,3.3980825e-12,3.8177257e-14
929.71000,3.3954664e-12,3.8065603e-14
929.72000,3.3905591e-12,3.7488088e-14
929.73000,3.3834739e-12,3.6517959e-14
929.74000,3.3752898e-12,3.5422042e-14
929.75000,3.3665146e-12,3.4339487e-14
929.76000,3.3583202e-12,3.3358649e-14
929.77000,3.3526079e-12,3.2558743e-14
929.78000,3.3497344e-12,3.1889347e-14
929.79000,3.3515670e-12,3.1381531e-14
929.80000,3.3561928e-12,3.0956394e-14
929.81000,3.3631735e-12,3.0619425e-14
929.82000,3.3705894e-12,3.0337433e-14
929.83000,3.3771619e-12,3.0132545e-14
929.84000,3.3825109e-12,2.9977618e-14
929.85000,3.3859483e-12,2.9885205e-14
929.86000,3.3880744e-12,2.9835866e-14
929.87000,3.3890098e-12,2.9850140e-14
929.88000,3.3897616e-12,2.9920139e-14
929.89000,3.3913249e-12,3.0105931e-14
929.90000,3.3945458e-12,3.0444666e-14
929.91000,3.4012131e-12,3.1104804e-14
929.92000,3.4108007e-12,3.2068756e-14
929.93000,3.4239893e-12,3.3493777e-14
929.94000,3.4386527e-12,3.5259540e-14
929.95000,3.4514973e-12,3.7208958e-14
929.96000,3.4602975e-12,3.9024491e-14
929.97000,3.4617714e-12,4.0333588e-14
929.98000,3.4574372e-12,4.1012329e-14
929.99000,3.4496551e-12,4.0956103e-14
930.00000,3.4423059e-12,4.0516767e-14
930.01000,3.4372698e-12,3.9761770e-14
930.02000,3.4332979e-12,3.8781242e-14
930.03000,3.4282258e-12,3.7622290e-14
930.04000,3.4200259e-12,3.6262991e-14
930.05000,3.4100352e-12,3.4875790e-14
930.06000,3.4009629e-12,3.3708082e-14
930.07000,3.3943875e-12,3.2855269e-14
930.08000,3.3921830e-12,3.2524771e-14
930.09000,3.3927038e-12,3.2535550e-14
930.10000,3.3945974e-12,3.2731864e-14
930.11000,3.3962632e-12,3.2890761e-14
930.12000,3.3963404e-12,3.2800843e-14
930.13000,3.3947979e-12,3.2470098e-14
930.14000,3.3914737e-12,3.1925720e-14
930.15000,3.3873597e-12,3.1331194e-14
930.16000,3.3832683e-12,3.0812663e-14
930.17000,3.3799935e-12,3.0413728e-14
930.18000,3.3782452e-12,3.0172623e-14
930.19000,3.3774781e-12,3.0020137e-14
930.20000,3.3774604e-12,2.9952711e-14
930.21000,3.3774655e-12,2.9925250e-14
930.22000,3.3771348e-12,2.9960898e-14
930.23000,3.3765513e-12,3.0068039e-14
930.24000,3.3760306e-12,3.0352211e-14
930.25000,3.3760795e-12,3.0814422e-14
930.26000,3.3780873e-12,3.1612178e-14
930.27000,3.3824887e-12,3.2695359e-14
930.28000,3.3909453e-12,3.4108439e-14
930.29000,3.4015499e-12,3.5576473e-14
930.30000,3.4121957e-12,3.6727971e-14
930.31000,3.4197973e-12,3.7330562e-14
930.32000,3.4202759e-12,3.7011286e-14
930.33000,3.4158286e-12,3.6172144e-14
930.34000,3.4076510e-12,3.5032444e-14
930.35000,3.3994049e-12,3.3995090e-14
930.36000,3.3926195e-12,3.3304549e-14
930.37000,3.3865161e-12,3.2842730e-14
930.38000,3.3801069e-12,3.2521764e-14
930.39000,3.3731071e-12,3.2170380e-14
930.40000,3.3664126e-12,3.1709400e-14
930.41000,3.3610393e-12,3.1193761e-14
930.42000,3.3585573e-12,3.0692696e-14
930.43000,3.3589592e-12,3.0279174e-14
930.44000,3.3625302e-12,3.0011573e-14
930.45000,3.3675818e-12,2.9838002e-14
930.46000,3.3733740e-12,2.9749305e-14
930.47000,3.3787283e-12,2.9698240e-14
930.48000,3.3827622e-12,2.9669479e-14
930.49000,3.3856976e-12,2.9652284e-14
930.50000,3.3874807e-12,2.9655308e-14
930.51000,3.3886888e-12,2.9686760e-14
930.52000,3.3898073e-12,2.9740432e-14
930.53000,3.3911781e-12,2.9814058e-14
930.54000,3.3928934e-12,2.9887914e-14
930.55000,3.3948564e-12,2.9943467e-14
930.56000,3.3967053e-12,2.9979576e-14
930.57000,3.3976507e-12,2.9999189e-14
930.58000,3.3972171e-12,3.0028560e-14
930.59000,3.3944951e-12,3.0111741e-14
930.60000,3.3899481e-12,3.0264364e-14
930.61000,3.3835172e-12,3.0539710e-14
930.62000,3.3767645e-12,3.0901445e-14
930.63000,3.3714343e-12,3.1319005e-14
930.64000,3.3682612e-12,3.1734170e-14
930.65000,3.3690435e-12,3.2126240e-14
930.66000,3.3727619e-12,3.2548972e-14
930.67000,3.3796630e-12,3.3206398e-14
930.68000,3.3884768e-12,3.4223718e-14
930.69000,3.3993858e-12,3.5980273e-14
930.70000,3.4110952e-12,3.8266236e-14
930.71000,3.4224523e-12,4.0824162e-14
930.72000,3.4324564e-12,4.3044349e-14
930.73000,3.4391476e-12,4.3918615e-14
930.74000,3.4430163e-12,4.3522345e-14
930.75000,3.4432277e-12,4.1661447e-14
930.76000,3.4415393e-12,3.9271323e-14
930.77000,3.4389331e-12,3.6985282e-14
930.78000,3.4370780e-12,3.5213260e-14
930.79000,3.4377721e-12,3.4381233e-14
930.80000,3.4409455e-12,3.4251939e-14
930.81000,3.4475167e-12,3.5148382e-14
930.82000,3.4556642e-12,3.6776434e-14
930.83000,3.4646263e-12,3.9543270e-14
930.84000,3.4734643e-12,4.3193396e-14
930.85000,3.4816837e-12,4.7619032e-14
930.86000,3.4890105e-12,5.1850026e-14
930.87000,3.4933731e-12,5.4395033e-14
930.88000,3.4933707e-12,5.4695892e-14
930.89000,3.4852151e-12,5.1860112e-14
930.90000,3.4712902e-12,4.7558083e-14
930.91000,3.4518186e-12,4.2705537e-14
930.92000,3.4310182e-12,3.8389011e-14
930.93000,3.4122342e-12,3.5291813e-14
930.94000,3.3964972e-12,3.3042836e-14
930.95000,3.3852566e-12,3.1674796e-14
930.96000,3.3772710e-12,3.0792626e-14
930.97000,3.3726103e-12,3.0324247e-14
930.98000,3.3696494e-12,3.0032063e-14
930.99000,3.3683800e-12,2.9881357e-14
931.00000,3.3682484e-12,2.9794978e-14
931.01000,3.3693962e-12,2.9760803e-14
931.02000,3.3712909e-12,2.9761199e-14
931.03000,3.3738327e-12,2.9828621e-14
931.04000,3.3765110e-12,2.9992998e-14
931.05000,3.3789412e-12,3.0327139e-14
931.06000,3.3811094e-12,3.0794550e-14
931.07000,3.3832280e-12,3.1394833e-14
931.08000,3.3859193e-12,3.2001730e-14
931.09000,3.3898700e-12,3.2424690e-14
931.10000,3.3946085e-12,3.2601788e-14
931.11000,3.3994311e-12,3.2414014e-14
931.12000,3.4027790e-12,3.1942293e-14
931.13000,3.4043400e-12,3.1366666e-14
931.14000,3.4033326e-12,3.0824396e-14
931.15000,3.4007543e-12,3.0411375e-14
931.16000,3.3972717e-12,3.0167622e-14
931.17000,3.3936446e-12,3.0023731e-14
931.18000,3.3903510e-12,2.9949585e-14
931.19000,3.3874896e-12,2.9877186e-14
931.20000,3.3850257e-12,2.9775710e-14
931.21000,3.3827628e-12,2.9653179e-14
931.22000,3.3808541e-12,2.9525938e-14
931.23000,3.3794537e-12,2.9420358e-14
931.24000,3.3790421e-12,2.9365351e-14
931.25000,3.3794545e-12,2.9357817e-14
931.26000,3.3806570e-12,2.9427143e-14
931.27000,3.3819123e-12,2.9561765e-14
931.28000,3.3826377e-12,2.9788503e-14
931.29000,3.3828995e-12,3.0083843e-14
931.30000,3.3830056e-12,3.0441013e-14
931.31000,3.3835374e-12,3.0789970e-14
931.32000,3.3850408e-12,3.1046603e-14
931.33000,3.3872078e-12,3.1211762e-14
931.34000,3.3897640e-12,3.1340016e-14
931.35000,3.3921073e-12,3.1589275e-14
931.36000,3.3938275e-12,3.2218105e-14
931.37000,3.3951341e-12,3.3188515e-14
931.38000,NaN,NaN
931.39000,NaN,NaN
931.40000,NaN,NaN
931.41000,NaN,NaN
931.42000,NaN,NaN
931.43000,NaN,NaN
931.44000,NaN,NaN
931.45000,NaN,NaN
931.46000,NaN,NaN
931.47000,NaN,NaN
931.48000,NaN,NaN
931.49000,NaN,NaN
931.50000,NaN,NaN
931.51000,NaN,NaN
931.52000,NaN,NaN
931.53000,NaN,NaN
931.54000,NaN,NaN
931.55000,NaN,NaN
931.56000,NaN,NaN
931.57000,NaN,NaN
931.58000,NaN,NaN
931.59000,NaN,NaN
931.60000,NaN,NaN
931.61000,NaN,NaN
931.62000,NaN,NaN
931.63000,NaN,NaN
931.64000,NaN,NaN
931.65000,NaN,NaN
931.66000,NaN,NaN
931.67000,NaN,NaN
931.68000,NaN,NaN
931.69000,NaN,NaN
931.70000,NaN,NaN
931.71000,NaN,NaN
931.72000,NaN,NaN
931.73000,NaN,NaN
931.74000,NaN,NaN
931.75000,NaN,NaN
931.76000,NaN,NaN
931.77000,NaN,NaN
931.78000,NaN,NaN
931.79000,NaN,NaN
931.80000,NaN,NaN
931.81000,NaN,NaN
931.82000,NaN,NaN
931.83000,NaN,NaN
931.84000,NaN,NaN
931.85000,NaN,NaN
931.86000,NaN,NaN
931.87000,NaN,NaN
931.88000,NaN,NaN
931.89000,NaN,NaN
931.90000,NaN,NaN
931.91000,NaN,NaN
931.92000,NaN,NaN
931.93000,NaN,NaN
931.94000,NaN,NaN
931.95000,NaN,NaN
931.96000,NaN,NaN
931.97000,NaN,NaN
931.98000,NaN,NaN
931.99000,NaN,NaN
932.00000,NaN,NaN
932.01000,NaN,NaN
932.02000,NaN,NaN
932.03000,NaN,NaN
932.04000,NaN,NaN
932.05000,NaN,NaN
932.06000,NaN,NaN
932.07000,NaN,NaN
932.08000,NaN,NaN
932.09000,NaN,NaN
932.10000,NaN,NaN
932.11000,NaN,NaN
932.12000,NaN,NaN
932.13000,NaN,NaN
932.14000,NaN,NaN
932.15000,NaN,NaN
932.16000,NaN,NaN
932.17000,NaN,NaN
932.18000,NaN,NaN
932.19000,NaN,NaN
932.20000,NaN,NaN
932.21000,NaN,NaN
932.22000,NaN,NaN
932.23000,NaN,NaN
932.24000,NaN,NaN
932.25000,NaN,NaN
932.26000,NaN,NaN
932.27000,NaN,NaN
932.28000,NaN,NaN
932.29000,NaN,NaN
932.30000,NaN,NaN
932.31000,NaN,NaN
932.32000,NaN,NaN
932.33000,NaN,NaN
932.34000,NaN,NaN
932.35000,NaN,NaN
932.36000,NaN,NaN
932.37000,NaN,NaN
932.38000,NaN,NaN
932.39000,NaN,NaN
932.40000,NaN,NaN
932.41000,NaN,NaN
932.42000,NaN,NaN
932.43000,NaN,NaN
932.44000,NaN,NaN
932.45000,NaN,NaN
932.46000,NaN,NaN
932.47000,NaN,NaN
932.48000,NaN,NaN
932.49000,NaN,NaN
932.50000,NaN,NaN
932.51000,NaN,NaN
932.52000,NaN,NaN
932.53000,NaN,NaN
932.54000,NaN,NaN
932.55000,NaN,NaN
932.56000,NaN,NaN
932.57000,NaN,NaN
932.58000,NaN,NaN
932.59000,NaN,NaN
932.60000,NaN,NaN
932.61000,NaN,NaN
932.62000,NaN,NaN
932.63000,NaN,NaN
932.64000,NaN,NaN
932.65000,NaN,NaN
932.66000,NaN,NaN
932.67000,NaN,NaN
932.68000,NaN,NaN
932.69000,NaN,NaN
932.70000,NaN,NaN
932.71000,NaN,NaN
932.72000,NaN,NaN
932.73000,NaN,NaN
932.74000,NaN,NaN
932.75000,NaN,NaN
932.76000,NaN,NaN
932.77000,NaN,NaN
932.78000,NaN,NaN
932.79000,NaN,NaN
932.80000,NaN,NaN
932.81000,NaN,NaN
932.82000,NaN,NaN
932.83000,NaN,NaN
932.84000,NaN,NaN
932.85000,NaN,NaN
932.86000,NaN,NaN
932.87000,NaN,NaN
932.88000,NaN,NaN
932.89000,NaN,NaN
932.90000,NaN,NaN
932.91000,NaN,NaN
932.92000,NaN,NaN
932.93000,NaN,NaN
932.94000,NaN,NaN
932.95000,NaN,NaN
932.96000,NaN,NaN
932.97000,NaN,NaN
932.98000,NaN,NaN
932.99000,NaN,NaN
933.00000,NaN,NaN
933.01000,NaN,NaN
933.02000,NaN,NaN
933.03000,NaN,NaN
933.04000,NaN,NaN
933.05000,NaN,NaN
933.06000,NaN,NaN
933.07000,NaN,NaN
933.08000,NaN,NaN
933.09000,NaN,NaN
933.10000,NaN,NaN
933.11000,NaN,NaN
933.12000,NaN,NaN
933.13000,NaN,NaN
933.14000,NaN,NaN
933.15000,NaN,NaN
933.16000,NaN,NaN
933.17000,NaN,NaN
933.18000,NaN,NaN
933.19000,NaN,NaN
933.20000,NaN,NaN
933.21000,NaN,NaN
933.22000,NaN,NaN
933.23000,NaN,NaN
933.24000,NaN,NaN
933.25000,NaN,NaN
933.26000,NaN,NaN
933.27000,NaN,NaN
933.28000,NaN,NaN
933.29000,NaN,NaN
933.30000,NaN,NaN
933.31000,NaN,NaN
933.32000,NaN,NaN
933.33000,NaN,NaN
933.34000,NaN,NaN
933.35000,NaN,NaN
933.36000,NaN,NaN
933.37000,NaN,NaN
933.38000,NaN,NaN
933.39000,NaN,NaN
933.40000,NaN,NaN
933.41000,NaN,NaN
933.42000,NaN,NaN
933.43000,NaN,NaN
933.44000,NaN,NaN
933.45000,NaN,NaN
933.46000,NaN,NaN
933.47000,NaN,NaN
933.48000,NaN,NaN
933.49000,NaN,NaN
933.50000,NaN,NaN
933.51000,NaN,NaN
933.52000,NaN,NaN
933.53000,NaN,NaN
933.54000,NaN,NaN
933.55000,NaN,NaN
933.56000,NaN,NaN
933.57000,NaN,NaN
933.58000,NaN,NaN
933.59000,NaN,NaN
933.60000,NaN,NaN
933.61000,NaN,NaN
933.62000,NaN,NaN
933.63000,NaN,NaN
933.64000,NaN,NaN
933.65000,NaN,NaN
933.66000,NaN,NaN
933.67000,NaN,NaN
933.68000,NaN,NaN
933.69000,NaN,NaN
933.70000,NaN,NaN
933.71000,NaN,NaN
933.72000,NaN,NaN
933.73000,NaN,NaN
933.74000,NaN,NaN
933.75000,NaN,NaN
933.76000,NaN,NaN
933.77000,NaN,NaN
933.78000,NaN,NaN
933.79000,NaN,NaN
933.80000,NaN,NaN
933.81000,NaN,NaN
933.82000,NaN,NaN
933.83000,NaN,NaN
933.84000,NaN,NaN
933.85000,NaN,NaN
933.86000,NaN,NaN
933.87000,NaN,NaN
933.88000,NaN,NaN
933.89000,NaN,NaN
933.90000,NaN,NaN
933.91000,NaN,NaN
933.92000,NaN,NaN
933.93000,NaN,NaN
933.94000,NaN,NaN
933.95000,NaN,NaN
933.96000,NaN,NaN
933.97000,NaN,NaN
933.98000,NaN,NaN
933.99000,NaN,NaN
934.00000,NaN,NaN
934.01000,NaN,NaN
934.02000,NaN,NaN
934.03000,NaN,NaN
934.04000,NaN,NaN
934.05000,NaN,NaN
934.06000,NaN,NaN
934.07000,3.3958366e-12,3.4429346e-14
934.08000,3.3968685e-12,3.5862712e-14
934.09000,3.3979954e-12,3.7346665e-14
934.10000,3.3994161e-12,3.9077240e-14
934.11000,3.4014079e-12,4.1252964e-14
934.12000,3.4052047e-12,4.4525678e-14
934.13000,3.4122589e-12,4.9455995e-14
934.14000,3.4256417e-12,5.7547995e-14
934.15000,3.4440151e-12,6.8395896e-14
934.16000,3.4662259e-12,8.2440913e-14
934.17000,3.4847994e-12,9.6966428e-14
934.18000,3.4873774e-12,1.0720821e-13
934.19000,3.4735075e-12,1.1142702e-13
934.20000,3.4394755e-12,1.0668784e-13
934.21000,3.3968334e-12,9.6782766e-14
934.22000,3.3555575e-12,8.5408131e-14
934.23000,3.3210208e-12,7.6056675e-14
934.24000,3.2971224e-12,7.1285606e-14
934.25000,3.2805971e-12,7.0482056e-14
934.26000,3.2711405e-12,7.3912781e-14
934.27000,3.2649321e-12,7.9295184e-14
934.28000,3.2610891e-12,8.5809511e-14
934.29000,3.2581977e-12,9.2088052e-14
934.30000,3.2585639e-12,9.7116537e-14
934.31000,3.2642186e-12,1.0084931e-13
934.32000,3.2811727e-12,1.0213482e-13
934.33000,3.3073294e-12,1.0064309e-13
934.34000,3.3386916e-12,9.4729332e-14
934.35000,3.3662546e-12,8.6111092e-14
934.36000,3.3800375e-12,7.5644588e-14
934.37000,3.3805199e-12,6.5587595e-14
934.38000,3.3667305e-12,5.7861905e-14
934.39000,3.3479939e-12,5.2292479e-14
934.40000,3.3288545e-12,4.9641435e-14
934.41000,3.3131319e-12,4.9070435e-14
934.42000,3.3061510e-12,5.1498371e-14
934.43000,3.3078375e-12,5.6149799e-14
934.44000,3.3251291e-12,6.3979886e-14
934.45000,3.3547906e-12,7.3613623e-14
934.46000,3.3946980e-12,8.3135798e-14
934.47000,3.4321637e-12,9.0089867e-14
934.48000,3.4517320e-12,9.0585620e-14
934.49000,3.4526222e-12,8.5910704e-14
934.50000,3.4313876e-12,7.6269558e-14
934.51000,3.4030014e-12,6.5737304e-14
934.52000,3.3754891e-12,5.6652906e-14
934.53000,3.3530086e-12,4.9474717e-14
934.54000,3.3386342e-12,4.4973028e-14
934.55000,3.3286535e-12,4.1860919e-14
934.56000,3.3228799e-12,4.0067827e-14
934.57000,3.3192229e-12,3.8887458e-14
934.58000,3.3182062e-12,3.8292297e-14
934.59000,3.3188777e-12,3.7922336e-14
934.60000,3.3216958e-12,3.7674471e-14
934.61000,3.3257212e-12,3.7409891e-14
934.62000,3.3305027e-12,3.7032498e-14
934.63000,3.3349724e-12,3.6560378e-14
934.64000,3.3382674e-12,3.6021726e-14
934.65000,3.3406433e-12,3.5498411e-14
934.66000,3.3422200e-12,3.5072496e-14
934.67000,3.3437155e-12,3.4740352e-14
934.68000,3.3455258e-12,3.4508626e-14
934.69000,3.3476959e-12,3.4323169e-14
934.70000,3.3505122e-12,3.4178861e-14
934.71000,3.3539082e-12,3.4062091e-14
934.72000,3.3580724e-12,3.3997522e-14
934.73000,3.3626064e-12,3.3980195e-14
934.74000,3.3668730e-12,3.4015733e-14
934.75000,3.3701161e-12,3.4059740e-14
934.76000,3.3711821e-12,3.4062125e-14
934.77000,3.3704023e-12,3.4008806e-14
934.78000,3.3675253e-12,3.3877555e-14
934.79000,3.3639182e-12,3.3712113e-14
934.80000,3.3606793e-12,3.3553135e-14
934.81000,3.3583376e-12,3.3424782e-14
934.82000,3.3575248e-12,3.3353606e-14
934.83000,3.3576252e-12,3.3321706e-14
934.84000,3.3579385e-12,3.3315381e-14
934.85000,3.3578055e-12,3.3315145e-14
934.86000,3.3565487e-12,3.3314773e-14
934.87000,3.3544187e-12,3.3318023e-14
934.88000,3.3518406e-12,3.3346679e-14
934.89000,3.3493554e-12,3.3417016e-14
934.90000,3.3474244e-12,3.3587957e-14
934.91000,3.3460833e-12,3.3881636e-14
934.92000,3.3453147e-12,3.4331864e-14
934.93000,3.3452648e-12,3.4972686e-14
934.94000,3.3458179e-12,3.5707484e-14
934.95000,3.3472671e-12,3.6439110e-14
934.96000,3.3493963e-12,3.6987907e-14
934.97000,3.3517066e-12,3.7120450e-14
934.98000,3.3535101e-12,3.6903477e-14
934.99000,3.3539633e-12,3.6302377e-14
935.00000,3.3530966e-12,3.5539397e-14
935.01000,3.3511941e-12,3.4793651e-14
935.02000,3.3492452e-12,3.4167144e-14
935.03000,3.3480471e-12,3.3746388e-14
935.04000,3.3478449e-12,3.3484795e-14
935.05000,3.3487869e-12,3.3380326e-14
935.06000,3.3502570e-12,3.3352357e-14
935.07000,3.3521071e-12,3.3396400e-14
935.08000,3.3541047e-12,3.3481768e-14
935.09000,3.3561399e-12,3.3607476e-14
935.10000,3.3580351e-12,3.3751747e-14
935.11000,3.3594382e-12,3.3910587e-14
935.12000,3.3602539e-12,3.4078625e-14
935.13000,3.3602454e-12,3.4282433e-14
935.14000,3.3597846e-12,3.4546816e-14
935.15000,3.3589670e-12,3.4991043e-14
935.16000,3.3581116e-12,3.5691953e-14
935.17000,3.3577610e-12,3.6991101e-14
935.18000,3.3583888e-12,3.8872526e-14
935.19000,3.3617343e-12,4.1763819e-14
935.20000,3.3679946e-12,4.5451361e-14
935.21000,3.3782258e-12,5.0049672e-14
935.22000,3.3899401e-12,5.4952094e-14
935.23000,3.4009327e-12,5.9761963e-14
935.24000,3.4096603e-12,6.4241720e-14
935.25000,3.4136837e-12,6.8105255e-14
935.26000,3.4140673e-12,7.1517720e-14
935.27000,3.4092511e-12,7.4202740e-14
935.28000,3.4013406e-12,7.6350423e-14
935.29000,3.3925912e-12,7.8253257e-14
935.30000,3.3874434e-12,8.0789379e-14
935.31000,3.3940249e-12,8.5610873e-14
935.32000,3.4127172e-12,9.2615722e-14
935.33000,3.4478970e-12,1.0135762e-13
935.34000,3.4888600e-12,1.0885689e-13
935.35000,3.5230139e-12,1.1056091e-13
935.36000,3.5433522e-12,1.0635619e-13
935.37000,3.5400034e-12,9.5022248e-14
935.38000,3.5223866e-12,8.1318196e-14
935.39000,3.4955439e-12,6.8631484e-14
935.40000,3.4669119e-12,5.8278208e-14
935.41000,3.4400614e-12,5.1560560e-14
935.42000,3.4166315e-12,4.7049452e-14
935.43000,3.3990512e-12,4.4215125e-14
935.44000,3.3866586e-12,4.2097442e-14
935.45000,3.3814422e-12,4.0502065e-14
935.46000,3.3805024e-12,3.9095988e-14
935.47000,3.3818658e-12,3.7858043e-14
935.48000,3.3832860e-12,3.6769633e-14
935.49000,3.3832867e-12,3.5933810e-14
935.50000,3.3817029e-12,3.5319446e-14
935.51000,3.3787367e-12,3.4945405e-14
935.52000,3.3752536e-12,3.4739759e-14
935.53000,3.3719778e-12,3.4739288e-14
935.54000,3.3696316e-12,3.4881333e-14
935.55000,3.3686559e-12,3.5131077e-14
935.56000,3.3694156e-12,3.5464431e-14
935.57000,3.3710506e-12,3.5827741e-14
935.58000,3.3728349e-12,3.6220329e-14
935.59000,3.3734906e-12,3.6681613e-14
935.60000,3.3714343e-12,3.7400822e-14
935.61000,3.3671647e-12,3.8492301e-14
935.62000,3.3607947e-12,4.0477516e-14
935.63000,3.3546725e-12,4.3757242e-14
935.64000,3.3527565e-12,4.9770950e-14
935.65000,3.3561858e-12,5.8372851e-14
935.66000,3.3673362e-12,7.0710453e-14
935.67000,3.3810420e-12,8.4905952e-14
935.68000,3.3879548e-12,9.7702141e-14
935.69000,3.3832974e-12,1.0645423e-13
935.70000,3.3596734e-12,1.0728017e-13
935.71000,3.3257455e-12,1.0278079e-13
935.72000,3.2895676e-12,9.5193102e-14
935.73000,3.2592226e-12,8.8698606e-14
935.74000,3.2410849e-12,8.6350588e-14
935.75000,3.2314766e-12,8.7352582e-14
935.76000,3.2311019e-12,9.1172751e-14
935.77000,3.2346178e-12,9.4725443e-14
935.78000,3.2406676e-12,9.4625965e-14
935.79000,3.2468867e-12,9.0550505e-14
935.80000,3.2522719e-12,8.1380801e-14
935.81000,3.2570156e-12,7.0460484e-14
935.82000,3.2617066e-12,6.0012378e-14
935.83000,3.2670707e-12,5.1214823e-14
935.84000,3.2739524e-12,4.5234027e-14
935.85000,3.2817717e-12,4.0990160e-14
935.86000,3.2898204e-12,3.8353519e-14
935.87000,3.2972471e-12,3.6506447e-14
935.88000,3.3031119e-12,3.5434107e-14
935.89000,3.3077797e-12,3.4740150e-14
935.90000,3.3114595e-12,3.4375418e-14
935.91000,3.3148277e-12,3.4185056e-14
935.92000,3.3181753e-12,3.4166813e-14
935.93000,3.3216630e-12,3.4229671e-14
935.94000,3.3252187e-12,3.4344536e-14
935.95000,3.3285935e-12,3.4474643e-14
935.96000,3.3311393e-12,3.4598947e-14
935.97000,3.3324916e-12,3.4704049e-14
935.98000,3.3320751e-12,3.4795632e-14
935.99000,3.3304094e-12,3.4905519e-14
936.00000,3.3278228e-12,3.5109680e-14
936.01000,3.3255414e-12,3.5445446e-14
936.02000,3.3244352e-12,3.5907912e-14
936.03000,3.3248919e-12,3.6403591e-14
936.04000,3.3259040e-12,3.6794706e-14
936.05000,3.3265285e-12,3.6895335e-14
936.06000,3.3262744e-12,3.6689820e-14
936.07000,3.3256756e-12,3.6195778e-14
936.08000,3.3258226e-12,3.5620081e-14
936.09000,3.3280524e-12,3.5086299e-14
936.10000,3.3322200e-12,3.4659625e-14
936.11000,3.3381311e-12,3.4368282e-14
936.12000,3.3444393e-12,3.4139714e-14
936.13000,3.3502799e-12,3.3950701e-14
936.14000,3.3552349e-12,3.3770402e-14
936.15000,3.3588738e-12,3.3598081e-14
936.16000,3.3617544e-12,3.3436822e-14
936.17000,3.3639090e-12,3.3306201e-14
936.18000,3.3656813e-12,3.3213107e-14
936.19000,3.3668796e-12,3.3195496e-14
936.20000,3.3675652e-12,3.3241755e-14
936.21000,3.3672763e-12,3.3385530e-14
936.22000,3.3661583e-12,3.3593478e-14
936.23000,3.3638791e-12,3.3856214e-14
936.24000,3.3609961e-12,3.4113162e-14
936.25000,3.3576052e-12,3.4289736e-14
936.26000,3.3539810e-12,3.4368082e-14
936.27000,3.3499872e-12,3.4292823e-14
936.28000,3.3456971e-12,3.4135788e-14
936.29000,3.3411425e-12,3.3948445e-14
936.30000,3.3366034e-12,3.3797737e-14
936.31000,3.3324034e-12,3.3772320e-14
936.32000,3.3285847e-12,3.3884610e-14
936.33000,3.3251538e-12,3.4235816e-14
936.34000,3.3218281e-12,3.4833593e-14
936.35000,3.3183262e-12,3.5955157e-14
936.36000,3.3144880e-12,3.7656460e-14
936.37000,3.3102641e-12,4.0266745e-14
936.38000,3.3059896e-12,4.3589066e-14
936.39000,3.3023324e-12,4.7502629e-14
936.40000,3.2997916e-12,5.1134255e-14
936.41000,3.2986780e-12,5.3227303e-14
936.42000,3.2981669e-12,5.3544031e-14
936.43000,3.2974373e-12,5.1396243e-14
936.44000,3.2960393e-12,4.7916755e-14
936.45000,3.2943229e-12,4.4154693e-14
936.46000,3.2927116e-12,4.1042284e-14
936.47000,3.2910433e-12,3.8729442e-14
936.48000,3.2884517e-12,3.7512457e-14
936.49000,3.2843198e-12,3.7134955e-14
936.50000,3.2783129e-12,3.7819532e-14
936.51000,3.2718901e-12,3.9307156e-14
936.52000,3.2672179e-12,4.2041826e-14
936.53000,3.2662106e-12,4.5832594e-14
936.54000,3.2718249e-12,5.0601761e-14
936.55000,3.2816284e-12,5.5342658e-14
936.56000,3.2940307e-12,5.8579540e-14
936.57000,3.3052476e-12,5.9660896e-14
936.58000,3.3119043e-12,5.7478123e-14
936.59000,3.3148979e-12,5.3651338e-14
936.60000,3.3139801e-12,4.9037363e-14
936.61000,3.3115165e-12,4.4811358e-14
936.62000,3.3082403e-12,4.1777858e-14
936.63000,3.3050981e-12,3.9601420e-14
936.64000,3.3028904e-12,3.8292407e-14
936.65000,3.3019821e-12,3.7344354e-14
936.66000,3.3036913e-12,3.6644196e-14
936.67000,3.3073162e-12,3.5994072e-14
936.68000,3.3126116e-12,3.5378559e-14
936.69000,3.3182892e-12,3.4813761e-14
936.70000,3.3235104e-12,3.4378588e-14
936.71000,3.3279309e-12,3.4070600e-14
936.72000,3.3312669e-12,3.3928849e-14
936.73000,3.3339215e-12,3.3903498e-14
936.74000,3.3359864e-12,3.4029035e-14
936.75000,3.3380034e-12,3.4264222e-14
936.76000,3.3405310e-12,3.4638919e-14
936.77000,3.3437997e-12,3.5144008e-14
936.78000,3.3484930e-12,3.5913491e-14
936.79000,3.3545223e-12,3.7018264e-14
936.80000,3.3617819e-12,3.8654177e-14
936.81000,3.3698178e-12,4.1282031e-14
936.82000,3.3775419e-12,4.4852915e-14
936.83000,3.3832089e-12,4.9792219e-14
936.84000,3.3850483e-12,5.5590417e-14
936.85000,3.3795537e-12,6.1193616e-14
936.86000,3.3680886e-12,6.5488030e-14
936.87000,3.3498548e-12,6.6727076e-14
936.88000,3.3289951e-12,6.5188816e-14
936.89000,3.3092223e-12,6.1011880e-14
936.90000,3.2927880e-12,5.6088199e-14
936.91000,3.2829518e-12,5.1381962e-14
936.92000,3.2787857e-12,4.7364287e-14
936.93000,3.2818442e-12,4.4412878e-14
936.94000,3.2887110e-12,4.2125662e-14
936.95000,3.2988241e-12,4.0675778e-14
936.96000,3.3098465e-12,3.9823583e-14
936.97000,3.3205194e-12,3.9945300e-14
936.98000,3.3300463e-12,4.0839288e-14
936.99000,3.3372087e-12,4.3144380e-14
937.00000,3.3425241e-12,4.6869574e-14
937.01000,3.3460975e-12,5.3665383e-14
937.02000,3.3500044e-12,6.3468641e-14
937.03000,3.3575462e-12,7.7910675e-14
937.04000,3.3694735e-12,9.5226445e-14
937.05000,3.3865338e-12,1.1296173e-13
937.06000,3.4035102e-12,1.2651201e-13
937.07000,3.4131151e-12,1.2943266e-13
937.08000,3.4141524e-12,1.2321121e-13
937.09000,3.4045404e-12,1.0744827e-13
937.10000,3.3907944e-12,8.9143709e-14
937.11000,3.3771642e-12,7.3007902e-14
937.12000,3.3650864e-12,6.0095585e-14
937.13000,3.3551796e-12,5.1647269e-14
937.14000,3.3465259e-12,4.5973181e-14
937.15000,3.3388364e-12,4.2108150e-14
937.16000,3.3323889e-12,3.9679530e-14
937.17000,3.3268896e-12,3.7938761e-14
937.18000,3.3225764e-12,3.6872200e-14
937.19000,3.3190024e-12,3.6221469e-14
937.20000,3.3159288e-12,3.5957642e-14
937.21000,3.3129604e-12,3.5859228e-14
937.22000,3.3101335e-12,3.5839016e-14
937.23000,3.3077296e-12,3.5764123e-14
937.24000,3.3065630e-12,3.5515375e-14
937.25000,3.3065701e-12,3.5128694e-14
937.26000,3.3081138e-12,3.4611860e-14
937.27000,3.3103643e-12,3.4077664e-14
937.28000,3.3127659e-12,3.3629293e-14
937.29000,3.3147627e-12,3.3290597e-14
937.30000,3.3157415e-12,3.3126106e-14
937.31000,3.3157946e-12,3.3074305e-14
937.32000,3.3143285e-12,3.3144234e-14
937.33000,3.3118042e-12,3.3258059e-14
937.34000,3.3081401e-12,3.3371932e-14
937.35000,3.3039829e-12,3.3453821e-14
937.36000,3.2996737e-12,3.3479829e-14
937.37000,3.2956095e-12,3.3487961e-14
937.38000,3.2920773e-12,3.3554852e-14
937.39000,3.2889951e-12,3.3738368e-14
937.40000,3.2866206e-12,3.4183170e-14
937.41000,3.2849150e-12,3.4868875e-14
937.42000,3.2842882e-12,3.5767230e-14
937.43000,3.2846825e-12,3.6697892e-14
937.44000,3.2865181e-12,3.7406244e-14
937.45000,3.2892146e-12,3.7713771e-14
937.46000,3.2922130e-12,3.7543287e-14
937.47000,3.2950031e-12,3.6899257e-14
937.48000,3.2974742e-12,3.6077643e-14
937.49000,3.2996205e-12,3.5243070e-14
937.50000,3.3017438e-12,3.4542672e-14
937.51000,3.3041575e-12,3.4082027e-14
937.52000,3.3068950e-12,3.3787266e-14
937.53000,3.3100290e-12,3.3679263e-14
937.54000,3.3133391e-12,3.3681876e-14
937.55000,3.3166742e-12,3.3801687e-14
937.56000,3.3198887e-12,3.3990131e-14
937.57000,3.3227447e-12,3.4288289e-14
937.58000,3.3252010e-12,3.4699176e-14
937.59000,3.3270017e-12,3.5356519e-14
937.60000,3.3284336e-12,3.6249428e-14
937.61000,3.3297160e-12,3.7610686e-14
937.62000,3.3312064e-12,3.9451969e-14
937.63000,3.3331339e-12,4.2349855e-14
937.64000,3.3350374e-12,4.6317445e-14
937.65000,3.3354139e-12,5.2070344e-14
937.66000,3.3331969e-12,5.9107306e-14
937.67000,3.3254681e-12,6.6883758e-14
937.68000,3.3132542e-12,7.3584894e-14
937.69000,3.2976210e-12,7.6498141e-14
937.70000,3.2820456e-12,7.5595904e-14
937.71000,3.2704449e-12,6.9944754e-14
937.72000,3.2639346e-12,6.2271228e-14
937.73000,3.2620812e-12,5.4544679e-14
937.74000,3.2629629e-12,4.8298252e-14
937.75000,3.2638677e-12,4.3438295e-14
937.76000,3.2632912e-12,4.0158616e-14
937.77000,3.2610220e-12,3.7856358e-14
937.78000,3.2571509e-12,3.6407926e-14
937.79000,3.2527385e-12,3.5384770e-14
937.80000,3.2483177e-12,3.4808194e-14
937.81000,3.2442997e-12,3.4541038e-14
937.82000,3.2411299e-12,3.4694834e-14
937.83000,3.2387692e-12,3.5169627e-14
937.84000,3.2379900e-12,3.6153021e-14
937.85000,3.2387132e-12,3.7544808e-14
937.86000,3.2411186e-12,3.9381128e-14
937.87000,3.2436489e-12,4.1297187e-14
937.88000,3.2440274e-12,4.2794331e-14
937.89000,3.2416859e-12,4.3620034e-14
937.90000,3.2358493e-12,4.3243331e-14
937.91000,3.2289925e-12,4.2146443e-14
937.92000,3.2229928e-12,4.0625663e-14
937.93000,3.2184840e-12,3.9221962e-14
937.94000,3.2160600e-12,3.8456934e-14
937.95000,3.2145942e-12,3.8401430e-14
937.96000,3.2132454e-12,3.9424239e-14
937.97000,3.2113031e-12,4.1432856e-14
937.98000,3.2077988e-12,4.5350208e-14
937.99000,3.2027118e-12,5.1376404e-14
938.00000,3.1957511e-12,6.0543993e-14
938.01000,3.1875789e-12,7.2064528e-14
938.02000,3.1786994e-12,8.5033269e-14
938.03000,3.1708957e-12,9.6004952e-14
938.04000,3.1664150e-12,1.0162145e-13
938.05000,3.1690355e-12,9.8410418e-14
938.06000,3.1777183e-12,8.9770862e-14
938.07000,3.1936015e-12,7.7480224e-14
938.08000,3.2126645e-12,6.5580716e-14
938.09000,3.2314211e-12,5.6584575e-14
938.10000,3.2473892e-12,5.0023749e-14
938.11000,3.2578743e-12,4.6165978e-14
938.12000,3.2643978e-12,4.3612597e-14
938.13000,3.2673769e-12,4.2027853e-14
938.14000,3.2696991e-12,4.0652827e-14
938.15000,3.2727812e-12,3.9278839e-14
938.16000,3.2766173e-12,3.7866260e-14
938.17000,3.2806968e-12,3.6517271e-14
938.18000,3.2842807e-12,3.5320928e-14
938.19000,3.2869091e-12,3.4424474e-14
938.20000,3.2889939e-12,3.3769268e-14
938.21000,3.2907638e-12,3.3448072e-14
938.22000,3.2926628e-12,3.3353975e-14
938.23000,3.2950272e-12,3.3509804e-14
938.24000,3.2977936e-12,3.3825653e-14
938.25000,3.3008995e-12,3.4292274e-14
938.26000,3.3038966e-12,3.4780024e-14
938.27000,3.3063301e-12,3.5164250e-14
938.28000,3.3076599e-12,3.5290141e-14
938.29000,3.3080909e-12,3.5188962e-14
938.30000,3.3075452e-12,3.4824178e-14
938.31000,3.3066745e-12,3.4330277e-14
938.32000,3.3061089e-12,3.3808181e-14
938.33000,3.3060220e-12,3.3335238e-14
938.34000,3.3063645e-12,3.2965368e-14
938.35000,3.3065527e-12,3.2675772e-14
938.36000,3.3059463e-12,3.2473682e-14
938.37000,3.3046676e-12,3.2317191e-14
938.38000,3.3028217e-12,3.2213016e-14
938.39000,3.3010314e-12,3.2144134e-14
938.40000,3.2999250e-12,3.2126707e-14
938.41000,3.2994878e-12,3.2143176e-14
938.42000,3.2997862e-12,3.2200677e-14
938.43000,3.3002657e-12,3.2280282e-14
938.44000,3.3003825e-12,3.2380660e-14
938.45000,3.2998275e-12,3.2490582e-14
938.46000,3.2981099e-12,3.2618320e-14
938.47000,3.2954756e-12,3.2772037e-14
938.48000,3.2916025e-12,3.2995780e-14
938.49000,3.2868840e-12,3.3309777e-14
938.50000,3.2812685e-12,3.3801425e-14
938.51000,3.2749439e-12,3.4504290e-14
938.52000,3.2672207e-12,3.5699027e-14
938.53000,3.2575811e-12,3.7577226e-14
938.54000,3.2450501e-12,4.0544832e-14
938.55000,3.2283280e-12,4.5631694e-14
938.56000,3.2094864e-12,5.2718321e-14
938.57000,3.1916492e-12,6.2659668e-14
938.58000,3.1795751e-12,7.4058213e-14
938.59000,3.1796368e-12,8.4241689e-14
938.60000,3.1880969e-12,9.0978485e-14
938.61000,3.2028593e-12,9.0457441e-14
938.62000,3.2171008e-12,8.4496789e-14
938.63000,3.2259148e-12,7.3948556e-14
938.64000,3.2299118e-12,6.2939429e-14
938.65000,3.2274196e-12,5.3980547e-14
938.66000,3.2204481e-12,4.7236945e-14
938.67000,3.2071242e-12,4.3411491e-14
938.68000,3.1902231e-12,4.1052421e-14
938.69000,3.1718538e-12,3.9750315e-14
938.70000,3.1555952e-12,3.8740105e-14
938.71000,3.1469434e-12,3.7742770e-14
938.72000,3.1464942e-12,3.6620636e-14
938.73000,3.1559096e-12,3.5426892e-14
938.74000,3.1711489e-12,3.4293020e-14
938.75000,3.1911773e-12,3.3381325e-14
938.76000,3.2121377e-12,3.2709077e-14
938.77000,3.2317691e-12,3.2258696e-14
938.78000,3.2478677e-12,3.2009657e-14
938.79000,3.2608281e-12,3.1852931e-14
938.80000,3.2697173e-12,3.1768127e-14
938.81000,3.2758586e-12,3.1713133e-14
938.82000,3.2793635e-12,3.1678010e-14
938.83000,3.2816066e-12,3.1648502e-14
938.84000,3.2826598e-12,3.1620174e-14
938.85000,3.2831754e-12,3.1590327e-14
938.86000,3.2834603e-12,3.1559786e-14
938.87000,3.2839196e-12,3.1531047e-14
938.88000,3.2848257e-12,3.1507472e-14
938.89000,3.2859087e-12,3.1487922e-14
938.90000,3.2866345e-12,3.1473690e-14
938.91000,3.2866344e-12,3.1463372e-14
938.92000,3.2854585e-12,3.1461229e-14
938.93000,3.2836958e-12,3.1469290e-14
938.94000,3.2820723e-12,3.1502409e-14
938.95000,3.2814500e-12,3.1564783e-14
938.96000,3.2827825e-12,3.1673491e-14
938.97000,3.2856198e-12,3.1817538e-14
938.98000,3.2898160e-12,3.1993111e-14
938.99000,3.2940133e-12,3.2165465e-14
939.00000,3.2970598e-12,3.2305026e-14
939.01000,3.2977028e-12,3.2392019e-14
939.02000,3.2964187e-12,3.2457969e-14
939.03000,3.2928167e-12,3.2554854e-14
939.04000,3.2876394e-12,3.2749998e-14
939.05000,3.2804774e-12,3.3161829e-14
939.06000,3.2718878e-12,3.3753789e-14
939.07000,3.2616239e-12,3.4550806e-14
939.08000,3.2511463e-12,3.5394291e-14
939.09000,3.2432434e-12,3.6054637e-14
939.10000,3.2390231e-12,3.6422861e-14
939.11000,3.2409681e-12,3.6252387e-14
939.12000,3.2464387e-12,3.5719119e-14
939.13000,3.2541986e-12,3.4845770e-14
939.14000,3.2615013e-12,3.3908274e-14
939.15000,3.2666932e-12,3.3079376e-14
939.16000,3.2700550e-12,3.2402331e-14
939.17000,3.2709723e-12,3.1956015e-14
939.18000,3.2701905e-12,3.1658611e-14
939.19000,3.2674952e-12,3.1478315e-14
939.20000,3.2634536e-12,3.1349670e-14
939.21000,3.2579336e-12,3.1257383e-14
939.22000,3.2517578e-12,3.1179956e-14
939.23000,3.2455312e-12,3.1117894e-14
939.24000,3.2395975e-12,3.1083621e-14
939.25000,3.2336540e-12,3.1072436e-14
939.26000,3.2265112e-12,3.1088461e-14
939.27000,3.2167862e-12,3.1116685e-14
939.28000,3.2012301e-12,3.1148949e-14
939.29000,3.1805833e-12,3.1181731e-14
939.30000,3.1530743e-12,3.1231291e-14
939.31000,3.1223239e-12,3.1316978e-14
939.32000,3.0925384e-12,3.1496602e-14
939.33000,3.0684073e-12,3.1758553e-14
939.34000,3.0589677e-12,3.2118794e-14
939.35000,3.0632430e-12,3.2507990e-14
939.36000,3.0867287e-12,3.2838148e-14
939.37000,3.1203991e-12,3.3044714e-14
939.38000,3.1583957e-12,3.3035896e-14
939.39000,3.1940740e-12,3.2870369e-14
939.40000,3.2216209e-12,3.2552330e-14
939.41000,3.2413656e-12,3.2195284e-14
939.42000,3.2543454e-12,3.1870615e-14
939.43000,3.2619971e-12,3.1633430e-14
939.44000,3.2675645e-12,3.1465643e-14
939.45000,3.2718693e-12,3.1374870e-14
939.46000,3.2757940e-12,3.1332423e-14
939.47000,3.2792770e-12,3.1350386e-14
939.48000,3.2823110e-12,3.1422026e-14
939.49000,3.2846274e-12,3.1602557e-14
939.50000,3.2866002e-12,3.1897508e-14
939.51000,3.2888576e-12,3.2367783e-14
939.52000,3.2918795e-12,3.2935069e-14
939.53000,3.2963978e-12,3.3531225e-14
939.54000,3.3017645e-12,3.4037499e-14
939.55000,3.3072408e-12,3.4260476e-14
939.56000,3.3117583e-12,3.4218002e-14
939.57000,3.3138532e-12,3.3860565e-14
939.58000,3.3137494e-12,3.3351083e-14
939.59000,3.3106410e-12,3.2765663e-14
939.60000,3.3057784e-12,3.2220412e-14
939.61000,3.2998971e-12,3.1786408e-14
939.62000,3.2939894e-12,3.1448475e-14
939.63000,3.2889480e-12,3.1234341e-14
939.64000,3.2851887e-12,3.1104375e-14
939.65000,3.2827694e-12,3.1036185e-14
939.66000,3.2815890e-12,3.1023320e-14
939.67000,3.2807500e-12,3.1036553e-14
939.68000,3.2795881e-12,3.1072595e-14
939.69000,3.2777036e-12,3.1120163e-14
939.70000,3.2747257e-12,3.1182550e-14
939.71000,3.2711694e-12,3.1258411e-14
939.72000,3.2672888e-12,3.1367340e-14
939.73000,3.2635247e-12,3.1518454e-14
939.74000,3.2601831e-12,3.1781100e-14
939.75000,3.2570818e-12,3.2170556e-14
939.76000,3.2537439e-12,3.2834656e-14
939.77000,3.2496785e-12,3.3788348e-14
939.78000,3.2441050e-12,3.5275425e-14
939.79000,3.2376701e-12,3.7185511e-14
939.80000,3.2317930e-12,3.9395777e-14
939.81000,3.2277486e-12,4.1500317e-14
939.82000,3.2275680e-12,4.2825145e-14
939.83000,3.2304714e-12,4.3055147e-14
939.84000,3.2349776e-12,4.2139642e-14
939.85000,3.2389909e-12,4.0277464e-14
939.86000,3.2414348e-12,3.8217970e-14
939.87000,3.2413969e-12,3.6475584e-14
939.88000,3.2398366e-12,3.5304404e-14
939.89000,3.2373362e-12,3.4991046e-14
939.90000,3.2349463e-12,3.5196231e-14
939.91000,3.2336523e-12,3.5850499e-14
939.92000,3.2336118e-12,3.6558689e-14
939.93000,3.2353623e-12,3.6938284e-14
939.94000,3.2380155e-12,3.6892230e-14
939.95000,3.2413672e-12,3.6243580e-14
939.96000,3.2449448e-12,3.5291040e-14
939.97000,3.2485631e-12,3.4194399e-14
939.98000,3.2519801e-12,3.3201407e-14
939.99000,3.2547248e-12,3.2484956e-14
940.00000,3.2565609e-12,3.2008441e-14
940.01000,3.2564288e-12,3.1867762e-14
940.02000,3.2541847e-12,3.1994051e-14
940.03000,3.2496131e-12,3.2400816e-14
940.04000,3.2424699e-12,3.3172859e-14
940.05000,3.2341073e-12,3.4188272e-14
940.06000,3.2257819e-12,3.5407853e-14
940.07000,3.2197330e-12,3.6576202e-14
940.08000,3.2197071e-12,3.7308572e-14
940.09000,3.2248816e-12,3.7544520e-14
940.10000,3.2360788e-12,3.7049365e-14
940.11000,3.2494119e-12,3.6166673e-14
940.12000,3.2622054e-12,3.5112090e-14
940.13000,3.2727815e-12,3.4200237e-14
940.14000,3.2793648e-12,3.3683989e-14
940.15000,3.2830696e-12,3.3477588e-14
940.16000,3.2832516e-12,3.3602294e-14
940.17000,3.2816319e-12,3.3826552e-14
940.18000,3.2791929e-12,3.3978909e-14
940.19000,3.2771174e-12,3.3987144e-14
940.20000,3.2764575e-12,3.3772173e-14
940.21000,3.2771301e-12,3.3438438e-14
940.22000,3.2786798e-12,3.3099304e-14
940.23000,3.2803917e-12,3.2892628e-14
940.24000,3.2816229e-12,3.2840879e-14
940.25000,3.2815364e-12,3.3016554e-14
940.26000,3.2799276e-12,3.3346201e-14
940.27000,3.2761427e-12,3.3780797e-14
940.28000,3.2711750e-12,3.4196870e-14
940.29000,3.2657163e-12,3.4452843e-14
940.30000,3.2608563e-12,3.4525769e-14
940.31000,3.2574148e-12,3.4348325e-14
940.32000,3.2546280e-12,3.4071578e-14
940.33000,3.2514593e-12,3.3808034e-14
940.34000,3.2472372e-12,3.3632834e-14
940.35000,3.2412407e-12,3.3598254e-14
940.36000,3.2342492e-12,3.3618897e-14
940.37000,3.2269068e-12,3.3599368e-14
940.38000,3.2198376e-12,3.3494988e-14
940.39000,3.2135803e-12,3.3257705e-14
940.40000,3.2080701e-12,3.2944578e-14
940.41000,3.2031229e-12,3.2612140e-14
940.42000,3.1985870e-12,3.2315550e-14
940.43000,3.1941951e-12,3.2066938e-14
940.44000,3.1899337e-12,3.1886314e-14
940.45000,3.1858438e-12,3.1748498e-14
940.46000,3.1823234e-12,3.1648354e-14
940.47000,3.1795294e-12,3.1563865e-14
940.48000,3.1784015e-12,3.1502453e-14
940.49000,3.1789328e-12,3.1466549e-14
940.50000,3.1823538e-12,3.1481182e-14
940.51000,3.1879357e-12,3.1533273e-14
940.52000,3.1964239e-12,3.1625614e-14
940.53000,3.2071786e-12,3.1743695e-14
940.54000,3.2218641e-12,3.1923587e-14
940.55000,3.2402965e-12,3.2197388e-14
940.56000,3.2637793e-12,3.2667599e-14
940.57000,3.2908314e-12,3.3331379e-14
940.58000,3.3210531e-12,3.4249627e-14
940.59000,3.3510712e-12,3.5267893e-14
940.60000,3.3773238e-12,3.6175311e-14
940.61000,3.3936270e-12,3.6629011e-14
940.62000,3.4002732e-12,3.6620716e-14
940.63000,3.3925773e-12,3.5986506e-14
940.64000,3.3752338e-12,3.5024047e-14
940.65000,3.3489006e-12,3.3915259e-14
940.66000,3.3199385e-12,3.2891316e-14
940.67000,3.2914806e-12,3.2119344e-14
940.68000,3.2654119e-12,3.1543304e-14
940.69000,3.2442989e-12,3.1206578e-14
940.70000,3.2273090e-12,3.0994301e-14
940.71000,3.2158770e-12,3.0890110e-14
940.72000,3.2086179e-12,3.0844205e-14
940.73000,3.2070763e-12,3.0871987e-14
940.74000,3.2095169e-12,3.0963807e-14
940.75000,3.2149945e-12,3.1143068e-14
940.76000,3.2222005e-12,3.1475663e-14
940.77000,3.2291920e-12,3.1956484e-14
940.78000,3.2340429e-12,3.2680873e-14
940.79000,3.2358700e-12,3.3612134e-14
940.80000,3.2335071e-12,3.4713880e-14
940.81000,3.2291344e-12,3.5795698e-14
940.82000,3.2246211e-12,3.6575021e-14
940.83000,3.2219645e-12,3.6951417e-14
940.84000,3.2229852e-12,3.6679246e-14
940.85000,3.2259559e-12,3.6062287e-14
940.86000,3.2295480e-12,3.5292725e-14
940.87000,3.2322711e-12,3.4659336e-14
940.88000,3.2326789e-12,3.4515105e-14
940.89000,3.2308889e-12,3.4921981e-14
940.90000,3.2259531e-12,3.6197736e-14
940.91000,3.2183439e-12,3.8260333e-14
940.92000,3.2072040e-12,4.1546788e-14
940.93000,3.1943935e-12,4.5759287e-14
940.94000,3.1823360e-12,5.0370460e-14
940.95000,3.1745964e-12,5.4198379e-14
940.96000,3.1711574e-12,5.6517632e-14
940.97000,3.1726207e-12,5.5959345e-14
940.98000,3.1756486e-12,5.3263233e-14
940.99000,3.1781403e-12,4.8857704e-14
941.00000,3.1795436e-12,4.4304987e-14
941.01000,3.1802150e-12,4.0602714e-14
941.02000,3.1812648e-12,3.7806207e-14
941.03000,3.1838154e-12,3.6206952e-14
941.04000,3.1877899e-12,3.5218946e-14
941.05000,3.1933428e-12,3.4659911e-14
941.06000,3.1995427e-12,3.4227305e-14
941.07000,3.2057100e-12,3.3828783e-14
941.08000,3.2110923e-12,3.3411416e-14
941.09000,3.2150882e-12,3.2988832e-14
941.10000,3.2168964e-12,3.2592151e-14
941.11000,3.2169668e-12,3.2227782e-14
941.12000,3.2148086e-12,3.1914842e-14
941.13000,3.2111986e-12,3.1653791e-14
941.14000,3.2063544e-12,3.1483980e-14
941.15000,3.2010984e-12,3.1389867e-14
941.16000,3.1956591e-12,3.1399621e-14
941.17000,3.1901999e-12,3.1463909e-14
941.18000,3.1845848e-12,3.1551835e-14
941.19000,3.1786463e-12,3.1617824e-14
941.20000,3.1717807e-12,3.1636527e-14
941.21000,3.1638207e-12,3.1639913e-14
941.22000,3.1535450e-12,3.1687201e-14
941.23000,3.1408426e-12,3.1822487e-14
941.24000,3.1244799e-12,3.2085760e-14
941.25000,3.1051056e-12,3.2417781e-14
941.26000,3.0818999e-12,3.2754082e-14
941.27000,3.0564453e-12,3.3000925e-14
941.28000,3.0303499e-12,3.3115828e-14
941.29000,3.0062515e-12,3.3073842e-14
941.30000,2.9858806e-12,3.2958355e-14
941.31000,2.9746107e-12,3.2789917e-14
941.32000,2.9732851e-12,3.2592447e-14
941.33000,2.9881871e-12,3.2334578e-14
941.34000,3.0133839e-12,3.2026397e-14
941.35000,3.0476744e-12,3.1671653e-14
941.36000,3.0834751e-12,3.1320151e-14
941.37000,3.1150034e-12,3.1028952e-14
941.38000,3.1399544e-12,3.0811118e-14
941.39000,3.1556870e-12,3.0686757e-14
941.40000,3.1652605e-12,3.0617858e-14
941.41000,3.1681925e-12,3.0595503e-14
941.42000,3.1676307e-12,3.0583394e-14
941.43000,3.1653015e-12,3.0563440e-14
941.44000,3.1627395e-12,3.0527561e-14
941.45000,3.1612217e-12,3.0486023e-14
941.46000,3.1624879e-12,3.0455572e-14
941.47000,3.1666442e-12,3.0451051e-14
941.48000,3.1747304e-12,3.0496594e-14
941.49000,3.1848585e-12,3.0576971e-14
941.50000,3.1961441e-12,3.0691652e-14
941.51000,3.2068788e-12,3.0814942e-14
941.52000,3.2151733e-12,3.0932811e-14
941.53000,3.2208818e-12,3.1041596e-14
941.54000,3.2230950e-12,3.1151777e-14
941.55000,3.2230913e-12,3.1280553e-14
941.56000,3.2210179e-12,3.1461796e-14
941.57000,3.2183684e-12,3.1699373e-14
941.58000,3.2160016e-12,3.1993087e-14
941.59000,3.2144067e-12,3.2347992e-14
941.60000,3.2131700e-12,3.2752160e-14
941.61000,3.2115888e-12,3.3277034e-14
941.62000,3.2089711e-12,3.4007694e-14
941.63000,3.2046169e-12,3.5279233e-14
941.64000,3.1993810e-12,3.7125047e-14
941.65000,3.1941614e-12,4.0018792e-14
941.66000,3.1899316e-12,4.3644184e-14
941.67000,3.1874946e-12,4.7677038e-14
941.68000,3.1855794e-12,5.1149605e-14
941.69000,3.1822773e-12,5.2592284e-14
941.70000,3.1772142e-12,5.2039712e-14
941.71000,3.1711040e-12,4.9017030e-14
941.72000,3.1665565e-12,4.4963599e-14
941.73000,3.1655382e-12,4.0901339e-14
941.74000,3.1690035e-12,3.7650832e-14
941.75000,3.1748115e-12,3.5156757e-14
941.76000,3.1821330e-12,3.3544209e-14
941.77000,3.1895893e-12,3.2440549e-14
941.78000,3.1966676e-12,3.1793073e-14
941.79000,3.2033962e-12,3.1349741e-14
941.80000,3.2095049e-12,3.1101279e-14
941.81000,3.2148594e-12,3.0948068e-14
941.82000,3.2185094e-12,3.0887888e-14
941.83000,3.2207232e-12,3.0864425e-14
941.84000,3.2214107e-12,3.0861362e-14
941.85000,3.2216173e-12,3.0860790e-14
941.86000,3.2221941e-12,3.0859356e-14
941.87000,3.2237293e-12,3.0861386e-14
941.88000,3.2264272e-12,3.0876648e-14
941.89000,3.2301304e-12,3.0918106e-14
941.90000,3.2341180e-12,3.0980923e-14
941.91000,3.2378773e-12,3.1069083e-14
941.92000,3.2410119e-12,3.1173707e-14
941.93000,3.2429475e-12,3.1303084e-14
941.94000,3.2438988e-12,3.1457641e-14
941.95000,3.2433501e-12,3.1665344e-14
941.96000,3.2417360e-12,3.1917592e-14
941.97000,3.2389494e-12,3.2209176e-14
941.98000,3.2358311e-12,3.2488423e-14
941.99000,3.2330811e-12,3.2679192e-14
942.00000,3.2310150e-12,3.2769521e-14
942.01000,3.2300211e-12,3.2728523e-14
942.02000,3.2296413e-12,3.2648809e-14
942.03000,3.2295513e-12,3.2650297e-14
942.04000,3.2295065e-12,3.2942143e-14
942.05000,3.2293477e-12,3.3566874e-14
942.06000,3.2286832e-12,3.4761573e-14
942.07000,3.2270757e-12,3.6443106e-14
942.08000,3.2237584e-12,3.8540438e-14
942.09000,3.2194549e-12,4.0610017e-14
942.10000,3.2151638e-12,4.1991883e-14
942.11000,3.2122460e-12,4.2464528e-14
942.12000,3.2126622e-12,4.1485881e-14
942.13000,3.2155347e-12,3.9712387e-14
942.14000,3.2204047e-12,3.7515330e-14
942.15000,3.2256627e-12,3.5414750e-14
942.16000,3.2305997e-12,3.3771658e-14
942.17000,3.2350982e-12,3.2573450e-14
942.18000,3.2392662e-12,3.1773363e-14
942.19000,3.2430788e-12,3.1315438e-14
942.20000,3.2466073e-12,3.1019518e-14
942.21000,3.2498305e-12,3.0863200e-14
942.22000,3.2530658e-12,3.0774764e-14
942.23000,3.2567603e-12,3.0743830e-14
942.24000,3.2609585e-12,3.0736700e-14
942.25000,3.2657837e-12,3.0747682e-14
942.26000,3.2708069e-12,3.0762971e-14
942.27000,3.2755804e-12,3.0776295e-14
942.28000,3.2797476e-12,3.0784399e-14
942.29000,3.2825440e-12,3.0784213e-14
942.30000,3.2840015e-12,3.0778752e-14
942.31000,3.2834155e-12,3.0770510e-14
942.32000,3.2814541e-12,3.0767122e-14
942.33000,3.2787462e-12,3.0778782e-14
942.34000,3.2761455e-12,3.0822634e-14
942.35000,3.2741349e-12,3.0896154e-14
942.36000,3.2731132e-12,3.1010947e-14
942.37000,3.2726355e-12,3.1150796e-14
942.38000,3.2722521e-12,3.1301209e-14
942.39000,3.2715570e-12,3.1439949e-14
942.40000,3.2702741e-12,3.1537983e-14
942.41000,3.2687506e-12,3.1598408e-14
942.42000,3.2673901e-12,3.1611067e-14
942.43000,3.2665148e-12,3.1605019e-14
942.44000,3.2664816e-12,3.1606454e-14
942.45000,3.2670408e-12,3.1636460e-14
942.46000,3.2682690e-12,3.1738121e-14
942.47000,3.2699640e-12,3.1923659e-14
942.48000,3.2722956e-12,3.2216227e-14
942.49000,3.2759823e-12,3.2676177e-14
942.50000,3.2810608e-12,3.3280661e-14
942.51000,3.2885065e-12,3.4133245e-14
942.52000,3.2980087e-12,3.5246812e-14
942.53000,3.3106185e-12,3.6914876e-14
942.54000,3.3255915e-12,3.9158682e-14
942.55000,3.3445287e-12,4.2721286e-14
942.56000,3.3666728e-12,4.7722659e-14
942.57000,3.3926117e-12,5.5528792e-14
942.58000,3.4186622e-12,6.5563756e-14
942.59000,3.4363966e-12,7.6988506e-14
942.60000,3.4402496e-12,8.7350501e-14
942.61000,3.4173290e-12,9.2615230e-14
942.62000,3.3734049e-12,9.1470842e-14
942.63000,3.3197493e-12,8.4742955e-14
942.64000,3.2711688e-12,7.4464272e-14
942.65000,3.2343466e-12,6.4324666e-14
942.66000,3.2162944e-12,5.6746982e-14
942.67000,3.2102545e-12,5.1784654e-14
942.68000,3.2175025e-12,5.0506278e-14
942.69000,3.2323566e-12,5.1622162e-14
942.70000,3.2584701e-12,5.6089251e-14
942.71000,3.2936474e-12,6.2979511e-14
942.72000,3.3397123e-12,7.2480188e-14
942.73000,3.3876616e-12,8.2214763e-14
942.74000,3.4253002e-12,8.9233063e-14
942.75000,3.4367210e-12,8.9887429e-14
942.76000,3.4260237e-12,8.5326271e-14
942.77000,3.3931111e-12,7.5639232e-14
942.78000,3.3538890e-12,6.4610880e-14
942.79000,3.3191900e-12,5.4888526e-14
942.80000,3.2919314e-12,4.7115336e-14
942.81000,3.2746044e-12,4.2018972e-14
942.82000,3.2622256e-12,3.8407159e-14
942.83000,3.2535552e-12,3.6268662e-14
942.84000,3.2455400e-12,3.4774909e-14
942.85000,3.2372068e-12,3.3836608e-14
942.86000,3.2285708e-12,3.3180075e-14
942.87000,3.2203594e-12,3.2830356e-14
942.88000,3.2136255e-12,3.2676323e-14
942.89000,3.2096423e-12,3.2713265e-14
942.90000,3.2101372e-12,3.3020465e-14
942.91000,3.2140827e-12,3.3576302e-14
942.92000,3.2221716e-12,3.4597557e-14
942.93000,3.2324838e-12,3.6131125e-14
942.94000,3.2437384e-12,3.8537103e-14
942.95000,3.2540722e-12,4.1560473e-14
942.96000,3.2608218e-12,4.5107889e-14
942.97000,3.2638243e-12,4.8469082e-14
942.98000,3.2608641e-12,5.0467686e-14
942.99000,3.2540587e-12,5.0777817e-14
943.00000,3.2444701e-12,4.8864618e-14
943.01000,3.2347459e-12,4.5763444e-14
943.02000,3.2274244e-12,4.2026535e-14
943.03000,3.2235337e-12,3.8591615e-14
943.04000,3.2228886e-12,3.5827207e-14
943.05000,3.2250348e-12,3.3963757e-14
943.06000,3.2281014e-12,3.2635223e-14
943.07000,3.2313017e-12,3.1856930e-14
943.08000,3.2340500e-12,3.1365064e-14
943.09000,3.2358101e-12,3.1153417e-14
943.10000,3.2367915e-12,3.1059964e-14
943.11000,3.2366879e-12,3.1050274e-14
943.12000,3.2358640e-12,3.1056381e-14
943.13000,3.2342681e-12,3.1040663e-14
943.14000,3.2323979e-12,3.0984924e-14
943.15000,3.2305820e-12,3.0880731e-14
943.16000,3.2291398e-12,3.0730396e-14
943.17000,3.2280614e-12,3.0560396e-14
943.18000,3.2274506e-12,3.0384730e-14
943.19000,3.2270973e-12,3.0220654e-14
943.20000,3.2267515e-12,3.0085336e-14
943.21000,3.2261216e-12,2.9973717e-14
943.22000,3.2246899e-12,2.9893049e-14
943.23000,3.2225697e-12,2.9829250e-14
943.24000,3.2198141e-12,2.9780841e-14
943.25000,3.2171667e-12,2.9737866e-14
943.26000,3.2156110e-12,2.9700047e-14
943.27000,3.2153688e-12,2.9668151e-14
943.28000,3.2171686e-12,2.9650436e-14
943.29000,3.2203561e-12,2.9648831e-14
943.30000,3.2243182e-12,2.9664400e-14
943.31000,3.2283839e-12,2.9698715e-14
943.32000,3.2320614e-12,2.9743490e-14
943.33000,3.2348525e-12,2.9800833e-14
943.34000,3.2368677e-12,2.9869460e-14
943.35000,3.2378222e-12,2.9959871e-14
943.36000,3.2381269e-12,3.0067786e-14
943.37000,3.2377352e-12,3.0194741e-14
943.38000,3.2370905e-12,3.0324458e-14
943.39000,3.2366217e-12,3.0433106e-14
943.40000,3.2367638e-12,3.0503909e-14
943.41000,3.2379058e-12,3.0517081e-14
943.42000,3.2402264e-12,3.0458508e-14
943.43000,3.2431596e-12,3.0356732e-14
943.44000,3.2463693e-12,3.0222500e-14
943.45000,3.2492703e-12,3.0090922e-14
943.46000,3.2511691e-12,2.9998523e-14
943.47000,3.2520888e-12,2.9949679e-14
943.48000,3.2513939e-12,2.9966921e-14
943.49000,3.2494819e-12,3.0021847e-14
943.50000,3.2458921e-12,3.0102004e-14
943.51000,3.2412925e-12,3.0176230e-14
943.52000,3.2358309e-12,3.0224082e-14
943.53000,3.2301183e-12,3.0254487e-14
943.54000,3.2246416e-12,3.0287413e-14
943.55000,3.2198554e-12,3.0357480e-14
943.56000,3.2161168e-12,3.0494852e-14
943.57000,3.2139751e-12,3.0736229e-14
943.58000,3.2129733e-12,3.1049591e-14
943.59000,3.2131884e-12,3.1448654e-14
943.60000,3.2137642e-12,3.1911935e-14
943.61000,3.2137983e-12,3.2526033e-14
943.62000,3.2127886e-12,3.3327544e-14
943.63000,3.2097364e-12,3.4614601e-14
943.64000,3.2049470e-12,3.6491476e-14
943.65000,3.1972363e-12,3.9712445e-14
943.66000,3.1867729e-12,4.4429092e-14
943.67000,3.1727529e-12,5.1038724e-14
943.68000,3.1544437e-12,5.9424885e-14
943.69000,3.1341467e-12,6.8045026e-14
943.70000,3.1151305e-12,7.4589986e-14
943.71000,3.1019362e-12,7.7368527e-14
943.72000,3.1010245e-12,7.4124748e-14
943.73000,3.1088000e-12,6.7466949e-14
943.74000,3.1244530e-12,5.8672958e-14
943.75000,3.1414627e-12,5.0239682e-14
943.76000,3.1561645e-12,4.3729239e-14
943.77000,3.1676205e-12,3.8945216e-14
943.78000,3.1754440e-12,3.5955208e-14
943.79000,3.1813708e-12,3.3929549e-14
943.80000,3.1855310e-12,3.2812313e-14
943.81000,3.1886625e-12,3.2151228e-14
943.82000,3.1909365e-12,3.1758298e-14
943.83000,3.1921615e-12,3.1583643e-14
943.84000,3.1926933e-12,3.1510528e-14
943.85000,3.1923096e-12,3.1547443e-14
943.86000,3.1912839e-12,3.1657942e-14
943.87000,3.1893551e-12,3.1889751e-14
943.88000,3.1868255e-12,3.2227918e-14
943.89000,3.1835291e-12,3.2767884e-14
943.90000,3.1796922e-12,3.3522564e-14
943.91000,3.1751305e-12,3.4753809e-14
943.92000,3.1701208e-12,3.6599550e-14
943.93000,3.1651282e-12,3.9500142e-14
943.94000,3.1619452e-12,4.4867014e-14
943.95000,3.1622138e-12,5.3266481e-14
943.96000,3.1724192e-12,6.8731314e-14
943.97000,3.1960098e-12,9.2508662e-14
943.98000,3.2445759e-12,1.2928652e-13
943.99000,3.3097672e-12,1.7210990e-13
944.00000,3.3824998e-12,2.0977573e-13
944.01000,3.4429372e-12,2.3179012e-13
944.02000,3.4646537e-12,2.2208551e-13
944.03000,3.4514154e-12,1.9061706e-13
944.04000,3.4116043e-12,1.4832256e-13
944.05000,3.3623258e-12,1.0940207e-13
944.06000,3.3173520e-12,7.8857113e-14
944.07000,3.2840508e-12,6.0095323e-14
944.08000,3.2601690e-12,4.8344017e-14
944.09000,3.2461264e-12,4.2393687e-14
944.10000,3.2369359e-12,3.8681821e-14
944.11000,3.2324751e-12,3.6866189e-14
944.12000,3.2301086e-12,3.5908656e-14
944.13000,3.2294130e-12,3.5844402e-14
944.14000,3.2290741e-12,3.6194044e-14
944.15000,3.2285572e-12,3.6751757e-14
944.16000,3.2277772e-12,3.7259613e-14
944.17000,3.2268090e-12,3.7523543e-14
944.18000,3.2259746e-12,3.7586623e-14
944.19000,3.2253627e-12,3.7656497e-14
944.20000,3.2245960e-12,3.8158459e-14
944.21000,3.2232455e-12,3.9220204e-14
944.22000,3.2207878e-12,4.1204404e-14
944.23000,3.2180249e-12,4.3685702e-14
944.24000,3.2165521e-12,4.6098080e-14
944.25000,3.2171897e-12,4.7732509e-14
944.26000,3.2209325e-12,4.7613930e-14
944.27000,3.2261390e-12,4.6137254e-14
944.28000,3.2312377e-12,4.3339142e-14
944.29000,3.2344425e-12,4.0260701e-14
944.30000,3.2351128e-12,3.7558863e-14
944.31000,3.2331477e-12,3.5764119e-14
944.32000,3.2299521e-12,3.4668346e-14
944.33000,3.2256368e-12,3.4369732e-14
944.34000,3.2207031e-12,3.4447490e-14
944.35000,3.2154133e-12,3.4686153e-14
944.36000,3.2105379e-12,3.4787857e-14
944.37000,3.2073977e-12,3.4500583e-14
944.38000,3.2060678e-12,3.3913395e-14
944.39000,3.2071452e-12,3.3044271e-14
944.40000,3.2093182e-12,3.2132793e-14
944.41000,3.2115229e-12,3.1332454e-14
944.42000,3.2127173e-12,3.0772240e-14
944.43000,3.2128795e-12,3.0403252e-14
944.44000,3.2117075e-12,3.0285752e-14
944.45000,3.2097590e-12,3.0362653e-14
944.46000,3.2071776e-12,3.0754375e-14
944.47000,3.2044264e-12,3.1409061e-14
944.48000,3.2015796e-12,3.2490929e-14
944.49000,3.1986349e-12,3.3866870e-14
944.50000,3.1955811e-12,3.5471364e-14
944.51000,3.1926541e-12,3.6959456e-14
944.52000,3.1901772e-12,3.7938812e-14
944.53000,3.1883554e-12,3.7973929e-14
944.54000,3.1869396e-12,3.7294966e-14
944.55000,3.1861166e-12,3.5909193e-14
944.56000,3.1861117e-12,3.4308606e-14
944.57000,3.1877645e-12,3.2822270e-14
944.58000,3.1906601e-12,3.1578720e-14
944.59000,3.1947345e-12,3.0722329e-14
944.60000,3.1988923e-12,3.0102025e-14
944.61000,3.2020358e-12,2.9739860e-14
944.62000,3.2037919e-12,2.9505255e-14
944.63000,3.2038547e-12,2.9367360e-14
944.64000,3.2030941e-12,2.9273925e-14
944.65000,3.2020550e-12,2.9217254e-14
944.66000,3.2014357e-12,2.9177600e-14
944.67000,3.2013679e-12,2.9148010e-14
944.68000,3.2018227e-12,2.9130720e-14
944.69000,3.2024278e-12,2.9122931e-14
944.70000,3.2030353e-12,2.9130714e-14
944.71000,3.2035754e-12,2.9149524e-14
944.72000,3.2039720e-12,2.9180696e-14
944.73000,3.2042360e-12,2.9216867e-14
944.74000,3.2042943e-12,2.9256894e-14
944.75000,3.2041158e-12,2.9303489e-14
944.76000,3.2032565e-12,2.9378518e-14
944.77000,3.2013062e-12,2.9509720e-14
944.78000,3.1979222e-12,2.9734286e-14
944.79000,3.1927880e-12,3.0139698e-14
944.80000,3.1870983e-12,3.0694087e-14
944.81000,3.1825887e-12,3.1426047e-14
944.82000,3.1804900e-12,3.2200572e-14
944.83000,3.1830130e-12,3.2831752e-14
944.84000,3.1886046e-12,3.3208636e-14
944.85000,3.1961888e-12,3.3173675e-14
944.86000,3.2036069e-12,3.2880478e-14
944.87000,3.2089653e-12,3.2415187e-14
944.88000,3.2116432e-12,3.2015269e-14
944.89000,3.2117305e-12,3.1831123e-14
944.90000,3.2093828e-12,3.2038670e-14
944.91000,3.2062881e-12,3.2540678e-14
944.92000,3.2038465e-12,3.3386435e-14
944.93000,3.2030156e-12,3.4353771e-14
944.94000,3.2051317e-12,3.5184907e-14
944.95000,3.2089886e-12,3.5670360e-14
944.96000,3.2136256e-12,3.5492566e-14
944.97000,3.2177729e-12,3.4828333e-14
944.98000,3.2203920e-12,3.3698201e-14
944.99000,3.2216483e-12,3.2463618e-14
945.00000,3.2220873e-12,3.1348509e-14
945.01000,3.2225216e-12,3.0530882e-14
945.02000,3.2235747e-12,2.9938403e-14
945.03000,3.2259283e-12,2.9601848e-14
945.04000,3.2291424e-12,2.9395387e-14
945.05000,3.2327718e-12,2.9309632e-14
945.06000,3.2358652e-12,2.9272261e-14
945.07000,3.2371555e-12,2.9270417e-14
945.08000,3.2366600e-12,2.9281583e-14
945.09000,3.2337187e-12,2.9298404e-14
945.10000,3.2294005e-12,2.9311268e-14
945.11000,3.2246806e-12,2.9316429e-14
945.12000,3.2206732e-12,2.9314092e-14
945.13000,3.2177098e-12,2.9311641e-14
945.14000,3.2163498e-12,2.9319469e-14
945.15000,3.2159185e-12,2.9340775e-14
945.16000,3.2161698e-12,2.9380524e-14
945.17000,3.2164761e-12,2.9427084e-14
945.18000,3.2166802e-12,2.9471224e-14
945.19000,3.2169655e-12,2.9508995e-14
945.20000,3.2178625e-12,2.9541124e-14
945.21000,3.2196996e-12,2.9577742e-14
945.22000,3.2226495e-12,2.9630096e-14
945.23000,3.2267328e-12,2.9718701e-14
945.24000,3.2311768e-12,2.9846557e-14
945.25000,3.2352273e-12,3.0066497e-14
945.26000,3.2383222e-12,3.0405033e-14
945.27000,3.2394978e-12,3.1039232e-14
945.28000,3.2393321e-12,3.1986158e-14
945.29000,3.2380519e-12,3.3490178e-14
945.30000,3.2366103e-12,3.5448218e-14
945.31000,3.2355422e-12,3.7947365e-14
945.32000,3.2346865e-12,4.0643626e-14
945.33000,3.2330259e-12,4.3205925e-14
945.34000,3.2283223e-12,4.5249930e-14
945.35000,3.2205877e-12,4.6833690e-14
945.36000,3.2098815e-12,4.7834383e-14
945.37000,3.2000983e-12,4.8433660e-14
945.38000,3.1973567e-12,4.8265547e-14
945.39000,3.2019037e-12,4.7360706e-14
945.40000,3.2137609e-12,4.5372789e-14
945.41000,3.2268881e-12,4.2763515e-14
945.42000,3.2363672e-12,3.9816595e-14
945.43000,3.2402885e-12,3.7118840e-14
945.44000,3.2391187e-12,3.4998483e-14
945.45000,3.2336304e-12,3.3762655e-14
945.46000,3.2264400e-12,3.3142084e-14
945.47000,3.2181495e-12,3.3326107e-14
945.48000,3.2099375e-12,3.4105814e-14
945.49000,3.2043265e-12,3.5863150e-14
945.50000,3.2034338e-12,3.8393378e-14
945.51000,3.2140623e-12,4.1863725e-14
945.52000,3.2356797e-12,4.5687702e-14
945.53000,3.2700732e-12,4.9040052e-14
945.54000,3.3062667e-12,5.0981976e-14
945.55000,3.3326555e-12,5.0943936e-14
945.56000,3.3363169e-12,4.8592514e-14
945.57000,3.3234033e-12,4.5235430e-14
945.58000,3.2957532e-12,4.1619067e-14
945.59000,3.2656045e-12,3.8440508e-14
945.60000,3.2405950e-12,3.6170386e-14
945.61000,3.2226186e-12,3.4490419e-14
945.62000,3.2136392e-12,3.3326328e-14
945.63000,3.2096136e-12,3.2382749e-14
945.64000,3.2096694e-12,3.1625665e-14
945.65000,3.2107690e-12,3.0980022e-14
945.66000,3.2113721e-12,3.0456785e-14
945.67000,3.2098645e-12,3.0159734e-14
945.68000,3.2061677e-12,3.0085468e-14
945.69000,3.1990969e-12,3.0439316e-14
945.70000,3.1901782e-12,3.1151294e-14
945.71000,NaN,NaN
945.72000,NaN,NaN
945.73000,NaN,NaN
945.74000,NaN,NaN
945.75000,NaN,NaN
945.76000,NaN,NaN
945.77000,NaN,NaN
945.78000,NaN,NaN
945.79000,NaN,NaN
945.80000,NaN,NaN
945.81000,NaN,NaN
945.82000,NaN,NaN
945.83000,NaN,NaN
945.84000,NaN,NaN
945.85000,NaN,NaN
945.86000,NaN,NaN
945.87000,NaN,NaN
945.88000,NaN,NaN
945.89000,NaN,NaN
945.90000,NaN,NaN
945.91000,NaN,NaN
945.92000,NaN,NaN
945.93000,NaN,NaN
945.94000,NaN,NaN
945.95000,NaN,NaN
945.96000,NaN,NaN
945.97000,NaN,NaN
945.98000,NaN,NaN
945.99000,NaN,NaN
946.00000,NaN,NaN
946.01000,NaN,NaN
946.02000,NaN,NaN
946.03000,NaN,NaN
946.04000,NaN,NaN
946.05000,NaN,NaN
946.06000,NaN,NaN
946.07000,NaN,NaN
946.08000,NaN,NaN
946.09000,NaN,NaN
946.10000,NaN,NaN
946.11000,NaN,NaN
946.12000,NaN,NaN
946.13000,NaN,NaN
946.14000,NaN,NaN
946.15000,NaN,NaN
946.16000,NaN,NaN
946.17000,NaN,NaN
946.18000,NaN,NaN
946.19000,NaN,NaN
946.20000,NaN,NaN
946.21000,NaN,NaN
946.22000,NaN,NaN
946.23000,NaN,NaN
946.24000,NaN,NaN
946.25000,NaN,NaN
946.26000,NaN,NaN
946.27000,NaN,NaN
946.28000,NaN,NaN
946.29000,NaN,NaN
946.30000,NaN,NaN
946.31000,NaN,NaN
946.32000,NaN,NaN
946.33000,NaN,NaN
946.34000,NaN,NaN
946.35000,NaN,NaN
946.36000,NaN,NaN
946.37000,NaN,NaN
946.38000,NaN,NaN
946.39000,NaN,NaN
946.40000,NaN,NaN
946.41000,NaN,NaN
946.42000,NaN,NaN
946.43000,NaN,NaN
946.44000,NaN,NaN
946.45000,NaN,NaN
946.46000,NaN,NaN
946.47000,NaN,NaN
946.48000,NaN,NaN
946.49000,NaN,NaN
946.50000,NaN,NaN
946.51000,NaN,NaN
946.52000,NaN,NaN
946.53000,NaN,NaN
946.54000,NaN,NaN
946.55000,NaN,NaN
946.56000,NaN,NaN
946.57000,NaN,NaN
946.58000,NaN,NaN
946.59000,NaN,NaN
946.60000,NaN,NaN
946.61000,NaN,NaN
946.62000,NaN,NaN
946.63000,NaN,NaN
946.64000,NaN,NaN
946.65000,NaN,NaN
946.66000,NaN,NaN
946.67000,NaN,NaN
946.68000,NaN,NaN
946.69000,NaN,NaN
946.70000,NaN,NaN
946.71000,NaN,NaN
946.72000,NaN,NaN
946.73000,NaN,NaN
946.74000,NaN,NaN
946.75000,NaN,NaN
946.76000,NaN,NaN
946.77000,NaN,NaN
946.78000,NaN,NaN
946.79000,NaN,NaN
946.80000,NaN,NaN
946.81000,NaN,NaN
946.82000,NaN,NaN
946.83000,NaN,NaN
946.84000,NaN,NaN
946.85000,NaN,NaN
946.86000,NaN,NaN
946.87000,NaN,NaN
946.88000,NaN,NaN
946.89000,NaN,NaN
946.90000,NaN,NaN
946.91000,NaN,NaN
946.92000,NaN,NaN
946.93000,NaN,NaN
946.94000,NaN,NaN
946.95000,NaN,NaN
946.96000,NaN,NaN
946.97000,NaN,NaN
946.98000,NaN,NaN
946.99000,NaN,NaN
947.00000,NaN,NaN
947.01000,NaN,NaN
947.02000,NaN,NaN
947.03000,NaN,NaN
947.04000,NaN,NaN
947.05000,NaN,NaN
947.06000,NaN,NaN
947.07000,NaN,NaN
947.08000,NaN,NaN
947.09000,NaN,NaN
947.10000,NaN,NaN
947.11000,NaN,NaN
947.12000,NaN,NaN
947.13000,NaN,NaN
947.14000,NaN,NaN
947.15000,NaN,NaN
947.16000,NaN,NaN
947.17000,NaN,NaN
947.18000,NaN,NaN
947.19000,NaN,NaN
947.20000,NaN,NaN
947.21000,NaN,NaN
947.22000,NaN,NaN
947.23000,NaN,NaN
947.24000,NaN,NaN
947.25000,NaN,NaN
947.26000,NaN,NaN
947.27000,NaN,NaN
947.28000,NaN,NaN
947.29000,NaN,NaN
947.30000,NaN,NaN
947.31000,NaN,NaN
947.32000,NaN,NaN
947.33000,NaN,NaN
947.34000,NaN,NaN
947.35000,NaN,NaN
947.36000,NaN,NaN
947.37000,NaN,NaN
947.38000,NaN,NaN
947.39000,NaN,NaN
947.40000,NaN,NaN
947.41000,NaN,NaN
947.42000,NaN,NaN
947.43000,NaN,NaN
947.44000,NaN,NaN
947.45000,NaN,NaN
947.46000,NaN,NaN
947.47000,NaN,NaN
947.48000,NaN,NaN
947.49000,NaN,NaN
947.50000,NaN,NaN
947.51000,NaN,NaN
947.52000,NaN,NaN
947.53000,NaN,NaN
947.54000,NaN,NaN
947.55000,NaN,NaN
947.56000,NaN,NaN
947.57000,NaN,NaN
947.58000,NaN,NaN
947.59000,NaN,NaN
947.60000,NaN,NaN
947.61000,NaN,NaN
947.62000,NaN,NaN
947.63000,NaN,NaN
947.64000,NaN,NaN
947.65000,NaN,NaN
947.66000,NaN,NaN
947.67000,NaN,NaN
947.68000,NaN,NaN
947.69000,NaN,NaN
947.70000,NaN,NaN
947.71000,NaN,NaN
947.72000,NaN,NaN
947.73000,NaN,NaN
947.74000,NaN,NaN
947.75000,NaN,NaN
947.76000,NaN,NaN
947.77000,NaN,NaN
947.78000,NaN,NaN
947.79000,NaN,NaN
947.80000,NaN,NaN
947.81000,NaN,NaN
947.82000,NaN,NaN
947.83000,NaN,NaN
947.84000,NaN,NaN
947.85000,NaN,NaN
947.86000,NaN,NaN
947.87000,NaN,NaN
947.88000,NaN,NaN
947.89000,NaN,NaN
947.90000,NaN,NaN
947.91000,NaN,NaN
947.92000,NaN,NaN
947.93000,NaN,NaN
947.94000,NaN,NaN
947.95000,NaN,NaN
947.96000,NaN,NaN
947.97000,NaN,NaN
947.98000,NaN,NaN
947.99000,NaN,NaN
948.00000,NaN,NaN
948.01000,NaN,NaN
948.02000,NaN,NaN
948.03000,NaN,NaN
948.04000,NaN,NaN
948.05000,NaN,NaN
948.06000,NaN,NaN
948.07000,NaN,NaN
948.08000,NaN,NaN
948.09000,NaN,NaN
948.10000,NaN,NaN
948.11000,NaN,NaN
948.12000,NaN,NaN
948.13000,NaN,NaN
948.14000,NaN,NaN
948.15000,NaN,NaN
948.16000,NaN,NaN
948.17000,NaN,NaN
948.18000,NaN,NaN
948.19000,NaN,NaN
948.20000,NaN,NaN
948.21000,NaN,NaN
948.22000,NaN,NaN
948.23000,NaN,NaN
948.24000,NaN,NaN
948.25000,NaN,NaN
948.26000,NaN,NaN
948.27000,NaN,NaN
948.28000,NaN,NaN
948.29000,NaN,NaN
948.30000,NaN,NaN
948.31000,NaN,NaN
948.32000,NaN,NaN
948.33000,NaN,NaN
948.34000,NaN,NaN
948.35000,NaN,NaN
948.36000,NaN,NaN
948.37000,NaN,NaN
948.38000,NaN,NaN
948.39000,NaN,NaN
948.40000,NaN,NaN
948.41000,NaN,NaN
948.42000,NaN,NaN
948.43000,NaN,NaN
948.44000,NaN,NaN
948.45000,NaN,NaN
948.46000,NaN,NaN
948.47000,NaN,NaN
948.48000,NaN,NaN
948.49000,NaN,NaN
948.50000,NaN,NaN
948.51000,NaN,NaN
948.52000,NaN,NaN
948.53000,NaN,NaN
948.54000,NaN,NaN
948.55000,NaN,NaN
948.56000,NaN,NaN
948.57000,NaN,NaN
948.58000,NaN,NaN
948.59000,NaN,NaN
948.60000,NaN,NaN
948.61000,3.1763816e-12,3.2952648e-14
948.62000,3.1707178e-12,3.4233009e-14
948.63000,3.1685038e-12,3.5403009e-14
948.64000,3.1699034e-12,3.6305929e-14
948.65000,3.1725424e-12,3.6965110e-14
948.66000,3.1746476e-12,3.7176934e-14
948.67000,3.1751089e-12,3.7028195e-14
948.68000,3.1726736e-12,3.6406267e-14
948.69000,3.1684175e-12,3.5547057e-14
948.70000,3.1632344e-12,3.4614352e-14
948.71000,3.1581441e-12,3.3788226e-14
948.72000,3.1535975e-12,3.3111287e-14
948.73000,3.1499943e-12,3.2656860e-14
948.74000,3.1470576e-12,3.2342296e-14
948.75000,3.1449504e-12,3.2171533e-14
948.76000,3.1433688e-12,3.2064246e-14
948.77000,3.1425442e-12,3.2006618e-14
948.78000,3.1423986e-12,3.1971684e-14
948.79000,3.1433714e-12,3.1959644e-14
948.80000,3.1453445e-12,3.1963848e-14
948.81000,3.1480714e-12,3.1983268e-14
948.82000,3.1514003e-12,3.2028892e-14
948.83000,3.1548551e-12,3.2099220e-14
948.84000,3.1582050e-12,3.2219070e-14
948.85000,3.1613904e-12,3.2384681e-14
948.86000,3.1642725e-12,3.2620332e-14
948.87000,3.1668106e-12,3.2900105e-14
948.88000,3.1688552e-12,3.3190122e-14
948.89000,3.1702411e-12,3.3423862e-14
948.90000,3.1713458e-12,3.3573787e-14
948.91000,3.1727594e-12,3.3567742e-14
948.92000,3.1749916e-12,3.3451976e-14
948.93000,3.1787726e-12,3.3227993e-14
948.94000,3.1835073e-12,3.2976263e-14
948.95000,3.1885945e-12,3.2743990e-14
948.96000,3.1931101e-12,3.2572511e-14
948.97000,3.1968004e-12,3.2453368e-14
948.98000,3.1992841e-12,3.2400404e-14
948.99000,3.2010592e-12,3.2389698e-14
949.00000,3.2022288e-12,3.2431244e-14
949.01000,3.2031300e-12,3.2508677e-14
949.02000,3.2035677e-12,3.2641666e-14
949.03000,3.2035257e-12,3.2819687e-14
949.04000,3.2027461e-12,3.3055574e-14
949.05000,3.2014953e-12,3.3316436e-14
949.06000,3.2000735e-12,3.3560165e-14
949.07000,3.1987524e-12,3.3713291e-14
949.08000,3.1975964e-12,3.3768750e-14
949.09000,3.1965379e-12,3.3677074e-14
949.10000,3.1953268e-12,3.3507053e-14
949.11000,3.1935259e-12,3.3287128e-14
949.12000,3.1910227e-12,3.3082603e-14
949.13000,3.1877475e-12,3.2931979e-14
949.14000,3.1837976e-12,3.2874992e-14
949.15000,3.1796906e-12,3.2895381e-14
949.16000,3.1759658e-12,3.3043970e-14
949.17000,3.1729611e-12,3.3309436e-14
949.18000,3.1714496e-12,3.3791185e-14
949.19000,3.1712166e-12,3.4471038e-14
949.20000,3.1724430e-12,3.5434517e-14
949.21000,3.1750717e-12,3.6816266e-14
949.22000,3.1784084e-12,3.8568691e-14
949.23000,3.1820459e-12,4.0899768e-14
949.24000,3.1850653e-12,4.3663459e-14
949.25000,3.1853735e-12,4.6750251e-14
949.26000,3.1823615e-12,4.9749280e-14
949.27000,3.1737289e-12,5.2220532e-14
949.28000,3.1618643e-12,5.4279014e-14
949.29000,3.1497940e-12,5.6346727e-14
949.30000,3.1431917e-12,5.9375570e-14
949.31000,3.1463049e-12,6.4195930e-14
949.32000,3.1637856e-12,7.1591427e-14
949.33000,3.1888316e-12,8.0028029e-14
949.34000,3.2142061e-12,8.6948038e-14
949.35000,3.2307751e-12,9.0374484e-14
949.36000,3.2268027e-12,8.7069151e-14
949.37000,3.2068263e-12,7.9060312e-14
949.38000,3.1774440e-12,6.8562844e-14
949.39000,3.1481415e-12,5.8394544e-14
949.40000,3.1241163e-12,4.9869573e-14
949.41000,3.1095873e-12,4.4081346e-14
949.42000,3.1012142e-12,3.9982823e-14
949.43000,3.0992183e-12,3.7615856e-14
949.44000,3.0999636e-12,3.6046729e-14
949.45000,3.1022075e-12,3.5056873e-14
949.46000,3.1047722e-12,3.4461891e-14
949.47000,3.1070437e-12,3.4039218e-14
949.48000,3.1086361e-12,3.3760772e-14
949.49000,3.1096474e-12,3.3552694e-14
949.50000,3.1097539e-12,3.3424005e-14
949.51000,3.1090592e-12,3.3347424e-14
949.52000,3.1067844e-12,3.3343771e-14
949.53000,3.1029404e-12,3.3393004e-14
949.54000,3.0963238e-12,3.3512273e-14
949.55000,3.0869623e-12,3.3682394e-14
949.56000,3.0747456e-12,3.3892655e-14
949.57000,3.0581957e-12,3.4157035e-14
949.58000,3.0381225e-12,3.4472889e-14
949.59000,3.0118912e-12,3.4932911e-14
949.60000,2.9804955e-12,3.5584146e-14
949.61000,2.9411326e-12,3.6691905e-14
949.62000,2.8959660e-12,3.8314257e-14
949.63000,2.8470220e-12,4.0509334e-14
949.64000,2.7992741e-12,4.3145004e-14
949.65000,2.7575908e-12,4.5697776e-14
949.66000,2.7332310e-12,4.7282160e-14
949.67000,2.7261461e-12,4.7640079e-14
949.68000,2.7445436e-12,4.6134993e-14
949.69000,2.7783595e-12,4.3619060e-14
949.70000,2.8223502e-12,4.0702612e-14
949.71000,2.8692791e-12,3.8098330e-14
949.72000,2.9137727e-12,3.5994234e-14
949.73000,2.9511784e-12,3.4623890e-14
949.74000,2.9819677e-12,3.3713955e-14
949.75000,3.0033692e-12,3.3294549e-14
949.76000,3.0188551e-12,3.3118135e-14
949.77000,3.0277451e-12,3.3175023e-14
949.78000,3.0325820e-12,3.3358346e-14
949.79000,3.0325647e-12,3.3676561e-14
949.80000,3.0291012e-12,3.4090447e-14
949.81000,3.0233849e-12,3.4600296e-14
949.82000,3.0166278e-12,3.5295266e-14
949.83000,3.0109408e-12,3.6160699e-14
949.84000,3.0095533e-12,3.7284639e-14
949.85000,3.0127191e-12,3.8558173e-14
949.86000,3.0226715e-12,3.9895060e-14
949.87000,3.0368811e-12,4.1085796e-14
949.88000,3.0527603e-12,4.1937956e-14
949.89000,3.0672959e-12,4.2188142e-14
949.90000,3.0793825e-12,4.2026511e-14
949.91000,3.0880473e-12,4.1564640e-14
949.92000,3.0957725e-12,4.1243913e-14
949.93000,3.1053376e-12,4.1756679e-14
949.94000,3.1189458e-12,4.3486854e-14
949.95000,3.1386509e-12,4.7103596e-14
949.96000,3.1671361e-12,5.3866011e-14
949.97000,3.2018590e-12,6.3255732e-14
949.98000,3.2424412e-12,7.6077392e-14
949.99000,3.2817632e-12,9.0077254e-14
950.00000,3.3064483e-12,1.0190678e-13
950.01000,3.3109556e-12,1.0891409e-13
950.02000,3.2897134e-12,1.0868561e-13
950.03000,3.2486320e-12,1.0155227e-13
950.04000,3.2051820e-12,9.2015480e-14
950.05000,3.1752385e-12,8.3121025e-14
950.06000,3.1624177e-12,7.6536653e-14
950.07000,3.1694980e-12,7.2920051e-14
950.08000,3.1821836e-12,7.0160090e-14
950.09000,3.1900655e-12,6.6714599e-14
950.10000,3.1894499e-12,6.2133392e-14
950.11000,3.1774652e-12,5.6272869e-14
950.12000,3.1608031e-12,5.0224294e-14
950.13000,3.1454355e-12,4.4803984e-14
950.14000,3.1366422e-12,4.0813272e-14
950.15000,3.1332527e-12,3.7869106e-14
950.16000,3.1352306e-12,3.6073993e-14
950.17000,3.1390078e-12,3.4849523e-14
950.18000,3.1429402e-12,3.4155178e-14
950.19000,3.1453900e-12,3.3702258e-14
950.20000,3.1456701e-12,3.3375654e-14
950.21000,3.1428690e-12,3.3135022e-14
950.22000,3.1380260e-12,3.2926188e-14
950.23000,3.1305583e-12,3.2742773e-14
950.24000,3.1214305e-12,3.2565268e-14
950.25000,3.1101935e-12,3.2382151e-14
950.26000,3.0977871e-12,3.2188664e-14
950.27000,3.0850448e-12,3.1991591e-14
950.28000,3.0733659e-12,3.1814904e-14
950.29000,3.0632925e-12,3.1671488e-14
950.30000,3.0561759e-12,3.1600069e-14
950.31000,3.0512250e-12,3.1593226e-14
950.32000,3.0489535e-12,3.1685810e-14
950.33000,3.0482320e-12,3.1847395e-14
950.34000,3.0487353e-12,3.2059012e-14
950.35000,3.0500390e-12,3.2268690e-14
950.36000,3.0514859e-12,3.2430578e-14
950.37000,3.0526779e-12,3.2473573e-14
950.38000,3.0536167e-12,3.2417940e-14
950.39000,3.0545741e-12,3.2270594e-14
950.40000,3.0558719e-12,3.2119091e-14
950.41000,3.0576931e-12,3.2040867e-14
950.42000,3.0599118e-12,3.2128738e-14
950.43000,3.0622159e-12,3.2374038e-14
950.44000,3.0644565e-12,3.2855687e-14
950.45000,3.0666231e-12,3.3504778e-14
950.46000,3.0685936e-12,3.4280846e-14
950.47000,3.0701960e-12,3.5024262e-14
950.48000,3.0708163e-12,3.5518689e-14
950.49000,3.0706181e-12,3.5721892e-14
950.50000,3.0697872e-12,3.5483432e-14
950.51000,3.0692073e-12,3.4943891e-14
950.52000,3.0692967e-12,3.4258669e-14
950.53000,3.0700910e-12,3.3557253e-14
950.54000,3.0709431e-12,3.2932100e-14
950.55000,3.0712660e-12,3.2464844e-14
950.56000,3.0710421e-12,3.2113770e-14
950.57000,3.0702041e-12,3.1903040e-14
950.58000,3.0691936e-12,3.1772297e-14
950.59000,3.0684127e-12,3.1684961e-14
950.60000,3.0685091e-12,3.1620128e-14
950.61000,3.0695261e-12,3.1560353e-14
950.62000,3.0719574e-12,3.1514419e-14
950.63000,3.0750885e-12,3.1490088e-14
950.64000,3.0783329e-12,3.1513009e-14
950.65000,3.0807921e-12,3.1581048e-14
950.66000,3.0818275e-12,3.1692825e-14
950.67000,3.0808701e-12,3.1842105e-14
950.68000,3.0787048e-12,3.2000642e-14
950.69000,3.0755144e-12,3.2140211e-14
950.70000,3.0721612e-12,3.2244816e-14
950.71000,3.0692041e-12,3.2283936e-14
950.72000,3.0668706e-12,3.2274350e-14
950.73000,3.0652514e-12,3.2228634e-14
950.74000,3.0642372e-12,3.2169689e-14
950.75000,3.0634015e-12,3.2119350e-14
950.76000,3.0625021e-12,3.2096971e-14
950.77000,3.0614769e-12,3.2097158e-14
950.78000,3.0604084e-12,3.2114984e-14
950.79000,3.0594416e-12,3.2127362e-14
950.80000,3.0586512e-12,3.2113023e-14
950.81000,3.0580700e-12,3.2054980e-14
950.82000,3.0576614e-12,3.1968089e-14
950.83000,3.0575798e-12,3.1858051e-14
950.84000,3.0577716e-12,3.1744756e-14
950.85000,3.0581521e-12,3.1637723e-14
950.86000,3.0584056e-12,3.1537912e-14
950.87000,3.0581705e-12,3.1449946e-14
950.88000,3.0575218e-12,3.1375713e-14
950.89000,3.0565351e-12,3.1332549e-14
950.90000,3.0556561e-12,3.1329816e-14
950.91000,3.0551656e-12,3.1370177e-14
950.92000,3.0553940e-12,3.1480095e-14
950.93000,3.0561163e-12,3.1646062e-14
950.94000,3.0574697e-12,3.1905724e-14
950.95000,3.0593590e-12,3.2247996e-14
950.96000,3.0621926e-12,3.2710758e-14
950.97000,3.0658197e-12,3.3245592e-14
950.98000,3.0696796e-12,3.3773180e-14
950.99000,3.0723540e-12,3.4136001e-14
951.00000,3.0731025e-12,3.4286610e-14
951.01000,3.0705142e-12,3.4092098e-14
951.02000,3.0660263e-12,3.3688757e-14
951.03000,3.0605378e-12,3.3119494e-14
951.04000,3.0557798e-12,3.2543399e-14
951.05000,3.0523957e-12,3.2040863e-14
951.06000,3.0506241e-12,3.1675276e-14
951.07000,3.0495284e-12,3.1403593e-14
951.08000,3.0487719e-12,3.1240866e-14
951.09000,3.0480829e-12,3.1139843e-14
951.10000,3.0476293e-12,3.1117716e-14
951.11000,3.0475742e-12,3.1157869e-14
951.12000,3.0480134e-12,3.1266403e-14
951.13000,3.0489095e-12,3.1478062e-14
951.14000,3.0498537e-12,3.1769589e-14
951.15000,3.0501907e-12,3.2165693e-14
951.16000,3.0495346e-12,3.2599958e-14
951.17000,3.0467410e-12,3.2992944e-14
951.18000,3.0419814e-12,3.3257766e-14
951.19000,3.0355386e-12,3.3322758e-14
951.20000,3.0282286e-12,3.3137204e-14
951.21000,3.0212365e-12,3.2826063e-14
951.22000,3.0157906e-12,3.2478141e-14
951.23000,3.0118582e-12,3.2213968e-14
951.24000,3.0101628e-12,3.2185987e-14
951.25000,3.0100356e-12,3.2391888e-14
951.26000,3.0112684e-12,3.2836901e-14
951.27000,3.0132944e-12,3.3464030e-14
951.28000,3.0150260e-12,3.4109525e-14
951.29000,3.0147478e-12,3.4589198e-14
951.30000,3.0121589e-12,3.4843145e-14
951.31000,3.0066161e-12,3.4774353e-14
951.32000,3.0001210e-12,3.4558990e-14
951.33000,2.9944155e-12,3.4337661e-14
951.34000,2.9913383e-12,3.4248625e-14
951.35000,2.9904681e-12,3.4266889e-14
951.36000,2.9918827e-12,3.4322826e-14
951.37000,2.9938926e-12,3.4283627e-14
951.38000,2.9953847e-12,3.3997552e-14
951.39000,2.9959947e-12,3.3526576e-14
951.40000,2.9958778e-12,3.2934366e-14
951.41000,2.9957219e-12,3.2353254e-14
951.42000,2.9959329e-12,3.1856846e-14
951.43000,2.9966905e-12,3.1524656e-14
951.44000,2.9975606e-12,3.1314485e-14
951.45000,2.9979861e-12,3.1244450e-14
951.46000,2.9977511e-12,3.1247143e-14
951.47000,2.9966482e-12,3.1316850e-14
951.48000,2.9948926e-12,3.1460231e-14
951.49000,2.9930752e-12,3.1668117e-14
951.50000,2.9918629e-12,3.1996014e-14
951.51000,2.9915103e-12,3.2446312e-14
951.52000,2.9922724e-12,3.3105228e-14
951.53000,2.9933902e-12,3.3928398e-14
951.54000,2.9942471e-12,3.5013123e-14
951.55000,2.9947850e-12,3.6365092e-14
951.56000,2.9958867e-12,3.8324526e-14
951.57000,2.9995665e-12,4.1172011e-14
951.58000,3.0074585e-12,4.5102423e-14
951.59000,3.0219292e-12,5.0639029e-14
951.60000,3.0390464e-12,5.6936348e-14
951.61000,3.0524864e-12,6.2779258e-14
951.62000,3.0578780e-12,6.6979391e-14
951.63000,3.0490420e-12,6.7595491e-14
951.64000,3.0304980e-12,6.4906480e-14
951.65000,3.0089456e-12,6.0084653e-14
951.66000,2.9911188e-12,5.4150587e-14
951.67000,2.9790711e-12,4.8503574e-14
951.68000,2.9750527e-12,4.4007075e-14
951.69000,2.9754055e-12,4.0474444e-14
951.70000,2.9792651e-12,3.8139905e-14
951.71000,2.9835326e-12,3.6543769e-14
951.72000,2.9863420e-12,3.5375207e-14
951.73000,2.9854959e-12,3.4516858e-14
951.74000,2.9816440e-12,3.3768050e-14
951.75000,2.9742603e-12,3.3148713e-14
951.76000,2.9652932e-12,3.2654075e-14
951.77000,2.9557268e-12,3.2411495e-14
951.78000,2.9473405e-12,3.2457046e-14
951.79000,2.9415656e-12,3.2849219e-14
951.80000,2.9412856e-12,3.3832870e-14
951.81000,2.9458553e-12,3.5309772e-14
951.82000,2.9571313e-12,3.7480997e-14
951.83000,2.9715345e-12,3.9987659e-14
951.84000,2.9856429e-12,4.2433658e-14
951.85000,2.9944594e-12,4.4187306e-14
951.86000,2.9951712e-12,4.4807058e-14
951.87000,2.9855746e-12,4.3833667e-14
951.88000,2.9712360e-12,4.2011206e-14
951.89000,2.9556662e-12,3.9737481e-14
951.90000,2.9423444e-12,3.7612718e-14
951.91000,2.9340577e-12,3.6012825e-14
951.92000,2.9299179e-12,3.4898952e-14
951.93000,2.9287771e-12,3.4162037e-14
951.94000,2.9298424e-12,3.3749085e-14
951.95000,2.9315127e-12,3.3473986e-14
951.96000,2.9330371e-12,3.3304324e-14
951.97000,2.9339450e-12,3.3157986e-14
951.98000,2.9336093e-12,3.2995483e-14
951.99000,2.9322567e-12,3.2797466e-14
952.00000,2.9302281e-12,3.2576762e-14
952.01000,2.9279967e-12,3.2381656e-14
952.02000,2.9259950e-12,3.2247720e-14
952.03000,2.9245570e-12,3.2267313e-14
952.04000,2.9235051e-12,3.2437992e-14
952.05000,2.9229996e-12,3.2903622e-14
952.06000,2.9231148e-12,3.3704183e-14
952.07000,2.9244362e-12,3.5002068e-14
952.08000,2.9290191e-12,3.7336480e-14
952.09000,2.9375188e-12,4.0758980e-14
952.10000,2.9552696e-12,4.6515637e-14
952.11000,2.9815744e-12,5.4310066e-14
952.12000,3.0185946e-12,6.4571020e-14
952.13000,3.0573361e-12,7.5167659e-14
952.14000,3.0861078e-12,8.3352946e-14
952.15000,3.0882041e-12,8.5112834e-14
952.16000,3.0683949e-12,8.1541458e-14
952.17000,3.0261078e-12,7.2370599e-14
952.18000,2.9789972e-12,6.1867234e-14
952.19000,2.9373021e-12,5.2377291e-14
952.20000,2.9057244e-12,4.5049616e-14
952.21000,2.8846766e-12,3.9955596e-14
952.22000,2.8739359e-12,3.6998935e-14
952.23000,2.8682586e-12,3.5073621e-14
952.24000,2.8672194e-12,3.4110816e-14
952.25000,2.8679995e-12,3.3562956e-14
952.26000,2.8699431e-12,3.3358670e-14
952.27000,2.8717464e-12,3.3238279e-14
952.28000,2.8726553e-12,3.3075550e-14
952.29000,2.8719111e-12,3.2777305e-14
952.30000,2.8699929e-12,3.2383745e-14
952.31000,2.8669360e-12,3.1931785e-14
952.32000,2.8636041e-12,3.1511093e-14
952.33000,2.8603977e-12,3.1215432e-14
952.34000,2.8574817e-12,3.1062073e-14
952.35000,2.8548215e-12,3.1079249e-14
952.36000,2.8525095e-12,3.1353033e-14
952.37000,2.8506689e-12,3.1851004e-14
952.38000,2.8504405e-12,3.2773053e-14
952.39000,2.8522155e-12,3.4055435e-14
952.40000,2.8575128e-12,3.5807554e-14
952.41000,2.8650317e-12,3.7724810e-14
952.42000,2.8726982e-12,3.9419236e-14
952.43000,2.8766699e-12,4.0241571e-14
952.44000,2.8761923e-12,4.0193982e-14
952.45000,2.8694417e-12,3.8961312e-14
952.46000,2.8600769e-12,3.7201662e-14
952.47000,2.8503358e-12,3.5244997e-14
952.48000,2.8426327e-12,3.3520430e-14
952.49000,2.8380167e-12,3.2199305e-14
952.50000,2.8369997e-12,3.1370095e-14
952.51000,2.8378002e-12,3.0813985e-14
952.52000,2.8397321e-12,3.0515922e-14
952.53000,2.8415411e-12,3.0325004e-14
952.54000,2.8424872e-12,3.0235035e-14
952.55000,2.8425772e-12,3.0203716e-14
952.56000,2.8419647e-12,3.0233267e-14
952.57000,2.8407849e-12,3.0343014e-14
952.58000,2.8392925e-12,3.0505756e-14
952.59000,2.8371685e-12,3.0724413e-14
952.60000,2.8344218e-12,3.0965852e-14
952.61000,2.8308733e-12,3.1238851e-14
952.62000,2.8271534e-12,3.1559518e-14
952.63000,2.8239987e-12,3.1971667e-14
952.64000,2.8222915e-12,3.2531719e-14
952.65000,2.8216548e-12,3.3177463e-14
952.66000,2.8217436e-12,3.3818280e-14
952.67000,2.8215431e-12,3.4333099e-14
952.68000,2.8202668e-12,3.4559692e-14
952.69000,2.8181886e-12,3.4572885e-14
952.70000,2.8161371e-12,3.4527992e-14
952.71000,2.8159960e-12,3.4752975e-14
952.72000,2.8184139e-12,3.5384774e-14
952.73000,2.8255430e-12,3.6795083e-14
952.74000,2.8355749e-12,3.8708604e-14
952.75000,2.8471556e-12,4.0942092e-14
952.76000,2.8566588e-12,4.2896334e-14
952.77000,2.8609303e-12,4.4053489e-14
952.78000,2.8565664e-12,4.3866296e-14
952.79000,2.8466822e-12,4.2808424e-14
952.80000,2.8326108e-12,4.1047678e-14
952.81000,2.8186761e-12,3.9255897e-14
952.82000,2.8074961e-12,3.7860827e-14
952.83000,2.7992312e-12,3.6970942e-14
952.84000,2.7931639e-12,3.6531150e-14
952.85000,2.7882414e-12,3.6377409e-14
952.86000,2.7831100e-12,3.6193994e-14
952.87000,2.7767895e-12,3.5685031e-14
952.88000,2.7696036e-12,3.4875097e-14
952.89000,2.7619292e-12,3.3748080e-14
952.90000,2.7547448e-12,3.2555752e-14
952.91000,2.7487016e-12,3.1472969e-14
952.92000,2.7445521e-12,3.0661472e-14
952.93000,2.7417715e-12,3.0059195e-14
952.94000,2.7406941e-12,2.9703715e-14
952.95000,2.7404931e-12,2.9471831e-14
952.96000,2.7409539e-12,2.9363174e-14
952.97000,2.7413545e-12,2.9321708e-14
952.98000,2.7411978e-12,2.9333752e-14
952.99000,2.7398433e-12,2.9416365e-14
953.00000,2.7375221e-12,2.9553331e-14
953.01000,2.7340273e-12,2.9774231e-14
953.02000,2.7300294e-12,3.0053435e-14
953.03000,2.7259337e-12,3.0404369e-14
953.04000,2.7223858e-12,3.0799513e-14
953.05000,2.7198699e-12,3.1223406e-14
953.06000,2.7190957e-12,3.1656878e-14
953.07000,2.7194653e-12,3.2063807e-14
953.08000,2.7205031e-12,3.2340548e-14
953.09000,2.7210198e-12,3.2447363e-14
953.10000,2.7196006e-12,3.2244414e-14
953.11000,2.7161089e-12,3.1787590e-14
953.12000,2.7111822e-12,3.1173479e-14
953.13000,2.7058258e-12,3.0516796e-14
953.14000,2.7010833e-12,2.9930184e-14
953.15000,2.6976737e-12,2.9512580e-14
953.16000,2.6950086e-12,2.9221290e-14
953.17000,2.6926727e-12,2.9078553e-14
953.18000,2.6899081e-12,2.9026888e-14
953.19000,2.6863809e-12,2.9040448e-14
953.20000,2.6817754e-12,2.9143816e-14
953.21000,2.6765948e-12,2.9322016e-14
953.22000,2.6710064e-12,2.9618316e-14
953.23000,2.6652895e-12,2.9990682e-14
953.24000,2.6594298e-12,3.0408058e-14
953.25000,2.6534935e-12,3.0765295e-14
953.26000,2.6476900e-12,3.0978699e-14
953.27000,2.6426342e-12,3.0916496e-14
953.28000,2.6384899e-12,3.0660746e-14
953.29000,2.6358003e-12,3.0236793e-14
953.30000,2.6340425e-12,2.9779146e-14
953.31000,2.6330664e-12,2.9373710e-14
953.32000,2.6320806e-12,2.9072550e-14
953.33000,2.6305776e-12,2.8869637e-14
953.34000,2.6279624e-12,2.8783788e-14
953.35000,2.6245477e-12,2.8762504e-14
953.36000,2.6203510e-12,2.8809426e-14
953.37000,2.6157982e-12,2.8896410e-14
953.38000,2.6109203e-12,2.9023333e-14
953.39000,2.6058312e-12,2.9164529e-14
953.40000,2.6006182e-12,2.9301220e-14
953.41000,2.5954866e-12,2.9422692e-14
953.42000,2.5907211e-12,2.9544581e-14
953.43000,2.5868803e-12,2.9713400e-14
953.44000,2.5848180e-12,3.0043955e-14
953.45000,2.5845269e-12,3.0588424e-14
953.46000,2.5874250e-12,3.1623158e-14
953.47000,2.5932405e-12,3.3209887e-14
953.48000,2.6031064e-12,3.5784374e-14
953.49000,2.6147114e-12,3.9072641e-14
953.50000,2.6249440e-12,4.2803087e-14
953.51000,2.6278867e-12,4.6048665e-14
953.52000,2.6228237e-12,4.8208597e-14
953.53000,2.6067098e-12,4.8101717e-14
953.54000,2.5858443e-12,4.6292144e-14
953.55000,2.5652496e-12,4.2883473e-14
953.56000,2.5492439e-12,3.9136173e-14
953.57000,2.5398937e-12,3.5725318e-14
953.58000,2.5371111e-12,3.3148773e-14
953.59000,2.5372687e-12,3.1208685e-14
953.60000,2.5390236e-12,3.0007576e-14
953.61000,2.5406313e-12,2.9189296e-14
953.62000,2.5412473e-12,2.8739512e-14
953.63000,2.5409113e-12,2.8455613e-14
953.64000,2.5396896e-12,2.8277359e-14
953.65000,2.5377195e-12,2.8173530e-14
953.66000,2.5354028e-12,2.8105706e-14
953.67000,2.5326793e-12,2.8091340e-14
953.68000,2.5296274e-12,2.8130599e-14
953.69000,2.5260880e-12,2.8289938e-14
953.70000,2.5223128e-12,2.8588246e-14
953.71000,2.5186245e-12,2.9071868e-14
953.72000,2.5154206e-12,2.9796711e-14
953.73000,2.5125570e-12,3.0651715e-14
953.74000,2.5095205e-12,3.1517597e-14
953.75000,2.5057071e-12,3.2217254e-14
953.76000,2.5002196e-12,3.2466029e-14
953.77000,2.4933872e-12,3.2258922e-14
953.78000,2.4857202e-12,3.1652969e-14
953.79000,2.4779905e-12,3.0757200e-14
953.80000,2.4708260e-12,2.9823513e-14
953.81000,2.4649159e-12,2.9023509e-14
953.82000,2.4597671e-12,2.8381618e-14
953.83000,2.4549708e-12,2.7965362e-14
953.84000,2.4496347e-12,2.7699648e-14
953.85000,2.4432178e-12,2.7535556e-14
953.86000,2.4351617e-12,2.7457651e-14
953.87000,2.4261484e-12,2.7417248e-14
953.88000,2.4165437e-12,2.7409340e-14
953.89000,2.4071192e-12,2.7415305e-14
953.90000,2.3986154e-12,2.7434258e-14
953.91000,2.3912677e-12,2.7464415e-14
953.92000,2.3849708e-12,2.7515639e-14
953.93000,2.3798167e-12,2.7637547e-14
953.94000,2.3753016e-12,2.7854475e-14
953.95000,2.3718415e-12,2.8297018e-14
953.96000,2.3695479e-12,2.8978059e-14
953.97000,2.3694501e-12,3.0065722e-14
953.98000,2.3712553e-12,3.1496612e-14
953.99000,2.3737014e-12,3.3089311e-14
954.00000,2.3738773e-12,3.4488629e-14
954.01000,2.3700325e-12,3.5411547e-14
954.02000,2.3599520e-12,3.5496171e-14
954.03000,2.3440413e-12,3.4649719e-14
954.04000,2.3258959e-12,3.3316799e-14
954.05000,2.3079888e-12,3.1725912e-14
954.06000,2.2921780e-12,3.0229650e-14
954.07000,2.2802926e-12,2.9073597e-14
954.08000,2.2711652e-12,2.8205660e-14
954.09000,2.2645376e-12,2.7623661e-14
954.10000,2.2597662e-12,2.7283220e-14
954.11000,2.2557463e-12,2.7062574e-14
954.12000,2.2521970e-12,2.6950206e-14
954.13000,2.2486929e-12,2.6884572e-14
954.14000,2.2448720e-12,2.6857313e-14
954.15000,2.2404502e-12,2.6844106e-14
954.16000,2.2349260e-12,2.6839360e-14
954.17000,2.2275576e-12,2.6842712e-14
954.18000,2.2186807e-12,2.6853625e-14
954.19000,2.2076787e-12,2.6885714e-14
954.20000,2.1954318e-12,2.6947703e-14
954.21000,2.1823072e-12,2.7090006e-14
954.22000,2.1696458e-12,2.7339517e-14
954.23000,2.1589500e-12,2.7766533e-14
954.24000,2.1528260e-12,2.8561952e-14
954.25000,2.1510358e-12,2.9750572e-14
954.26000,2.1567190e-12,3.1893236e-14
954.27000,2.1681635e-12,3.5120433e-14
954.28000,2.1883035e-12,4.0719196e-14
954.29000,2.2149993e-12,4.8921275e-14
954.30000,2.2456421e-12,5.9756319e-14
954.31000,2.2733114e-12,7.2228415e-14
954.32000,2.2917219e-12,8.3561873e-14
954.33000,2.2872146e-12,8.8948468e-14
954.34000,2.2640757e-12,8.8206825e-14
954.35000,2.2204067e-12,7.9574015e-14
954.36000,2.1698030e-12,6.7316137e-14
954.37000,2.1214718e-12,5.4856159e-14
954.38000,2.0829314e-12,4.4965533e-14
954.39000,2.0525747e-12,3.7573184e-14
954.40000,2.0317056e-12,3.3058351e-14
954.41000,2.0159261e-12,3.0005149e-14
954.42000,2.0050878e-12,2.8327777e-14
954.43000,1.9966457e-12,2.7376534e-14
954.44000,1.9891314e-12,2.6851680e-14
954.45000,1.9817413e-12,2.6777795e-14
954.46000,1.9739031e-12,2.6961603e-14
954.47000,1.9652299e-12,2.7395894e-14
954.48000,1.9553058e-12,2.7984481e-14
954.49000,1.9442363e-12,2.8565761e-14
954.50000,1.9312222e-12,2.8929189e-14
954.51000,1.9167245e-12,2.9000809e-14
954.52000,1.9009845e-12,2.8647709e-14
954.53000,1.8854445e-12,2.8086053e-14
954.54000,1.8712925e-12,2.7471364e-14
954.55000,1.8592556e-12,2.6977209e-14
954.56000,1.8483529e-12,2.6612970e-14
954.57000,1.8378575e-12,2.6376892e-14
954.58000,1.8270287e-12,2.6161264e-14
954.59000,1.8160030e-12,2.5910796e-14
954.60000,1.8056763e-12,2.5624560e-14
954.61000,1.7972178e-12,2.5329998e-14
954.62000,1.7922161e-12,2.5067096e-14
954.63000,1.7900402e-12,2.4840217e-14
954.64000,1.7920156e-12,2.4662770e-14
954.65000,1.7967345e-12,2.4514686e-14
954.66000,1.8049406e-12,2.4408782e-14
954.67000,1.8153816e-12,2.4340284e-14
954.68000,1.8274354e-12,2.4310945e-14
954.69000,1.8407928e-12,2.4329079e-14
954.70000,1.8546604e-12,2.4377842e-14
954.71000,1.8688787e-12,2.4477306e-14
954.72000,1.8831957e-12,2.4631352e-14
954.73000,1.8976202e-12,2.4911925e-14
954.74000,1.9122698e-12,2.5352986e-14
954.75000,1.9274114e-12,2.5973681e-14
954.76000,1.9435939e-12,2.6804836e-14
954.77000,1.9605000e-12,2.7700701e-14
954.78000,1.9775313e-12,2.8462386e-14
954.79000,1.9936648e-12,2.8962495e-14
954.80000,2.0072631e-12,2.8965228e-14
954.81000,2.0179479e-12,2.8533690e-14
954.82000,2.0264006e-12,2.7849587e-14
954.83000,2.0329616e-12,2.7065159e-14
954.84000,2.0391215e-12,2.6370520e-14
954.85000,2.0453977e-12,2.5877859e-14
954.86000,2.0520324e-12,2.5646349e-14
954.87000,2.0589710e-12,2.5589886e-14
954.88000,2.0665365e-12,2.5734832e-14
954.89000,2.0748224e-12,2.5986867e-14
954.90000,2.0844083e-12,2.6318430e-14
954.91000,2.0949862e-12,2.6646070e-14
954.92000,2.1063559e-12,2.6909884e-14
954.93000,2.1179144e-12,2.7047668e-14
954.94000,2.1290234e-12,2.7086923e-14
954.95000,2.1387002e-12,2.7009639e-14
954.96000,2.1471136e-12,2.6883896e-14
954.97000,2.1541871e-12,2.6746061e-14
954.98000,2.1610311e-12,2.6643491e-14
954.99000,2.1684420e-12,2.6599276e-14
955.00000,2.1768178e-12,2.6617468e-14
955.01000,2.1854431e-12,2.6651888e-14
955.02000,2.1930771e-12,2.6652940e-14
955.03000,2.1992591e-12,2.6604203e-14
955.04000,2.2032724e-12,2.6487118e-14
955.05000,2.2060793e-12,2.6340053e-14
955.06000,2.2086150e-12,2.6198203e-14
955.07000,2.2117582e-12,2.6100402e-14
955.08000,2.2156270e-12,2.6047199e-14
955.09000,2.2202386e-12,2.6055189e-14
955.10000,2.2250049e-12,2.6100993e-14
955.11000,2.2295210e-12,2.6189451e-14
955.12000,2.2335586e-12,2.6306390e-14
955.13000,2.2372105e-12,2.6444121e-14
955.14000,2.2405875e-12,2.6610965e-14
955.15000,2.2439880e-12,2.6800321e-14
955.16000,2.2475745e-12,2.7022137e-14
955.17000,2.2513987e-12,2.7301465e-14
955.18000,2.2553345e-12,2.7648968e-14
955.19000,2.2593520e-12,2.8175485e-14
955.20000,2.2635472e-12,2.8941289e-14
955.21000,2.2686965e-12,3.0262700e-14
955.22000,2.2753695e-12,3.2169630e-14
955.23000,2.2843786e-12,3.4788129e-14
955.24000,2.2958449e-12,3.8038126e-14
955.25000,2.3079253e-12,4.1378326e-14
955.26000,2.3180152e-12,4.4013464e-14
955.27000,2.3249211e-12,4.5626631e-14
955.28000,2.3267025e-12,4.5598687e-14
955.29000,2.3253613e-12,4.4530370e-14
955.30000,2.3229174e-12,4.2944947e-14
955.31000,2.3220791e-12,4.1336523e-14
955.32000,2.3239312e-12,3.9964365e-14
955.33000,2.3306539e-12,3.8987265e-14
955.34000,2.3407715e-12,3.8216579e-14
955.35000,2.3546000e-12,3.7555077e-14
955.36000,2.3697933e-12,3.6787908e-14
955.37000,2.3843880e-12,3.5795116e-14
955.38000,2.3958843e-12,3.4460039e-14
955.39000,2.4043226e-12,3.2958748e-14
955.40000,2.4089819e-12,3.1453472e-14
955.41000,2.4117537e-12,3.0092324e-14
955.42000,2.4132575e-12,2.9050294e-14
955.43000,2.4148124e-12,2.8338924e-14
955.44000,2.4168912e-12,2.7888356e-14
955.45000,2.4197232e-12,2.7762959e-14
955.46000,2.4228081e-12,2.7845771e-14
955.47000,2.4257418e-12,2.8153642e-14
955.48000,2.4282261e-12,2.8716439e-14
955.49000,2.4305012e-12,2.9442609e-14
955.50000,2.4331423e-12,3.0309765e-14
955.51000,2.4366426e-12,3.1155835e-14
955.52000,2.4418241e-12,3.1757835e-14
955.53000,2.4482083e-12,3.2027170e-14
955.54000,2.4551260e-12,3.1930048e-14
955.55000,2.4613582e-12,3.1544054e-14
955.56000,2.4664118e-12,3.1139955e-14
955.57000,2.4697011e-12,3.1050445e-14
955.58000,2.4723923e-12,3.1391822e-14
955.59000,2.4757175e-12,3.2547868e-14
955.60000,2.4810948e-12,3.4475461e-14
955.61000,2.4895829e-12,3.7080995e-14
955.62000,2.5030322e-12,4.0228293e-14
955.63000,2.5195849e-12,4.3329808e-14
955.64000,2.5374957e-12,4.5527952e-14
955.65000,2.5534293e-12,4.6557582e-14
955.66000,2.5629399e-12,4.5690138e-14
955.67000,2.5648011e-12,4.3382766e-14
955.68000,2.5608442e-12,4.0375201e-14
955.69000,2.5523320e-12,3.7265270e-14
955.70000,2.5435612e-12,3.4576426e-14
955.71000,2.5367854e-12,3.2609088e-14
955.72000,2.5335337e-12,3.1493059e-14
955.73000,2.5328163e-12,3.0900950e-14
955.74000,2.5349516e-12,3.0836446e-14
955.75000,2.5383996e-12,3.0972427e-14
955.76000,2.5427102e-12,3.1157169e-14
955.77000,2.5470743e-12,3.1226507e-14
955.78000,2.5512705e-12,3.1106941e-14
955.79000,2.5552728e-12,3.0764561e-14
955.80000,2.5591908e-12,3.0308661e-14
955.81000,2.5630235e-12,2.9777696e-14
955.82000,2.5668318e-12,2.9249816e-14
955.83000,2.5707823e-12,2.8781109e-14
955.84000,2.5751118e-12,2.8398089e-14
955.85000,2.5800172e-12,2.8110582e-14
955.86000,2.5857391e-12,2.7944659e-14
955.87000,2.5918828e-12,2.7848157e-14
955.88000,2.5981831e-12,2.7811549e-14
955.89000,2.6043510e-12,2.7795409e-14
955.90000,2.6102171e-12,2.7788900e-14
955.91000,2.6158575e-12,2.7782363e-14
955.92000,2.6213928e-12,2.7776967e-14
955.93000,2.6268223e-12,2.7779212e-14
955.94000,2.6321345e-12,2.7790163e-14
955.95000,2.6372290e-12,2.7810916e-14
955.96000,2.6420369e-12,2.7839153e-14
955.97000,2.6466678e-12,2.7869640e-14
955.98000,2.6510510e-12,2.7899389e-14
955.99000,2.6551010e-12,2.7926358e-14
956.00000,2.6581235e-12,2.7946370e-14
956.01000,2.6597920e-12,2.7958284e-14
956.02000,2.6596744e-12,2.7959711e-14
956.03000,2.6573885e-12,2.7948092e-14
956.04000,2.6539929e-12,2.7929781e-14
956.05000,2.6501880e-12,2.7911235e-14
956.06000,2.6469800e-12,2.7901907e-14
956.07000,2.6454862e-12,2.7922321e-14
956.08000,2.6458264e-12,2.7986723e-14
956.09000,2.6477498e-12,2.8112539e-14
956.10000,2.6511967e-12,2.8364386e-14
956.11000,2.6551891e-12,2.8742684e-14
956.12000,2.6591833e-12,2.9358159e-14
956.13000,2.6627369e-12,3.0191191e-14
956.14000,2.6652137e-12,3.1359883e-14
956.15000,2.6663625e-12,3.2800407e-14
956.16000,2.6663086e-12,3.4357229e-14
956.17000,2.6648535e-12,3.5759830e-14
956.18000,2.6629314e-12,3.6761170e-14
956.19000,2.6613607e-12,3.7070271e-14
956.20000,2.6612137e-12,3.6480872e-14
956.21000,2.6624370e-12,3.5365763e-14
956.22000,2.6656543e-12,3.3890053e-14
956.23000,2.6701056e-12,3.2471185e-14
956.24000,2.6759014e-12,3.1448357e-14
956.25000,2.6822999e-12,3.0907286e-14
956.26000,2.6888093e-12,3.0885530e-14
956.27000,2.6948580e-12,3.1469190e-14
956.28000,2.7003282e-12,3.2375937e-14
956.29000,2.7050847e-12,3.3450424e-14
956.30000,2.7096676e-12,3.4391375e-14
956.31000,2.7144598e-12,3.4839785e-14
956.32000,2.7195396e-12,3.4700097e-14
956.33000,2.7245899e-12,3.4100059e-14
956.34000,2.7291638e-12,3.3192261e-14
956.35000,2.7334284e-12,3.2357260e-14
956.36000,2.7380244e-12,3.1896421e-14
956.37000,2.7444182e-12,3.2107553e-14
956.38000,2.7529619e-12,3.2879874e-14
956.39000,2.7649503e-12,3.4406507e-14
956.40000,2.7786127e-12,3.6312257e-14
956.41000,2.7914660e-12,3.8238017e-14
956.42000,2.8005978e-12,3.9656357e-14
956.43000,2.8035287e-12,4.0111396e-14
956.44000,2.7984473e-12,3.9238800e-14
956.45000,2.7890214e-12,3.7619326e-14
956.46000,2.7770436e-12,3.5549755e-14
956.47000,2.7657617e-12,3.3591357e-14
956.48000,2.7575206e-12,3.2124147e-14
956.49000,2.7528094e-12,3.1199467e-14
956.50000,2.7516246e-12,3.0777242e-14
956.51000,2.7553025e-12,3.1012621e-14
956.52000,2.7624515e-12,3.1734997e-14
956.53000,2.7740281e-12,3.3231838e-14
956.54000,2.7881596e-12,3.5377328e-14
956.55000,2.8039292e-12,3.8407846e-14
956.56000,2.8180246e-12,4.1916748e-14
956.57000,2.8277703e-12,4.5252628e-14
956.58000,2.8277122e-12,4.7201167e-14
956.59000,2.8194410e-12,4.7427433e-14
956.60000,2.8043661e-12,4.5681706e-14
956.61000,2.7869539e-12,4.2384779e-14
956.62000,2.7714482e-12,3.8728907e-14
956.63000,2.7614790e-12,3.5507620e-14
956.64000,2.7555255e-12,3.2927489e-14
956.65000,2.7541678e-12,3.1259946e-14
956.66000,2.7554964e-12,3.0176776e-14
956.67000,2.7587703e-12,2.9489116e-14
956.68000,2.7637541e-12,2.9129376e-14
956.69000,2.7693316e-12,2.8910712e-14
956.70000,2.7747820e-12,2.8814731e-14
956.71000,2.7795965e-12,2.8782377e-14
956.72000,2.7831950e-12,2.8842268e-14
956.73000,2.7858310e-12,2.9014547e-14
956.74000,2.7880918e-12,2.9328677e-14
956.75000,2.7908289e-12,2.9934553e-14
956.76000,2.7946316e-12,3.0810014e-14
956.77000,2.8000286e-12,3.2006111e-14
956.78000,2.8067066e-12,3.3455405e-14
956.79000,2.8132860e-12,3.4920614e-14
956.80000,2.8174498e-12,3.6025573e-14
956.81000,2.8185058e-12,3.6599680e-14
956.82000,2.8147545e-12,3.6249766e-14
956.83000,2.8080019e-12,3.5230964e-14
956.84000,2.7998486e-12,3.3798358e-14
956.85000,2.7922703e-12,3.2269581e-14
956.86000,2.7863068e-12,3.0907939e-14
956.87000,2.7833552e-12,2.9944600e-14
956.88000,2.7825566e-12,2.9281668e-14
956.89000,2.7845589e-12,2.8995210e-14
956.90000,2.7887814e-12,2.8974262e-14
956.91000,2.7947685e-12,2.9140607e-14
956.92000,2.8025424e-12,2.9503301e-14
956.93000,2.8106554e-12,2.9945730e-14
956.94000,2.8176762e-12,3.0398530e-14
956.95000,2.8218014e-12,3.0766455e-14
956.96000,2.8234655e-12,3.1042208e-14
956.97000,2.8225873e-12,3.1225023e-14
956.98000,2.8212602e-12,3.1421616e-14
956.99000,2.8210724e-12,3.1778528e-14
957.00000,2.8226626e-12,3.2356432e-14
957.01000,2.8260392e-12,3.3183261e-14
957.02000,2.8307290e-12,3.4226146e-14
957.03000,2.8354095e-12,3.5281861e-14
957.04000,2.8385316e-12,3.6034299e-14
957.05000,2.8398461e-12,3.6354940e-14
957.06000,2.8387681e-12,3.5924866e-14
957.07000,2.8367169e-12,3.4901558e-14
957.08000,2.8351441e-12,3.3557975e-14
957.09000,2.8358328e-12,3.2149974e-14
957.10000,2.8385531e-12,3.0917233e-14
957.11000,2.8430158e-12,2.9997491e-14
957.12000,2.8479382e-12,2.9433349e-14
957.13000,2.8522774e-12,2.9079608e-14
957.14000,2.8550582e-12,2.8942508e-14
957.15000,2.8566829e-12,2.8912873e-14
957.16000,2.8571619e-12,2.8989627e-14
957.17000,2.8572579e-12,2.9114420e-14
957.18000,2.8573301e-12,2.9253399e-14
957.19000,2.8575812e-12,2.9357422e-14
957.20000,2.8579621e-12,2.9405707e-14
957.21000,2.8584127e-12,2.9351778e-14
957.22000,2.8588493e-12,2.9230473e-14
957.23000,2.8592821e-12,2.9047120e-14
957.24000,2.8598135e-12,2.8853090e-14
957.25000,2.8605517e-12,2.8679713e-14
957.26000,2.8617218e-12,2.8559115e-14
957.27000,2.8632525e-12,2.8480208e-14
957.28000,2.8652123e-12,2.8443014e-14
957.29000,2.8676236e-12,2.8441054e-14
957.30000,2.8702899e-12,2.8457293e-14
957.31000,2.8730866e-12,2.8491522e-14
957.32000,2.8757187e-12,2.8533366e-14
957.33000,2.8777446e-12,2.8577120e-14
957.34000,2.8790924e-12,2.8613578e-14
957.35000,2.8798154e-12,2.8635057e-14
957.36000,2.8801957e-12,2.8632219e-14
957.37000,2.8807325e-12,2.8613038e-14
957.38000,2.8819544e-12,2.8579991e-14
957.39000,2.8837329e-12,2.8546099e-14
957.40000,2.8859916e-12,2.8523818e-14
957.41000,2.8881945e-12,2.8524458e-14
957.42000,2.8900335e-12,2.8555006e-14
957.43000,2.8912310e-12,2.8643502e-14
957.44000,2.8920750e-12,2.8782407e-14
957.45000,2.8927579e-12,2.8979307e-14
957.46000,2.8935532e-12,2.9219303e-14
957.47000,2.8945589e-12,2.9460681e-14
957.48000,2.8959361e-12,2.9640731e-14
957.49000,2.8975416e-12,2.9734695e-14
957.50000,2.8992838e-12,2.9684084e-14
957.51000,2.9009035e-12,2.9532152e-14
957.52000,2.9021876e-12,2.9322603e-14
957.53000,2.9028766e-12,2.9112577e-14
957.54000,2.9031454e-12,2.8946210e-14
957.55000,2.9029539e-12,2.8885459e-14
957.56000,2.9025031e-12,2.8922098e-14
957.57000,2.9017099e-12,2.9116954e-14
957.58000,2.9006426e-12,2.9463114e-14
957.59000,2.8994712e-12,2.9924806e-14
957.60000,2.8987370e-12,3.0469104e-14
957.61000,2.8990019e-12,3.0976826e-14
957.62000,2.9011981e-12,3.1322082e-14
957.63000,2.9062121e-12,3.1360664e-14
957.64000,2.9130187e-12,3.1163489e-14
957.65000,2.9210552e-12,3.0709537e-14
957.66000,2.9287016e-12,3.0176421e-14
957.67000,2.9343966e-12,2.9658667e-14
957.68000,2.9377535e-12,2.9232282e-14
957.69000,2.9388888e-12,2.8913650e-14
957.70000,2.9379258e-12,2.8720655e-14
957.71000,2.9363131e-12,2.8594782e-14
957.72000,2.9349826e-12,2.8530349e-14
957.73000,2.9343647e-12,2.8495051e-14
957.74000,2.9348360e-12,2.8488487e-14
957.75000,2.9359928e-12,2.8501699e-14
957.76000,2.9373543e-12,2.8531621e-14
957.77000,2.9386078e-12,2.8593606e-14
957.78000,2.9395756e-12,2.8690139e-14
957.79000,2.9400046e-12,2.8837439e-14
957.80000,2.9391668e-12,2.9064427e-14
957.81000,2.9369329e-12,2.9355578e-14
957.82000,2.9320592e-12,2.9744316e-14
957.83000,2.9254031e-12,3.0202159e-14
957.84000,2.9172993e-12,3.0776581e-14
957.85000,2.9096400e-12,3.1496825e-14
957.86000,2.9038650e-12,3.2429654e-14
957.87000,2.9019162e-12,3.3804358e-14
957.88000,2.9026527e-12,3.5564913e-14
957.89000,2.9052622e-12,3.7706790e-14
957.90000,2.9077468e-12,3.9882111e-14
957.91000,2.9091245e-12,4.1710238e-14
957.92000,2.9089635e-12,4.2477411e-14
957.93000,2.9086617e-12,4.2247194e-14
957.94000,2.9098262e-12,4.0808449e-14
957.95000,2.9130847e-12,3.8875408e-14
957.96000,2.9186971e-12,3.6977748e-14
957.97000,2.9270179e-12,3.5733026e-14
957.98000,2.9369402e-12,3.5204428e-14
957.99000,2.9484681e-12,3.5785424e-14
958.00000,2.9603364e-12,3.7066558e-14
958.01000,2.9706525e-12,3.8972415e-14
958.02000,2.9769896e-12,4.0862211e-14
958.03000,2.9784041e-12,4.2246823e-14
958.04000,2.9735435e-12,4.2464158e-14
958.05000,2.9663493e-12,4.1823098e-14
958.06000,2.9594208e-12,4.0573964e-14
958.07000,2.9547811e-12,3.9195745e-14
958.08000,2.9517158e-12,3.7976908e-14
958.09000,2.9495223e-12,3.7013810e-14
958.10000,2.9471155e-12,3.6095121e-14
958.11000,2.9442266e-12,3.5056454e-14
958.12000,2.9412804e-12,3.3863718e-14
958.13000,2.9387726e-12,3.2603339e-14
958.14000,2.9373356e-12,3.1446072e-14
958.15000,2.9367356e-12,3.0473323e-14
958.16000,2.9368632e-12,2.9778420e-14
958.17000,2.9372477e-12,2.9361077e-14
958.18000,2.9375711e-12,2.9097818e-14
958.19000,2.9377743e-12,2.8966305e-14
958.20000,2.9380415e-12,2.8876547e-14
958.21000,2.9386146e-12,2.8800888e-14
958.22000,2.9394877e-12,2.8721165e-14
958.23000,2.9406487e-12,2.8644954e-14
958.24000,2.9421688e-12,2.8596252e-14
958.25000,2.9439957e-12,2.8579253e-14
958.26000,2.9463596e-12,2.8606882e-14
958.27000,2.9490836e-12,2.8652592e-14
958.28000,2.9521177e-12,2.8699058e-14
958.29000,2.9551330e-12,2.8727781e-14
958.30000,2.9579227e-12,2.8739408e-14
958.31000,2.9602611e-12,2.8744900e-14
958.32000,2.9623126e-12,2.8763776e-14
958.33000,2.9642246e-12,2.8814296e-14
958.34000,2.9663429e-12,2.8911180e-14
958.35000,2.9688491e-12,2.9040191e-14
958.36000,2.9721362e-12,2.9201422e-14
958.37000,2.9758759e-12,2.9367307e-14
958.38000,2.9795625e-12,2.9505347e-14
958.39000,2.9823235e-12,2.9589620e-14
958.40000,2.9834822e-12,2.9604713e-14
958.41000,2.9822315e-12,2.9534115e-14
958.42000,2.9795814e-12,2.9424351e-14
958.43000,2.9762013e-12,2.9315069e-14
958.44000,2.9732191e-12,2.9245743e-14
958.45000,2.9717112e-12,2.9273635e-14
958.46000,2.9720072e-12,2.9417003e-14
958.47000,2.9735808e-12,2.9652643e-14
958.48000,2.9760043e-12,2.9975413e-14
958.49000,2.9780834e-12,3.0305200e-14
958.50000,2.9788969e-12,3.0567749e-14
958.51000,2.9775870e-12,3.0661088e-14
958.52000,2.9749599e-12,3.0608256e-14
958.53000,2.9716830e-12,3.0384167e-14
958.54000,2.9689553e-12,3.0103415e-14
958.55000,2.9679025e-12,2.9844837e-14
958.56000,2.9686469e-12,2.9696051e-14
958.57000,2.9708106e-12,2.9690076e-14
958.58000,2.9744819e-12,2.9917550e-14
958.59000,2.9788564e-12,3.0312703e-14
958.60000,2.9835997e-12,3.0860398e-14
958.61000,2.9879888e-12,3.1467680e-14
958.62000,2.9915235e-12,3.2012471e-14
958.63000,2.9929127e-12,3.2288422e-14
958.64000,2.9924699e-12,3.2291362e-14
958.65000,2.9896983e-12,3.1920096e-14
958.66000,2.9856336e-12,3.1342172e-14
958.67000,2.9809867e-12,3.0701240e-14
958.68000,2.9764071e-12,3.0150008e-14
958.69000,2.9723930e-12,2.9750393e-14
958.70000,2.9695524e-12,2.9598383e-14
958.71000,2.9683633e-12,2.9784729e-14
958.72000,2.9683908e-12,3.0251060e-14
958.73000,2.9698423e-12,3.1151953e-14
958.74000,2.9719643e-12,3.2370607e-14
958.75000,2.9745228e-12,3.3957990e-14
958.76000,2.9771068e-12,3.5709742e-14
958.77000,2.9796061e-12,3.7481202e-14
958.78000,2.9820586e-12,3.9099020e-14
958.79000,2.9845959e-12,4.0530322e-14
958.80000,2.9874238e-12,4.1641349e-14
958.81000,2.9903888e-12,4.2474096e-14
958.82000,2.9929010e-12,4.2793552e-14
958.83000,2.9938889e-12,4.2520727e-14
958.84000,2.9927217e-12,4.1707671e-14
958.85000,2.9883502e-12,4.0279092e-14
958.86000,2.9825460e-12,3.8615883e-14
958.87000,2.9771853e-12,3.6967753e-14
958.88000,2.9750587e-12,3.5639605e-14
958.89000,2.9762526e-12,3.4664703e-14
958.90000,2.9818483e-12,3.4275571e-14
958.91000,2.9890814e-12,3.4259464e-14
958.92000,2.9960376e-12,3.4589943e-14
958.93000,3.0005462e-12,3.4942183e-14
958.94000,3.0020079e-12,3.5074995e-14
958.95000,2.9995629e-12,3.4697425e-14
958.96000,2.9951011e-12,3.3959145e-14
958.97000,2.9893453e-12,3.2998892e-14
958.98000,2.9834127e-12,3.2137326e-14
958.99000,2.9781018e-12,3.1543273e-14
959.00000,2.9746204e-12,3.1504084e-14
959.01000,2.9728730e-12,3.1870507e-14
959.02000,2.9737704e-12,3.2661871e-14
959.03000,2.9766280e-12,3.3569557e-14
959.04000,2.9806412e-12,3.4352235e-14
959.05000,2.9841811e-12,3.4728234e-14
959.06000,2.9858054e-12,3.4769670e-14
959.07000,2.9838481e-12,3.4542737e-14
959.08000,2.9779563e-12,3.4298143e-14
959.09000,2.9699720e-12,3.4188470e-14
959.10000,2.9606619e-12,3.4353501e-14
959.11000,2.9514582e-12,3.4692490e-14
959.12000,2.9433767e-12,3.5193844e-14
959.13000,2.9367432e-12,3.5772223e-14
959.14000,2.9319286e-12,3.6399702e-14
959.15000,2.9296666e-12,3.6978060e-14
959.16000,2.9291678e-12,3.7381894e-14
959.17000,2.9305805e-12,3.7269127e-14
959.18000,2.9328088e-12,3.6667535e-14
959.19000,2.9356074e-12,3.5440723e-14
959.20000,2.9386138e-12,3.3899454e-14
959.21000,2.9417529e-12,3.2345569e-14
959.22000,2.9450162e-12,3.1050776e-14
959.23000,2.9482847e-12,3.0058430e-14
959.24000,2.9514993e-12,2.9385426e-14
959.25000,2.9546654e-12,2.9033727e-14
959.26000,2.9578485e-12,2.8862948e-14
959.27000,2.9612055e-12,2.8916480e-14
959.28000,2.9648373e-12,2.9127065e-14
959.29000,2.9691109e-12,2.9578739e-14
959.30000,2.9741463e-12,3.0243039e-14
959.31000,2.9798417e-12,3.1058335e-14
959.32000,2.9859496e-12,3.1950636e-14
959.33000,2.9916375e-12,3.2768763e-14
959.34000,2.9957550e-12,3.3384185e-14
959.35000,2.9966483e-12,3.3705506e-14
959.36000,2.9948024e-12,3.3847468e-14
959.37000,2.9895964e-12,3.3832377e-14
959.38000,2.9832678e-12,3.3753819e-14
959.39000,2.9771579e-12,3.3554534e-14
959.40000,2.9723638e-12,3.3186199e-14
959.41000,2.9688111e-12,3.2622652e-14
959.42000,2.9662801e-12,3.1832808e-14
959.43000,2.9641391e-12,3.0967254e-14
959.44000,2.9626817e-12,3.0137576e-14
959.45000,2.9626352e-12,2.9468086e-14
959.46000,2.9638155e-12,2.8946843e-14
959.47000,2.9664391e-12,2.8626860e-14
959.48000,2.9696025e-12,2.8422478e-14
959.49000,2.9730172e-12,2.8350372e-14
959.50000,2.9764126e-12,2.8369140e-14
959.51000,2.9797415e-12,2.8471376e-14
959.52000,2.9827733e-12,2.8679031e-14
959.53000,2.9853265e-12,2.8947355e-14
959.54000,2.9869829e-12,2.9247386e-14
959.55000,2.9875673e-12,2.9505711e-14
959.56000,2.9875560e-12,2.9685170e-14
959.57000,2.9871901e-12,2.9704450e-14
959.58000,2.9868525e-12,2.9605509e-14
959.59000,2.9865459e-12,2.9392306e-14
959.60000,2.9860465e-12,2.9158353e-14
959.61000,2.9851800e-12,2.8975793e-14
959.62000,2.9840945e-12,2.8954923e-14
959.63000,2.9833504e-12,2.9103573e-14
959.64000,2.9840592e-12,2.9535767e-14
959.65000,2.9862733e-12,3.0177385e-14
959.66000,2.9904445e-12,3.1054139e-14
959.67000,2.9954462e-12,3.2015783e-14
959.68000,2.9999681e-12,3.2908527e-14
959.69000,3.0023962e-12,3.3505418e-14
959.70000,3.0027524e-12,3.3758205e-14
959.71000,3.0014852e-12,3.3635837e-14
959.72000,2.9993632e-12,3.3132623e-14
959.73000,2.9971972e-12,3.2472439e-14
959.74000,2.9948164e-12,3.1815212e-14
959.75000,2.9917501e-12,3.1311911e-14
959.76000,2.9871326e-12,3.1172959e-14
959.77000,2.9812420e-12,3.1437038e-14
959.78000,2.9752622e-12,3.1994747e-14
959.79000,2.9713996e-12,3.2741309e-14
959.80000,2.9706039e-12,3.3386724e-14
959.81000,2.9732216e-12,3.3700003e-14
959.82000,2.9783330e-12,3.3467005e-14
959.83000,2.9835174e-12,3.2883754e-14
959.84000,2.9866191e-12,3.2036472e-14
959.85000,2.9876781e-12,3.1177303e-14
959.86000,2.9865990e-12,3.0443972e-14
959.87000,2.9851504e-12,2.9878838e-14
959.88000,2.9845567e-12,2.9440844e-14
959.89000,2.9858559e-12,2.9133288e-14
959.90000,2.9883070e-12,2.8894123e-14
959.91000,2.9911372e-12,2.8720026e-14
959.92000,2.9933107e-12,2.8628011e-14
959.93000,2.9946332e-12,2.8596577e-14
959.94000,2.9949909e-12,2.8644829e-14
959.95000,2.9952584e-12,2.8734059e-14
959.96000,2.9964070e-12,2.8854352e-14
959.97000,2.9992148e-12,2.8977698e-14
959.98000,3.0037773e-12,2.9096371e-14
959.99000,3.0104082e-12,2.9218729e-14
960.00000,3.0177776e-12,2.9356001e-14
960.01000,3.0248519e-12,2.9510633e-14
960.02000,3.0302138e-12,2.9652646e-14
960.03000,3.0337788e-12,2.9749465e-14
960.04000,3.0344534e-12,2.9720327e-14
960.05000,3.0332874e-12,2.9583807e-14
960.06000,3.0301383e-12,2.9317039e-14
960.07000,3.0261215e-12,2.8990581e-14
960.08000,3.0219821e-12,2.8661430e-14
960.09000,3.0181487e-12,2.8382536e-14
960.10000,3.0144768e-12,2.8159017e-14
960.11000,3.0105110e-12,2.7995528e-14
960.12000,3.0055516e-12,2.7886684e-14
960.13000,2.9997029e-12,2.7804856e-14
960.14000,2.9929007e-12,2.7748461e-14
960.15000,2.9859698e-12,2.7703747e-14
960.16000,2.9796086e-12,2.7673667e-14
960.17000,2.9742881e-12,2.7657646e-14
960.18000,2.9701037e-12,2.7658813e-14
960.19000,2.9676321e-12,2.7696274e-14
960.20000,2.9664751e-12,2.7770152e-14
960.21000,2.9669806e-12,2.7895314e-14
960.22000,2.9696815e-12,2.8083539e-14
960.23000,2.9740388e-12,2.8309467e-14
960.24000,2.9807440e-12,2.8557041e-14
960.25000,2.9887540e-12,2.8785251e-14
960.26000,2.9976241e-12,2.8938516e-14
960.27000,3.0058431e-12,2.8996166e-14
960.28000,3.0122153e-12,2.8966769e-14
960.29000,3.0145210e-12,2.8862633e-14
960.30000,3.0133536e-12,2.8760033e-14
960.31000,3.0083980e-12,2.8734501e-14
960.32000,3.0001424e-12,2.8898134e-14
960.33000,2.9905573e-12,2.9247470e-14
960.34000,2.9810375e-12,2.9913323e-14
960.35000,2.9729958e-12,3.0794813e-14
960.36000,2.9684135e-12,3.1913655e-14
960.37000,2.9671985e-12,3.3133616e-14
960.38000,2.9685525e-12,3.4372565e-14
960.39000,2.9727796e-12,3.5607230e-14
960.40000,2.9794755e-12,3.6854627e-14
960.41000,2.9907472e-12,3.8099853e-14
960.42000,3.0083761e-12,3.9146337e-14
960.43000,3.0289530e-12,3.9850311e-14
960.44000,3.0458686e-12,3.9796641e-14
960.45000,3.0537266e-12,3.9270506e-14
960.46000,3.0448990e-12,3.8592231e-14
960.47000,3.0244397e-12,3.8432256e-14
960.48000,NaN,NaN
960.49000,NaN,NaN
960.50000,NaN,NaN
960.51000,NaN,NaN
960.52000,NaN,NaN
960.53000,NaN,NaN
960.54000,NaN,NaN
960.55000,NaN,NaN
960.56000,NaN,NaN
960.57000,NaN,NaN
960.58000,NaN,NaN
960.59000,NaN,NaN
960.60000,NaN,NaN
960.61000,NaN,NaN
960.62000,NaN,NaN
960.63000,NaN,NaN
960.64000,NaN,NaN
960.65000,NaN,NaN
960.66000,NaN,NaN
960.67000,NaN,NaN
960.68000,NaN,NaN
960.69000,NaN,NaN
960.70000,NaN,NaN
960.71000,NaN,NaN
960.72000,NaN,NaN
960.73000,NaN,NaN
960.74000,NaN,NaN
960.75000,NaN,NaN
960.76000,NaN,NaN
960.77000,NaN,NaN
960.78000,NaN,NaN
960.79000,NaN,NaN
960.80000,NaN,NaN
960.81000,NaN,NaN
960.82000,NaN,NaN
960.83000,NaN,NaN
960.84000,NaN,NaN
960.85000,NaN,NaN
960.86000,NaN,NaN
960.87000,NaN,NaN
960.88000,NaN,NaN
960.89000,NaN,NaN
960.90000,NaN,NaN
960.91000,NaN,NaN
960.92000,NaN,NaN
960.93000,NaN,NaN
960.94000,NaN,NaN
960.95000,NaN,NaN
960.96000,NaN,NaN
960.97000,NaN,NaN
960.98000,NaN,NaN
960.99000,NaN,NaN
961.00000,NaN,NaN
961.01000,NaN,NaN
961.02000,NaN,NaN
961.03000,NaN,NaN
961.04000,NaN,NaN
961.05000,NaN,NaN
961.06000,NaN,NaN
961.07000,NaN,NaN
961.08000,NaN,NaN
961.09000,NaN,NaN
961.10000,NaN,NaN
961.11000,NaN,NaN
961.12000,NaN,NaN
961.13000,NaN,NaN
961.14000,NaN,NaN
961.15000,NaN,NaN
961.16000,NaN,NaN
961.17000,NaN,NaN
961.18000,NaN,NaN
961.19000,NaN,NaN
961.20000,NaN,NaN
961.21000,NaN,NaN
961.22000,NaN,NaN
961.23000,NaN,NaN
961.24000,NaN,NaN
961.25000,NaN,NaN
961.26000,NaN,NaN
961.27000,NaN,NaN
961.28000,NaN,NaN
961.29000,NaN,NaN
961.30000,NaN,NaN
961.31000,NaN,NaN
961.32000,NaN,NaN
961.33000,NaN,NaN
961.34000,NaN,NaN
961.35000,NaN,NaN
961.36000,NaN,NaN
961.37000,NaN,NaN
961.38000,NaN,NaN
961.39000,NaN,NaN
961.40000,NaN,NaN
961.41000,NaN,NaN
961.42000,NaN,NaN
961.43000,NaN,NaN
961.44000,NaN,NaN
961.45000,NaN,NaN
961.46000,NaN,NaN
961.47000,NaN,NaN
961.48000,NaN,NaN
961.49000,NaN,NaN
961.50000,NaN,NaN
961.51000,NaN,NaN
961.52000,NaN,NaN
961.53000,NaN,NaN
961.54000,NaN,NaN
961.55000,NaN,NaN
961.56000,NaN,NaN
961.57000,NaN,NaN
961.58000,NaN,NaN
961.59000,NaN,NaN
961.60000,NaN,NaN
961.61000,NaN,NaN
961.62000,NaN,NaN
961.63000,NaN,NaN
961.64000,NaN,NaN
961.65000,NaN,NaN
961.66000,NaN,NaN
961.67000,NaN,NaN
961.68000,NaN,NaN
961.69000,NaN,NaN
961.70000,NaN,NaN
961.71000,NaN,NaN
961.72000,NaN,NaN
961.73000,NaN,NaN
961.74000,NaN,NaN
961.75000,NaN,NaN
961.76000,NaN,NaN
961.77000,NaN,NaN
961.78000,NaN,NaN
961.79000,NaN,NaN
961.80000,NaN,NaN
961.81000,NaN,NaN
961.82000,NaN,NaN
961.83000,NaN,NaN
961.84000,NaN,NaN
961.85000,NaN,NaN
961.86000,NaN,NaN
961.87000,NaN,NaN
961.88000,NaN,NaN
961.89000,NaN,NaN
961.90000,NaN,NaN
961.91000,NaN,NaN
961.92000,NaN,NaN
961.93000,NaN,NaN
961.94000,NaN,NaN
961.95000,NaN,NaN
961.96000,NaN,NaN
961.97000,NaN,NaN
961.98000,NaN,NaN
961.99000,NaN,NaN
962.00000,NaN,NaN
962.01000,NaN,NaN
962.02000,NaN,NaN
962.03000,NaN,NaN
962.04000,NaN,NaN
962.05000,NaN,NaN
962.06000,NaN,NaN
962.07000,NaN,NaN
962.08000,NaN,NaN
962.09000,NaN,NaN
962.10000,NaN,NaN
962.11000,NaN,NaN
962.12000,NaN,NaN
962.13000,NaN,NaN
962.14000,NaN,NaN
962.15000,NaN,NaN
962.16000,NaN,NaN
962.17000,NaN,NaN
962.18000,NaN,NaN
962.19000,NaN,NaN
962.20000,NaN,NaN
962.21000,NaN,NaN
962.22000,NaN,NaN
962.23000,NaN,NaN
962.24000,NaN,NaN
962.25000,NaN,NaN
962.26000,NaN,NaN
962.27000,NaN,NaN
962.28000,NaN,NaN
962.29000,NaN,NaN
962.30000,NaN,NaN
962.31000,NaN,NaN
962.32000,NaN,NaN
962.33000,NaN,NaN
962.34000,NaN,NaN
962.35000,NaN,NaN
962.36000,NaN,NaN
962.37000,NaN,NaN
962.38000,NaN,NaN
962.39000,NaN,NaN
962.40000,NaN,NaN
962.41000,NaN,NaN
962.42000,NaN,NaN
962.43000,NaN,NaN
962.44000,NaN,NaN
962.45000,NaN,NaN
962.46000,NaN,NaN
962.47000,NaN,NaN
962.48000,NaN,NaN
962.49000,NaN,NaN
962.50000,NaN,NaN
962.51000,NaN,NaN
962.52000,NaN,NaN
962.53000,NaN,NaN
962.54000,NaN,NaN
962.55000,NaN,NaN
962.56000,NaN,NaN
962.57000,NaN,NaN
962.58000,NaN,NaN
962.59000,NaN,NaN
962.60000,NaN,NaN
962.61000,NaN,NaN
962.62000,NaN,NaN
962.63000,NaN,NaN
962.64000,NaN,NaN
962.65000,NaN,NaN
962.66000,NaN,NaN
962.67000,NaN,NaN
962.68000,NaN,NaN
962.69000,NaN,NaN
962.70000,NaN,NaN
962.71000,NaN,NaN
962.72000,NaN,NaN
962.73000,NaN,NaN
962.74000,NaN,NaN
962.75000,NaN,NaN
962.76000,NaN,NaN
962.77000,NaN,NaN
962.78000,NaN,NaN
962.79000,NaN,NaN
962.80000,NaN,NaN
962.81000,NaN,NaN
962.82000,NaN,NaN
962.83000,NaN,NaN
962.84000,NaN,NaN
962.85000,NaN,NaN
962.86000,NaN,NaN
962.87000,NaN,NaN
962.88000,NaN,NaN
962.89000,NaN,NaN
962.90000,NaN,NaN
962.91000,NaN,NaN
962.92000,NaN,NaN
962.93000,NaN,NaN
962.94000,NaN,NaN
962.95000,NaN,NaN
962.96000,NaN,NaN
962.97000,NaN,NaN
962.98000,NaN,NaN
962.99000,NaN,NaN
963.00000,NaN,NaN
963.01000,NaN,NaN
963.02000,NaN,NaN
963.03000,NaN,NaN
963.04000,NaN,NaN
963.05000,NaN,NaN
963.06000,NaN,NaN
963.07000,NaN,NaN
963.08000,NaN,NaN
963.09000,NaN,NaN
963.10000,NaN,NaN
963.11000,NaN,NaN
963.12000,NaN,NaN
963.13000,NaN,NaN
963.14000,NaN,NaN
963.15000,NaN,NaN
963.16000,NaN,NaN
963.17000,NaN,NaN
963.18000,NaN,NaN
963.19000,NaN,NaN
963.20000,NaN,NaN
963.21000,NaN,NaN
963.22000,NaN,NaN
963.23000,NaN,NaN
963.24000,NaN,NaN
963.25000,NaN,NaN
963.26000,NaN,NaN
963.27000,NaN,NaN
963.28000,NaN,NaN
963.29000,NaN,NaN
963.30000,NaN,NaN
963.31000,NaN,NaN
963.32000,NaN,NaN
963.33000,NaN,NaN
963.34000,NaN,NaN
963.35000,NaN,NaN
963.36000,NaN,NaN
963.37000,NaN,NaN
963.38000,NaN,NaN
963.39000,NaN,NaN
963.40000,NaN,NaN
963.41000,NaN,NaN
963.42000,NaN,NaN
963.43000,NaN,NaN
963.44000,NaN,NaN
963.45000,NaN,NaN
963.46000,NaN,NaN
963.47000,NaN,NaN
963.48000,NaN,NaN
963.49000,NaN,NaN
963.50000,NaN,NaN
963.51000,NaN,NaN
963.52000,NaN,NaN
963.53000,NaN,NaN
963.54000,NaN,NaN
963.55000,NaN,NaN
963.56000,NaN,NaN
963.57000,NaN,NaN
963.58000,NaN,NaN
963.59000,NaN,NaN
963.60000,NaN,NaN
963.61000,NaN,NaN
963.62000,NaN,NaN
963.63000,2.9813291e-12,4.0891765e-14
963.64000,2.9702479e-12,4.3321896e-14
963.65000,2.9676541e-12,4.5777791e-14
963.66000,2.9726948e-12,4.7368532e-14
963.67000,2.9793939e-12,4.7817946e-14
963.68000,2.9851441e-12,4.6864367e-14
963.69000,2.9888561e-12,4.4612251e-14
963.70000,2.9917838e-12,4.1891866e-14
963.71000,2.9951968e-12,3.9234267e-14
963.72000,2.9994675e-12,3.6952281e-14
963.73000,3.0045761e-12,3.5331155e-14
963.74000,3.0094839e-12,3.4276838e-14
963.75000,3.0134096e-12,3.3562573e-14
963.76000,3.0152013e-12,3.3139528e-14
963.77000,3.0151299e-12,3.2817549e-14
963.78000,3.0136524e-12,3.2527704e-14
963.79000,3.0112122e-12,3.2253145e-14
963.80000,3.0086437e-12,3.1995081e-14
963.81000,3.0061889e-12,3.1773694e-14
963.82000,3.0037423e-12,3.1609039e-14
963.83000,3.0010835e-12,3.1486167e-14
963.84000,2.9978242e-12,3.1417921e-14
963.85000,2.9942080e-12,3.1384295e-14
963.86000,2.9907241e-12,3.1407387e-14
963.87000,2.9884603e-12,3.1502974e-14
963.88000,2.9882455e-12,3.1688781e-14
963.89000,2.9921358e-12,3.2050738e-14
963.90000,2.9997696e-12,3.2580736e-14
963.91000,3.0111573e-12,3.3286071e-14
963.92000,3.0265245e-12,3.4169712e-14
963.93000,3.0438172e-12,3.5121925e-14
963.94000,3.0618517e-12,3.6061736e-14
963.95000,3.0781868e-12,3.6859813e-14
963.96000,3.0916444e-12,3.7481945e-14
963.97000,3.0984564e-12,3.7735975e-14
963.98000,3.0995871e-12,3.7673206e-14
963.99000,3.0931602e-12,3.7156983e-14
964.00000,3.0821898e-12,3.6325584e-14
964.01000,3.0695239e-12,3.5336191e-14
964.02000,3.0575121e-12,3.4326757e-14
964.03000,3.0474007e-12,3.3424131e-14
964.04000,3.0395568e-12,3.2690851e-14
964.05000,3.0340446e-12,3.2172042e-14
964.06000,3.0298075e-12,3.1786164e-14
964.07000,3.0269405e-12,3.1531151e-14
964.08000,3.0256179e-12,3.1380321e-14
964.09000,3.0255068e-12,3.1286803e-14
964.10000,3.0271073e-12,3.1252487e-14
964.11000,3.0296782e-12,3.1245408e-14
964.12000,3.0329370e-12,3.1260003e-14
964.13000,3.0359761e-12,3.1280515e-14
964.14000,3.0381591e-12,3.1302088e-14
964.15000,3.0384249e-12,3.1330887e-14
964.16000,3.0370928e-12,3.1376772e-14
964.17000,3.0342993e-12,3.1461508e-14
964.18000,3.0308147e-12,3.1621017e-14
964.19000,3.0277086e-12,3.1845116e-14
964.20000,3.0262385e-12,3.2145523e-14
964.21000,3.0261658e-12,3.2463551e-14
964.22000,3.0274776e-12,3.2732343e-14
964.23000,3.0289073e-12,3.2871111e-14
964.24000,3.0295961e-12,3.2869515e-14
964.25000,3.0287444e-12,3.2684172e-14
964.26000,3.0267672e-12,3.2401979e-14
964.27000,3.0242214e-12,3.2091440e-14
964.28000,3.0216922e-12,3.1818825e-14
964.29000,3.0195657e-12,3.1605122e-14
964.30000,3.0179625e-12,3.1462754e-14
964.31000,3.0166515e-12,3.1391480e-14
964.32000,3.0152198e-12,3.1361372e-14
964.33000,3.0131280e-12,3.1389018e-14
964.34000,3.0103933e-12,3.1469197e-14
964.35000,3.0067534e-12,3.1660324e-14
964.36000,3.0024230e-12,3.2012045e-14
964.37000,2.9977235e-12,3.2551619e-14
964.38000,2.9930499e-12,3.3442348e-14
964.39000,2.9891232e-12,3.4679300e-14
964.40000,2.9867845e-12,3.6280768e-14
964.41000,2.9878034e-12,3.8330624e-14
964.42000,2.9917712e-12,4.0618551e-14
964.43000,2.9987287e-12,4.2995966e-14
964.44000,3.0069103e-12,4.5120162e-14
964.45000,3.0139334e-12,4.6807982e-14
964.46000,3.0160662e-12,4.7459594e-14
964.47000,3.0137180e-12,4.7221956e-14
964.48000,3.0059837e-12,4.5788249e-14
964.49000,2.9960828e-12,4.3617552e-14
964.50000,2.9869716e-12,4.1249693e-14
964.51000,2.9818785e-12,3.9210291e-14
964.52000,2.9811718e-12,3.7793486e-14
964.53000,2.9845002e-12,3.7090348e-14
964.54000,2.9911797e-12,3.7145135e-14
964.55000,2.9984418e-12,3.7488107e-14
964.56000,3.0042581e-12,3.7800388e-14
964.57000,3.0065899e-12,3.7693209e-14
964.58000,3.0061472e-12,3.7172138e-14
964.59000,3.0028163e-12,3.6146515e-14
964.60000,2.9987711e-12,3.4960641e-14
964.61000,2.9950421e-12,3.3800899e-14
964.62000,2.9923926e-12,3.2851990e-14
964.63000,2.9907782e-12,3.2129190e-14
964.64000,2.9904439e-12,3.1690861e-14
964.65000,2.9908525e-12,3.1418828e-14
964.66000,2.9916451e-12,3.1260664e-14
964.67000,2.9922840e-12,3.1195754e-14
964.68000,2.9924011e-12,3.1174619e-14
964.69000,2.9916903e-12,3.1196263e-14
964.70000,2.9902274e-12,3.1268220e-14
964.71000,2.9885406e-12,3.1380482e-14
964.72000,2.9872132e-12,3.1561582e-14
964.73000,2.9865428e-12,3.1794583e-14
964.74000,2.9870480e-12,3.2099691e-14
964.75000,2.9885154e-12,3.2453360e-14
964.76000,2.9903912e-12,3.2817990e-14
964.77000,2.9917715e-12,3.3120809e-14
964.78000,2.9918258e-12,3.3303236e-14
964.79000,2.9900540e-12,3.3315763e-14
964.80000,2.9863791e-12,3.3110234e-14
964.81000,2.9822949e-12,3.2796034e-14
964.82000,2.9791741e-12,3.2449960e-14
964.83000,2.9783908e-12,3.2180046e-14
964.84000,2.9794535e-12,3.2003287e-14
964.85000,2.9824354e-12,3.1952504e-14
964.86000,2.9858350e-12,3.1948019e-14
964.87000,2.9887103e-12,3.1948616e-14
964.88000,2.9902969e-12,3.1909557e-14
964.89000,2.9906219e-12,3.1831354e-14
964.90000,2.9895934e-12,3.1726082e-14
964.91000,2.9880815e-12,3.1630001e-14
964.92000,2.9865935e-12,3.1561724e-14
964.93000,2.9856079e-12,3.1529337e-14
964.94000,2.9851831e-12,3.1510728e-14
964.95000,2.9856354e-12,3.1491586e-14
964.96000,2.9874344e-12,3.1463247e-14
964.97000,2.9903658e-12,3.1431369e-14
964.98000,2.9948504e-12,3.1406869e-14
964.99000,2.9999517e-12,3.1392358e-14
965.00000,3.0049469e-12,3.1387575e-14
965.01000,3.0087864e-12,3.1381431e-14
965.02000,3.0111284e-12,3.1368009e-14
965.03000,3.0114102e-12,3.1348217e-14
965.04000,3.0106293e-12,3.1336885e-14
965.05000,3.0096229e-12,3.1354599e-14
965.06000,3.0094284e-12,3.1441998e-14
965.07000,3.0102654e-12,3.1595471e-14
965.08000,3.0121971e-12,3.1824815e-14
965.09000,3.0146376e-12,3.2104643e-14
965.10000,3.0168725e-12,3.2382897e-14
965.11000,3.0180954e-12,3.2588177e-14
965.12000,3.0183957e-12,3.2710715e-14
965.13000,3.0174165e-12,3.2723572e-14
965.14000,3.0154543e-12,3.2691122e-14
965.15000,3.0128633e-12,3.2686600e-14
965.16000,3.0097469e-12,3.2807024e-14
965.17000,3.0065517e-12,3.3060441e-14
965.18000,3.0035795e-12,3.3412565e-14
965.19000,3.0013385e-12,3.3763409e-14
965.20000,2.9999369e-12,3.4000267e-14
965.21000,2.9998055e-12,3.4011170e-14
965.22000,3.0012324e-12,3.3741461e-14
965.23000,3.0035704e-12,3.3318567e-14
965.24000,3.0064267e-12,3.2815869e-14
965.25000,3.0089881e-12,3.2347771e-14
965.26000,3.0104410e-12,3.1987660e-14
965.27000,3.0103878e-12,3.1739664e-14
965.28000,3.0090109e-12,3.1565139e-14
965.29000,3.0060270e-12,3.1463671e-14
965.30000,3.0021282e-12,3.1408454e-14
965.31000,2.9977171e-12,3.1404169e-14
965.32000,2.9930956e-12,3.1495793e-14
965.33000,2.9886626e-12,3.1677918e-14
965.34000,2.9849122e-12,3.1975067e-14
965.35000,2.9826717e-12,3.2389510e-14
965.36000,2.9818192e-12,3.2850344e-14
965.37000,2.9826739e-12,3.3264656e-14
965.38000,2.9840445e-12,3.3556085e-14
965.39000,2.9850816e-12,3.3592133e-14
965.40000,2.9849959e-12,3.3365104e-14
965.41000,2.9839331e-12,3.2972241e-14
965.42000,2.9819663e-12,3.2467369e-14
965.43000,2.9798536e-12,3.1981016e-14
965.44000,2.9781332e-12,3.1576545e-14
965.45000,2.9776842e-12,3.1327586e-14
965.46000,2.9785688e-12,3.1196940e-14
965.47000,2.9810839e-12,3.1184778e-14
965.48000,2.9852990e-12,3.1288158e-14
965.49000,2.9903021e-12,3.1452790e-14
965.50000,2.9954460e-12,3.1661093e-14
965.51000,2.9996088e-12,3.1867539e-14
965.52000,3.0024782e-12,3.2042496e-14
965.53000,3.0029442e-12,3.2129722e-14
965.54000,3.0016340e-12,3.2134911e-14
965.55000,2.9982562e-12,3.2028966e-14
965.56000,2.9938195e-12,3.1858077e-14
965.57000,2.9890726e-12,3.1670796e-14
965.58000,2.9846570e-12,3.1537003e-14
965.59000,2.9808045e-12,3.1498150e-14
965.60000,2.9774897e-12,3.1601086e-14
965.61000,2.9743418e-12,3.1901508e-14
965.62000,2.9708951e-12,3.2329458e-14
965.63000,2.9667991e-12,3.2841852e-14
965.64000,2.9622197e-12,3.3299408e-14
965.65000,2.9576451e-12,3.3618858e-14
965.66000,2.9534529e-12,3.3618264e-14
965.67000,2.9493405e-12,3.3374173e-14
965.68000,2.9445655e-12,3.2864152e-14
965.69000,2.9384990e-12,3.2251107e-14
965.70000,2.9312057e-12,3.1652031e-14
965.71000,2.9229920e-12,3.1171035e-14
965.72000,2.9151217e-12,3.0815354e-14
965.73000,2.9085908e-12,3.0579117e-14
965.74000,2.9044271e-12,3.0457540e-14
965.75000,2.9017596e-12,3.0388236e-14
965.76000,2.8998605e-12,3.0351957e-14
965.77000,2.8974605e-12,3.0330154e-14
965.78000,2.8942293e-12,3.0312570e-14
965.79000,2.8902375e-12,3.0304803e-14
965.80000,2.8866097e-12,3.0311526e-14
965.81000,2.8847078e-12,3.0353134e-14
965.82000,2.8851334e-12,3.0445001e-14
965.83000,2.8873788e-12,3.0595078e-14
965.84000,2.8911523e-12,3.0849701e-14
965.85000,2.8950539e-12,3.1199269e-14
965.86000,2.8982856e-12,3.1629187e-14
965.87000,2.9001514e-12,3.2098118e-14
965.88000,2.9012103e-12,3.2518781e-14
965.89000,2.9021749e-12,3.2792977e-14
965.90000,2.9044594e-12,3.2820962e-14
965.91000,2.9084335e-12,3.2673900e-14
965.92000,2.9150094e-12,3.2377493e-14
965.93000,2.9229003e-12,3.2076943e-14
965.94000,2.9314864e-12,3.1895425e-14
965.95000,2.9394114e-12,3.1937979e-14
965.96000,2.9461014e-12,3.2200545e-14
965.97000,2.9504195e-12,3.2760250e-14
965.98000,2.9523141e-12,3.3492420e-14
965.99000,2.9517619e-12,3.4257240e-14
966.00000,2.9478819e-12,3.4822815e-14
966.01000,2.9420960e-12,3.5081212e-14
966.02000,2.9354423e-12,3.4948417e-14
966.03000,2.9297125e-12,3.4429686e-14
966.04000,2.9257117e-12,3.3774141e-14
966.05000,2.9242884e-12,3.3153925e-14
966.06000,2.9253231e-12,3.2763809e-14
966.07000,2.9276918e-12,3.2605319e-14
966.08000,2.9314866e-12,3.2828163e-14
966.09000,2.9361835e-12,3.3337444e-14
966.10000,2.9422656e-12,3.4285385e-14
966.11000,2.9495202e-12,3.5633833e-14
966.12000,2.9574175e-12,3.7275329e-14
966.13000,2.9651823e-12,3.9048134e-14
966.14000,2.9719449e-12,4.0566400e-14
966.15000,2.9770513e-12,4.1464375e-14
966.16000,2.9793952e-12,4.1253253e-14
966.17000,2.9795463e-12,4.0263825e-14
966.18000,2.9774640e-12,3.8694701e-14
966.19000,2.9741308e-12,3.7017469e-14
966.20000,2.9709774e-12,3.5550343e-14
966.21000,2.9693070e-12,3.4579343e-14
966.22000,2.9687131e-12,3.3930004e-14
966.23000,2.9686811e-12,3.3586676e-14
966.24000,2.9677875e-12,3.3347516e-14
966.25000,2.9654062e-12,3.3099332e-14
966.26000,2.9606334e-12,3.2794590e-14
966.27000,2.9541823e-12,3.2459281e-14
966.28000,2.9467506e-12,3.2139484e-14
966.29000,2.9389598e-12,3.1905194e-14
966.30000,2.9315590e-12,3.1763056e-14
966.31000,2.9251246e-12,3.1734470e-14
966.32000,2.9205164e-12,3.1861894e-14
966.33000,2.9176106e-12,3.2121844e-14
966.34000,2.9173268e-12,3.2581248e-14
966.35000,2.9204540e-12,3.3259744e-14
966.36000,2.9262483e-12,3.4054194e-14
966.37000,2.9355018e-12,3.4834334e-14
966.38000,2.9461187e-12,3.5427735e-14
966.39000,2.9564207e-12,3.5572375e-14
966.40000,2.9642145e-12,3.5255337e-14
966.41000,2.9687065e-12,3.4606835e-14
966.42000,2.9682532e-12,3.3717773e-14
966.43000,2.9643819e-12,3.2825487e-14
966.44000,2.9579068e-12,3.2043258e-14
966.45000,2.9496939e-12,3.1468194e-14
966.46000,2.9414452e-12,3.1044586e-14
966.47000,2.9343439e-12,3.0770653e-14
966.48000,2.9294489e-12,3.0627467e-14
966.49000,2.9262313e-12,3.0555210e-14
966.50000,2.9248604e-12,3.0560322e-14
966.51000,2.9242202e-12,3.0608149e-14
966.52000,2.9241412e-12,3.0709835e-14
966.53000,2.9244671e-12,3.0858619e-14
966.54000,2.9253381e-12,3.1044611e-14
966.55000,2.9274091e-12,3.1278710e-14
966.56000,2.9307630e-12,3.1545923e-14
966.57000,2.9353693e-12,3.1837147e-14
966.58000,2.9416194e-12,3.2154120e-14
966.59000,2.9489184e-12,3.2484939e-14
966.60000,2.9570638e-12,3.2819658e-14
966.61000,2.9655043e-12,3.3120673e-14
966.62000,2.9734699e-12,3.3357704e-14
966.63000,2.9798704e-12,3.3456064e-14
966.64000,2.9836381e-12,3.3349184e-14
966.65000,2.9853065e-12,3.3088553e-14
966.66000,2.9843147e-12,3.2654960e-14
966.67000,2.9820896e-12,3.2167512e-14
966.68000,2.9790192e-12,3.1697592e-14
966.69000,2.9760432e-12,3.1322957e-14
966.70000,2.9736100e-12,3.1060677e-14
966.71000,2.9722513e-12,3.0951791e-14
966.72000,2.9717580e-12,3.0935023e-14
966.73000,2.9719215e-12,3.0967669e-14
966.74000,2.9725182e-12,3.1006977e-14
966.75000,2.9730704e-12,3.1020281e-14
966.76000,2.9731213e-12,3.0992024e-14
966.77000,2.9719565e-12,3.0923598e-14
966.78000,2.9696094e-12,3.0840621e-14
966.79000,2.9655430e-12,3.0763288e-14
966.80000,2.9605759e-12,3.0704135e-14
966.81000,2.9550665e-12,3.0680383e-14
966.82000,2.9499235e-12,3.0697118e-14
966.83000,2.9455038e-12,3.0749602e-14
966.84000,2.9421923e-12,3.0864264e-14
966.85000,2.9394944e-12,3.1051989e-14
966.86000,2.9367832e-12,3.1327803e-14
966.87000,2.9331221e-12,3.1760674e-14
966.88000,2.9281886e-12,3.2325924e-14
966.89000,2.9218261e-12,3.3006615e-14
966.90000,2.9141239e-12,3.3745463e-14
966.91000,2.9060952e-12,3.4446365e-14
966.92000,2.8987607e-12,3.5034770e-14
966.93000,2.8939133e-12,3.5503022e-14
966.94000,2.8918842e-12,3.5939678e-14
966.95000,2.8949289e-12,3.6426256e-14
966.96000,2.9011699e-12,3.6937917e-14
966.97000,2.9100066e-12,3.7324309e-14
966.98000,2.9185265e-12,3.7350150e-14
966.99000,2.9252878e-12,3.6955859e-14
967.00000,2.9291798e-12,3.6008911e-14
967.01000,2.9312865e-12,3.4787331e-14
967.02000,2.9324730e-12,3.3524887e-14
967.03000,2.9329554e-12,3.2453103e-14
967.04000,2.9330668e-12,3.1616710e-14
967.05000,2.9328821e-12,3.1032026e-14
967.06000,2.9326287e-12,3.0693635e-14
967.07000,2.9325405e-12,3.0479115e-14
967.08000,2.9327716e-12,3.0359623e-14
967.09000,2.9332663e-12,3.0295240e-14
967.10000,2.9338159e-12,3.0250104e-14
967.11000,2.9342651e-12,3.0216415e-14
967.12000,2.9346664e-12,3.0186347e-14
967.13000,2.9352948e-12,3.0162952e-14
967.14000,2.9366017e-12,3.0149356e-14
967.15000,2.9388375e-12,3.0146264e-14
967.16000,2.9426597e-12,3.0157717e-14
967.17000,2.9477372e-12,3.0178124e-14
967.18000,2.9536644e-12,3.0202805e-14
967.19000,2.9598631e-12,3.0226578e-14
967.20000,2.9655462e-12,3.0245663e-14
967.21000,2.9700738e-12,3.0257111e-14
967.22000,2.9728013e-12,3.0257725e-14
967.23000,2.9742105e-12,3.0250271e-14
967.24000,2.9741938e-12,3.0233503e-14
967.25000,2.9730200e-12,3.0209368e-14
967.26000,2.9712950e-12,3.0182707e-14
967.27000,2.9693596e-12,3.0158621e-14
967.28000,2.9677693e-12,3.0140635e-14
967.29000,2.9672412e-12,3.0134792e-14
967.30000,2.9680477e-12,3.0141216e-14
967.31000,2.9699979e-12,3.0157343e-14
967.32000,2.9731448e-12,3.0183975e-14
967.33000,2.9767350e-12,3.0215260e-14
967.34000,2.9802802e-12,3.0246875e-14
967.35000,2.9832043e-12,3.0272378e-14
967.36000,2.9854146e-12,3.0289709e-14
967.37000,2.9867506e-12,3.0296821e-14
967.38000,2.9871779e-12,3.0294740e-14
967.39000,2.9871469e-12,3.0289848e-14
967.40000,2.9868649e-12,3.0286833e-14
967.41000,2.9866299e-12,3.0289794e-14
967.42000,2.9865041e-12,3.0297163e-14
967.43000,2.9863468e-12,3.0306539e-14
967.44000,2.9858580e-12,3.0312504e-14
967.45000,2.9844414e-12,3.0308375e-14
967.46000,2.9818902e-12,3.0293074e-14
967.47000,2.9784050e-12,3.0270203e-14
967.48000,2.9741706e-12,3.0244229e-14
967.49000,2.9700208e-12,3.0222948e-14
967.50000,2.9665340e-12,3.0210934e-14
967.51000,2.9643588e-12,3.0212652e-14
967.52000,2.9630858e-12,3.0221757e-14
967.53000,2.9623862e-12,3.0233252e-14
967.54000,2.9616259e-12,3.0239549e-14
967.55000,2.9604516e-12,3.0238765e-14
967.56000,2.9586574e-12,3.0229197e-14
967.57000,2.9565186e-12,3.0214458e-14
967.58000,2.9544418e-12,3.0199147e-14
967.59000,2.9529245e-12,3.0186348e-14
967.60000,2.9519907e-12,3.0175752e-14
967.61000,2.9518877e-12,3.0167088e-14
967.62000,2.9523737e-12,3.0159026e-14
967.63000,2.9531469e-12,3.0151364e-14
967.64000,2.9538967e-12,3.0144935e-14
967.65000,2.9542657e-12,3.0139964e-14
967.66000,2.9540143e-12,3.0136263e-14
967.67000,2.9526969e-12,3.0132809e-14
967.68000,2.9504666e-12,3.0127813e-14
967.69000,2.9470350e-12,3.0118587e-14
967.70000,2.9419531e-12,3.0101005e-14
967.71000,2.9356684e-12,3.0076106e-14
967.72000,2.9282713e-12,3.0043132e-14
967.73000,2.9207440e-12,3.0007048e-14
967.74000,2.9139272e-12,2.9973625e-14
967.75000,2.9093508e-12,2.9952596e-14
967.76000,2.9068045e-12,2.9944344e-14
967.77000,2.9069755e-12,2.9954646e-14
967.78000,2.9089405e-12,2.9978376e-14
967.79000,2.9117804e-12,3.0009341e-14
967.80000,2.9149657e-12,3.0044302e-14
967.81000,2.9178142e-12,3.0078549e-14
967.82000,2.9199448e-12,3.0110813e-14
967.83000,2.9207317e-12,3.0142827e-14
967.84000,2.9204549e-12,3.0179703e-14
967.85000,2.9192123e-12,3.0232656e-14
967.86000,2.9174251e-12,3.0329626e-14
967.87000,2.9157091e-12,3.0481122e-14
967.88000,2.9145795e-12,3.0745706e-14
967.89000,2.9145670e-12,3.1215170e-14
967.90000,2.9155968e-12,3.1890862e-14
967.91000,2.9183821e-12,3.2963970e-14
967.92000,2.9221533e-12,3.4332976e-14
967.93000,2.9259841e-12,3.5998254e-14
967.94000,2.9275712e-12,3.7635616e-14
967.95000,2.9254480e-12,3.8928461e-14
967.96000,2.9173821e-12,3.9347417e-14
967.97000,2.9059993e-12,3.8921067e-14
967.98000,2.8944263e-12,3.7842823e-14
967.99000,2.8867836e-12,3.6346454e-14
968.00000,2.8834661e-12,3.4888574e-14
968.01000,2.8840317e-12,3.3674279e-14
968.02000,2.8867379e-12,3.2821410e-14
968.03000,2.8893999e-12,3.2193409e-14
968.04000,2.8912203e-12,3.1770522e-14
968.05000,2.8924871e-12,3.1519511e-14
968.06000,2.8939825e-12,3.1373434e-14
968.07000,2.8968873e-12,3.1350471e-14
968.08000,2.9011792e-12,3.1373850e-14
968.09000,2.9074586e-12,3.1400267e-14
968.10000,2.9153124e-12,3.1370091e-14
968.11000,2.9241612e-12,3.1276272e-14
968.12000,2.9339157e-12,3.1115453e-14
968.13000,2.9438947e-12,3.0939663e-14
968.14000,2.9535410e-12,3.0783878e-14
968.15000,2.9617307e-12,3.0680187e-14
968.16000,2.9680580e-12,3.0614020e-14
968.17000,2.9718360e-12,3.0570853e-14
968.18000,2.9721565e-12,3.0530405e-14
968.19000,2.9702511e-12,3.0479306e-14
968.20000,2.9665981e-12,3.0411881e-14
968.21000,2.9623833e-12,3.0331327e-14
968.22000,2.9585396e-12,3.0247340e-14
968.23000,2.9558891e-12,3.0168107e-14
968.24000,2.9541247e-12,3.0097078e-14
968.25000,2.9533257e-12,3.0040950e-14
968.26000,2.9530064e-12,3.0001097e-14
968.27000,2.9527732e-12,2.9974934e-14
968.28000,2.9523575e-12,2.9968781e-14
968.29000,2.9516175e-12,2.9980122e-14
968.30000,2.9506268e-12,3.0005993e-14
968.31000,2.9496352e-12,3.0046111e-14
968.32000,2.9490310e-12,3.0088872e-14
968.33000,2.9491127e-12,3.0124133e-14
968.34000,2.9501620e-12,3.0136815e-14
968.35000,2.9517306e-12,3.0128754e-14
968.36000,2.9535183e-12,3.0100881e-14
968.37000,2.9551255e-12,3.0063183e-14
968.38000,2.9564321e-12,3.0028257e-14
968.39000,2.9572864e-12,3.0006033e-14
968.40000,2.9576335e-12,3.0000500e-14
968.41000,2.9575985e-12,3.0005185e-14
968.42000,2.9569919e-12,3.0018146e-14
968.43000,2.9560270e-12,3.0032566e-14
968.44000,2.9547157e-12,3.0046831e-14
968.45000,2.9533209e-12,3.0061800e-14
968.46000,2.9520293e-12,3.0080103e-14
968.47000,2.9510489e-12,3.0108004e-14
968.48000,2.9503649e-12,3.0147768e-14
968.49000,2.9498921e-12,3.0202426e-14
968.50000,2.9494818e-12,3.0284216e-14
968.51000,2.9489435e-12,3.0390748e-14
968.52000,2.9481538e-12,3.0524703e-14
968.53000,2.9470225e-12,3.0676787e-14
968.54000,2.9456677e-12,3.0820485e-14
968.55000,2.9440579e-12,3.0916557e-14
968.56000,2.9421106e-12,3.0919415e-14
968.57000,2.9398702e-12,3.0844707e-14
968.58000,2.9372064e-12,3.0676477e-14
968.59000,2.9343764e-12,3.0475271e-14
968.60000,2.9315940e-12,3.0270192e-14
968.61000,2.9291673e-12,3.0097076e-14
968.62000,2.9271581e-12,2.9959893e-14
968.63000,2.9257364e-12,2.9870051e-14
968.64000,2.9247307e-12,2.9812319e-14
968.65000,2.9240172e-12,2.9777397e-14
968.66000,2.9236186e-12,2.9768857e-14
968.67000,2.9233965e-12,2.9777981e-14
968.68000,2.9232751e-12,2.9803255e-14
968.69000,2.9231304e-12,2.9845424e-14
968.70000,2.9228695e-12,2.9896261e-14
968.71000,2.9224265e-12,2.9952560e-14
968.72000,2.9217952e-12,3.0010461e-14
968.73000,2.9210613e-12,3.0068027e-14
968.74000,2.9201691e-12,3.0125655e-14
968.75000,2.9189264e-12,3.0182940e-14
968.76000,2.9172774e-12,3.0237068e-14
968.77000,2.9148951e-12,3.0273964e-14
968.78000,2.9121347e-12,3.0287695e-14
968.79000,2.9094379e-12,3.0260867e-14
968.80000,2.9076226e-12,3.0200644e-14
968.81000,2.9070778e-12,3.0123852e-14
968.82000,2.9083939e-12,3.0045587e-14
968.83000,2.9107001e-12,2.9980453e-14
968.84000,2.9130697e-12,2.9930917e-14
968.85000,2.9141477e-12,2.9896269e-14
968.86000,2.9135889e-12,2.9865785e-14
968.87000,2.9112078e-12,2.9836975e-14
968.88000,2.9072931e-12,2.9815174e-14
968.89000,2.9030331e-12,2.9805016e-14
968.90000,2.8992580e-12,2.9814963e-14
968.91000,2.8967005e-12,2.9845533e-14
968.92000,2.8950903e-12,2.9883544e-14
968.93000,2.8944091e-12,2.9912412e-14
968.94000,2.8939362e-12,2.9922490e-14
968.95000,2.8933271e-12,2.9899719e-14
968.96000,2.8923434e-12,2.9849211e-14
968.97000,2.8910961e-12,2.9786244e-14
968.98000,2.8896645e-12,2.9721612e-14
968.99000,2.8882419e-12,2.9668703e-14
969.00000,2.8869018e-12,2.9632538e-14
969.01000,2.8857758e-12,2.9625822e-14
969.02000,2.8849787e-12,2.9648080e-14
969.03000,2.8847462e-12,2.9707164e-14
969.04000,2.8855834e-12,2.9833814e-14
969.05000,2.8872438e-12,3.0024308e-14
969.06000,2.8895194e-12,3.0295732e-14
969.07000,2.8918305e-12,3.0656442e-14
969.08000,2.8937124e-12,3.1058045e-14
969.09000,2.8947376e-12,3.1449830e-14
969.10000,2.8947469e-12,3.1735903e-14
969.11000,2.8941081e-12,3.1895266e-14
969.12000,2.8927547e-12,3.1830143e-14
969.13000,2.8910824e-12,3.1626882e-14
969.14000,2.8891392e-12,3.1290998e-14
969.15000,2.8871500e-12,3.0914121e-14
969.16000,2.8853081e-12,3.0553720e-14
969.17000,2.8840143e-12,3.0255553e-14
969.18000,2.8835400e-12,3.0026147e-14
969.19000,2.8840611e-12,2.9857117e-14
969.20000,2.8862350e-12,2.9759558e-14
969.21000,2.8897835e-12,2.9704563e-14
969.22000,2.8946477e-12,2.9680691e-14
969.23000,2.9008190e-12,2.9681628e-14
969.24000,2.9074821e-12,2.9691503e-14
969.25000,2.9140591e-12,2.9704980e-14
969.26000,2.9196742e-12,2.9717708e-14
969.27000,2.9241545e-12,2.9728396e-14
969.28000,2.9269511e-12,2.9736772e-14
969.29000,2.9279914e-12,2.9745116e-14
969.30000,2.9279817e-12,2.9755896e-14
969.31000,2.9270397e-12,2.9776980e-14
969.32000,2.9259933e-12,2.9811488e-14
969.33000,2.9255016e-12,2.9874447e-14
969.34000,2.9261563e-12,2.9972438e-14
969.35000,2.9279154e-12,3.0100284e-14
969.36000,2.9307401e-12,3.0255817e-14
969.37000,2.9334698e-12,3.0408308e-14
969.38000,2.9349810e-12,3.0528591e-14
969.39000,2.9332030e-12,3.0563766e-14
969.40000,2.9281199e-12,3.0515323e-14
969.41000,2.9197134e-12,3.0385486e-14
969.42000,2.9082303e-12,3.0185202e-14
969.43000,2.8957957e-12,2.9967674e-14
969.44000,2.8837643e-12,2.9766542e-14
969.45000,2.8737167e-12,2.9615772e-14
969.46000,2.8656582e-12,2.9508620e-14
969.47000,2.8601995e-12,2.9448309e-14
969.48000,2.8572104e-12,2.9418582e-14
969.49000,2.8557175e-12,2.9398950e-14
969.50000,2.8560899e-12,2.9382189e-14
969.51000,2.8576292e-12,2.9365395e-14
969.52000,2.8606986e-12,2.9351838e-14
969.53000,2.8648722e-12,2.9345371e-14
969.54000,2.8695417e-12,2.9345897e-14
969.55000,2.8741878e-12,2.9354364e-14
969.56000,2.8782623e-12,2.9366748e-14
969.57000,2.8816306e-12,2.9381008e-14
969.58000,2.8841476e-12,2.9397233e-14
969.59000,2.8862377e-12,2.9415052e-14
969.60000,2.8880633e-12,2.9434228e-14
969.61000,2.8896029e-12,2.9453243e-14
969.62000,2.8908913e-12,2.9469994e-14
969.63000,2.8918429e-12,2.9481614e-14
969.64000,2.8924160e-12,2.9485545e-14
969.65000,2.8927693e-12,2.9484981e-14
969.66000,2.8929151e-12,2.9485113e-14
969.67000,2.8928788e-12,2.9500365e-14
969.68000,2.8927349e-12,2.9537574e-14
969.69000,2.8925854e-12,2.9629467e-14
969.70000,2.8926568e-12,2.9771764e-14
969.71000,2.8934118e-12,2.9988233e-14
969.72000,2.8950870e-12,3.0254662e-14
969.73000,2.8974384e-12,3.0526725e-14
969.74000,2.9001685e-12,3.0738162e-14
969.75000,2.9025404e-12,3.0838350e-14
969.76000,2.9041885e-12,3.0815435e-14
969.77000,2.9047401e-12,3.0641760e-14
969.78000,2.9046467e-12,3.0396194e-14
969.79000,2.9042169e-12,3.0131490e-14
969.80000,2.9037204e-12,2.9905905e-14
969.81000,2.9033408e-12,2.9737113e-14
969.82000,2.9031440e-12,2.9637752e-14
969.83000,2.9031569e-12,2.9609442e-14
969.84000,2.9033065e-12,2.9618982e-14
969.85000,2.9036360e-12,2.9658791e-14
969.86000,2.9042205e-12,2.9719206e-14
969.87000,2.9050244e-12,2.9791455e-14
969.88000,2.9061622e-12,2.9884283e-14
969.89000,2.9074853e-12,2.9995003e-14
969.90000,2.9089359e-12,3.0130543e-14
969.91000,2.9102605e-12,3.0277174e-14
969.92000,2.9112229e-12,3.0412418e-14
969.93000,2.9112313e-12,3.0495532e-14
969.94000,2.9100363e-12,3.0504869e-14
969.95000,2.9077322e-12,3.0446576e-14
969.96000,2.9043617e-12,3.0329940e-14
969.97000,2.9008414e-12,3.0219333e-14
969.98000,2.8978395e-12,3.0170971e-14
969.99000,2.8961741e-12,3.0292534e-14
970.00000,2.8955876e-12,3.0595348e-14
970.01000,2.8958366e-12,3.1137834e-14
970.02000,2.8963193e-12,3.1993112e-14
970.03000,2.8964385e-12,3.3041726e-14
970.04000,2.8957323e-12,3.4182666e-14
970.05000,2.8939169e-12,3.5133672e-14
970.06000,2.8913267e-12,3.5745529e-14
970.07000,2.8880318e-12,3.5726749e-14
970.08000,2.8849019e-12,3.5061687e-14
970.09000,2.8826531e-12,3.4054545e-14
970.10000,2.8828497e-12,3.2874287e-14
970.11000,2.8850684e-12,3.1776541e-14
970.12000,2.8896265e-12,3.0923316e-14
970.13000,2.8953929e-12,3.0325257e-14
970.14000,2.9015234e-12,2.9913277e-14
970.15000,2.9074878e-12,2.9695356e-14
970.16000,2.9128486e-12,2.9581876e-14
970.17000,2.9173531e-12,2.9527887e-14
970.18000,2.9203991e-12,2.9512448e-14
970.19000,2.9223309e-12,2.9500710e-14
970.20000,2.9233749e-12,2.9479564e-14
970.21000,2.9239707e-12,2.9442412e-14
970.22000,2.9247561e-12,2.9398309e-14
970.23000,2.9261432e-12,2.9356271e-14
970.24000,2.9283522e-12,2.9328502e-14
970.25000,2.9310185e-12,2.9315864e-14
970.26000,2.9338574e-12,2.9323785e-14
970.27000,2.9362710e-12,2.9351628e-14
970.28000,2.9380145e-12,2.9390131e-14
970.29000,2.9382406e-12,2.9432287e-14
970.30000,2.9372311e-12,2.9465648e-14
970.31000,2.9345494e-12,2.9473043e-14
970.32000,2.9306960e-12,2.9446764e-14
970.33000,2.9263816e-12,2.9395009e-14
970.34000,2.9221949e-12,2.9321624e-14
970.35000,2.9188163e-12,2.9247929e-14
970.36000,2.9165358e-12,2.9187192e-14
970.37000,2.9160003e-12,2.9154932e-14
970.38000,2.9167939e-12,2.9147322e-14
970.39000,2.9186279e-12,2.9160891e-14
970.40000,2.9213238e-12,2.9198398e-14
970.41000,2.9242342e-12,2.9251406e-14
970.42000,2.9270299e-12,2.9319825e-14
970.43000,2.9293876e-12,2.9401585e-14
970.44000,2.9313566e-12,2.9485524e-14
970.45000,2.9329329e-12,2.9559567e-14
970.46000,2.9342182e-12,2.9609069e-14
970.47000,2.9353806e-12,2.9637796e-14
970.48000,2.9364537e-12,2.9646872e-14
970.49000,2.9375033e-12,2.9652538e-14
970.50000,2.9385916e-12,2.9666261e-14
970.51000,2.9398402e-12,2.9701931e-14
970.52000,2.9412139e-12,2.9752625e-14
970.53000,2.9426210e-12,2.9815427e-14
970.54000,2.9437907e-12,2.9876210e-14
970.55000,2.9445460e-12,2.9926414e-14
970.56000,2.9444953e-12,2.9954734e-14
970.57000,2.9436138e-12,2.9962931e-14
970.58000,2.9418880e-12,2.9955608e-14
970.59000,2.9389108e-12,2.9934373e-14
970.60000,2.9350031e-12,2.9909040e-14
970.61000,2.9303851e-12,2.9884716e-14
970.62000,2.9254334e-12,2.9866102e-14
970.63000,2.9207373e-12,2.9852279e-14
970.64000,2.9167472e-12,2.9841189e-14
970.65000,2.9138912e-12,2.9827003e-14
970.66000,2.9118609e-12,2.9805889e-14
970.67000,2.9106571e-12,2.9772243e-14
970.68000,2.9101031e-12,2.9723068e-14
970.69000,2.9098480e-12,2.9664005e-14
970.70000,2.9097085e-12,2.9596546e-14
970.71000,2.9093752e-12,2.9528962e-14
970.72000,2.9083979e-12,2.9470919e-14
970.73000,2.9064552e-12,2.9439380e-14
970.74000,2.9037743e-12,2.9445728e-14
970.75000,2.9005418e-12,2.9536240e-14
970.76000,2.8976697e-12,2.9735861e-14
970.77000,2.8958187e-12,3.0040909e-14
970.78000,2.8959889e-12,3.0469625e-14
970.79000,2.8978218e-12,3.0936918e-14
970.80000,2.9006357e-12,3.1353022e-14
970.81000,2.9036863e-12,3.1566382e-14
970.82000,2.9061858e-12,3.1558004e-14
970.83000,2.9077993e-12,3.1333353e-14
970.84000,2.9081567e-12,3.0927078e-14
970.85000,2.9076554e-12,3.0484025e-14
970.86000,2.9063690e-12,3.0084948e-14
970.87000,2.9045054e-12,2.9795176e-14
970.88000,2.9025156e-12,2.9587369e-14
970.89000,2.9007145e-12,2.9450724e-14
970.90000,2.8994554e-12,2.9352972e-14
970.91000,2.8987190e-12,2.9265689e-14
970.92000,2.8988005e-12,2.9186458e-14
970.93000,2.8993949e-12,2.9117118e-14
970.94000,2.9005312e-12,2.9070319e-14
970.95000,2.9019247e-12,2.9052670e-14
970.96000,2.9033320e-12,2.9057651e-14
970.97000,2.9045760e-12,2.9088138e-14
970.98000,2.9055478e-12,2.9130532e-14
970.99000,2.9062425e-12,2.9172059e-14
971.00000,2.9064750e-12,2.9196938e-14
971.01000,2.9062262e-12,2.9197263e-14
971.02000,2.9054853e-12,2.9173456e-14
971.03000,2.9041882e-12,2.9126853e-14
971.04000,2.9027568e-12,2.9077585e-14
971.05000,2.9016094e-12,2.9040756e-14
971.06000,2.9013899e-12,2.9035122e-14
971.07000,2.9020340e-12,2.9054744e-14
971.08000,2.9034664e-12,2.9094008e-14
971.09000,2.9053495e-12,2.9137858e-14
971.10000,2.9072362e-12,2.9172550e-14
971.11000,2.9090021e-12,2.9189460e-14
971.12000,2.9108389e-12,2.9191642e-14
971.13000,2.9129518e-12,2.9192131e-14
971.14000,2.9156062e-12,2.9203571e-14
971.15000,2.9186257e-12,2.9232055e-14
971.16000,2.9215619e-12,2.9268975e-14
971.17000,2.9234879e-12,2.9301063e-14
971.18000,2.9240990e-12,2.9317369e-14
971.19000,2.9223850e-12,2.9304376e-14
971.20000,2.9183813e-12,2.9266348e-14
971.21000,2.9127022e-12,2.9215086e-14
971.22000,2.9053386e-12,2.9156797e-14
971.23000,2.8973576e-12,2.9100739e-14
971.24000,2.8895765e-12,2.9050452e-14
971.25000,2.8831466e-12,2.9012501e-14
971.26000,2.8784832e-12,2.8988069e-14
971.27000,2.8757786e-12,2.8979097e-14
971.28000,2.8754361e-12,2.8989484e-14
971.29000,2.8763329e-12,2.9009361e-14
971.30000,2.8779776e-12,2.9032646e-14
971.31000,2.8799087e-12,2.9053290e-14
971.32000,2.8817488e-12,2.9070788e-14
971.33000,2.8832263e-12,2.9088185e-14
971.34000,2.8838719e-12,2.9114825e-14
971.35000,2.8836156e-12,2.9156579e-14
971.36000,2.8819302e-12,2.9236417e-14
971.37000,2.8787706e-12,2.9398254e-14
971.38000,2.8748674e-12,2.9653388e-14
971.39000,2.8708724e-12,3.0127148e-14
971.40000,2.8675244e-12,3.0803389e-14
971.41000,2.8655613e-12,3.1788853e-14
971.42000,2.8648778e-12,3.3004973e-14
971.43000,2.8647593e-12,3.4262872e-14
971.44000,2.8646603e-12,3.5276011e-14
971.45000,2.8641372e-12,3.5767904e-14
971.46000,2.8634504e-12,3.5683212e-14
971.47000,2.8633726e-12,3.4880010e-14
971.48000,2.8644041e-12,3.3718486e-14
971.49000,2.8665062e-12,3.2468493e-14
971.50000,2.8695889e-12,3.1376238e-14
971.51000,2.8730523e-12,3.0518345e-14
971.52000,2.8768197e-12,2.9908665e-14
971.53000,2.8810791e-12,2.9561694e-14
971.54000,2.8857433e-12,2.9351642e-14
971.55000,2.8907767e-12,2.9241262e-14
971.56000,2.8959999e-12,2.9195948e-14
971.57000,2.9011435e-12,2.9172056e-14
971.58000,2.9058658e-12,2.9155684e-14
971.59000,2.9096215e-12,2.9135770e-14
971.60000,2.9123549e-12,2.9110352e-14
971.61000,2.9133335e-12,2.9077809e-14
971.62000,2.9121579e-12,2.9039413e-14
971.63000,2.9094016e-12,2.8997883e-14
971.64000,2.9047324e-12,2.8954236e-14
971.65000,2.8993083e-12,2.8911660e-14
971.66000,2.8937643e-12,2.8874515e-14
971.67000,2.8891607e-12,2.8846337e-14
971.68000,2.8859193e-12,2.8826952e-14
971.69000,2.8849422e-12,2.8818841e-14
971.70000,2.8858520e-12,2.8817408e-14
971.71000,2.8880431e-12,2.8818625e-14
971.72000,2.8912251e-12,2.8819872e-14
971.73000,2.8945967e-12,2.8819781e-14
971.74000,2.8978369e-12,2.8818950e-14
971.75000,2.9007232e-12,2.8818925e-14
971.76000,2.9032974e-12,2.8820401e-14
971.77000,2.9054559e-12,2.8823120e-14
971.78000,2.9068157e-12,2.8825483e-14
971.79000,2.9073602e-12,2.8825960e-14
971.80000,2.9067731e-12,2.8823135e-14
971.81000,2.9047445e-12,2.8816720e-14
971.82000,2.9017299e-12,2.8809166e-14
971.83000,2.8977708e-12,2.8803729e-14
971.84000,2.8932495e-12,2.8805676e-14
971.85000,2.8886349e-12,2.8815332e-14
971.86000,2.8842624e-12,2.8835354e-14
971.87000,2.8804164e-12,2.8861432e-14
971.88000,2.8770395e-12,2.8887181e-14
971.89000,2.8744152e-12,2.8903338e-14
971.90000,2.8723298e-12,2.8908205e-14
971.91000,2.8709691e-12,2.8896931e-14
971.92000,2.8701952e-12,2.8875663e-14
971.93000,2.8698330e-12,2.8852838e-14
971.94000,2.8700029e-12,2.8837594e-14
971.95000,2.8706766e-12,2.8835563e-14
971.96000,2.8719011e-12,2.8846255e-14
971.97000,2.8740115e-12,2.8868855e-14
971.98000,2.8768102e-12,2.8892596e-14
971.99000,2.8800734e-12,2.8909359e-14
972.00000,2.8834868e-12,2.8908028e-14
972.01000,2.8866721e-12,2.8891485e-14
972.02000,2.8894992e-12,2.8862993e-14
972.03000,2.8921027e-12,2.8830484e-14
972.04000,2.8948664e-12,2.8803495e-14
972.05000,2.8981076e-12,2.8789160e-14
972.06000,2.9018663e-12,2.8792177e-14
972.07000,2.9056641e-12,2.8805869e-14
972.08000,2.9088142e-12,2.8827045e-14
972.09000,2.9104803e-12,2.8849373e-14
972.10000,2.9108413e-12,2.8869285e-14
972.11000,2.9096775e-12,2.8884495e-14
972.12000,2.9075986e-12,2.8896683e-14
972.13000,2.9053589e-12,2.8909611e-14
972.14000,2.9036916e-12,2.8933674e-14
972.15000,2.9028021e-12,2.8977163e-14
972.16000,2.9030517e-12,2.9071713e-14
972.17000,2.9039665e-12,2.9250077e-14
972.18000,2.9047893e-12,2.9527266e-14
972.19000,2.9043065e-12,2.9972921e-14
972.20000,2.9015371e-12,3.0563515e-14
972.21000,2.8962236e-12,3.1232535e-14
972.22000,2.8878173e-12,3.1864201e-14
972.23000,2.8783840e-12,3.2312378e-14
972.24000,2.8700191e-12,3.2485300e-14
972.25000,2.8659112e-12,3.2244068e-14
972.26000,2.8660744e-12,3.1749615e-14
972.27000,2.8700418e-12,3.1116674e-14
972.28000,2.8767652e-12,3.0489139e-14
972.29000,2.8838291e-12,2.9967011e-14
972.30000,2.8899876e-12,2.9613539e-14
972.31000,2.8940964e-12,2.9487993e-14
972.32000,2.8964961e-12,2.9529915e-14
972.33000,2.8971013e-12,2.9763267e-14
972.34000,2.8964390e-12,3.0183045e-14
972.35000,2.8955361e-12,3.0696163e-14
972.36000,2.8953870e-12,3.1224933e-14
972.37000,2.8970992e-12,3.1610704e-14
972.38000,2.9004200e-12,3.1807594e-14
972.39000,2.9055132e-12,3.1658996e-14
972.40000,2.9109289e-12,3.1302972e-14
972.41000,2.9157511e-12,3.0764908e-14
972.42000,2.9192554e-12,3.0200963e-14
972.43000,2.9216198e-12,2.9696912e-14
972.44000,2.9225105e-12,2.9322453e-14
972.45000,2.9222039e-12,2.9067856e-14
972.46000,2.9209497e-12,2.8893554e-14
972.47000,2.9184819e-12,2.8796255e-14
972.48000,2.9151596e-12,2.8737879e-14
972.49000,2.9112928e-12,2.8701955e-14
972.50000,2.9071157e-12,2.8688378e-14
972.51000,2.9030569e-12,2.8689733e-14
972.52000,2.8993503e-12,2.8705643e-14
972.53000,2.8963364e-12,2.8742387e-14
972.54000,2.8939309e-12,2.8794931e-14
972.55000,2.8922339e-12,2.8862889e-14
972.56000,2.8914859e-12,2.8943241e-14
972.57000,2.8914079e-12,2.9023640e-14
972.58000,2.8919529e-12,2.9089910e-14
972.59000,2.8929721e-12,2.9120856e-14
972.60000,2.8941709e-12,2.9118603e-14
972.61000,2.8954501e-12,2.9079330e-14
972.62000,2.8967014e-12,2.9018400e-14
972.63000,2.8978686e-12,2.8958978e-14
972.64000,2.8988328e-12,2.8924900e-14
972.65000,2.8994745e-12,2.8934219e-14
972.66000,2.8998331e-12,2.8976130e-14
972.67000,2.8997570e-12,2.9050162e-14
972.68000,2.8994570e-12,2.9127412e-14
972.69000,2.8990623e-12,2.9185333e-14
972.70000,2.8988772e-12,2.9205104e-14
972.71000,2.8989946e-12,2.9190957e-14
972.72000,2.8994439e-12,2.9139793e-14
972.73000,2.8998549e-12,2.9074526e-14
972.74000,2.8998730e-12,2.9013085e-14
972.75000,2.8989714e-12,2.8971755e-14
972.76000,2.8972336e-12,2.8951100e-14
972.77000,2.8950025e-12,2.8943338e-14
972.78000,2.8928771e-12,2.8937576e-14
972.79000,2.8915559e-12,2.8921630e-14
972.80000,2.8915090e-12,2.8891010e-14
972.81000,2.8934440e-12,2.8843531e-14
972.82000,2.8966976e-12,2.8790051e-14
972.83000,2.9009013e-12,2.8737622e-14
972.84000,2.9054283e-12,2.8694229e-14
972.85000,2.9095325e-12,2.8660030e-14
972.86000,2.9124707e-12,2.8635614e-14
972.87000,2.9132702e-12,2.8619856e-14
972.88000,2.9122200e-12,2.8608850e-14
972.89000,2.9090705e-12,2.8605746e-14
972.90000,2.9044898e-12,2.8623936e-14
972.91000,2.8997667e-12,2.8671210e-14
972.92000,2.8962459e-12,2.8783283e-14
972.93000,2.8951731e-12,2.8996430e-14
972.94000,2.8960724e-12,2.9293909e-14
972.95000,2.8991442e-12,2.9699134e-14
972.96000,2.9027595e-12,3.0133821e-14
972.97000,2.9061226e-12,3.0521959e-14
972.98000,2.9086464e-12,3.0757119e-14
972.99000,2.9106214e-12,3.0821664e-14
973.00000,2.9122900e-12,3.0650090e-14
973.01000,2.9140413e-12,3.0325612e-14
973.02000,2.9159121e-12,2.9945253e-14
973.03000,2.9178209e-12,2.9578338e-14
973.04000,2.9196159e-12,2.9277104e-14
973.05000,2.9212080e-12,2.9044827e-14
973.06000,2.9223713e-12,2.8890655e-14
973.07000,2.9230454e-12,2.8777245e-14
973.08000,2.9231055e-12,2.8686725e-14
973.09000,2.9220838e-12,2.8613299e-14
973.10000,2.9200988e-12,2.8547481e-14
973.11000,2.9170806e-12,2.8488350e-14
973.12000,2.9129068e-12,2.8437934e-14
973.13000,2.9081608e-12,2.8394323e-14
973.14000,2.9032073e-12,2.8358751e-14
973.15000,2.8986667e-12,2.8333712e-14
973.16000,2.8948620e-12,2.8316750e-14
973.17000,2.8923151e-12,2.8309293e-14
973.18000,2.8914595e-12,2.8311816e-14
973.19000,2.8917960e-12,2.8320319e-14
973.20000,2.8932580e-12,2.8333510e-14
973.21000,2.8952259e-12,2.8347303e-14
973.22000,2.8970853e-12,2.8358719e-14
973.23000,2.8982141e-12,2.8363800e-14
973.24000,2.8981842e-12,2.8361056e-14
973.25000,2.8972524e-12,2.8353375e-14
973.26000,2.8952241e-12,2.8342336e-14
973.27000,2.8927525e-12,2.8332565e-14
973.28000,2.8901298e-12,2.8329058e-14
973.29000,2.8878650e-12,2.8336589e-14
973.30000,2.8861533e-12,2.8357456e-14
973.31000,2.8853718e-12,2.8405803e-14
973.32000,2.8853770e-12,2.8490935e-14
973.33000,2.8858525e-12,2.8620186e-14
973.34000,2.8865265e-12,2.8832756e-14
973.35000,2.8869623e-12,2.9138166e-14
973.36000,2.8869639e-12,2.9548106e-14
973.37000,2.8861909e-12,3.0121952e-14
973.38000,2.8846400e-12,3.0820355e-14
973.39000,2.8821149e-12,3.1595867e-14
973.40000,2.8780732e-12,3.2324446e-14
973.41000,2.8731156e-12,3.2867757e-14
973.42000,2.8678949e-12,3.3084305e-14
973.43000,2.8636811e-12,3.2804193e-14
973.44000,2.8609998e-12,3.2201916e-14
973.45000,2.8603597e-12,3.1389540e-14
973.46000,2.8620274e-12,3.0564323e-14
973.47000,2.8650532e-12,2.9863446e-14
973.48000,2.8691545e-12,2.9393078e-14
973.49000,2.8737174e-12,2.9222199e-14
973.50000,2.8781150e-12,2.9270710e-14
973.51000,2.8816776e-12,2.9587519e-14
973.52000,2.8836657e-12,3.0172709e-14
973.53000,2.8842126e-12,3.0921137e-14
973.54000,2.8827056e-12,3.1792413e-14
973.55000,2.8795673e-12,3.2632004e-14
973.56000,2.8759183e-12,3.3353454e-14
973.57000,2.8732339e-12,3.3783313e-14
973.58000,2.8722131e-12,3.3981729e-14
973.59000,2.8736116e-12,3.3883744e-14
973.60000,2.8761519e-12,3.3568093e-14
973.61000,2.8781823e-12,3.3126190e-14
973.62000,2.8778591e-12,3.2565870e-14
973.63000,2.8747283e-12,3.1954607e-14
973.64000,2.8697488e-12,3.1339855e-14
973.65000,2.8640812e-12,3.0776264e-14
973.66000,2.8597306e-12,3.0302458e-14
973.67000,2.8576199e-12,2.9931875e-14
973.68000,2.8588879e-12,2.9699994e-14
973.69000,2.8623242e-12,2.9551438e-14
973.70000,2.8668868e-12,2.9445850e-14
973.71000,2.8712484e-12,2.9352923e-14
973.72000,2.8741242e-12,2.9252217e-14
973.73000,2.8744782e-12,2.9146604e-14
973.74000,2.8708100e-12,2.9046315e-14
973.75000,2.8643046e-12,2.8951512e-14
973.76000,2.8556532e-12,2.8851359e-14
973.77000,2.8463982e-12,2.8723649e-14
973.78000,2.8381934e-12,2.8568550e-14
973.79000,2.8324989e-12,2.8392402e-14
973.80000,2.8304941e-12,2.8224200e-14
973.81000,2.8310297e-12,2.8085048e-14
973.82000,2.8336828e-12,2.7999848e-14
973.83000,2.8371103e-12,2.7978888e-14
973.84000,2.8402912e-12,2.7998867e-14
973.85000,2.8427972e-12,2.8057608e-14
973.86000,2.8450381e-12,2.8139025e-14
973.87000,2.8475623e-12,2.8225947e-14
973.88000,2.8510001e-12,2.8300475e-14
973.89000,2.8549287e-12,2.8352944e-14
973.90000,2.8589099e-12,2.8363487e-14
973.91000,2.8621359e-12,2.8329696e-14
973.92000,2.8644539e-12,2.8267784e-14
973.93000,2.8654701e-12,2.8182226e-14
973.94000,2.8654385e-12,2.8093162e-14
973.95000,2.8647173e-12,2.8011360e-14
973.96000,2.8633089e-12,2.7945990e-14
973.97000,2.8616570e-12,2.7896119e-14
973.98000,2.8601176e-12,2.7857463e-14
973.99000,2.8590523e-12,2.7830813e-14
974.00000,2.8584375e-12,2.7812610e-14
974.01000,2.8580581e-12,2.7803205e-14
974.02000,2.8576396e-12,2.7811314e-14
974.03000,2.8569725e-12,2.7839481e-14
974.04000,2.8560235e-12,2.7892119e-14
974.05000,2.8547806e-12,2.7981996e-14
974.06000,2.8534225e-12,2.8097845e-14
974.07000,2.8520437e-12,2.8231480e-14
974.08000,2.8507405e-12,2.8364388e-14
974.09000,2.8494932e-12,2.8475627e-14
974.10000,2.8481374e-12,2.8542785e-14
974.11000,2.8461400e-12,2.8537316e-14
974.12000,2.8432515e-12,2.8475768e-14
974.13000,2.8390248e-12,2.8361042e-14
974.14000,2.8333396e-12,2.8213818e-14
974.15000,2.8269984e-12,2.8067494e-14
974.16000,2.8206758e-12,2.7955076e-14
974.17000,2.8153496e-12,2.7922840e-14
974.18000,2.8111536e-12,2.7975416e-14
974.19000,2.8085516e-12,2.8178219e-14
974.20000,2.8075796e-12,2.8606987e-14
974.21000,2.8077324e-12,2.9243960e-14
974.22000,2.8095298e-12,3.0256350e-14
974.23000,2.8123939e-12,3.1533467e-14
974.24000,2.8164654e-12,3.3078171e-14
974.25000,2.8211357e-12,3.4602915e-14
974.26000,2.8257240e-12,3.5834057e-14
974.27000,2.8294120e-12,3.6328131e-14
974.28000,2.8314845e-12,3.5948747e-14
974.29000,2.8321234e-12,3.4962039e-14
974.30000,2.8314317e-12,3.3477936e-14
974.31000,2.8307029e-12,3.1945407e-14
974.32000,2.8307032e-12,3.0590737e-14
974.33000,2.8319169e-12,2.9603148e-14
974.34000,2.8337019e-12,2.8932606e-14
974.35000,2.8353530e-12,2.8487645e-14
974.36000,2.8361511e-12,2.8258671e-14
974.37000,2.8360502e-12,2.8135819e-14
974.38000,2.8352648e-12,2.8072617e-14
974.39000,2.8339583e-12,2.8056067e-14
974.40000,2.8325334e-12,2.8057533e-14
974.41000,2.8311268e-12,2.8065102e-14
974.42000,2.8298658e-12,2.8064671e-14
974.43000,2.8288358e-12,2.8049077e-14
974.44000,2.8282547e-12,2.8015099e-14
974.45000,2.8286271e-12,2.7963566e-14
974.46000,2.8299307e-12,2.7906818e-14
974.47000,2.8323199e-12,2.7852389e-14
974.48000,2.8357524e-12,2.7807910e-14
974.49000,2.8395481e-12,2.7772763e-14
974.50000,2.8431050e-12,2.7747843e-14
974.51000,2.8454894e-12,2.7732450e-14
974.52000,2.8465742e-12,2.7722434e-14
974.53000,2.8459571e-12,2.7717808e-14
974.54000,2.8439501e-12,2.7718467e-14
974.55000,2.8415209e-12,2.7722397e-14
974.56000,2.8394514e-12,2.7728465e-14
974.57000,2.8384466e-12,2.7732688e-14
974.58000,2.8382646e-12,2.7732910e-14
974.59000,2.8387053e-12,2.7724467e-14
974.60000,2.8390211e-12,2.7710421e-14
974.61000,2.8387103e-12,2.7692018e-14
974.62000,2.8376530e-12,2.7675667e-14
974.63000,2.8362444e-12,2.7665314e-14
974.64000,2.8347250e-12,2.7667331e-14
974.65000,2.8333832e-12,2.7682850e-14
974.66000,2.8321735e-12,2.7707522e-14
974.67000,2.8309464e-12,2.7739190e-14
974.68000,2.8295163e-12,2.7768991e-14
974.69000,2.8279353e-12,2.7791176e-14
974.70000,2.8264685e-12,2.7798170e-14
974.71000,2.8255577e-12,2.7792433e-14
974.72000,2.8254443e-12,2.7780668e-14
974.73000,2.8265287e-12,2.7772593e-14
974.74000,2.8283582e-12,2.7779981e-14
974.75000,2.8304056e-12,2.7812484e-14
974.76000,2.8319579e-12,2.7901179e-14
974.77000,2.8325901e-12,2.8061028e-14
974.78000,2.8321835e-12,2.8324367e-14
974.79000,2.8307793e-12,2.8806857e-14
974.80000,2.8294014e-12,2.9522316e-14
974.81000,2.8291147e-12,3.0515041e-14
974.82000,2.8316629e-12,3.1823843e-14
974.83000,2.8366313e-12,3.3225230e-14
974.84000,2.8432465e-12,3.4466687e-14
974.85000,2.8493405e-12,3.5099095e-14
974.86000,2.8533020e-12,3.5085552e-14
974.87000,2.8541986e-12,3.4363628e-14
974.88000,2.8525177e-12,3.3090440e-14
974.89000,2.8504353e-12,3.1689502e-14
974.90000,2.8495195e-12,3.0409420e-14
974.91000,2.8508141e-12,2.9448733e-14
974.92000,2.8534855e-12,2.8743798e-14
974.93000,2.8568595e-12,2.8298057e-14
974.94000,2.8598576e-12,2.8045852e-14
974.95000,2.8621776e-12,2.7883660e-14
974.96000,2.8635976e-12,2.7789795e-14
974.97000,2.8642698e-12,2.7733556e-14
974.98000,2.8644765e-12,2.7692088e-14
974.99000,2.8639226e-12,2.7659748e-14
975.00000,2.8622981e-12,2.7629166e-14
975.01000,2.8597870e-12,2.7597489e-14
975.02000,2.8561319e-12,2.7563593e-14
975.03000,2.8520098e-12,2.7529517e-14
975.04000,2.8476560e-12,2.7497648e-14
975.05000,2.8433956e-12,2.7469891e-14
975.06000,2.8392593e-12,2.7445480e-14
975.07000,2.8353362e-12,2.7424704e-14
975.08000,2.8318535e-12,2.7406388e-14
975.09000,2.8291108e-12,2.7390330e-14
975.10000,2.8279380e-12,2.7378790e-14
975.11000,2.8284070e-12,2.7372580e-14
975.12000,2.8300885e-12,2.7371389e-14
975.13000,2.8328042e-12,2.7377378e-14
975.14000,2.8359092e-12,2.7390475e-14
975.15000,2.8393506e-12,2.7411944e-14
975.16000,2.8437738e-12,2.7448173e-14
975.17000,2.8494670e-12,2.7497402e-14
975.18000,2.8563792e-12,2.7556494e-14
975.19000,2.8642043e-12,2.7622407e-14
975.20000,2.8718587e-12,2.7690049e-14
975.21000,2.8787286e-12,2.7763194e-14
975.22000,2.8842864e-12,2.7869560e-14
975.23000,2.8890604e-12,2.8034054e-14
975.24000,2.8933121e-12,2.8301723e-14
975.25000,2.8970568e-12,2.8768798e-14
975.26000,2.9003837e-12,2.9413804e-14
975.27000,2.9031629e-12,3.0230003e-14
975.28000,2.9051261e-12,3.1117890e-14
975.29000,2.9063146e-12,3.1898588e-14
975.30000,2.9062802e-12,3.2364508e-14
975.31000,2.9044094e-12,3.2292503e-14
975.32000,2.9012481e-12,3.1824433e-14
975.33000,2.8972045e-12,3.1034488e-14
975.34000,2.8933428e-12,3.0135666e-14
975.35000,2.8903309e-12,2.9306301e-14
975.36000,2.8888510e-12,2.8661637e-14
975.37000,2.8889756e-12,2.8243708e-14
975.38000,2.8898308e-12,2.7968735e-14
975.39000,2.8906310e-12,2.7828169e-14
975.40000,2.8902513e-12,2.7781164e-14
975.41000,2.8886159e-12,2.7780300e-14
975.42000,2.8853629e-12,2.7818768e-14
975.43000,2.8810478e-12,2.7875740e-14
975.44000,2.8764251e-12,2.7934494e-14
975.45000,2.8720619e-12,2.7980773e-14
975.46000,2.8681883e-12,2.8015284e-14
975.47000,2.8651161e-12,2.8039863e-14
975.48000,2.8627795e-12,2.8067107e-14
975.49000,2.8608800e-12,2.8101332e-14
975.50000,2.8593664e-12,2.8138303e-14
975.51000,2.8580030e-12,2.8158269e-14
975.52000,2.8567367e-12,2.8148442e-14
975.53000,2.8558490e-12,2.8088235e-14
975.54000,2.8557439e-12,2.7990615e-14
975.55000,2.8566138e-12,2.7880456e-14
975.56000,2.8589382e-12,2.7783192e-14
975.57000,2.8622227e-12,2.7720762e-14
975.58000,2.8657672e-12,2.7697767e-14
975.59000,2.8686743e-12,2.7733673e-14
975.60000,2.8702981e-12,2.7825181e-14
975.61000,2.8705545e-12,2.7981486e-14
975.62000,2.8693670e-12,2.8274671e-14
975.63000,2.8677824e-12,2.8738864e-14
975.64000,2.8666504e-12,2.9418872e-14
975.65000,2.8674101e-12,3.0431265e-14
975.66000,2.8705939e-12,3.1660819e-14
975.67000,2.8765865e-12,3.2963839e-14
975.68000,2.8852584e-12,3.4018249e-14
975.69000,2.8933838e-12,3.4619557e-14
975.70000,2.8972644e-12,3.4631814e-14
975.71000,2.8913275e-12,3.3990444e-14
975.72000,2.8778380e-12,3.3106043e-14
975.73000,NaN,NaN
975.74000,NaN,NaN
975.75000,NaN,NaN
975.76000,NaN,NaN
975.77000,NaN,NaN
975.78000,NaN,NaN
975.79000,NaN,NaN
975.80000,NaN,NaN
975.81000,NaN,NaN
975.82000,NaN,NaN
975.83000,NaN,NaN
975.84000,NaN,NaN
975.85000,NaN,NaN
975.86000,NaN,NaN
975.87000,NaN,NaN
975.88000,NaN,NaN
975.89000,NaN,NaN
975.90000,NaN,NaN
975.91000,NaN,NaN
975.92000,NaN,NaN
975.93000,NaN,NaN
975.94000,NaN,NaN
975.95000,NaN,NaN
975.96000,NaN,NaN
975.97000,NaN,NaN
975.98000,NaN,NaN
975.99000,NaN,NaN
976.00000,NaN,NaN
976.01000,NaN,NaN
976.02000,NaN,NaN
976.03000,NaN,NaN
976.04000,NaN,NaN
976.05000,NaN,NaN
976.06000,NaN,NaN
976.07000,NaN,NaN
976.08000,NaN,NaN
976.09000,NaN,NaN
976.10000,NaN,NaN
976.11000,NaN,NaN
976.12000,NaN,NaN
976.13000,NaN,NaN
976.14000,NaN,NaN
976.15000,NaN,NaN
976.16000,NaN,NaN
976.17000,NaN,NaN
976.18000,NaN,NaN
976.19000,NaN,NaN
976.20000,NaN,NaN
976.21000,NaN,NaN
976.22000,NaN,NaN
976.23000,NaN,NaN
976.24000,NaN,NaN
976.25000,NaN,NaN
976.26000,NaN,NaN
976.27000,NaN,NaN
976.28000,NaN,NaN
976.29000,NaN,NaN
976.30000,NaN,NaN
976.31000,NaN,NaN
976.32000,NaN,NaN
976.33000,NaN,NaN
976.34000,NaN,NaN
976.35000,NaN,NaN
976.36000,NaN,NaN
976.37000,NaN,NaN
976.38000,NaN,NaN
976.39000,NaN,NaN
976.40000,NaN,NaN
976.41000,NaN,NaN
976.42000,NaN,NaN
976.43000,NaN,NaN
976.44000,NaN,NaN
976.45000,NaN,NaN
976.46000,NaN,NaN
976.47000,NaN,NaN
976.48000,NaN,NaN
976.49000,NaN,NaN
976.50000,NaN,NaN
976.51000,NaN,NaN
976.52000,NaN,NaN
976.53000,NaN,NaN
976.54000,NaN,NaN
976.55000,NaN,NaN
976.56000,NaN,NaN
976.57000,NaN,NaN
976.58000,NaN,NaN
976.59000,NaN,NaN
976.60000,NaN,NaN
976.61000,NaN,NaN
976.62000,NaN,NaN
976.63000,NaN,NaN
976.64000,NaN,NaN
976.65000,NaN,NaN
976.66000,NaN,NaN
976.67000,NaN,NaN
976.68000,NaN,NaN
976.69000,NaN,NaN
976.70000,NaN,NaN
976.71000,NaN,NaN
976.72000,NaN,NaN
976.73000,NaN,NaN
976.74000,NaN,NaN
976.75000,NaN,NaN
976.76000,NaN,NaN
976.77000,NaN,NaN
976.78000,NaN,NaN
976.79000,NaN,NaN
976.80000,NaN,NaN
976.81000,NaN,NaN
976.82000,NaN,NaN
976.83000,NaN,NaN
976.84000,NaN,NaN
976.85000,NaN,NaN
976.86000,NaN,NaN
976.87000,NaN,NaN
976.88000,NaN,NaN
976.89000,NaN,NaN
976.90000,NaN,NaN
976.91000,NaN,NaN
976.92000,NaN,NaN
976.93000,NaN,NaN
976.94000,NaN,NaN
976.95000,NaN,NaN
976.96000,NaN,NaN
976.97000,NaN,NaN
976.98000,NaN,NaN
976.99000,NaN,NaN
977.00000,NaN,NaN
977.01000,NaN,NaN
977.02000,NaN,NaN
977.03000,NaN,NaN
977.04000,NaN,NaN
977.05000,NaN,NaN
977.06000,NaN,NaN
977.07000,NaN,NaN
977.08000,NaN,NaN
977.09000,NaN,NaN
977.10000,NaN,NaN
977.11000,NaN,NaN
977.12000,NaN,NaN
977.13000,NaN,NaN
977.14000,NaN,NaN
977.15000,NaN,NaN
977.16000,NaN,NaN
977.17000,NaN,NaN
977.18000,NaN,NaN
977.19000,NaN,NaN
977.20000,NaN,NaN
977.21000,NaN,NaN
977.22000,NaN,NaN
977.23000,NaN,NaN
977.24000,NaN,NaN
977.25000,NaN,NaN
977.26000,NaN,NaN
977.27000,NaN,NaN
977.28000,NaN,NaN
977.29000,NaN,NaN
977.30000,NaN,NaN
977.31000,NaN,NaN
977.32000,NaN,NaN
977.33000,NaN,NaN
977.34000,NaN,NaN
977.35000,NaN,NaN
977.36000,NaN,NaN
977.37000,NaN,NaN
977.38000,NaN,NaN
977.39000,NaN,NaN
977.40000,NaN,NaN
977.41000,NaN,NaN
977.42000,NaN,NaN
977.43000,NaN,NaN
977.44000,NaN,NaN
977.45000,NaN,NaN
977.46000,NaN,NaN
977.47000,NaN,NaN
977.48000,NaN,NaN
977.49000,NaN,NaN
977.50000,NaN,NaN
977.51000,NaN,NaN
977.52000,NaN,NaN
977.53000,NaN,NaN
977.54000,NaN,NaN
977.55000,NaN,NaN
977.56000,NaN,NaN
977.57000,NaN,NaN
977.58000,NaN,NaN
977.59000,NaN,NaN
977.60000,NaN,NaN
977.61000,NaN,NaN
977.62000,NaN,NaN
977.63000,NaN,NaN
977.64000,NaN,NaN
977.65000,NaN,NaN
977.66000,NaN,NaN
977.67000,NaN,NaN
977.68000,NaN,NaN
977.69000,NaN,NaN
977.70000,NaN,NaN
977.71000,NaN,NaN
977.72000,NaN,NaN
977.73000,NaN,NaN
977.74000,NaN,NaN
977.75000,NaN,NaN
977.76000,NaN,NaN
977.77000,NaN,NaN
977.78000,NaN,NaN
977.79000,NaN,NaN
977.80000,NaN,NaN
977.81000,NaN,NaN
977.82000,NaN,NaN
977.83000,NaN,NaN
977.84000,NaN,NaN
977.85000,NaN,NaN
977.86000,NaN,NaN
977.87000,NaN,NaN
977.88000,NaN,NaN
977.89000,NaN,NaN
977.90000,NaN,NaN
977.91000,NaN,NaN
977.92000,NaN,NaN
977.93000,NaN,NaN
977.94000,NaN,NaN
977.95000,NaN,NaN
977.96000,NaN,NaN
977.97000,NaN,NaN
977.98000,NaN,NaN
977.99000,NaN,NaN
978.00000,NaN,NaN
978.01000,NaN,NaN
978.02000,NaN,NaN
978.03000,NaN,NaN
978.04000,NaN,NaN
978.05000,NaN,NaN
978.06000,NaN,NaN
978.07000,NaN,NaN
978.08000,NaN,NaN
978.09000,NaN,NaN
978.10000,NaN,NaN
978.11000,NaN,NaN
978.12000,NaN,NaN
978.13000,NaN,NaN
978.14000,NaN,NaN
978.15000,NaN,NaN
978.16000,NaN,NaN
978.17000,NaN,NaN
978.18000,NaN,NaN
978.19000,NaN,NaN
978.20000,NaN,NaN
978.21000,NaN,NaN
978.22000,NaN,NaN
978.23000,NaN,NaN
978.24000,NaN,NaN
978.25000,NaN,NaN
978.26000,NaN,NaN
978.27000,NaN,NaN
978.28000,NaN,NaN
978.29000,NaN,NaN
978.30000,NaN,NaN
978.31000,NaN,NaN
978.32000,NaN,NaN
978.33000,NaN,NaN
978.34000,NaN,NaN
978.35000,NaN,NaN
978.36000,NaN,NaN
978.37000,NaN,NaN
978.38000,NaN,NaN
978.39000,NaN,NaN
978.40000,NaN,NaN
978.41000,NaN,NaN
978.42000,NaN,NaN
978.43000,NaN,NaN
978.44000,NaN,NaN
978.45000,NaN,NaN
978.46000,NaN,NaN
978.47000,NaN,NaN
978.48000,NaN,NaN
978.49000,NaN,NaN
978.50000,NaN,NaN
978.51000,NaN,NaN
978.52000,NaN,NaN
978.53000,NaN,NaN
978.54000,NaN,NaN
978.55000,NaN,NaN
978.56000,NaN,NaN
978.57000,NaN,NaN
978.58000,NaN,NaN
978.59000,NaN,NaN
978.60000,NaN,NaN
978.61000,NaN,NaN
978.62000,NaN,NaN
978.63000,NaN,NaN
978.64000,NaN,NaN
978.65000,NaN,NaN
978.66000,NaN,NaN
978.67000,NaN,NaN
978.68000,NaN,NaN
978.69000,NaN,NaN
978.70000,NaN,NaN
978.71000,NaN,NaN
978.72000,NaN,NaN
978.73000,NaN,NaN
978.74000,NaN,NaN
978.75000,NaN,NaN
978.76000,NaN,NaN
978.77000,NaN,NaN
978.78000,NaN,NaN
978.79000,NaN,NaN
978.80000,NaN,NaN
978.81000,NaN,NaN
978.82000,NaN,NaN
978.83000,NaN,NaN
978.84000,NaN,NaN
978.85000,NaN,NaN
978.86000,NaN,NaN
978.87000,NaN,NaN
978.88000,NaN,NaN
978.89000,NaN,NaN
978.90000,NaN,NaN
978.91000,NaN,NaN
978.92000,NaN,NaN
978.93000,NaN,NaN
978.94000,NaN,NaN
978.95000,NaN,NaN
978.96000,NaN,NaN
978.97000,NaN,NaN
978.98000,NaN,NaN
978.99000,NaN,NaN
979.00000,NaN,NaN
979.01000,NaN,NaN
979.02000,NaN,NaN
979.03000,NaN,NaN
979.04000,NaN,NaN
979.05000,NaN,NaN
979.06000,NaN,NaN
979.07000,NaN,NaN
979.08000,NaN,NaN
979.09000,NaN,NaN
979.10000,NaN,NaN
979.11000,NaN,NaN
979.12000,NaN,NaN
979.13000,NaN,NaN
979.14000,2.8378186e-12,3.1464738e-14
979.15000,2.8319208e-12,3.1323558e-14
979.16000,2.8313904e-12,3.1364136e-14
979.17000,2.8345224e-12,3.1551752e-14
979.18000,2.8380706e-12,3.1810950e-14
979.19000,2.8411095e-12,3.2145778e-14
979.20000,2.8437884e-12,3.2633260e-14
979.21000,2.8471876e-12,3.3282200e-14
979.22000,2.8523380e-12,3.4104459e-14
979.23000,2.8604661e-12,3.5062150e-14
979.24000,2.8702228e-12,3.5962579e-14
979.25000,2.8799938e-12,3.6614835e-14
979.26000,2.8866805e-12,3.6704440e-14
979.27000,2.8892154e-12,3.6313537e-14
979.28000,2.8871376e-12,3.5528726e-14
979.29000,2.8802544e-12,3.4491552e-14
979.30000,2.8715415e-12,3.3471878e-14
979.31000,2.8626458e-12,3.2592788e-14
979.32000,2.8552924e-12,3.1966596e-14
979.33000,2.8497936e-12,3.1521604e-14
979.34000,2.8462438e-12,3.1223719e-14
979.35000,2.8448255e-12,3.1061615e-14
979.36000,2.8444734e-12,3.0966602e-14
979.37000,2.8446923e-12,3.0920422e-14
979.38000,2.8451523e-12,3.0923989e-14
979.39000,2.8456802e-12,3.0961302e-14
979.40000,2.8463845e-12,3.1033150e-14
979.41000,2.8474247e-12,3.1144820e-14
979.42000,2.8485797e-12,3.1274119e-14
979.43000,2.8494782e-12,3.1400645e-14
979.44000,2.8494381e-12,3.1485773e-14
979.45000,2.8484863e-12,3.1516819e-14
979.46000,2.8468209e-12,3.1485504e-14
979.47000,2.8449982e-12,3.1387842e-14
979.48000,2.8436389e-12,3.1262851e-14
979.49000,2.8430150e-12,3.1132527e-14
979.50000,2.8431638e-12,3.1019009e-14
979.51000,2.8434965e-12,3.0926226e-14
979.52000,2.8436137e-12,3.0854067e-14
979.53000,2.8431453e-12,3.0802791e-14
979.54000,2.8422804e-12,3.0762769e-14
979.55000,2.8412719e-12,3.0731889e-14
979.56000,2.8405776e-12,3.0711539e-14
979.57000,2.8404490e-12,3.0699004e-14
979.58000,2.8411165e-12,3.0694921e-14
979.59000,2.8429785e-12,3.0702272e-14
979.60000,2.8457230e-12,3.0718016e-14
979.61000,2.8491820e-12,3.0741326e-14
979.62000,2.8529929e-12,3.0771254e-14
979.63000,2.8565388e-12,3.0803121e-14
979.64000,2.8593391e-12,3.0834037e-14
979.65000,2.8606710e-12,3.0859703e-14
979.66000,2.8607218e-12,3.0878987e-14
979.67000,2.8595143e-12,3.0890295e-14
979.68000,2.8571209e-12,3.0891277e-14
979.69000,2.8543452e-12,3.0886204e-14
979.70000,2.8517026e-12,3.0877973e-14
979.71000,2.8498290e-12,3.0870731e-14
979.72000,2.8487382e-12,3.0866884e-14
979.73000,2.8484028e-12,3.0866778e-14
979.74000,2.8488334e-12,3.0869237e-14
979.75000,2.8497228e-12,3.0871820e-14
979.76000,2.8510762e-12,3.0875081e-14
979.77000,2.8530243e-12,3.0887004e-14
979.78000,2.8553066e-12,3.0916760e-14
979.79000,2.8576945e-12,3.0982132e-14
979.80000,2.8598952e-12,3.1130638e-14
979.81000,2.8619257e-12,3.1372670e-14
979.82000,2.8640577e-12,3.1734330e-14
979.83000,2.8668514e-12,3.2248973e-14
979.84000,2.8702349e-12,3.2834777e-14
979.85000,2.8736680e-12,3.3404348e-14
979.86000,2.8754987e-12,3.3779882e-14
979.87000,2.8748925e-12,3.3900545e-14
979.88000,2.8714116e-12,3.3727545e-14
979.89000,2.8654103e-12,3.3250720e-14
979.90000,2.8592943e-12,3.2663628e-14
979.91000,2.8547105e-12,3.2080361e-14
979.92000,2.8532660e-12,3.1618266e-14
979.93000,2.8539066e-12,3.1281149e-14
979.94000,2.8556063e-12,3.1058898e-14
979.95000,2.8569133e-12,3.0943378e-14
979.96000,2.8569706e-12,3.0875747e-14
979.97000,2.8555232e-12,3.0837607e-14
979.98000,2.8525665e-12,3.0826754e-14
979.99000,2.8491383e-12,3.0838052e-14
980.00000,2.8458852e-12,3.0883034e-14
980.01000,2.8437492e-12,3.1006311e-14
980.02000,2.8430708e-12,3.1225085e-14
980.03000,2.8444323e-12,3.1581508e-14
980.04000,2.8492718e-12,3.2175597e-14
980.05000,2.8569145e-12,3.2960548e-14
980.06000,2.8666944e-12,3.3889439e-14
980.07000,2.8765607e-12,3.4816681e-14
980.08000,2.8837341e-12,3.5543459e-14
980.09000,2.8861364e-12,3.5905630e-14
980.10000,2.8813214e-12,3.5677511e-14
980.11000,2.8722222e-12,3.5057801e-14
980.12000,2.8610002e-12,3.4196905e-14
980.13000,2.8501169e-12,3.3275546e-14
980.14000,2.8410661e-12,3.2463095e-14
980.15000,2.8342118e-12,3.1821701e-14
980.16000,2.8299090e-12,3.1421035e-14
980.17000,2.8270227e-12,3.1185351e-14
980.18000,2.8251605e-12,3.1093018e-14
980.19000,2.8244308e-12,3.1172302e-14
980.20000,2.8245419e-12,3.1369023e-14
980.21000,2.8254300e-12,3.1658832e-14
980.22000,2.8268930e-12,3.2002077e-14
980.23000,2.8281383e-12,3.2307765e-14
980.24000,2.8284737e-12,3.2504282e-14
980.25000,2.8268268e-12,3.2484847e-14
980.26000,2.8234749e-12,3.2292069e-14
980.27000,2.8187697e-12,3.1973746e-14
980.28000,2.8130963e-12,3.1589192e-14
980.29000,2.8073621e-12,3.1229456e-14
980.30000,2.8020267e-12,3.0933169e-14
980.31000,2.7976988e-12,3.0736906e-14
980.32000,2.7944296e-12,3.0609448e-14
980.33000,2.7923010e-12,3.0531114e-14
980.34000,2.7916942e-12,3.0495547e-14
980.35000,2.7921545e-12,3.0480347e-14
980.36000,2.7934678e-12,3.0478882e-14
980.37000,2.7957130e-12,3.0492402e-14
980.38000,2.7985516e-12,3.0516652e-14
980.39000,2.8018075e-12,3.0550459e-14
980.40000,2.8052648e-12,3.0594843e-14
980.41000,2.8084823e-12,3.0643926e-14
980.42000,2.8111159e-12,3.0692068e-14
980.43000,2.8125669e-12,3.0728374e-14
980.44000,2.8129073e-12,3.0746365e-14
980.45000,2.8122559e-12,3.0742825e-14
980.46000,2.8105000e-12,3.0711666e-14
980.47000,2.8080680e-12,3.0665138e-14
980.48000,2.8051461e-12,3.0613584e-14
980.49000,2.8016960e-12,3.0568527e-14
980.50000,2.7979202e-12,3.0537039e-14
980.51000,2.7939510e-12,3.0520150e-14
980.52000,2.7898877e-12,3.0519035e-14
980.53000,2.7858509e-12,3.0523394e-14
980.54000,2.7818556e-12,3.0524881e-14
980.55000,2.7779091e-12,3.0513001e-14
980.56000,2.7740758e-12,3.0485802e-14
980.57000,2.7705524e-12,3.0446537e-14
980.58000,2.7679551e-12,3.0399709e-14
980.59000,2.7666242e-12,3.0356284e-14
980.60000,2.7666830e-12,3.0322383e-14
980.61000,2.7685760e-12,3.0305669e-14
980.62000,2.7716377e-12,3.0303474e-14
980.63000,2.7752125e-12,3.0311671e-14
980.64000,2.7786412e-12,3.0329319e-14
980.65000,2.7812601e-12,3.0351239e-14
980.66000,2.7828679e-12,3.0375117e-14
980.67000,2.7831923e-12,3.0400931e-14
980.68000,2.7829159e-12,3.0428841e-14
980.69000,2.7827675e-12,3.0459447e-14
980.70000,2.7837246e-12,3.0495038e-14
980.71000,2.7862889e-12,3.0536289e-14
980.72000,2.7903609e-12,3.0583508e-14
980.73000,2.7960995e-12,3.0639595e-14
980.74000,2.8026096e-12,3.0701882e-14
980.75000,2.8091675e-12,3.0764771e-14
980.76000,2.8151407e-12,3.0816902e-14
980.77000,2.8202761e-12,3.0846502e-14
980.78000,2.8247930e-12,3.0850265e-14
980.79000,2.8289172e-12,3.0819280e-14
980.80000,2.8332197e-12,3.0766325e-14
980.81000,2.8379487e-12,3.0706146e-14
980.82000,2.8432869e-12,3.0650164e-14
980.83000,2.8488714e-12,3.0607623e-14
980.84000,2.8542230e-12,3.0578114e-14
980.85000,2.8585946e-12,3.0563994e-14
980.86000,2.8614925e-12,3.0559961e-14
980.87000,2.8629961e-12,3.0562085e-14
980.88000,2.8627268e-12,3.0572491e-14
980.89000,2.8612440e-12,3.0592334e-14
980.90000,2.8591872e-12,3.0621186e-14
980.91000,2.8567954e-12,3.0660951e-14
980.92000,2.8543903e-12,3.0704181e-14
980.93000,2.8520215e-12,3.0741695e-14
980.94000,2.8496897e-12,3.0759494e-14
980.95000,2.8474647e-12,3.0749605e-14
980.96000,2.8454846e-12,3.0717904e-14
980.97000,2.8441235e-12,3.0664887e-14
980.98000,2.8436391e-12,3.0606090e-14
980.99000,2.8439414e-12,3.0552614e-14
981.00000,2.8453122e-12,3.0514290e-14
981.01000,2.8475582e-12,3.0494160e-14
981.02000,2.8502437e-12,3.0486578e-14
981.03000,2.8530451e-12,3.0491675e-14
981.04000,2.8551949e-12,3.0502893e-14
981.05000,2.8563320e-12,3.0515266e-14
981.06000,2.8556794e-12,3.0527087e-14
981.07000,2.8532358e-12,3.0538814e-14
981.08000,2.8498155e-12,3.0553152e-14
981.09000,2.8457998e-12,3.0576104e-14
981.10000,2.8421693e-12,3.0613136e-14
981.11000,2.8392777e-12,3.0660940e-14
981.12000,2.8376088e-12,3.0717481e-14
981.13000,2.8370226e-12,3.0769351e-14
981.14000,2.8373514e-12,3.0799554e-14
981.15000,2.8381164e-12,3.0806508e-14
981.16000,2.8389858e-12,3.0780535e-14
981.17000,2.8393011e-12,3.0732434e-14
981.18000,2.8388706e-12,3.0679595e-14
981.19000,2.8372641e-12,3.0642703e-14
981.20000,2.8348203e-12,3.0650044e-14
981.21000,2.8322240e-12,3.0704676e-14
981.22000,2.8301707e-12,3.0834334e-14
981.23000,2.8291509e-12,3.1034663e-14
981.24000,2.8288349e-12,3.1267028e-14
981.25000,2.8288680e-12,3.1488004e-14
981.26000,2.8284156e-12,3.1624222e-14
981.27000,2.8272189e-12,3.1663497e-14
981.28000,2.8250362e-12,3.1567881e-14
981.29000,2.8223616e-12,3.1363297e-14
981.30000,2.8198386e-12,3.1117365e-14
981.31000,2.8180833e-12,3.0873917e-14
981.32000,2.8174504e-12,3.0678188e-14
981.33000,2.8176093e-12,3.0529793e-14
981.34000,2.8185639e-12,3.0436917e-14
981.35000,2.8202270e-12,3.0390746e-14
981.36000,2.8223746e-12,3.0368818e-14
981.37000,2.8251014e-12,3.0365870e-14
981.38000,2.8283907e-12,3.0375703e-14
981.39000,2.8319712e-12,3.0392315e-14
981.40000,2.8356388e-12,3.0416743e-14
981.41000,2.8389752e-12,3.0452085e-14
981.42000,2.8417756e-12,3.0497738e-14
981.43000,2.8436765e-12,3.0558473e-14
981.44000,2.8443858e-12,3.0638105e-14
981.45000,2.8442264e-12,3.0729480e-14
981.46000,2.8431758e-12,3.0825043e-14
981.47000,2.8412544e-12,3.0905992e-14
981.48000,2.8388153e-12,3.0962768e-14
981.49000,2.8360166e-12,3.0984317e-14
981.50000,2.8332498e-12,3.0968203e-14
981.51000,2.8308497e-12,3.0934195e-14
981.52000,2.8291099e-12,3.0894054e-14
981.53000,2.8281831e-12,3.0860122e-14
981.54000,2.8276613e-12,3.0834649e-14
981.55000,2.8272045e-12,3.0815955e-14
981.56000,2.8262912e-12,3.0797115e-14
981.57000,2.8247802e-12,3.0771591e-14
981.58000,2.8226249e-12,3.0734655e-14
981.59000,2.8200554e-12,3.0684515e-14
981.60000,2.8176432e-12,3.0630549e-14
981.61000,2.8159225e-12,3.0583562e-14
981.62000,2.8157073e-12,3.0565610e-14
981.63000,2.8168578e-12,3.0583927e-14
981.64000,2.8192962e-12,3.0649040e-14
981.65000,2.8226578e-12,3.0774668e-14
981.66000,2.8258601e-12,3.0932380e-14
981.67000,2.8280016e-12,3.1095555e-14
981.68000,2.8276195e-12,3.1211064e-14
981.69000,2.8249503e-12,3.1252937e-14
981.70000,2.8203205e-12,3.1206532e-14
981.71000,2.8144604e-12,3.1059928e-14
981.72000,2.8089748e-12,3.0871532e-14
981.73000,2.8047777e-12,3.0679405e-14
981.74000,2.8028722e-12,3.0523863e-14
981.75000,2.8026471e-12,3.0412516e-14
981.76000,2.8035878e-12,3.0340435e-14
981.77000,2.8053120e-12,3.0303557e-14
981.78000,2.8070904e-12,3.0278946e-14
981.79000,2.8085728e-12,3.0256265e-14
981.80000,2.8093582e-12,3.0230323e-14
981.81000,2.8094880e-12,3.0201980e-14
981.82000,2.8091022e-12,3.0174587e-14
981.83000,2.8083008e-12,3.0153274e-14
981.84000,2.8074152e-12,3.0139541e-14
981.85000,2.8065919e-12,3.0132376e-14
981.86000,2.8059159e-12,3.0131138e-14
981.87000,2.8053834e-12,3.0131566e-14
981.88000,2.8050317e-12,3.0131506e-14
981.89000,2.8051009e-12,3.0130250e-14
981.90000,2.8057108e-12,3.0129111e-14
981.91000,2.8068222e-12,3.0129603e-14
981.92000,2.8084066e-12,3.0133571e-14
981.93000,2.8100246e-12,3.0140302e-14
981.94000,2.8113379e-12,3.0147815e-14
981.95000,2.8119255e-12,3.0153646e-14
981.96000,2.8117512e-12,3.0155941e-14
981.97000,2.8110540e-12,3.0155411e-14
981.98000,2.8099367e-12,3.0153631e-14
981.99000,2.8087577e-12,3.0155010e-14
982.00000,2.8076868e-12,3.0162371e-14
982.01000,2.8068128e-12,3.0182166e-14
982.02000,2.8060573e-12,3.0219165e-14
982.03000,2.8053057e-12,3.0274976e-14
982.04000,2.8045022e-12,3.0364638e-14
982.05000,2.8037349e-12,3.0494135e-14
982.06000,2.8031877e-12,3.0652913e-14
982.07000,2.8032394e-12,3.0834620e-14
982.08000,2.8040579e-12,3.1000587e-14
982.09000,2.8052886e-12,3.1122975e-14
982.10000,2.8064967e-12,3.1155736e-14
982.11000,2.8068773e-12,3.1095289e-14
982.12000,2.8056627e-12,3.0952733e-14
982.13000,2.8031499e-12,3.0774253e-14
982.14000,2.7992947e-12,3.0588796e-14
982.15000,2.7951083e-12,3.0431683e-14
982.16000,2.7913440e-12,3.0305605e-14
982.17000,2.7888315e-12,3.0221439e-14
982.18000,2.7877400e-12,3.0172195e-14
982.19000,2.7874352e-12,3.0142362e-14
982.20000,2.7875540e-12,3.0130479e-14
982.21000,2.7876012e-12,3.0132713e-14
982.22000,2.7874956e-12,3.0144269e-14
982.23000,2.7873133e-12,3.0167158e-14
982.24000,2.7872103e-12,3.0200229e-14
982.25000,2.7871879e-12,3.0238085e-14
982.26000,2.7872007e-12,3.0276244e-14
982.27000,2.7872592e-12,3.0307184e-14
982.28000,2.7874810e-12,3.0328896e-14
982.29000,2.7882584e-12,3.0337803e-14
982.30000,2.7902291e-12,3.0336116e-14
982.31000,2.7934044e-12,3.0333081e-14
982.32000,2.7981287e-12,3.0341732e-14
982.33000,2.8043509e-12,3.0385763e-14
982.34000,2.8112145e-12,3.0470328e-14
982.35000,2.8180000e-12,3.0610487e-14
982.36000,2.8234772e-12,3.0810773e-14
982.37000,2.8272209e-12,3.1038893e-14
982.38000,2.8284944e-12,3.1266228e-14
982.39000,2.8266128e-12,3.1449207e-14
982.40000,2.8227090e-12,3.1583522e-14
982.41000,2.8175573e-12,3.1682127e-14
982.42000,2.8128316e-12,3.1804044e-14
982.43000,2.8098674e-12,3.1998974e-14
982.44000,2.8095026e-12,3.2294967e-14
982.45000,2.8116238e-12,3.2662559e-14
982.46000,2.8138115e-12,3.2985547e-14
982.47000,2.8139540e-12,3.3152617e-14
982.48000,2.8096195e-12,3.3019842e-14
982.49000,2.8021580e-12,3.2671258e-14
982.50000,2.7931549e-12,3.2192913e-14
982.51000,2.7848216e-12,3.1711826e-14
982.52000,2.7783140e-12,3.1333454e-14
982.53000,2.7735541e-12,3.1089218e-14
982.54000,2.7698331e-12,3.0994015e-14
982.55000,2.7656375e-12,3.0958874e-14
982.56000,2.7602200e-12,3.0927780e-14
982.57000,2.7530473e-12,3.0852230e-14
982.58000,2.7451399e-12,3.0727780e-14
982.59000,2.7376514e-12,3.0571556e-14
982.60000,2.7324347e-12,3.0406182e-14
982.61000,2.7302491e-12,3.0259898e-14
982.62000,2.7310159e-12,3.0141839e-14
982.63000,2.7350284e-12,3.0062431e-14
982.64000,2.7405521e-12,3.0009761e-14
982.65000,2.7462754e-12,2.9974045e-14
982.66000,2.7511171e-12,2.9955352e-14
982.67000,2.7546047e-12,2.9948645e-14
982.68000,2.7569787e-12,2.9950858e-14
982.69000,2.7582391e-12,2.9961783e-14
982.70000,2.7589156e-12,2.9974368e-14
982.71000,2.7592711e-12,2.9982279e-14
982.72000,2.7591504e-12,2.9976830e-14
982.73000,2.7584471e-12,2.9954967e-14
982.74000,2.7572559e-12,2.9921326e-14
982.75000,2.7556513e-12,2.9878241e-14
982.76000,2.7541963e-12,2.9836148e-14
982.77000,2.7532673e-12,2.9801134e-14
982.78000,2.7533124e-12,2.9780065e-14
982.79000,2.7541948e-12,2.9773070e-14
982.80000,2.7553785e-12,2.9773881e-14
982.81000,2.7565774e-12,2.9780531e-14
982.82000,2.7576254e-12,2.9787890e-14
982.83000,2.7587876e-12,2.9793489e-14
982.84000,2.7603218e-12,2.9797406e-14
982.85000,2.7626482e-12,2.9799028e-14
982.86000,2.7656530e-12,2.9797462e-14
982.87000,2.7688364e-12,2.9792584e-14
982.88000,2.7716161e-12,2.9782171e-14
982.89000,2.7733754e-12,2.9766208e-14
982.90000,2.7742235e-12,2.9747585e-14
982.91000,2.7740470e-12,2.9729263e-14
982.92000,2.7731591e-12,2.9716532e-14
982.93000,2.7720291e-12,2.9711053e-14
982.94000,2.7709414e-12,2.9717906e-14
982.95000,2.7703257e-12,2.9742659e-14
982.96000,2.7703526e-12,2.9783130e-14
982.97000,2.7714500e-12,2.9843062e-14
982.98000,2.7738603e-12,2.9920043e-14
982.99000,2.7770076e-12,3.0001527e-14
983.00000,2.7803756e-12,3.0074498e-14
983.01000,2.7831878e-12,3.0121745e-14
983.02000,2.7853564e-12,3.0145968e-14
983.03000,2.7872306e-12,3.0154166e-14
983.04000,2.7900715e-12,3.0174670e-14
983.05000,2.7946981e-12,3.0234050e-14
983.06000,2.8019411e-12,3.0364110e-14
983.07000,2.8123560e-12,3.0605700e-14
983.08000,2.8242722e-12,3.0925933e-14
983.09000,2.8362492e-12,3.1292065e-14
983.10000,2.8458752e-12,3.1624673e-14
983.11000,2.8523124e-12,3.1853767e-14
983.12000,2.8551092e-12,3.1927130e-14
983.13000,2.8538039e-12,3.1779964e-14
983.14000,2.8506034e-12,3.1500310e-14
983.15000,2.8468429e-12,3.1152885e-14
983.16000,2.8438266e-12,3.0807945e-14
983.17000,2.8420456e-12,3.0519000e-14
983.18000,2.8414580e-12,3.0299955e-14
983.19000,2.8421466e-12,3.0168797e-14
983.20000,2.8435437e-12,3.0093496e-14
983.21000,2.8453073e-12,3.0053581e-14
983.22000,2.8471149e-12,3.0042447e-14
983.23000,2.8485484e-12,3.0042860e-14
983.24000,2.8494600e-12,3.0047537e-14
983.25000,2.8497769e-12,3.0054006e-14
983.26000,2.8499800e-12,3.0060188e-14
983.27000,2.8504886e-12,3.0065480e-14
983.28000,2.8517262e-12,3.0069059e-14
983.29000,2.8535696e-12,3.0071202e-14
983.30000,2.8555688e-12,3.0073009e-14
983.31000,2.8571259e-12,3.0075901e-14
983.32000,2.8575362e-12,3.0080516e-14
983.33000,2.8566014e-12,3.0085208e-14
983.34000,2.8534453e-12,3.0085708e-14
983.35000,2.8479053e-12,3.0075857e-14
983.36000,2.8406256e-12,3.0054923e-14
983.37000,2.8314929e-12,3.0019336e-14
983.38000,2.8216088e-12,2.9975921e-14
983.39000,2.8121060e-12,2.9934339e-14
983.40000,2.8035069e-12,2.9900454e-14
983.41000,2.7966213e-12,2.9883288e-14
983.42000,2.7914524e-12,2.9885252e-14
983.43000,2.7873250e-12,2.9900746e-14
983.44000,2.7841701e-12,2.9932768e-14
983.45000,2.7817076e-12,2.9981054e-14
983.46000,2.7796300e-12,3.0039597e-14
983.47000,2.7778915e-12,3.0103364e-14
983.48000,2.7763572e-12,3.0156006e-14
983.49000,2.7749217e-12,3.0188233e-14
983.50000,2.7736625e-12,3.0185172e-14
983.51000,2.7727205e-12,3.0142515e-14
983.52000,2.7720142e-12,3.0078249e-14
983.53000,2.7713834e-12,3.0003743e-14
983.54000,2.7704485e-12,2.9934818e-14
983.55000,2.7690926e-12,2.9877244e-14
983.56000,2.7672990e-12,2.9833971e-14
983.57000,2.7653616e-12,2.9805283e-14
983.58000,2.7636914e-12,2.9784982e-14
983.59000,2.7626795e-12,2.9771840e-14
983.60000,2.7628820e-12,2.9766356e-14
983.61000,2.7641775e-12,2.9766378e-14
983.62000,2.7666362e-12,2.9772085e-14
983.63000,2.7703427e-12,2.9784426e-14
983.64000,2.7745608e-12,2.9800325e-14
983.65000,2.7786819e-12,2.9817390e-14
983.66000,2.7816269e-12,2.9831358e-14
983.67000,2.7830020e-12,2.9839629e-14
983.68000,2.7826557e-12,2.9840897e-14
983.69000,2.7804122e-12,2.9833696e-14
983.70000,2.7773595e-12,2.9822527e-14
983.71000,2.7742730e-12,2.9811217e-14
983.72000,2.7719957e-12,2.9804632e-14
983.73000,2.7708364e-12,2.9804590e-14
983.74000,2.7706955e-12,2.9809830e-14
983.75000,2.7715522e-12,2.9817314e-14
983.76000,2.7727447e-12,2.9820116e-14
983.77000,2.7738273e-12,2.9814072e-14
983.78000,2.7744416e-12,2.9793146e-14
983.79000,2.7745889e-12,2.9760241e-14
983.80000,2.7745303e-12,2.9721646e-14
983.81000,2.7745735e-12,2.9682842e-14
983.82000,2.7751070e-12,2.9651487e-14
983.83000,2.7761927e-12,2.9629625e-14
983.84000,2.7779912e-12,2.9622076e-14
983.85000,2.7801565e-12,2.9627296e-14
983.86000,2.7822048e-12,2.9640260e-14
983.87000,2.7835161e-12,2.9661011e-14
983.88000,2.7836221e-12,2.9686230e-14
983.89000,2.7822106e-12,2.9713926e-14
983.90000,2.7798504e-12,2.9741647e-14
983.91000,2.7769505e-12,2.9764950e-14
983.92000,2.7746233e-12,2.9777106e-14
983.93000,2.7733373e-12,2.9777536e-14
983.94000,2.7738790e-12,2.9761247e-14
983.95000,2.7763521e-12,2.9730672e-14
983.96000,2.7799754e-12,2.9694194e-14
983.97000,2.7844844e-12,2.9658149e-14
983.98000,2.7894214e-12,2.9630901e-14
983.99000,2.7944628e-12,2.9613621e-14
984.00000,2.7995315e-12,2.9608888e-14
984.01000,2.8045751e-12,2.9615962e-14
984.02000,2.8095513e-12,2.9628839e-14
984.03000,2.8143592e-12,2.9644641e-14
984.04000,2.8187907e-12,2.9660147e-14
984.05000,2.8227927e-12,2.9673883e-14
984.06000,2.8261676e-12,2.9685425e-14
984.07000,2.8285817e-12,2.9695600e-14
984.08000,2.8302225e-12,2.9706979e-14
984.09000,2.8311549e-12,2.9723543e-14
984.10000,2.8315605e-12,2.9756947e-14
984.11000,2.8320040e-12,2.9813861e-14
984.12000,2.8329390e-12,2.9905906e-14
984.13000,2.8350486e-12,3.0058380e-14
984.14000,2.8381677e-12,3.0259092e-14
984.15000,2.8419082e-12,3.0491083e-14
984.16000,2.8454382e-12,3.0715930e-14
984.17000,2.8478164e-12,3.0883158e-14
984.18000,2.8485490e-12,3.0961424e-14
984.19000,2.8468173e-12,3.0902958e-14
984.20000,2.8431683e-12,3.0744791e-14
984.21000,2.8381953e-12,3.0533192e-14
984.22000,2.8320707e-12,3.0305382e-14
984.23000,2.8255679e-12,3.0109761e-14
984.24000,2.8191859e-12,2.9962463e-14
984.25000,2.8134473e-12,2.9891527e-14
984.26000,2.8086747e-12,2.9892129e-14
984.27000,2.8047970e-12,2.9945040e-14
984.28000,2.8020390e-12,3.0053492e-14
984.29000,2.7999703e-12,3.0186369e-14
984.30000,2.7979825e-12,3.0311278e-14
984.31000,2.7954332e-12,3.0390812e-14
984.32000,2.7917279e-12,3.0401156e-14
984.33000,2.7864912e-12,3.0330612e-14
984.34000,2.7803245e-12,3.0213042e-14
984.35000,2.7738578e-12,3.0069574e-14
984.36000,2.7685646e-12,2.9943218e-14
984.37000,2.7649360e-12,2.9846921e-14
984.38000,2.7639998e-12,2.9793526e-14
984.39000,2.7657738e-12,2.9772515e-14
984.40000,2.7690775e-12,2.9762515e-14
984.41000,2.7733444e-12,2.9751126e-14
984.42000,2.7775301e-12,2.9728060e-14
984.43000,2.7810163e-12,2.9694979e-14
984.44000,2.7831522e-12,2.9653778e-14
984.45000,2.7833234e-12,2.9610655e-14
984.46000,2.7819493e-12,2.9571252e-14
984.47000,2.7790436e-12,2.9540263e-14
984.48000,2.7749070e-12,2.9522453e-14
984.49000,2.7704656e-12,2.9514524e-14
984.50000,2.7663972e-12,2.9514722e-14
984.51000,2.7636792e-12,2.9519973e-14
984.52000,2.7623974e-12,2.9525427e-14
984.53000,2.7626092e-12,2.9529406e-14
984.54000,2.7643434e-12,2.9531658e-14
984.55000,2.7666471e-12,2.9533523e-14
984.56000,2.7688986e-12,2.9535040e-14
984.57000,2.7702949e-12,2.9533937e-14
984.58000,2.7705941e-12,2.9528478e-14
984.59000,2.7698501e-12,2.9518710e-14
984.60000,2.7680895e-12,2.9507642e-14
984.61000,2.7659547e-12,2.9502765e-14
984.62000,2.7637797e-12,2.9509661e-14
984.63000,2.7615792e-12,2.9536718e-14
984.64000,2.7590567e-12,2.9579213e-14
984.65000,2.7559095e-12,2.9626989e-14
984.66000,2.7516460e-12,2.9666258e-14
984.67000,2.7464826e-12,2.9681148e-14
984.68000,2.7410412e-12,2.9669253e-14
984.69000,2.7360210e-12,2.9622870e-14
984.70000,2.7322066e-12,2.9556911e-14
984.71000,2.7295570e-12,2.9491235e-14
984.72000,2.7283514e-12,2.9446737e-14
984.73000,2.7280942e-12,2.9443328e-14
984.74000,2.7285605e-12,2.9506836e-14
984.75000,2.7295231e-12,2.9631118e-14
984.76000,2.7313635e-12,2.9848788e-14
984.77000,2.7343742e-12,3.0163869e-14
984.78000,2.7382156e-12,3.0537467e-14
984.79000,2.7424786e-12,3.0934177e-14
984.80000,2.7457641e-12,3.1259891e-14
984.81000,2.7472861e-12,3.1467120e-14
984.82000,2.7458518e-12,3.1477159e-14
984.83000,2.7412300e-12,3.1261276e-14
984.84000,2.7350825e-12,3.0916879e-14
984.85000,2.7286679e-12,3.0505055e-14
984.86000,2.7236548e-12,3.0116487e-14
984.87000,2.7204153e-12,2.9795605e-14
984.88000,2.7192571e-12,2.9566190e-14
984.89000,2.7204461e-12,2.9442375e-14
984.90000,2.7230830e-12,2.9381531e-14
984.91000,2.7268109e-12,2.9368073e-14
984.92000,2.7312415e-12,2.9395764e-14
984.93000,2.7356176e-12,2.9442440e-14
984.94000,2.7394800e-12,2.9498772e-14
984.95000,2.7421996e-12,2.9553256e-14
984.96000,2.7438632e-12,2.9594031e-14
984.97000,2.7446456e-12,2.9614050e-14
984.98000,2.7446795e-12,2.9603183e-14
984.99000,2.7445680e-12,2.9571393e-14
985.00000,2.7446793e-12,2.9530114e-14
985.01000,2.7453610e-12,2.9489733e-14
985.02000,2.7465233e-12,2.9459009e-14
985.03000,2.7478082e-12,2.9437187e-14
985.04000,2.7486210e-12,2.9421690e-14
985.05000,2.7482839e-12,2.9403807e-14
985.06000,2.7466927e-12,2.9379700e-14
985.07000,2.7434660e-12,2.9346820e-14
985.08000,2.7392962e-12,2.9310437e-14
985.09000,2.7351596e-12,2.9277263e-14
985.10000,2.7320778e-12,2.9255396e-14
985.11000,2.7308623e-12,2.9248857e-14
985.12000,2.7321298e-12,2.9259713e-14
985.13000,2.7351527e-12,2.9281325e-14
985.14000,2.7398836e-12,2.9311514e-14
985.15000,2.7454032e-12,2.9343909e-14
985.16000,2.7508525e-12,2.9374624e-14
985.17000,2.7554428e-12,2.9400814e-14
985.18000,2.7584686e-12,2.9421096e-14
985.19000,2.7602268e-12,2.9437091e-14
985.20000,2.7608540e-12,2.9448248e-14
985.21000,2.7610836e-12,2.9453240e-14
985.22000,2.7616857e-12,2.9452790e-14
985.23000,2.7631829e-12,2.9445590e-14
985.24000,2.7658159e-12,2.9430575e-14
985.25000,2.7689531e-12,2.9410916e-14
985.26000,2.7720054e-12,2.9388259e-14
985.27000,2.7740583e-12,2.9364628e-14
985.28000,2.7749324e-12,2.9342258e-14
985.29000,2.7746432e-12,2.9322935e-14
985.30000,2.7733737e-12,2.9310522e-14
985.31000,2.7719441e-12,2.9305525e-14
985.32000,2.7707883e-12,2.9308309e-14
985.33000,2.7702738e-12,2.9320077e-14
985.34000,2.7702980e-12,2.9336517e-14
985.35000,2.7707282e-12,2.9354456e-14
985.36000,2.7716262e-12,2.9371327e-14
985.37000,2.7728782e-12,2.9385374e-14
985.38000,2.7743296e-12,2.9396167e-14
985.39000,2.7757483e-12,2.9401447e-14
985.40000,2.7767640e-12,2.9400429e-14
985.41000,2.7772976e-12,2.9394009e-14
985.42000,2.7773062e-12,2.9381812e-14
985.43000,2.7772562e-12,2.9367957e-14
985.44000,2.7775230e-12,2.9356233e-14
985.45000,2.7784373e-12,2.9350659e-14
985.46000,2.7798288e-12,2.9352285e-14
985.47000,2.7812329e-12,2.9360725e-14
985.48000,2.7822783e-12,2.9372541e-14
985.49000,2.7825017e-12,2.9385946e-14
985.50000,2.7818055e-12,2.9398456e-14
985.51000,2.7805616e-12,2.9409461e-14
985.52000,2.7789227e-12,2.9418677e-14
985.53000,2.7771330e-12,2.9426997e-14
985.54000,2.7753281e-12,2.9435467e-14
985.55000,2.7734930e-12,2.9444399e-14
985.56000,2.7715110e-12,2.9452784e-14
985.57000,2.7693505e-12,2.9459426e-14
985.58000,2.7670275e-12,2.9463033e-14
985.59000,2.7647471e-12,2.9462912e-14
985.60000,2.7627283e-12,2.9460796e-14
985.61000,2.7610970e-12,2.9457201e-14
985.62000,2.7597631e-12,2.9450222e-14
985.63000,2.7582515e-12,2.9437826e-14
985.64000,2.7561287e-12,2.9416924e-14
985.65000,2.7528447e-12,2.9382112e-14
985.66000,2.7487631e-12,2.9337001e-14
985.67000,2.7444630e-12,2.9286025e-14
985.68000,2.7409524e-12,2.9235341e-14
985.69000,2.7389997e-12,2.9192154e-14
985.70000,2.7387461e-12,2.9159267e-14
985.71000,2.7405004e-12,2.9141068e-14
985.72000,2.7432744e-12,2.9133666e-14
985.73000,2.7461507e-12,2.9131962e-14
985.74000,2.7483423e-12,2.9133462e-14
985.75000,2.7493005e-12,2.9133810e-14
985.76000,2.7491648e-12,2.9131312e-14
985.77000,2.7476438e-12,2.9123662e-14
985.78000,2.7451049e-12,2.9110901e-14
985.79000,2.7417738e-12,2.9093247e-14
985.80000,2.7380771e-12,2.9072997e-14
985.81000,2.7342276e-12,2.9051453e-14
985.82000,2.7306036e-12,2.9031466e-14
985.83000,2.7273668e-12,2.9014376e-14
985.84000,2.7249035e-12,2.9002919e-14
985.85000,2.7236636e-12,2.8999304e-14
985.86000,2.7235846e-12,2.9002101e-14
985.87000,2.7251012e-12,2.9012412e-14
985.88000,2.7284849e-12,2.9030225e-14
985.89000,2.7330347e-12,2.9051974e-14
985.90000,2.7382723e-12,2.9075054e-14
985.91000,2.7432009e-12,2.9094990e-14
985.92000,2.7470758e-12,2.9109834e-14
985.93000,2.7493240e-12,2.9118436e-14
985.94000,2.7493371e-12,2.9120020e-14
985.95000,2.7480286e-12,2.9118250e-14
985.96000,2.7461127e-12,2.9115639e-14
985.97000,2.7445799e-12,2.9115806e-14
985.98000,2.7441039e-12,2.9120321e-14
985.99000,2.7447989e-12,2.9128305e-14
986.00000,2.7466567e-12,2.9136142e-14
986.01000,2.7488406e-12,2.9138296e-14
986.02000,2.7508147e-12,2.9132814e-14
986.03000,2.7521714e-12,2.9118638e-14
986.04000,2.7529535e-12,2.9101696e-14
986.05000,2.7533897e-12,2.9086395e-14
986.06000,2.7534628e-12,2.9075129e-14
986.07000,2.7531159e-12,2.9066283e-14
986.08000,2.7522680e-12,2.9057233e-14
986.09000,2.7505402e-12,2.9046516e-14
986.10000,2.7479704e-12,2.9034247e-14
986.11000,2.7447583e-12,2.9020606e-14
986.12000,2.7413863e-12,2.9005513e-14
986.13000,2.7383334e-12,2.8986960e-14
986.14000,2.7360971e-12,2.8964591e-14
986.15000,2.7346366e-12,2.8941372e-14
986.16000,2.7342218e-12,2.8922779e-14
986.17000,2.7351006e-12,2.8916511e-14
986.18000,2.7370822e-12,2.8921797e-14
986.19000,2.7404731e-12,2.8938068e-14
986.20000,2.7454366e-12,2.8959607e-14
986.21000,2.7512499e-12,2.8979721e-14
986.22000,2.7573054e-12,2.8995752e-14
986.23000,2.7624801e-12,2.9008295e-14
986.24000,2.7662168e-12,2.9021055e-14
986.25000,2.7681135e-12,2.9035510e-14
986.26000,2.7676111e-12,2.9049213e-14
986.27000,2.7655861e-12,2.9056784e-14
986.28000,2.7625063e-12,2.9053074e-14
986.29000,2.7585672e-12,2.9030922e-14
986.30000,2.7542372e-12,2.8996003e-14
986.31000,2.7496730e-12,2.8956082e-14
986.32000,2.7449109e-12,2.8921251e-14
986.33000,2.7401553e-12,2.8900572e-14
986.34000,2.7356306e-12,2.8894874e-14
986.35000,2.7317614e-12,2.8905474e-14
986.36000,2.7287920e-12,2.8920881e-14
986.37000,2.7266037e-12,2.8930979e-14
986.38000,2.7253852e-12,2.8926151e-14
986.39000,2.7248761e-12,2.8906785e-14
986.40000,2.7249677e-12,2.8880225e-14
986.41000,2.7253899e-12,2.8856868e-14
986.42000,2.7260494e-12,2.8850454e-14
986.43000,2.7266522e-12,2.8870670e-14
986.44000,2.7270210e-12,2.8911873e-14
986.45000,2.7269062e-12,2.8974084e-14
986.46000,2.7262006e-12,2.9045912e-14
986.47000,2.7251303e-12,2.9113526e-14
986.48000,2.7238534e-12,2.9161696e-14
986.49000,2.7226936e-12,2.9172016e-14
986.50000,2.7218539e-12,2.9148669e-14
986.51000,2.7215401e-12,2.9091889e-14
986.52000,2.7220074e-12,2.9009453e-14
986.53000,2.7230727e-12,2.8923132e-14
986.54000,2.7246329e-12,2.8846700e-14
986.55000,2.7264164e-12,2.8795920e-14
986.56000,2.7278705e-12,2.8766600e-14
986.57000,2.7285082e-12,2.8752270e-14
986.58000,2.7275624e-12,2.8744261e-14
986.59000,2.7252942e-12,2.8731087e-14
986.60000,2.7222865e-12,2.8709842e-14
986.61000,2.7194076e-12,2.8681702e-14
986.62000,2.7177557e-12,2.8656474e-14
986.63000,2.7176801e-12,2.8641745e-14
986.64000,2.7197774e-12,2.8649041e-14
986.65000,2.7234309e-12,2.8681160e-14
986.66000,2.7277528e-12,2.8732087e-14
986.67000,2.7322458e-12,2.8802914e-14
986.68000,2.7361692e-12,2.8882196e-14
986.69000,2.7388101e-12,2.8957395e-14
986.70000,2.7402223e-12,2.9021389e-14
986.71000,2.7399178e-12,2.9061734e-14
986.72000,2.7382234e-12,2.9074254e-14
986.73000,2.7359831e-12,2.9068496e-14
986.74000,2.7338512e-12,2.9048360e-14
986.75000,2.7325792e-12,2.9023967e-14
986.76000,2.7321599e-12,2.9002518e-14
986.77000,2.7326026e-12,2.8987415e-14
986.78000,2.7336874e-12,2.8977768e-14
986.79000,2.7350044e-12,2.8967883e-14
986.80000,2.7363953e-12,2.8951758e-14
986.81000,2.7376606e-12,2.8920287e-14
986.82000,2.7386274e-12,2.8874280e-14
986.83000,2.7390774e-12,2.8815179e-14
986.84000,2.7386519e-12,2.8747578e-14
986.85000,2.7376213e-12,2.8683754e-14
986.86000,2.7363913e-12,2.8633778e-14
986.87000,2.7357817e-12,2.8616283e-14
986.88000,2.7365364e-12,2.8636195e-14
986.89000,2.7389175e-12,2.8692369e-14
986.90000,2.7433695e-12,2.8791581e-14
986.91000,2.7489222e-12,2.8913837e-14
986.92000,2.7544663e-12,2.9036650e-14
986.93000,2.7588580e-12,2.9133808e-14
986.94000,2.7613011e-12,2.9181895e-14
986.95000,2.7621890e-12,2.9186514e-14
986.96000,2.7614068e-12,2.9141793e-14
986.97000,2.7597863e-12,2.9075082e-14
986.98000,2.7578613e-12,2.9014133e-14
986.99000,2.7559133e-12,2.8971875e-14
987.00000,2.7538939e-12,2.8958406e-14
987.01000,2.7514916e-12,2.8963111e-14
987.02000,2.7485718e-12,2.8966726e-14
987.03000,2.7448646e-12,2.8951718e-14
987.04000,2.7403040e-12,2.8904898e-14
987.05000,2.7353203e-12,2.8836695e-14
987.06000,2.7302785e-12,2.8757199e-14
987.07000,2.7258079e-12,2.8685284e-14
987.08000,2.7221747e-12,2.8632373e-14
987.09000,2.7196244e-12,2.8605547e-14
987.10000,2.7185663e-12,2.8613846e-14
987.11000,2.7185223e-12,2.8644549e-14
987.12000,2.7191687e-12,2.8688821e-14
987.13000,2.7201073e-12,2.8734686e-14
987.14000,2.7207506e-12,2.8767155e-14
987.15000,2.7208915e-12,2.8779464e-14
987.16000,2.7204932e-12,2.8764337e-14
987.17000,2.7200638e-12,2.8734198e-14
987.18000,2.7199776e-12,2.8703538e-14
987.19000,2.7205055e-12,2.8687327e-14
987.20000,2.7213638e-12,2.8696457e-14
987.21000,2.7221322e-12,2.8728513e-14
987.22000,2.7225117e-12,2.8792079e-14
987.23000,2.7225789e-12,2.8884416e-14
987.24000,2.7226384e-12,2.9007789e-14
987.25000,2.7228428e-12,2.9151300e-14
987.26000,2.7230254e-12,2.9306963e-14
987.27000,2.7225047e-12,2.9445639e-14
987.28000,2.7210395e-12,2.9548757e-14
987.29000,2.7183823e-12,2.9585889e-14
987.30000,2.7150209e-12,2.9536779e-14
987.31000,2.7118339e-12,2.9429762e-14
987.32000,2.7095505e-12,2.9281221e-14
987.33000,2.7089462e-12,2.9122067e-14
987.34000,2.7097431e-12,2.8981568e-14
987.35000,2.7118634e-12,2.8875707e-14
987.36000,2.7153235e-12,2.8819229e-14
987.37000,2.7193948e-12,2.8792070e-14
987.38000,2.7236317e-12,2.8779990e-14
987.39000,2.7274694e-12,2.8770292e-14
987.40000,2.7305671e-12,2.8753994e-14
987.41000,2.7328756e-12,2.8731698e-14
987.42000,2.7342419e-12,2.8706032e-14
987.43000,2.7350012e-12,2.8681503e-14
987.44000,2.7353990e-12,2.8658787e-14
987.45000,2.7353485e-12,2.8637449e-14
987.46000,2.7347864e-12,2.8616209e-14
987.47000,2.7337611e-12,2.8595010e-14
987.48000,2.7321625e-12,2.8574542e-14
987.49000,2.7302807e-12,2.8555447e-14
987.50000,2.7284933e-12,2.8538447e-14
987.51000,2.7270091e-12,2.8523358e-14
987.52000,2.7260428e-12,2.8511176e-14
987.53000,2.7255080e-12,2.8502009e-14
987.54000,2.7251110e-12,2.8494432e-14
987.55000,2.7246778e-12,2.8487663e-14
987.56000,2.7241743e-12,2.8481665e-14
987.57000,2.7237593e-12,2.8477258e-14
987.58000,2.7236896e-12,2.8476297e-14
987.59000,2.7243266e-12,2.8481017e-14
987.60000,2.7255664e-12,2.8489710e-14
987.61000,2.7273142e-12,2.8500795e-14
987.62000,2.7294293e-12,2.8511901e-14
987.63000,2.7315896e-12,2.8521027e-14
987.64000,2.7336849e-12,2.8527862e-14
987.65000,2.7357864e-12,2.8533687e-14
987.66000,2.7381519e-12,2.8542362e-14
987.67000,2.7409650e-12,2.8557006e-14
987.68000,2.7443508e-12,2.8582615e-14
987.69000,2.7477653e-12,2.8618168e-14
987.70000,2.7505470e-12,2.8658965e-14
987.71000,2.7516629e-12,2.8700626e-14
987.72000,2.7508023e-12,2.8735638e-14
987.73000,2.7478644e-12,2.8755809e-14
987.74000,2.7437331e-12,2.8761795e-14
987.75000,2.7386038e-12,2.8746924e-14
987.76000,2.7329105e-12,2.8711954e-14
987.77000,2.7269563e-12,2.8664874e-14
987.78000,2.7209271e-12,2.8609385e-14
987.79000,2.7154057e-12,2.8554631e-14
987.80000,2.7107885e-12,2.8506954e-14
987.81000,2.7077101e-12,2.8472624e-14
987.82000,2.7066604e-12,2.8456909e-14
987.83000,2.7068844e-12,2.8454309e-14
987.84000,2.7078722e-12,2.8462224e-14
987.85000,2.7090321e-12,2.8478074e-14
987.86000,2.7099966e-12,2.8496270e-14
987.87000,2.7108527e-12,2.8514412e-14
987.88000,2.7119423e-12,2.8529508e-14
987.89000,2.7134119e-12,2.8539387e-14
987.90000,2.7150473e-12,2.8542121e-14
987.91000,2.7162231e-12,2.8532803e-14
987.92000,2.7162784e-12,2.8512274e-14
987.93000,2.7151391e-12,2.8484199e-14
987.94000,2.7127219e-12,2.8451281e-14
987.95000,2.7100055e-12,2.8421016e-14
987.96000,2.7078332e-12,2.8397198e-14
987.97000,2.7070753e-12,2.8384912e-14
987.98000,2.7078413e-12,2.8383134e-14
987.99000,2.7098697e-12,2.8389455e-14
988.00000,2.7123285e-12,2.8398451e-14
988.01000,2.7145210e-12,2.8405786e-14
988.02000,2.7156048e-12,2.8406160e-14
988.03000,2.7155173e-12,2.8399041e-14
988.04000,2.7139749e-12,2.8382383e-14
988.05000,2.7110253e-12,2.8356411e-14
988.06000,2.7074329e-12,2.8326448e-14
988.07000,2.7037260e-12,2.8296685e-14
988.08000,2.7006485e-12,2.8273157e-14
988.09000,2.6984338e-12,2.8256862e-14
988.10000,2.6971330e-12,2.8247030e-14
988.11000,2.6967331e-12,2.8241089e-14
988.12000,2.6966597e-12,2.8233783e-14
988.13000,2.6965800e-12,2.8222833e-14
988.14000,2.6962873e-12,2.8207336e-14
988.15000,2.6958895e-12,2.8191072e-14
988.16000,2.6956744e-12,2.8177924e-14
988.17000,2.6961625e-12,2.8173336e-14
988.18000,2.6976787e-12,2.8179338e-14
988.19000,2.7000121e-12,2.8193136e-14
988.20000,2.7031106e-12,2.8214464e-14
988.21000,2.7063757e-12,2.8238600e-14
988.22000,2.7093835e-12,2.8262337e-14
988.23000,2.7121471e-12,2.8284711e-14
988.24000,2.7149180e-12,2.8305466e-14
988.25000,2.7182160e-12,2.8324934e-14
988.26000,2.7220673e-12,2.8342980e-14
988.27000,2.7262429e-12,2.8357017e-14
988.28000,2.7297298e-12,2.8361639e-14
988.29000,2.7318040e-12,2.8355967e-14
988.30000,2.7316652e-12,2.8337877e-14
988.31000,2.7285303e-12,2.8306816e-14
988.32000,2.7235238e-12,2.8270723e-14
988.33000,2.7174694e-12,2.8235662e-14
988.34000,2.7114863e-12,2.8210100e-14
988.35000,2.7066071e-12,2.8196059e-14
988.36000,2.7032670e-12,2.8192205e-14
988.37000,2.7021202e-12,2.8196565e-14
988.38000,2.7026476e-12,2.8201421e-14
988.39000,2.7042552e-12,2.8202663e-14
988.40000,2.7068538e-12,2.8197700e-14
988.41000,2.7100317e-12,2.8189625e-14
988.42000,2.7135747e-12,2.8183198e-14
988.43000,2.7176310e-12,2.8184044e-14
988.44000,2.7221746e-12,2.8194942e-14
988.45000,2.7271049e-12,2.8216543e-14
988.46000,2.7320725e-12,2.8243667e-14
988.47000,2.7364829e-12,2.8271857e-14
988.48000,2.7394391e-12,2.8293067e-14
988.49000,2.7408548e-12,2.8304526e-14
988.50000,2.7403126e-12,2.8301872e-14
988.51000,2.7378384e-12,2.8283471e-14
988.52000,2.7344428e-12,2.8256303e-14
988.53000,2.7307503e-12,2.8224890e-14
988.54000,2.7275192e-12,2.8195546e-14
988.55000,2.7250093e-12,2.8171907e-14
988.56000,2.7232221e-12,2.8155186e-14
988.57000,2.7220670e-12,2.8146202e-14
988.58000,2.7210897e-12,2.8140889e-14
988.59000,2.7201134e-12,2.8136608e-14
988.60000,2.7191980e-12,2.8131599e-14
988.61000,2.7185700e-12,2.8125305e-14
988.62000,2.7183494e-12,2.8118443e-14
988.63000,2.7186506e-12,2.8111926e-14
988.64000,2.7191303e-12,2.8106765e-14
988.65000,2.7194088e-12,2.8102944e-14
988.66000,2.7191029e-12,2.8100872e-14
988.67000,2.7181894e-12,2.8100034e-14
988.68000,2.7168856e-12,2.8099856e-14
988.69000,2.7155885e-12,2.8099509e-14
988.70000,2.7146533e-12,2.8097747e-14
988.71000,2.7142929e-12,2.8092801e-14
988.72000,2.7143064e-12,2.8084648e-14
988.73000,2.7145457e-12,2.8072799e-14
988.74000,2.7148013e-12,2.8057851e-14
988.75000,2.7149543e-12,2.8042160e-14
988.76000,2.7149566e-12,2.8027337e-14
988.77000,2.7147291e-12,2.8015334e-14
988.78000,2.7143165e-12,2.8006106e-14
988.79000,2.7137593e-12,2.7999587e-14
988.80000,2.7131168e-12,2.7996275e-14
988.81000,2.7124561e-12,2.7994901e-14
988.82000,2.7116720e-12,2.7993955e-14
988.83000,2.7102741e-12,2.7990621e-14
988.84000,2.7076541e-12,2.7981414e-14
988.85000,2.7036216e-12,2.7965310e-14
988.86000,2.6975845e-12,2.7939536e-14
988.87000,2.6901844e-12,2.7907421e-14
988.88000,2.6823854e-12,2.7873932e-14
988.89000,2.6751088e-12,2.7843505e-14
988.90000,2.6694921e-12,2.7821849e-14
988.91000,2.6661778e-12,2.7811912e-14
988.92000,2.6645200e-12,2.7810082e-14
988.93000,2.6642776e-12,2.7814319e-14
988.94000,2.6647282e-12,2.7819221e-14
988.95000,2.6651462e-12,2.7820553e-14
988.96000,2.6652473e-12,2.7815690e-14
988.97000,2.6650611e-12,2.7803767e-14
988.98000,2.6650032e-12,2.7789453e-14
988.99000,2.6655088e-12,2.7776943e-14
989.00000,2.6673508e-12,2.7773008e-14
989.01000,2.6706404e-12,2.7779953e-14
989.02000,2.6754065e-12,2.7798327e-14
989.03000,2.6820640e-12,2.7830776e-14
989.04000,2.6900760e-12,2.7872109e-14
989.05000,2.6987865e-12,2.7916710e-14
989.06000,2.7076275e-12,2.7959337e-14
989.07000,2.7155598e-12,2.7993288e-14
989.08000,2.7221426e-12,2.8017314e-14
989.09000,2.7263266e-12,2.8026274e-14
989.10000,2.7280210e-12,2.8022032e-14
989.11000,2.7269580e-12,2.8005527e-14
989.12000,2.7240584e-12,2.7982119e-14
989.13000,2.7194724e-12,2.7953654e-14
989.14000,2.7139340e-12,2.7923823e-14
989.15000,2.7083411e-12,2.7895643e-14
989.16000,2.7033595e-12,2.7871880e-14
989.17000,2.6997770e-12,2.7856070e-14
989.18000,2.6974657e-12,2.7847176e-14
989.19000,2.6963155e-12,2.7844767e-14
989.20000,2.6961156e-12,2.7848280e-14
989.21000,2.6961351e-12,2.7853983e-14
989.22000,2.6960424e-12,2.7860173e-14
989.23000,2.6956610e-12,2.7866016e-14
989.24000,2.6951023e-12,2.7871359e-14
989.25000,2.6944730e-12,2.7876073e-14
989.26000,2.6936984e-12,2.7878948e-14
989.27000,2.6925715e-12,2.7878598e-14
989.28000,2.6910089e-12,2.7875021e-14
989.29000,2.6888676e-12,2.7867483e-14
989.30000,2.6864817e-12,2.7857802e-14
989.31000,2.6844034e-12,2.7847860e-14
989.32000,2.6829356e-12,2.7838886e-14
989.33000,2.6825784e-12,2.7832460e-14
989.34000,2.6835193e-12,2.7830737e-14
989.35000,2.6853078e-12,2.7834011e-14
989.36000,2.6877773e-12,2.7844110e-14
989.37000,2.6907037e-12,2.7861443e-14
989.38000,2.6938190e-12,2.7881536e-14
989.39000,2.6970557e-12,2.7900021e-14
989.40000,2.7002350e-12,2.7909223e-14
989.41000,2.7030156e-12,2.7907157e-14
989.42000,2.7049583e-12,2.7893403e-14
989.43000,2.7052405e-12,2.7867344e-14
989.44000,2.7039751e-12,2.7836281e-14
989.45000,2.7016737e-12,2.7806002e-14
989.46000,2.6988366e-12,2.7782914e-14
989.47000,2.6964442e-12,2.7771044e-14
989.48000,2.6948566e-12,2.7769239e-14
989.49000,2.6945165e-12,2.7779864e-14
989.50000,2.6952250e-12,2.7798834e-14
989.51000,2.6968182e-12,2.7822241e-14
989.52000,2.6988630e-12,2.7845594e-14
989.53000,2.7011209e-12,2.7864268e-14
989.54000,2.7031015e-12,2.7873518e-14
989.55000,2.7045696e-12,2.7874294e-14
989.56000,2.7052885e-12,2.7866306e-14
989.57000,2.7052880e-12,2.7852162e-14
989.58000,2.7050571e-12,2.7837280e-14
989.59000,2.7049343e-12,2.7825168e-14
989.60000,2.7052425e-12,2.7820031e-14
989.61000,2.7058872e-12,2.7821083e-14
989.62000,2.7067269e-12,2.7827110e-14
989.63000,2.7076744e-12,2.7836650e-14
989.64000,2.7087202e-12,2.7846271e-14
989.65000,2.7099659e-12,2.7854464e-14
989.66000,2.7115993e-12,2.7859917e-14
989.67000,2.7135145e-12,2.7862289e-14
989.68000,2.7153816e-12,2.7861756e-14
989.69000,2.7166726e-12,2.7856975e-14
989.70000,2.7169267e-12,2.7848485e-14
989.71000,2.7157911e-12,2.7836004e-14
989.72000,2.7137114e-12,2.7820043e-14
989.73000,2.7109104e-12,2.7798476e-14
989.74000,2.7080396e-12,2.7772425e-14
989.75000,2.7055234e-12,2.7747980e-14
989.76000,2.7036963e-12,2.7736149e-14
989.77000,2.7028649e-12,2.7753466e-14
989.78000,2.7028238e-12,2.7796556e-14
989.79000,2.7035459e-12,2.7858237e-14
989.80000,2.7050396e-12,2.7919220e-14
989.81000,2.7068687e-12,2.7960290e-14
989.82000,2.7087892e-12,2.7975653e-14
989.83000,2.7106671e-12,2.7967734e-14
989.84000,2.7125603e-12,2.7960685e-14
989.85000,2.7146193e-12,2.7969727e-14
989.86000,2.7170298e-12,2.8005034e-14
989.87000,2.7196922e-12,2.8050937e-14
989.88000,2.7223328e-12,2.8084988e-14
989.89000,2.7246111e-12,2.8079095e-14
989.90000,2.7262768e-12,2.8023175e-14
989.91000,2.7271156e-12,2.7919249e-14
989.92000,2.7273297e-12,2.7795281e-14
989.93000,2.7268399e-12,2.7676169e-14
989.94000,2.7256900e-12,2.7596134e-14
989.95000,2.7241419e-12,2.7560583e-14
989.96000,2.7223189e-12,2.7578847e-14
989.97000,2.7205036e-12,2.7653797e-14
989.98000,2.7189830e-12,2.7759402e-14
989.99000,2.7179971e-12,2.7881504e-14
990.00000,2.7178899e-12,2.8003982e-14
990.01000,2.7184686e-12,2.8112318e-14
990.02000,2.7195506e-12,2.8199413e-14
990.03000,2.7209926e-12,2.8253154e-14
990.04000,2.7224021e-12,2.8277259e-14
990.05000,2.7234909e-12,2.8279103e-14
990.06000,2.7237646e-12,2.8257386e-14
990.07000,2.7229158e-12,2.8221299e-14
990.08000,2.7211827e-12,2.8180066e-14
990.09000,2.7185753e-12,2.8139052e-14
990.10000,2.7158041e-12,2.8105784e-14
990.11000,2.7136481e-12,2.8087897e-14
990.12000,2.7123373e-12,2.8083605e-14
990.13000,2.7121576e-12,2.8093263e-14
990.14000,2.7129929e-12,2.8109095e-14
990.15000,2.7142752e-12,2.8119984e-14
990.16000,2.7157330e-12,2.8114839e-14
990.17000,2.7172291e-12,2.8078040e-14
990.18000,2.7188255e-12,2.8013185e-14
990.19000,2.7207237e-12,2.7923054e-14
990.20000,2.7232730e-12,2.7810522e-14
990.21000,2.7263749e-12,2.7691732e-14
990.22000,2.7297330e-12,2.7577365e-14
990.23000,2.7328642e-12,2.7481186e-14
990.24000,2.7352706e-12,2.7412510e-14
990.25000,2.7369885e-12,2.7372480e-14
990.26000,2.7381278e-12,2.7374916e-14
990.27000,2.7393641e-12,2.7414301e-14
990.28000,2.7413179e-12,2.7483015e-14
990.29000,2.7439757e-12,2.7561059e-14
990.30000,2.7473739e-12,2.7628877e-14
990.31000,2.7511145e-12,2.7663350e-14
990.32000,2.7547883e-12,2.7665917e-14
990.33000,2.7580431e-12,2.7637595e-14
990.34000,2.7603921e-12,2.7594096e-14
990.35000,2.7618340e-12,2.7556896e-14
990.36000,2.7623217e-12,2.7538315e-14
990.37000,2.7619465e-12,2.7547281e-14
990.38000,2.7614056e-12,2.7570793e-14
990.39000,2.7611351e-12,2.7598223e-14
990.40000,2.7615248e-12,2.7619789e-14
990.41000,2.7624174e-12,2.7632319e-14
990.42000,2.7634406e-12,2.7638544e-14
990.43000,2.7640743e-12,2.7638848e-14
990.44000,2.7636622e-12,2.7632781e-14
990.45000,2.7620283e-12,2.7618719e-14
990.46000,2.7584299e-12,2.7590654e-14
990.47000,2.7530316e-12,2.7550251e-14
990.48000,2.7460794e-12,2.7501652e-14
990.49000,2.7385269e-12,2.7451996e-14
990.50000,2.7312341e-12,2.7406871e-14
990.51000,2.7255163e-12,2.7371994e-14
990.52000,2.7216917e-12,2.7347250e-14
990.53000,2.7202369e-12,2.7334788e-14
990.54000,2.7215146e-12,2.7337130e-14
990.55000,2.7243160e-12,2.7348306e-14
990.56000,2.7278891e-12,2.7364343e-14
990.57000,2.7314328e-12,2.7380894e-14
990.58000,2.7343164e-12,2.7394198e-14
990.59000,2.7364539e-12,2.7403520e-14
990.60000,2.7378326e-12,2.7408363e-14
990.61000,2.7389681e-12,2.7411228e-14
990.62000,2.7402125e-12,2.7414271e-14
990.63000,2.7417785e-12,2.7419121e-14
990.64000,2.7436307e-12,2.7426308e-14
990.65000,2.7456620e-12,2.7435712e-14
990.66000,2.7477465e-12,2.7446246e-14
990.67000,2.7498304e-12,2.7457546e-14
990.68000,2.7518105e-12,2.7469551e-14
990.69000,2.7536013e-12,2.7482610e-14
990.70000,2.7550332e-12,2.7498273e-14
990.71000,2.7559154e-12,2.7519348e-14
990.72000,2.7563686e-12,2.7545277e-14
990.73000,2.7563872e-12,2.7574304e-14
990.74000,2.7556577e-12,2.7599650e-14
990.75000,2.7540166e-12,2.7613405e-14
990.76000,2.7512228e-12,2.7609882e-14
990.77000,2.7467459e-12,2.7580337e-14
990.78000,2.7410199e-12,2.7531463e-14
990.79000,2.7347404e-12,2.7473820e-14
990.80000,2.7285300e-12,2.7415868e-14
990.81000,2.7231581e-12,2.7367638e-14
990.82000,2.7193242e-12,2.7336236e-14
990.83000,2.7168435e-12,2.7318223e-14
990.84000,2.7161996e-12,2.7315480e-14
990.85000,2.7173569e-12,2.7324327e-14
990.86000,2.7196213e-12,2.7338482e-14
990.87000,2.7226564e-12,2.7354755e-14
990.88000,2.7257785e-12,2.7369272e-14
990.89000,2.7284483e-12,2.7380659e-14
990.90000,2.7303506e-12,2.7388402e-14
990.91000,2.7311578e-12,2.7391586e-14
990.92000,2.7312177e-12,2.7390959e-14
990.93000,2.7307462e-12,2.7385752e-14
990.94000,2.7299582e-12,2.7373318e-14
990.95000,2.7293699e-12,2.7355028e-14
990.96000,2.7293701e-12,2.7333943e-14
990.97000,2.7305688e-12,2.7313765e-14
990.98000,2.7329909e-12,2.7299228e-14
990.99000,2.7359990e-12,2.7290360e-14
991.00000,2.7389659e-12,2.7287729e-14
991.01000,2.7409240e-12,2.7287239e-14
991.02000,2.7410058e-12,2.7284862e-14
991.03000,2.7396065e-12,2.7279261e-14
991.04000,2.7369866e-12,2.7269806e-14
991.05000,2.7340643e-12,2.7257932e-14
991.06000,2.7316010e-12,2.7245830e-14
991.07000,2.7298963e-12,2.7234066e-14
991.08000,2.7288376e-12,2.7221301e-14
991.09000,2.7277351e-12,2.7205787e-14
991.10000,2.7261571e-12,2.7186346e-14
991.11000,2.7237572e-12,2.7162300e-14
991.12000,2.7208679e-12,2.7136933e-14
991.13000,2.7179405e-12,2.7113480e-14
991.14000,2.7155308e-12,2.7096243e-14
991.15000,2.7141241e-12,2.7087252e-14
991.16000,2.7136801e-12,2.7084593e-14
991.17000,2.7144892e-12,2.7088539e-14
991.18000,2.7161310e-12,2.7095412e-14
991.19000,2.7181337e-12,2.7102113e-14
991.20000,2.7199831e-12,2.7106913e-14
991.21000,2.7211671e-12,2.7108223e-14
991.22000,2.7211957e-12,2.7105399e-14
991.23000,2.7202658e-12,2.7100096e-14
991.24000,2.7184773e-12,2.7093458e-14
991.25000,2.7161177e-12,2.7087209e-14
991.26000,2.7137949e-12,2.7082479e-14
991.27000,2.7118781e-12,2.7079659e-14
991.28000,2.7108132e-12,2.7079256e-14
991.29000,2.7105303e-12,2.7080614e-14
991.30000,2.7107775e-12,2.7083246e-14
991.31000,2.7113011e-12,2.7086865e-14
991.32000,2.7115047e-12,2.7090037e-14
991.33000,2.7110956e-12,2.7091682e-14
991.34000,2.7096455e-12,2.7090395e-14
991.35000,2.7073318e-12,2.7086679e-14
991.36000,2.7045074e-12,2.7081821e-14
991.37000,2.7016982e-12,2.7077255e-14
991.38000,2.6993528e-12,2.7073609e-14
991.39000,2.6978249e-12,2.7070525e-14
991.40000,2.6969263e-12,2.7067868e-14
991.41000,2.6965455e-12,2.7069234e-14
991.42000,2.6963864e-12,2.7096744e-14
991.43000,2.6958324e-12,2.7177818e-14
991.44000,2.6940941e-12,2.7356639e-14
991.45000,2.6895489e-12,2.7721195e-14
991.46000,2.6821026e-12,2.8246366e-14
991.47000,NaN,NaN
991.48000,NaN,NaN
991.49000,NaN,NaN
991.50000,NaN,NaN
991.51000,NaN,NaN
991.52000,NaN,NaN
991.53000,NaN,NaN
991.54000,NaN,NaN
991.55000,NaN,NaN
991.56000,NaN,NaN
991.57000,NaN,NaN
991.58000,NaN,NaN
991.59000,NaN,NaN
991.60000,NaN,NaN
991.61000,NaN,NaN
991.62000,NaN,NaN
991.63000,NaN,NaN
991.64000,NaN,NaN
991.65000,NaN,NaN
991.66000,NaN,NaN
991.67000,NaN,NaN
991.68000,NaN,NaN
991.69000,NaN,NaN
991.70000,NaN,NaN
991.71000,NaN,NaN
991.72000,NaN,NaN
991.73000,NaN,NaN
991.74000,NaN,NaN
991.75000,NaN,NaN
991.76000,NaN,NaN
991.77000,NaN,NaN
991.78000,NaN,NaN
991.79000,NaN,NaN
991.80000,NaN,NaN
991.81000,NaN,NaN
991.82000,NaN,NaN
991.83000,NaN,NaN
991.84000,NaN,NaN
991.85000,NaN,NaN
991.86000,NaN,NaN
991.87000,NaN,NaN
991.88000,NaN,NaN
991.89000,NaN,NaN
991.90000,NaN,NaN
991.91000,NaN,NaN
991.92000,NaN,NaN
991.93000,NaN,NaN
991.94000,NaN,NaN
991.95000,NaN,NaN
991.96000,NaN,NaN
991.97000,NaN,NaN
991.98000,NaN,NaN
991.99000,NaN,NaN
992.00000,NaN,NaN
992.01000,NaN,NaN
992.02000,NaN,NaN
992.03000,NaN,NaN
992.04000,NaN,NaN
992.05000,NaN,NaN
992.06000,NaN,NaN
992.07000,NaN,NaN
992.08000,NaN,NaN
992.09000,NaN,NaN
992.10000,NaN,NaN
992.11000,NaN,NaN
992.12000,NaN,NaN
992.13000,NaN,NaN
992.14000,NaN,NaN
992.15000,NaN,NaN
992.16000,NaN,NaN
992.17000,NaN,NaN
992.18000,NaN,NaN
992.19000,NaN,NaN
992.20000,NaN,NaN
992.21000,NaN,NaN
992.22000,NaN,NaN
992.23000,NaN,NaN
992.24000,NaN,NaN
992.25000,NaN,NaN
992.26000,NaN,NaN
992.27000,NaN,NaN
992.28000,NaN,NaN
992.29000,NaN,NaN
992.30000,NaN,NaN
992.31000,NaN,NaN
992.32000,NaN,NaN
992.33000,NaN,NaN
992.34000,NaN,NaN
992.35000,NaN,NaN
992.36000,NaN,NaN
992.37000,NaN,NaN
992.38000,NaN,NaN
992.39000,NaN,NaN
992.40000,NaN,NaN
992.41000,NaN,NaN
992.42000,NaN,NaN
992.43000,NaN,NaN
992.44000,NaN,NaN
992.45000,NaN,NaN
992.46000,NaN,NaN
992.47000,NaN,NaN
992.48000,NaN,NaN
992.49000,NaN,NaN
992.50000,NaN,NaN
992.51000,NaN,NaN
992.52000,NaN,NaN
992.53000,NaN,NaN
992.54000,NaN,NaN
992.55000,NaN,NaN
992.56000,NaN,NaN
992.57000,NaN,NaN
992.58000,NaN,NaN
992.59000,NaN,NaN
992.60000,NaN,NaN
992.61000,NaN,NaN
992.62000,NaN,NaN
992.63000,NaN,NaN
992.64000,NaN,NaN
992.65000,NaN,NaN
992.66000,NaN,NaN
992.67000,NaN,NaN
992.68000,NaN,NaN
992.69000,NaN,NaN
992.70000,NaN,NaN
992.71000,NaN,NaN
992.72000,NaN,NaN
992.73000,NaN,NaN
992.74000,NaN,NaN
992.75000,NaN,NaN
992.76000,NaN,NaN
992.77000,NaN,NaN
992.78000,NaN,NaN
992.79000,NaN,NaN
992.80000,NaN,NaN
992.81000,NaN,NaN
992.82000,NaN,NaN
992.83000,NaN,NaN
992.84000,NaN,NaN
992.85000,NaN,NaN
992.86000,NaN,NaN
992.87000,NaN,NaN
992.88000,NaN,NaN
992.89000,NaN,NaN
992.90000,NaN,NaN
992.91000,NaN,NaN
992.92000,NaN,NaN
992.93000,NaN,NaN
992.94000,NaN,NaN
992.95000,NaN,NaN
992.96000,NaN,NaN
992.97000,NaN,NaN
992.98000,NaN,NaN
992.99000,NaN,NaN
993.00000,NaN,NaN
993.01000,NaN,NaN
993.02000,NaN,NaN
993.03000,NaN,NaN
993.04000,NaN,NaN
993.05000,NaN,NaN
993.06000,NaN,NaN
993.07000,NaN,NaN
993.08000,NaN,NaN
993.09000,NaN,NaN
993.10000,NaN,NaN
993.11000,NaN,NaN
993.12000,NaN,NaN
993.13000,NaN,NaN
993.14000,NaN,NaN
993.15000,NaN,NaN
993.16000,NaN,NaN
993.17000,NaN,NaN
993.18000,NaN,NaN
993.19000,NaN,NaN
993.20000,NaN,NaN
993.21000,NaN,NaN
993.22000,NaN,NaN
993.23000,NaN,NaN
993.24000,NaN,NaN
993.25000,NaN,NaN
993.26000,NaN,NaN
993.27000,NaN,NaN
993.28000,NaN,NaN
993.29000,NaN,NaN
993.30000,NaN,NaN
993.31000,NaN,NaN
993.32000,NaN,NaN
993.33000,NaN,NaN
993.34000,NaN,NaN
993.35000,NaN,NaN
993.36000,NaN,NaN
993.37000,NaN,NaN
993.38000,NaN,NaN
993.39000,NaN,NaN
993.40000,NaN,NaN
993.41000,NaN,NaN
993.42000,NaN,NaN
993.43000,NaN,NaN
993.44000,NaN,NaN
993.45000,NaN,NaN
993.46000,NaN,NaN
993.47000,NaN,NaN
993.48000,NaN,NaN
993.49000,NaN,NaN
993.50000,NaN,NaN
993.51000,NaN,NaN
993.52000,NaN,NaN
993.53000,NaN,NaN
993.54000,NaN,NaN
993.55000,NaN,NaN
993.56000,NaN,NaN
993.57000,NaN,NaN
993.58000,NaN,NaN
993.59000,NaN,NaN
993.60000,NaN,NaN
993.61000,NaN,NaN
993.62000,NaN,NaN
993.63000,NaN,NaN
993.64000,NaN,NaN
993.65000,NaN,NaN
993.66000,NaN,NaN
993.67000,NaN,NaN
993.68000,NaN,NaN
993.69000,NaN,NaN
993.70000,NaN,NaN
993.71000,NaN,NaN
993.72000,NaN,NaN
993.73000,NaN,NaN
993.74000,NaN,NaN
993.75000,NaN,NaN
993.76000,NaN,NaN
993.77000,NaN,NaN
993.78000,NaN,NaN
993.79000,NaN,NaN
993.80000,NaN,NaN
993.81000,NaN,NaN
993.82000,NaN,NaN
993.83000,NaN,NaN
993.84000,NaN,NaN
993.85000,NaN,NaN
993.86000,NaN,NaN
993.87000,NaN,NaN
993.88000,NaN,NaN
993.89000,NaN,NaN
993.90000,NaN,NaN
993.91000,NaN,NaN
993.92000,NaN,NaN
993.93000,NaN,NaN
993.94000,NaN,NaN
993.95000,NaN,NaN
993.96000,NaN,NaN
993.97000,NaN,NaN
993.98000,NaN,NaN
993.99000,NaN,NaN
994.00000,NaN,NaN
994.01000,NaN,NaN
994.02000,NaN,NaN
994.03000,NaN,NaN
994.04000,NaN,NaN
994.05000,NaN,NaN
994.06000,NaN,NaN
994.07000,NaN,NaN
994.08000,NaN,NaN
994.09000,NaN,NaN
994.10000,NaN,NaN
994.11000,NaN,NaN
994.12000,NaN,NaN
994.13000,NaN,NaN
994.14000,NaN,NaN
994.15000,NaN,NaN
994.16000,NaN,NaN
994.17000,NaN,NaN
994.18000,NaN,NaN
994.19000,NaN,NaN
994.20000,NaN,NaN
994.21000,NaN,NaN
994.22000,NaN,NaN
994.23000,NaN,NaN
994.24000,NaN,NaN
994.25000,NaN,NaN
994.26000,NaN,NaN
994.27000,NaN,NaN
994.28000,NaN,NaN
994.29000,NaN,NaN
994.30000,NaN,NaN
994.31000,NaN,NaN
994.32000,NaN,NaN
994.33000,NaN,NaN
994.34000,NaN,NaN
994.35000,NaN,NaN
994.36000,NaN,NaN
994.37000,NaN,NaN
994.38000,NaN,NaN
994.39000,NaN,NaN
994.40000,NaN,NaN
994.41000,NaN,NaN
994.42000,NaN,NaN
994.43000,NaN,NaN
994.44000,NaN,NaN
994.45000,NaN,NaN
994.46000,NaN,NaN
994.47000,NaN,NaN
994.48000,NaN,NaN
994.49000,NaN,NaN
994.50000,NaN,NaN
994.51000,NaN,NaN
994.52000,NaN,NaN
994.53000,NaN,NaN
994.54000,NaN,NaN
994.55000,NaN,NaN
994.56000,NaN,NaN
994.57000,NaN,NaN
994.58000,NaN,NaN
994.59000,NaN,NaN
994.60000,NaN,NaN
994.61000,NaN,NaN
994.62000,NaN,NaN
994.63000,NaN,NaN
994.64000,NaN,NaN
994.65000,NaN,NaN
994.66000,NaN,NaN
994.67000,NaN,NaN
994.68000,NaN,NaN
994.69000,NaN,NaN
994.70000,NaN,NaN
994.71000,NaN,NaN
994.72000,NaN,NaN
994.73000,NaN,NaN
994.74000,NaN,NaN
994.75000,NaN,NaN
994.76000,NaN,NaN
994.77000,NaN,NaN
994.78000,NaN,NaN
994.79000,NaN,NaN
994.80000,NaN,NaN
994.81000,NaN,NaN
994.82000,NaN,NaN
994.83000,NaN,NaN
994.84000,NaN,NaN
994.85000,NaN,NaN
994.86000,NaN,NaN
994.87000,NaN,NaN
994.88000,NaN,NaN
994.89000,NaN,NaN
994.90000,NaN,NaN
994.91000,NaN,NaN
994.92000,NaN,NaN
994.93000,NaN,NaN
994.94000,NaN,NaN
994.95000,NaN,NaN
994.96000,NaN,NaN
994.97000,NaN,NaN
994.98000,NaN,NaN
994.99000,NaN,NaN
995.00000,NaN,NaN
995.01000,NaN,NaN
995.02000,NaN,NaN
995.03000,NaN,NaN
995.04000,NaN,NaN
995.05000,NaN,NaN
995.06000,NaN,NaN
995.07000,NaN,NaN
995.08000,NaN,NaN
995.09000,NaN,NaN
995.10000,NaN,NaN
995.11000,NaN,NaN
995.12000,NaN,NaN
995.13000,2.6586537e-12,2.9696730e-14
995.14000,2.6530817e-12,3.0022614e-14
995.15000,2.6519625e-12,3.0186022e-14
995.16000,2.6542725e-12,3.0270977e-14
995.17000,2.6601834e-12,3.0315927e-14
995.18000,2.6686972e-12,3.0354200e-14
995.19000,2.6779158e-12,3.0394926e-14
995.20000,2.6865577e-12,3.0434955e-14
995.21000,2.6931437e-12,3.0466490e-14
995.22000,2.6977917e-12,3.0487658e-14
995.23000,2.7009729e-12,3.0499291e-14
995.24000,2.7030326e-12,3.0501485e-14
995.25000,2.7046695e-12,3.0498368e-14
995.26000,2.7060355e-12,3.0492296e-14
995.27000,2.7068279e-12,3.0482739e-14
995.28000,2.7069498e-12,3.0470766e-14
995.29000,2.7065727e-12,3.0458697e-14
995.30000,2.7062913e-12,3.0449627e-14
995.31000,2.7069051e-12,3.0448487e-14
995.32000,2.7094773e-12,3.0461441e-14
995.33000,2.7138395e-12,3.0486286e-14
995.34000,2.7196932e-12,3.0520630e-14
995.35000,2.7262888e-12,3.0559706e-14
995.36000,2.7321293e-12,3.0594684e-14
995.37000,2.7362938e-12,3.0620598e-14
995.38000,2.7374721e-12,3.0630820e-14
995.39000,2.7358583e-12,3.0626886e-14
995.40000,2.7317019e-12,3.0610630e-14
995.41000,2.7262953e-12,3.0588719e-14
995.42000,2.7203825e-12,3.0565203e-14
995.43000,2.7151599e-12,3.0545920e-14
995.44000,2.7111807e-12,3.0532874e-14
995.45000,2.7090717e-12,3.0527959e-14
995.46000,2.7097810e-12,3.0532948e-14
995.47000,2.7127262e-12,3.0543770e-14
995.48000,2.7174965e-12,3.0557629e-14
995.49000,2.7237956e-12,3.0571885e-14
995.50000,2.7304485e-12,3.0584057e-14
995.51000,2.7367424e-12,3.0594266e-14
995.52000,2.7421013e-12,3.0603414e-14
995.53000,2.7464813e-12,3.0614160e-14
995.54000,2.7498996e-12,3.0629194e-14
995.55000,2.7526980e-12,3.0648029e-14
995.56000,2.7547939e-12,3.0669822e-14
995.57000,2.7559134e-12,3.0690803e-14
995.58000,2.7561434e-12,3.0707391e-14
995.59000,2.7554350e-12,3.0716402e-14
995.60000,2.7536329e-12,3.0712754e-14
995.61000,2.7511090e-12,3.0697814e-14
995.62000,2.7481164e-12,3.0674060e-14
995.63000,2.7447688e-12,3.0642776e-14
995.64000,2.7414579e-12,3.0610653e-14
995.65000,2.7387124e-12,3.0584636e-14
995.66000,2.7367457e-12,3.0566826e-14
995.67000,2.7361333e-12,3.0561375e-14
995.68000,2.7371441e-12,3.0567769e-14
995.69000,2.7392702e-12,3.0580270e-14
995.70000,2.7422549e-12,3.0595614e-14
995.71000,2.7457394e-12,3.0610431e-14
995.72000,2.7492106e-12,3.0623049e-14
995.73000,2.7524510e-12,3.0633135e-14
995.74000,2.7552439e-12,3.0639715e-14
995.75000,2.7575493e-12,3.0642644e-14
995.76000,2.7593772e-12,3.0641991e-14
995.77000,2.7604186e-12,3.0636127e-14
995.78000,2.7606134e-12,3.0625998e-14
995.79000,2.7598461e-12,3.0612916e-14
995.80000,2.7584850e-12,3.0599346e-14
995.81000,2.7567830e-12,3.0587345e-14
995.82000,2.7552140e-12,3.0579210e-14
995.83000,2.7540724e-12,3.0574742e-14
995.84000,2.7535027e-12,3.0573727e-14
995.85000,2.7536105e-12,3.0575709e-14
995.86000,2.7540356e-12,3.0578115e-14
995.87000,2.7544177e-12,3.0578878e-14
995.88000,2.7542814e-12,3.0575141e-14
995.89000,2.7532994e-12,3.0565959e-14
995.90000,2.7512222e-12,3.0550878e-14
995.91000,2.7484341e-12,3.0532490e-14
995.92000,2.7452142e-12,3.0512539e-14
995.93000,2.7422255e-12,3.0494101e-14
995.94000,2.7398271e-12,3.0478514e-14
995.95000,2.7382485e-12,3.0466805e-14
995.96000,2.7377314e-12,3.0460761e-14
995.97000,2.7379860e-12,3.0459752e-14
995.98000,2.7389296e-12,3.0463894e-14
995.99000,2.7407014e-12,3.0474394e-14
996.00000,2.7430029e-12,3.0488722e-14
996.01000,2.7453956e-12,3.0503569e-14
996.02000,2.7474008e-12,3.0515940e-14
996.03000,2.7486280e-12,3.0524132e-14
996.04000,2.7488051e-12,3.0528034e-14
996.05000,2.7482804e-12,3.0530166e-14
996.06000,2.7472205e-12,3.0532025e-14
996.07000,2.7457742e-12,3.0533779e-14
996.08000,2.7440707e-12,3.0533841e-14
996.09000,2.7420068e-12,3.0529770e-14
996.10000,2.7392339e-12,3.0517219e-14
996.11000,2.7356368e-12,3.0495704e-14
996.12000,2.7312506e-12,3.0466702e-14
996.13000,2.7258488e-12,3.0429373e-14
996.14000,2.7197149e-12,3.0387059e-14
996.15000,2.7132000e-12,3.0342850e-14
996.16000,2.7067784e-12,3.0299844e-14
996.17000,2.7009878e-12,3.0261481e-14
996.18000,2.6964232e-12,3.0231399e-14
996.19000,2.6929531e-12,3.0208578e-14
996.20000,2.6905118e-12,3.0192715e-14
996.21000,2.6890929e-12,3.0184225e-14
996.22000,2.6882979e-12,3.0180672e-14
996.23000,2.6880397e-12,3.0181422e-14
996.24000,2.6886348e-12,3.0188494e-14
996.25000,2.6901544e-12,3.0201873e-14
996.26000,2.6926794e-12,3.0221940e-14
996.27000,2.6957046e-12,3.0245462e-14
996.28000,2.6986513e-12,3.0269028e-14
996.29000,2.7005140e-12,3.0286217e-14
996.30000,2.7010465e-12,3.0294933e-14
996.31000,2.7000824e-12,3.0293346e-14
996.32000,2.6977638e-12,3.0280983e-14
996.33000,2.6950623e-12,3.0263927e-14
996.34000,2.6924880e-12,3.0245602e-14
996.35000,2.6902955e-12,3.0227814e-14
996.36000,2.6881790e-12,3.0210020e-14
996.37000,2.6856977e-12,3.0190394e-14
996.38000,2.6823024e-12,3.0166319e-14
996.39000,2.6779984e-12,3.0137973e-14
996.40000,2.6731165e-12,3.0107556e-14
996.41000,2.6683016e-12,3.0078660e-14
996.42000,2.6641257e-12,3.0055017e-14
996.43000,2.6612181e-12,3.0040850e-14
996.44000,2.6594871e-12,3.0034951e-14
996.45000,2.6590278e-12,3.0037085e-14
996.46000,2.6604458e-12,3.0049270e-14
996.47000,2.6637015e-12,3.0069807e-14
996.48000,2.6684872e-12,3.0096627e-14
996.49000,2.6748360e-12,3.0129379e-14
996.50000,2.6817523e-12,3.0163773e-14
996.51000,2.6881713e-12,3.0195330e-14
996.52000,2.6935746e-12,3.0222187e-14
996.53000,2.6973394e-12,3.0241938e-14
996.54000,2.6991155e-12,3.0253650e-14
996.55000,2.6995124e-12,3.0260331e-14
996.56000,2.6987780e-12,3.0263575e-14
996.57000,2.6970333e-12,3.0265069e-14
996.58000,2.6948510e-12,3.0267436e-14
996.59000,2.6925677e-12,3.0272062e-14
996.60000,2.6903833e-12,3.0280309e-14
996.61000,2.6883061e-12,3.0290556e-14
996.62000,2.6861093e-12,3.0299218e-14
996.63000,2.6836308e-12,3.0303587e-14
996.64000,2.6807478e-12,3.0299412e-14
996.65000,2.6778258e-12,3.0284984e-14
996.66000,2.6754150e-12,3.0264621e-14
996.67000,2.6741009e-12,3.0241928e-14
996.68000,2.6745515e-12,3.0222272e-14
996.69000,2.6761810e-12,3.0208633e-14
996.70000,2.6782763e-12,3.0201372e-14
996.71000,2.6798900e-12,3.0200484e-14
996.72000,2.6801161e-12,3.0200978e-14
996.73000,2.6781538e-12,3.0197048e-14
996.74000,2.6745309e-12,3.0186455e-14
996.75000,2.6693545e-12,3.0165296e-14
996.76000,2.6637610e-12,3.0135233e-14
996.77000,2.6588008e-12,3.0102640e-14
996.78000,2.6553672e-12,3.0073349e-14
996.79000,2.6544910e-12,3.0055884e-14
996.80000,2.6556229e-12,3.0051234e-14
996.81000,2.6582675e-12,3.0058866e-14
996.82000,2.6619625e-12,3.0078827e-14
996.83000,2.6655543e-12,3.0103895e-14
996.84000,2.6683583e-12,3.0127963e-14
996.85000,2.6694586e-12,3.0144928e-14
996.86000,2.6686331e-12,3.0151068e-14
996.87000,2.6655695e-12,3.0142719e-14
996.88000,2.6610139e-12,3.0123771e-14
996.89000,2.6553307e-12,3.0095833e-14
996.90000,2.6492690e-12,3.0063010e-14
996.91000,2.6436626e-12,3.0031270e-14
996.92000,2.6389715e-12,3.0003975e-14
996.93000,2.6356669e-12,2.9984623e-14
996.94000,2.6333673e-12,2.9971944e-14
996.95000,2.6315276e-12,2.9963155e-14
996.96000,2.6298034e-12,2.9956900e-14
996.97000,2.6278442e-12,2.9950749e-14
996.98000,2.6256177e-12,2.9943826e-14
996.99000,2.6233716e-12,2.9936552e-14
997.00000,2.6214418e-12,2.9929729e-14
997.01000,2.6202986e-12,2.9924570e-14
997.02000,2.6199773e-12,2.9921332e-14
997.03000,2.6205720e-12,2.9920466e-14
997.04000,2.6223513e-12,2.9923122e-14
997.05000,2.6249689e-12,2.9928658e-14
997.06000,2.6279550e-12,2.9935710e-14
997.07000,2.6307399e-12,2.9942611e-14
997.08000,2.6326200e-12,2.9947130e-14
997.09000,2.6330517e-12,2.9947655e-14
997.10000,2.6324248e-12,2.9945127e-14
997.11000,2.6310010e-12,2.9939602e-14
997.12000,2.6293504e-12,2.9931075e-14
997.13000,2.6278215e-12,2.9920087e-14
997.14000,2.6263967e-12,2.9906452e-14
997.15000,2.6248968e-12,2.9890225e-14
997.16000,2.6232920e-12,2.9873654e-14
997.17000,2.6218154e-12,2.9858850e-14
997.18000,2.6210069e-12,2.9849002e-14
997.19000,2.6212626e-12,2.9845661e-14
997.20000,2.6229629e-12,2.9850902e-14
997.21000,2.6257453e-12,2.9862822e-14
997.22000,2.6297048e-12,2.9882096e-14
997.23000,2.6348562e-12,2.9907269e-14
997.24000,2.6408650e-12,2.9934366e-14
997.25000,2.6476374e-12,2.9960282e-14
997.26000,2.6549922e-12,2.9980651e-14
997.27000,2.6623281e-12,2.9994614e-14
997.28000,2.6692109e-12,3.0003180e-14
997.29000,2.6750618e-12,3.0007084e-14
997.30000,2.6798028e-12,3.0009964e-14
997.31000,2.6834390e-12,3.0014738e-14
997.32000,2.6865084e-12,3.0022260e-14
997.33000,2.6893237e-12,3.0033596e-14
997.34000,2.6922064e-12,3.0047778e-14
997.35000,2.6951195e-12,3.0062146e-14
997.36000,2.6977639e-12,3.0074111e-14
997.37000,2.6994878e-12,3.0079591e-14
997.38000,2.7001298e-12,3.0078160e-14
997.39000,2.6997649e-12,3.0070528e-14
997.40000,2.6984064e-12,3.0057071e-14
997.41000,2.6966765e-12,3.0042260e-14
997.42000,2.6951265e-12,3.0030989e-14
997.43000,2.6940421e-12,3.0025324e-14
997.44000,2.6938490e-12,3.0028969e-14
997.45000,2.6948076e-12,3.0042220e-14
997.46000,2.6966412e-12,3.0060310e-14
997.47000,2.6992205e-12,3.0079220e-14
997.48000,2.7022366e-12,3.0092346e-14
997.49000,2.7050357e-12,3.0096361e-14
997.50000,2.7071249e-12,3.0090094e-14
997.51000,2.7077127e-12,3.0070884e-14
997.52000,2.7066296e-12,3.0043002e-14
997.53000,2.7035494e-12,3.0009873e-14
997.54000,2.6990806e-12,2.9976127e-14
997.55000,2.6931530e-12,2.9945859e-14
997.56000,2.6860353e-12,2.9923113e-14
997.57000,2.6782217e-12,2.9907400e-14
997.58000,2.6698798e-12,2.9898846e-14
997.59000,2.6613397e-12,2.9897036e-14
997.60000,2.6532451e-12,2.9897738e-14
997.61000,2.6462686e-12,2.9898237e-14
997.62000,2.6417881e-12,2.9895865e-14
997.63000,2.6403648e-12,2.9890372e-14
997.64000,2.6430301e-12,2.9883894e-14
997.65000,2.6487835e-12,2.9879692e-14
997.66000,2.6578831e-12,2.9883067e-14
997.67000,2.6690680e-12,2.9897448e-14
997.68000,2.6804885e-12,2.9919286e-14
997.69000,2.6906312e-12,2.9944921e-14
997.70000,2.6972356e-12,2.9967408e-14
997.71000,2.7000653e-12,2.9981959e-14
997.72000,2.6991079e-12,2.9986533e-14
997.73000,2.6936547e-12,2.9977466e-14
997.74000,2.6850501e-12,2.9956831e-14
997.75000,2.6749742e-12,2.9928708e-14
997.76000,2.6642912e-12,2.9893215e-14
997.77000,2.6544222e-12,2.9854755e-14
997.78000,2.6466869e-12,2.9817738e-14
997.79000,2.6410570e-12,2.9785198e-14
997.80000,2.6377148e-12,2.9760095e-14
997.81000,2.6368216e-12,2.9745931e-14
997.82000,2.6372500e-12,2.9739617e-14
997.83000,2.6383110e-12,2.9738738e-14
997.84000,2.6393488e-12,2.9741701e-14
997.85000,2.6396143e-12,2.9745337e-14
997.86000,2.6389743e-12,2.9748176e-14
997.87000,2.6370865e-12,2.9748723e-14
997.88000,2.6343072e-12,2.9745731e-14
997.89000,2.6308765e-12,2.9736175e-14
997.90000,2.6271578e-12,2.9719905e-14
997.91000,2.6232157e-12,2.9695861e-14
997.92000,2.6189635e-12,2.9663891e-14
997.93000,2.6144733e-12,2.9629173e-14
997.94000,2.6098999e-12,2.9595556e-14
997.95000,2.6056269e-12,2.9567567e-14
997.96000,2.6021141e-12,2.9546821e-14
997.97000,2.5999778e-12,2.9534794e-14
997.98000,2.5990682e-12,2.9528782e-14
997.99000,2.5997262e-12,2.9529542e-14
998.00000,2.6017546e-12,2.9536905e-14
998.01000,2.6044708e-12,2.9548921e-14
998.02000,2.6074504e-12,2.9564806e-14
998.03000,2.6100914e-12,2.9582390e-14
998.04000,2.6120294e-12,2.9597845e-14
998.05000,2.6131138e-12,2.9608519e-14
998.06000,2.6130650e-12,2.9610715e-14
998.07000,2.6121776e-12,2.9605172e-14
998.08000,2.6105936e-12,2.9592247e-14
998.09000,2.6086461e-12,2.9575147e-14
998.10000,2.6063547e-12,2.9554222e-14
998.11000,2.6036980e-12,2.9529991e-14
998.12000,2.6007515e-12,2.9503654e-14
998.13000,2.5976079e-12,2.9476337e-14
998.14000,2.5946917e-12,2.9451646e-14
998.15000,2.5925225e-12,2.9433189e-14
998.16000,2.5914858e-12,2.9423534e-14
998.17000,2.5921904e-12,2.9427144e-14
998.18000,2.5942843e-12,2.9441521e-14
998.19000,2.5973982e-12,2.9464422e-14
998.20000,2.6008237e-12,2.9490517e-14
998.21000,2.6040942e-12,2.9516247e-14
998.22000,2.6067690e-12,2.9537274e-14
998.23000,2.6088449e-12,2.9552575e-14
998.24000,2.6102638e-12,2.9560666e-14
998.25000,2.6108764e-12,2.9559192e-14
998.26000,2.6109229e-12,2.9551299e-14
998.27000,2.6105903e-12,2.9540431e-14
998.28000,2.6100037e-12,2.9531086e-14
998.29000,2.6094085e-12,2.9527991e-14
998.30000,2.6089112e-12,2.9533898e-14
998.31000,2.6084759e-12,2.9545095e-14
998.32000,2.6080475e-12,2.9557234e-14
998.33000,2.6076499e-12,2.9562662e-14
998.34000,2.6074381e-12,2.9559601e-14
998.35000,2.6077286e-12,2.9548681e-14
998.36000,2.6091759e-12,2.9534289e-14
998.37000,2.6119007e-12,2.9524205e-14
998.38000,2.6157942e-12,2.9522415e-14
998.39000,2.6208621e-12,2.9533293e-14
998.40000,2.6262901e-12,2.9553400e-14
998.41000,2.6310851e-12,2.9577710e-14
998.42000,2.6347115e-12,2.9600170e-14
998.43000,2.6362660e-12,2.9614303e-14
998.44000,2.6351554e-12,2.9613916e-14
998.45000,2.6321843e-12,2.9601403e-14
998.46000,2.6279062e-12,2.9578761e-14
998.47000,2.6230497e-12,2.9549176e-14
998.48000,2.6186122e-12,2.9519677e-14
998.49000,2.6149862e-12,2.9493901e-14
998.50000,2.6125513e-12,2.9475449e-14
998.51000,2.6109833e-12,2.9464292e-14
998.52000,2.6099651e-12,2.9460778e-14
998.53000,2.6091382e-12,2.9462638e-14
998.54000,2.6084625e-12,2.9470447e-14
998.55000,2.6081043e-12,2.9484595e-14
998.56000,2.6081054e-12,2.9502562e-14
998.57000,2.6083935e-12,2.9522099e-14
998.58000,2.6085613e-12,2.9538699e-14
998.59000,2.6079247e-12,2.9547367e-14
998.60000,2.6060531e-12,2.9545529e-14
998.61000,2.6021701e-12,2.9527189e-14
998.62000,2.5965987e-12,2.9494381e-14
998.63000,2.5901010e-12,2.9450913e-14
998.64000,2.5839228e-12,2.9405665e-14
998.65000,2.5794680e-12,2.9367687e-14
998.66000,2.5784091e-12,2.9349204e-14
998.67000,2.5802892e-12,2.9350169e-14
998.68000,2.5845085e-12,2.9368794e-14
998.69000,2.5902705e-12,2.9402260e-14
998.70000,2.5958438e-12,2.9438536e-14
998.71000,2.6003647e-12,2.9469792e-14
998.72000,2.6028486e-12,2.9487874e-14
998.73000,2.6031781e-12,2.9490519e-14
998.74000,2.6008951e-12,2.9475392e-14
998.75000,2.5965838e-12,2.9448449e-14
998.76000,2.5902346e-12,2.9412462e-14
998.77000,2.5822104e-12,2.9372807e-14
998.78000,2.5739437e-12,2.9336547e-14
998.79000,2.5665688e-12,2.9308226e-14
998.80000,2.5616183e-12,2.9293697e-14
998.81000,2.5594845e-12,2.9291367e-14
998.82000,2.5593354e-12,2.9295342e-14
998.83000,2.5609120e-12,2.9301590e-14
998.84000,2.5629171e-12,2.9304142e-14
998.85000,2.5644949e-12,2.9299450e-14
998.86000,2.5654961e-12,2.9289902e-14
998.87000,2.5660244e-12,2.9278121e-14
998.88000,2.5664359e-12,2.9268196e-14
998.89000,2.5671352e-12,2.9262341e-14
998.90000,2.5682977e-12,2.9260873e-14
998.91000,2.5701183e-12,2.9264158e-14
998.92000,2.5723776e-12,2.9269582e-14
998.93000,2.5747508e-12,2.9274476e-14
998.94000,2.5768774e-12,2.9277084e-14
998.95000,2.5782322e-12,2.9274956e-14
998.96000,2.5783147e-12,2.9266605e-14
998.97000,2.5773048e-12,2.9253728e-14
998.98000,2.5752790e-12,2.9237289e-14
998.99000,2.5723995e-12,2.9218539e-14
999.00000,2.5693842e-12,2.9199999e-14
999.01000,2.5668467e-12,2.9183551e-14
999.02000,2.5658270e-12,2.9172861e-14
999.03000,2.5670165e-12,2.9170737e-14
999.04000,2.5712699e-12,2.9181308e-14
999.05000,2.5778723e-12,2.9202161e-14
999.06000,2.5867299e-12,2.9233245e-14
999.07000,2.5970829e-12,2.9271148e-14
999.08000,2.6078172e-12,2.9310800e-14
999.09000,2.6184327e-12,2.9350308e-14
999.10000,2.6284920e-12,2.9388738e-14
999.11000,2.6377662e-12,2.9425429e-14
999.12000,2.6460517e-12,2.9459087e-14
999.13000,2.6525220e-12,2.9486140e-14
999.14000,2.6568841e-12,2.9505714e-14
999.15000,2.6586728e-12,2.9518567e-14
999.16000,2.6586443e-12,2.9529243e-14
999.17000,2.6570791e-12,2.9541134e-14
999.18000,2.6544935e-12,2.9555428e-14
999.19000,2.6515974e-12,2.9568257e-14
999.20000,2.6485933e-12,2.9574023e-14
999.21000,2.6454835e-12,2.9563740e-14
999.22000,2.6422656e-12,2.9536384e-14
999.23000,2.6390298e-12,2.9497646e-14
999.24000,2.6360328e-12,2.9450733e-14
999.25000,2.6336510e-12,2.9404666e-14
999.26000,2.6325448e-12,2.9367144e-14
999.27000,2.6327706e-12,2.9339436e-14
999.28000,2.6346212e-12,2.9323673e-14
999.29000,2.6384314e-12,2.9323605e-14
999.30000,2.6434159e-12,2.9335762e-14
999.31000,2.6489642e-12,2.9358347e-14
999.32000,2.6543592e-12,2.9390874e-14
999.33000,2.6587759e-12,2.9426417e-14
999.34000,2.6613380e-12,2.9457235e-14
999.35000,2.6621985e-12,2.9479227e-14
999.36000,2.6607641e-12,2.9484900e-14
999.37000,2.6567204e-12,2.9469761e-14
999.38000,2.6506785e-12,2.9439448e-14
999.39000,2.6427292e-12,2.9397027e-14
999.40000,2.6328667e-12,2.9346245e-14
999.41000,2.6220906e-12,2.9294828e-14
999.42000,2.6111265e-12,2.9247127e-14
999.43000,2.6006576e-12,2.9208482e-14
999.44000,2.5912440e-12,2.9180925e-14
999.45000,2.5834891e-12,2.9166925e-14
999.46000,2.5772080e-12,2.9162435e-14
999.47000,2.5727427e-12,2.9165447e-14
999.48000,2.5702362e-12,2.9169814e-14
999.49000,2.5689259e-12,2.9169529e-14
999.50000,2.5683387e-12,2.9161178e-14
999.51000,2.5680244e-12,2.9142144e-14
999.52000,2.5674988e-12,2.9117240e-14
999.53000,2.5666527e-12,2.9091671e-14
999.54000,2.5653303e-12,2.9069679e-14
999.55000,2.5635021e-12,2.9052966e-14
999.56000,2.5609016e-12,2.9040763e-14
999.57000,2.5575845e-12,2.9029644e-14
999.58000,2.5535420e-12,2.9017220e-14
999.59000,2.5491039e-12,2.9001826e-14
999.60000,2.5449279e-12,2.8984652e-14
999.61000,2.5414309e-12,2.8967032e-14
999.62000,2.5390607e-12,2.8950424e-14
999.63000,2.5376005e-12,2.8935881e-14
999.64000,2.5369066e-12,2.8924820e-14
999.65000,2.5365971e-12,2.8917001e-14
999.66000,2.5365605e-12,2.8913702e-14
999.67000,2.5365622e-12,2.8914611e-14
999.68000,2.5363721e-12,2.8917321e-14
999.69000,2.5357371e-12,2.8919871e-14
999.70000,2.5342857e-12,2.8919882e-14
999.71000,2.5321153e-12,2.8917049e-14
999.72000,2.5293880e-12,2.8912067e-14
999.73000,2.5260469e-12,2.8904845e-14
999.74000,2.5221129e-12,2.8894998e-14
999.75000,2.5172062e-12,2.8879426e-14
999.76000,2.5113136e-12,2.8857164e-14
999.77000,2.5041718e-12,2.8825454e-14
999.78000,2.4960713e-12,2.8785022e-14
999.79000,2.4880432e-12,2.8742860e-14
999.80000,2.4811308e-12,2.8705919e-14
999.81000,2.4770584e-12,2.8685220e-14
999.82000,2.4763794e-12,2.8684939e-14
999.83000,2.4785959e-12,2.8702295e-14
999.84000,2.4838978e-12,2.8738412e-14
999.85000,2.4906221e-12,2.8782781e-14
999.86000,2.4972215e-12,2.8824586e-14
999.87000,2.5027428e-12,2.8856878e-14
999.88000,2.5065737e-12,2.8873487e-14
999.89000,2.5084246e-12,2.8868763e-14
999.90000,2.5092477e-12,2.8849869e-14
999.91000,2.5097154e-12,2.8822584e-14
999.92000,2.5105482e-12,2.8792829e-14
999.93000,2.5124342e-12,2.8768954e-14
999.94000,2.5162305e-12,2.8759027e-14
999.95000,2.5218063e-12,2.8762745e-14
999.96000,2.5297481e-12,2.8784830e-14
999.97000,2.5399780e-12,2.8825425e-14
999.98000,2.5514025e-12,2.8876820e-14
999.99000,2.5632513e-12,2.8933816e-14
1000.0000,2.5745306e-12,2.8988833e-14
1000.0100,2.5846425e-12,2.9035087e-14
1000.0200,2.5935233e-12,2.9070520e-14
1000.0300,2.6008470e-12,2.9091899e-14
1000.0400,2.6069278e-12,2.9103808e-14
1000.0500,2.6117597e-12,2.9110562e-14
1000.0600,2.6156749e-12,2.9116567e-14
1000.0700,2.6185546e-12,2.9123484e-14
1000.0800,2.6201677e-12,2.9130122e-14
1000.0900,2.6207278e-12,2.9133387e-14
1000.1000,2.6201910e-12,2.9129861e-14
1000.1100,2.6182219e-12,2.9114475e-14
1000.1200,2.6151556e-12,2.9088743e-14
1000.1300,2.6116045e-12,2.9058136e-14
1000.1400,2.6082105e-12,2.9027963e-14
1000.1500,2.6058711e-12,2.9005279e-14
1000.1600,2.6055946e-12,2.8996467e-14
1000.1700,2.6071372e-12,2.8998951e-14
1000.1800,2.6103314e-12,2.9010912e-14
1000.1900,2.6147514e-12,2.9029762e-14
1000.2000,2.6194055e-12,2.9050664e-14
1000.2100,2.6238716e-12,2.9071925e-14
1000.2200,2.6279333e-12,2.9092799e-14
1000.2300,2.6316972e-12,2.9112711e-14
1000.2400,2.6352231e-12,2.9130702e-14
1000.2500,2.6385287e-12,2.9146629e-14
1000.2600,2.6413020e-12,2.9159339e-14
1000.2700,2.6428883e-12,2.9166876e-14
1000.2800,2.6431156e-12,2.9168775e-14
1000.2900,2.6417330e-12,2.9163322e-14
1000.3000,2.6382511e-12,2.9146840e-14
1000.3100,2.6331714e-12,2.9120844e-14
1000.3200,2.6271157e-12,2.9088641e-14
1000.3300,2.6203506e-12,2.9051791e-14
1000.3400,2.6136177e-12,2.9014942e-14
1000.3500,2.6076914e-12,2.8982676e-14
1000.3600,2.6028632e-12,2.8956705e-14
1000.3700,2.5995747e-12,2.8939709e-14
1000.3800,2.5983716e-12,2.8935315e-14
1000.3900,2.5986094e-12,2.8940039e-14
1000.4000,2.5997372e-12,2.8950736e-14
1000.4100,2.6011784e-12,2.8964037e-14
1000.4200,2.6020930e-12,2.8974432e-14
1000.4300,2.6018567e-12,2.8977597e-14
1000.4400,2.6006734e-12,2.8974480e-14
1000.4500,2.5986516e-12,2.8965461e-14
1000.4600,2.5963279e-12,2.8954069e-14
1000.4700,2.5941872e-12,2.8943956e-14
1000.4800,2.5924341e-12,2.8936974e-14
1000.4900,2.5911828e-12,2.8934509e-14
1000.5000,2.5902227e-12,2.8935065e-14
1000.5100,2.5893421e-12,2.8936899e-14
1000.5200,2.5883118e-12,2.8938551e-14
1000.5300,2.5868791e-12,2.8938237e-14
1000.5400,2.5847980e-12,2.8934315e-14
1000.5500,2.5822452e-12,2.8927346e-14
1000.5600,2.5794716e-12,2.8917755e-14
1000.5700,2.5771251e-12,2.8907135e-14
1000.5800,2.5756572e-12,2.8897737e-14
1000.5900,2.5752501e-12,2.8890828e-14
1000.6000,2.5760437e-12,2.8887639e-14
1000.6100,2.5773211e-12,2.8886757e-14
1000.6200,2.5782616e-12,2.8886015e-14
1000.6300,2.5784149e-12,2.8883508e-14
1000.6400,2.5772505e-12,2.8877055e-14
1000.6500,2.5748059e-12,2.8865864e-14
1000.6600,2.5718476e-12,2.8852004e-14
1000.6700,2.5689476e-12,2.8837045e-14
1000.6800,2.5666838e-12,2.8822437e-14
1000.6900,2.5650817e-12,2.8808631e-14
1000.7000,2.5638359e-12,2.8795045e-14
1000.7100,2.5626280e-12,2.8780806e-14
1000.7200,2.5610687e-12,2.8765395e-14
1000.7300,2.5589467e-12,2.8749057e-14
1000.7400,2.5564736e-12,2.8732881e-14
1000.7500,2.5538798e-12,2.8718136e-14
1000.7600,2.5514986e-12,2.8706169e-14
1000.7700,2.5493670e-12,2.8696048e-14
1000.7800,2.5472747e-12,2.8686309e-14
1000.7900,2.5447580e-12,2.8674747e-14
1000.8000,2.5414823e-12,2.8660093e-14
1000.8100,2.5372919e-12,2.8642295e-14
1000.8200,2.5326466e-12,2.8623579e-14
1000.8300,2.5280739e-12,2.8606886e-14
1000.8400,2.5244907e-12,2.8596490e-14
1000.8500,2.5222099e-12,2.8593062e-14
1000.8600,2.5215032e-12,2.8597352e-14
1000.8700,2.5227806e-12,2.8610651e-14
1000.8800,2.5255199e-12,2.8629950e-14
1000.8900,2.5292566e-12,2.8652795e-14
1000.9000,2.5339953e-12,2.8678650e-14
1000.9100,2.5393192e-12,2.8706129e-14
1000.9200,2.5448833e-12,2.8734792e-14
1000.9300,2.5502412e-12,2.8763562e-14
1000.9400,2.5548067e-12,2.8790120e-14
1000.9500,2.5575315e-12,2.8808163e-14
1000.9600,2.5582886e-12,2.8814551e-14
1000.9700,2.5570966e-12,2.8807724e-14
1000.9800,2.5538360e-12,2.8785942e-14
1000.9900,2.5496717e-12,2.8757837e-14
1001.0000,2.5458114e-12,2.8733144e-14
1001.0100,2.5430191e-12,2.8717230e-14
1001.0200,2.5422250e-12,2.8715416e-14
1001.0300,2.5438091e-12,2.8726351e-14
1001.0400,2.5468258e-12,2.8741189e-14
1001.0500,2.5505764e-12,2.8753523e-14
1001.0600,2.5543340e-12,2.8757379e-14
1001.0700,2.5575937e-12,2.8754065e-14
1001.0800,2.5604358e-12,2.8748733e-14
1001.0900,2.5630325e-12,2.8747874e-14
1001.1000,2.5657508e-12,2.8757367e-14
1001.1100,2.5687728e-12,2.8781684e-14
1001.1200,2.5719582e-12,2.8816079e-14
1001.1300,2.5751234e-12,2.8856411e-14
1001.1400,2.5780506e-12,2.8895216e-14
1001.1500,2.5807556e-12,2.8926564e-14
1001.1600,2.5832989e-12,2.8948039e-14
1001.1700,2.5856044e-12,2.8955418e-14
1001.1800,2.5874908e-12,2.8950282e-14
1001.1900,2.5884813e-12,2.8931340e-14
1001.2000,2.5885216e-12,2.8902441e-14
1001.2100,2.5873103e-12,2.8863718e-14
1001.2200,2.5848878e-12,2.8818679e-14
1001.2300,2.5819252e-12,2.8773812e-14
1001.2400,2.5789054e-12,2.8734102e-14
1001.2500,2.5764036e-12,2.8706554e-14
1001.2600,2.5747544e-12,2.8693115e-14
1001.2700,2.5738793e-12,2.8691579e-14
1001.2800,2.5738376e-12,2.8703873e-14
1001.2900,2.5740888e-12,2.8724400e-14
1001.3000,2.5739283e-12,2.8747813e-14
1001.3100,2.5729256e-12,2.8768190e-14
1001.3200,2.5707231e-12,2.8780282e-14
1001.3300,2.5671179e-12,2.8776685e-14
1001.3400,2.5628967e-12,2.8758405e-14
1001.3500,2.5587645e-12,2.8728007e-14
1001.3600,2.5555138e-12,2.8685898e-14
1001.3700,2.5535314e-12,2.8638730e-14
1001.3800,2.5529356e-12,2.8591917e-14
1001.3900,2.5530783e-12,2.8548638e-14
1001.4000,2.5534191e-12,2.8511728e-14
1001.4100,2.5530929e-12,2.8483554e-14
1001.4200,2.5517327e-12,2.8461874e-14
1001.4300,2.5492156e-12,2.8445137e-14
1001.4400,2.5453630e-12,2.8431931e-14
1001.4500,2.5407273e-12,2.8418757e-14
1001.4600,2.5357546e-12,2.8403210e-14
1001.4700,2.5309331e-12,2.8385522e-14
1001.4800,2.5268765e-12,2.8367509e-14
1001.4900,2.5243455e-12,2.8355278e-14
1001.5000,2.5233777e-12,2.8352780e-14
1001.5100,2.5241732e-12,2.8364620e-14
1001.5200,2.5271500e-12,2.8398780e-14
1001.5300,2.5317367e-12,2.8454095e-14
1001.5400,2.5373970e-12,2.8528082e-14
1001.5500,2.5439709e-12,2.8625150e-14
1001.5600,2.5507881e-12,2.8737836e-14
1001.5700,2.5572230e-12,2.8855683e-14
1001.5800,2.5629460e-12,2.8964710e-14
1001.5900,2.5675054e-12,2.9047736e-14
1001.6000,2.5700701e-12,2.9078111e-14
1001.6100,2.5706361e-12,2.9058650e-14
1001.6200,2.5690611e-12,2.8995540e-14
1001.6300,2.5645979e-12,2.8890094e-14
1001.6400,2.5577745e-12,2.8765588e-14
1001.6500,2.5488477e-12,2.8638434e-14
1001.6600,2.5388527e-12,2.8518715e-14
1001.6700,2.5283684e-12,2.8414403e-14
1001.6800,2.5183210e-12,2.8331622e-14
1001.6900,2.5092777e-12,2.8266649e-14
1001.7000,2.5016686e-12,2.8219375e-14
1001.7100,2.4961869e-12,2.8194459e-14
1001.7200,2.4925516e-12,2.8188485e-14
1001.7300,2.4901062e-12,2.8195902e-14
1001.7400,2.4886783e-12,2.8216855e-14
1001.7500,2.4875443e-12,2.8243664e-14
1001.7600,2.4861876e-12,2.8268566e-14
1001.7700,2.4843985e-12,2.8285662e-14
1001.7800,2.4820790e-12,2.8289759e-14
1001.7900,2.4792704e-12,2.8275192e-14
1001.8000,2.4764355e-12,2.8247819e-14
1001.8100,2.4739708e-12,2.8214540e-14
1001.8200,2.4723843e-12,2.8181350e-14
1001.8300,2.4717424e-12,2.8154522e-14
1001.8400,2.4720046e-12,2.8137861e-14
1001.8500,2.4727673e-12,2.8128991e-14
1001.8600,2.4739386e-12,2.8127442e-14
1001.8700,2.4756778e-12,2.8133350e-14
1001.8800,2.4780259e-12,2.8144381e-14
1001.8900,2.4810109e-12,2.8159458e-14
1001.9000,2.4846429e-12,2.8177721e-14
1001.9100,2.4884868e-12,2.8196080e-14
1001.9200,2.4921489e-12,2.8211688e-14
1001.9300,2.4954816e-12,2.8223980e-14
1001.9400,2.4983346e-12,2.8232017e-14
1001.9500,2.5005755e-12,2.8235754e-14
1001.9600,2.5022248e-12,2.8236548e-14
1001.9700,2.5031057e-12,2.8234427e-14
1001.9800,2.5027791e-12,2.8228219e-14
1001.9900,2.5013211e-12,2.8218261e-14
1002.0000,2.4990909e-12,2.8205827e-14
1002.0100,2.4962024e-12,2.8191932e-14
1002.0200,2.4931540e-12,2.8179366e-14
1002.0300,2.4903098e-12,2.8171704e-14
1002.0400,2.4877853e-12,2.8169617e-14
1002.0500,2.4856605e-12,2.8173611e-14
1002.0600,2.4841411e-12,2.8183159e-14
1002.0700,2.4832859e-12,2.8193962e-14
1002.0800,2.4831747e-12,2.8202898e-14
1002.0900,2.4841586e-12,2.8206624e-14
1002.1000,2.4860765e-12,2.8204526e-14
1002.1100,2.4887403e-12,2.8196954e-14
1002.1200,2.4916756e-12,2.8186916e-14
1002.1300,2.4945813e-12,2.8176623e-14
1002.1400,2.4971935e-12,2.8169074e-14
1002.1500,2.4995632e-12,2.8165295e-14
1002.1600,2.5018328e-12,2.8165405e-14
1002.1700,2.5041921e-12,2.8169869e-14
1002.1800,2.5067838e-12,2.8176849e-14
1002.1900,2.5095921e-12,2.8184963e-14
1002.2000,2.5123649e-12,2.8192879e-14
1002.2100,2.5145880e-12,2.8199448e-14
1002.2200,2.5153245e-12,2.8203125e-14
1002.2300,2.5143766e-12,2.8203596e-14
1002.2400,2.5116933e-12,2.8200156e-14
1002.2500,2.5073770e-12,2.8190839e-14
1002.2600,2.5026947e-12,2.8175680e-14
1002.2700,2.4986476e-12,2.8156097e-14
1002.2800,2.4963286e-12,2.8132169e-14
1002.2900,2.4959418e-12,2.8107167e-14
1002.3000,2.4975844e-12,2.8085128e-14
1002.3100,2.5002658e-12,2.8068120e-14
1002.3200,2.5033035e-12,2.8057533e-14
1002.3300,2.5059167e-12,2.8054192e-14
1002.3400,2.5076536e-12,2.8054452e-14
1002.3500,2.5085309e-12,2.8055262e-14
1002.3600,2.5083916e-12,2.8054129e-14
1002.3700,2.5075238e-12,2.8049460e-14
1002.3800,2.5058911e-12,2.8039803e-14
1002.3900,2.5035965e-12,2.8026079e-14
1002.4000,2.5005013e-12,2.8008309e-14
1002.4100,2.4965347e-12,2.7987017e-14
1002.4200,2.4922932e-12,2.7965198e-14
1002.4300,2.4883349e-12,2.7945347e-14
1002.4400,2.4853308e-12,2.7930768e-14
1002.4500,2.4833769e-12,2.7922034e-14
1002.4600,2.4821526e-12,2.7918078e-14
1002.4700,2.4809048e-12,2.7915054e-14
1002.4800,2.4789060e-12,2.7909022e-14
1002.4900,2.4754896e-12,2.7895055e-14
1002.5000,2.4710667e-12,2.7873651e-14
1002.5100,2.4661797e-12,2.7846563e-14
1002.5200,2.4615017e-12,2.7816289e-14
1002.5300,2.4575709e-12,2.7787521e-14
1002.5400,2.4546103e-12,2.7763532e-14
1002.5500,2.4521743e-12,2.7743623e-14
1002.5600,2.4498191e-12,2.7727073e-14
1002.5700,2.4468228e-12,2.7711092e-14
1002.5800,2.4429803e-12,2.7693476e-14
1002.5900,2.4383117e-12,2.7673528e-14
1002.6000,2.4330523e-12,2.7651875e-14
1002.6100,2.4279468e-12,2.7631596e-14
1002.6200,2.4234374e-12,2.7614829e-14
1002.6300,2.4200216e-12,2.7604170e-14
1002.6400,2.4175207e-12,2.7598036e-14
1002.6500,2.4155910e-12,2.7593398e-14
1002.6600,2.4136200e-12,2.7586788e-14
1002.6700,2.4112024e-12,2.7576182e-14
1002.6800,2.4080038e-12,2.7560181e-14
1002.6900,2.4042552e-12,2.7540583e-14
1002.7000,2.4002805e-12,2.7519024e-14
1002.7100,2.3963588e-12,2.7496601e-14
1002.7200,2.3927938e-12,2.7475571e-14
1002.7300,2.3898775e-12,2.7458640e-14
1002.7400,2.3875358e-12,2.7445837e-14
1002.7500,2.3857220e-12,2.7436622e-14
1002.7600,2.3842076e-12,2.7428707e-14
1002.7700,2.3825841e-12,2.7419591e-14
1002.7800,2.3807308e-12,2.7409516e-14
1002.7900,2.3788050e-12,2.7400849e-14
1002.8000,2.3773784e-12,2.7396511e-14
1002.8100,2.3772620e-12,2.7398147e-14
1002.8200,2.3784765e-12,2.7403170e-14
1002.8300,2.3810727e-12,2.7409166e-14
1002.8400,2.3845069e-12,2.7413457e-14
1002.8500,2.3876876e-12,2.7415774e-14
1002.8600,2.3898748e-12,2.7416283e-14
1002.8700,2.3901061e-12,2.7413000e-14
1002.8800,2.3883806e-12,2.7403133e-14
1002.8900,2.3847623e-12,2.7382266e-14
1002.9000,2.3802643e-12,2.7352940e-14
1002.9100,2.3758215e-12,2.7319038e-14
1002.9200,2.3730149e-12,2.7292780e-14
1002.9300,2.3723938e-12,2.7282110e-14
1002.9400,2.3741306e-12,2.7290325e-14
1002.9500,2.3782579e-12,2.7317203e-14
1002.9600,2.3832797e-12,2.7347830e-14
1002.9700,2.3878475e-12,2.7367049e-14
1002.9800,2.3912578e-12,2.7370219e-14
1002.9900,2.3926878e-12,2.7352225e-14
1003.0000,2.3921076e-12,2.7320777e-14
1003.0100,2.3905785e-12,2.7290599e-14
1003.0200,2.3889575e-12,2.7272833e-14
1003.0300,2.3883294e-12,2.7279364e-14
1003.0400,2.3892043e-12,2.7306273e-14
1003.0500,2.3913245e-12,2.7342550e-14
1003.0600,2.3945334e-12,2.7377087e-14
1003.0700,2.3978284e-12,2.7396406e-14
1003.0800,2.4000972e-12,2.7388593e-14
1003.0900,2.4009327e-12,2.7359082e-14
1003.1000,2.3999917e-12,2.7312646e-14
1003.1100,2.3969502e-12,2.7257495e-14
1003.1200,2.3925956e-12,2.7206631e-14
1003.1300,2.3875808e-12,2.7167224e-14
1003.1400,2.3823149e-12,2.7149912e-14
1003.1500,2.3773519e-12,2.7155951e-14
1003.1600,2.3731279e-12,2.7185645e-14
1003.1700,2.3696222e-12,2.7226578e-14
1003.1800,2.3669076e-12,2.7266864e-14
1003.1900,2.3650577e-12,2.7286383e-14
1003.2000,2.3636816e-12,2.7276994e-14
1003.2100,2.3624414e-12,2.7238853e-14
1003.2200,2.3608776e-12,2.7170186e-14
1003.2300,2.3585074e-12,2.7087186e-14
1003.2400,2.3548703e-12,2.7005227e-14
1003.2500,2.3502514e-12,2.6934062e-14
1003.2600,2.3449080e-12,2.6881562e-14
1003.2700,2.3395722e-12,2.6852927e-14
1003.2800,2.3349839e-12,2.6838918e-14
1003.2900,2.3315306e-12,2.6832320e-14
1003.3000,2.3296823e-12,2.6826792e-14
1003.3100,2.3289968e-12,2.6816020e-14
1003.3200,2.3289667e-12,2.6796488e-14
1003.3300,2.3288886e-12,2.6770491e-14
1003.3400,2.3281034e-12,2.6739178e-14
1003.3500,2.3258165e-12,2.6705218e-14
1003.3600,2.3220450e-12,2.6671439e-14
1003.3700,2.3167817e-12,2.6638809e-14
1003.3800,2.3097383e-12,2.6607477e-14
1003.3900,2.3014214e-12,2.6576124e-14
1003.4000,2.2921006e-12,2.6543033e-14
1003.4100,2.2824058e-12,2.6507761e-14
1003.4200,2.2728269e-12,2.6469676e-14
1003.4300,2.2640003e-12,2.6429282e-14
1003.4400,2.2560040e-12,2.6388028e-14
1003.4500,2.2487604e-12,2.6346500e-14
1003.4600,2.2421095e-12,2.6304640e-14
1003.4700,2.2356009e-12,2.6262203e-14
1003.4800,2.2290702e-12,2.6219243e-14
1003.4900,2.2225630e-12,2.6176584e-14
1003.5000,2.2163737e-12,2.6136579e-14
1003.5100,2.2110630e-12,2.6104047e-14
1003.5200,2.2068263e-12,2.6081293e-14
1003.5300,2.2039209e-12,2.6071879e-14
1003.5400,2.2026580e-12,2.6081729e-14
1003.5500,2.2023297e-12,2.6106963e-14
1003.5600,2.2020824e-12,2.6140385e-14
1003.5700,2.2010312e-12,2.6176368e-14
1003.5800,2.1986965e-12,2.6206603e-14
1003.5900,2.1950092e-12,2.6224756e-14
1003.6000,2.1908522e-12,2.6233318e-14
1003.6100,2.1869814e-12,2.6235140e-14
1003.6200,2.1842051e-12,2.6234646e-14
1003.6300,2.1825212e-12,2.6237306e-14
1003.6400,2.1815626e-12,2.6245274e-14
1003.6500,2.1812070e-12,2.6261164e-14
1003.6600,2.1811475e-12,2.6282129e-14
1003.6700,2.1813561e-12,2.6301794e-14
1003.6800,2.1817508e-12,2.6313037e-14
1003.6900,2.1822192e-12,2.6307562e-14
1003.7000,2.1824316e-12,2.6274835e-14
1003.7100,2.1821134e-12,2.6220696e-14
1003.7200,2.1812064e-12,2.6154197e-14
1003.7300,2.1796393e-12,2.6083527e-14
1003.7400,2.1777833e-12,2.6021064e-14
1003.7500,2.1760135e-12,2.5977652e-14
1003.7600,2.1745170e-12,2.5952475e-14
1003.7700,2.1733397e-12,2.5946488e-14
1003.7800,2.1722700e-12,2.5958528e-14
1003.7900,2.1708471e-12,2.5976472e-14
1003.8000,2.1686677e-12,2.5990686e-14
1003.8100,2.1650099e-12,2.5988927e-14
1003.8200,2.1597241e-12,2.5965407e-14
1003.8300,2.1527435e-12,2.5918017e-14
1003.8400,2.1448758e-12,2.5858062e-14
1003.8500,2.1368871e-12,2.5795720e-14
1003.8600,2.1301868e-12,2.5747092e-14
1003.8700,2.1254656e-12,2.5718271e-14
1003.8800,2.1228821e-12,2.5708400e-14
1003.8900,2.1226839e-12,2.5715506e-14
1003.9000,2.1236733e-12,2.5725891e-14
1003.9100,2.1246423e-12,2.5727175e-14
1003.9200,2.1247674e-12,2.5716093e-14
1003.9300,2.1233608e-12,2.5690962e-14
1003.9400,2.1199036e-12,2.5654741e-14
1003.9500,2.1150332e-12,2.5615444e-14
1003.9600,2.1092178e-12,2.5576297e-14
1003.9700,2.1027934e-12,2.5538215e-14
1003.9800,2.0964139e-12,2.5500727e-14
1003.9900,2.0906007e-12,2.5464828e-14
1004.0000,2.0854468e-12,2.5432353e-14
1004.0100,2.0811276e-12,2.5407922e-14
1004.0200,2.0777038e-12,2.5397679e-14
1004.0300,2.0748313e-12,2.5399561e-14
1004.0400,2.0723112e-12,2.5410653e-14
1004.0500,2.0699646e-12,2.5427612e-14
1004.0600,2.0674566e-12,2.5443107e-14
1004.0700,2.0644329e-12,2.5450051e-14
1004.0800,2.0608827e-12,2.5446717e-14
1004.0900,2.0567996e-12,2.5428642e-14
1004.1000,2.0525401e-12,2.5393557e-14
1004.1100,2.0485519e-12,2.5348346e-14
1004.1200,2.0450072e-12,2.5298533e-14
1004.1300,2.0418089e-12,2.5249751e-14
1004.1400,2.0383804e-12,2.5205978e-14
1004.1500,2.0340944e-12,2.5168489e-14
1004.1600,2.0290014e-12,2.5134713e-14
1004.1700,2.0232760e-12,2.5104113e-14
1004.1800,2.0177036e-12,2.5077350e-14
1004.1900,2.0128627e-12,2.5054355e-14
1004.2000,2.0089126e-12,2.5034852e-14
1004.2100,2.0057577e-12,2.5017542e-14
1004.2200,2.0027189e-12,2.4999282e-14
1004.2300,1.9993110e-12,2.4977795e-14
1004.2400,1.9955108e-12,2.4953499e-14
1004.2500,1.9914081e-12,2.4926298e-14
1004.2600,1.9873011e-12,2.4896106e-14
1004.2700,1.9833330e-12,2.4863258e-14
1004.2800,1.9794575e-12,2.4827600e-14
1004.2900,1.9755099e-12,2.4789335e-14
1004.3000,1.9713341e-12,2.4750899e-14
1004.3100,1.9667872e-12,2.4715032e-14
1004.3200,1.9619264e-12,2.4682467e-14
1004.3300,1.9566547e-12,2.4654234e-14
1004.3400,1.9509243e-12,2.4629393e-14
1004.3500,1.9449111e-12,2.4605637e-14
1004.3600,1.9388123e-12,2.4581929e-14
1004.3700,1.9329928e-12,2.4558137e-14
1004.3800,1.9277521e-12,2.4534853e-14
1004.3900,1.9233883e-12,2.4512717e-14
1004.4000,1.9196786e-12,2.4491374e-14
1004.4100,1.9165657e-12,2.4470079e-14
1004.4200,1.9137020e-12,2.4447135e-14
1004.4300,1.9107248e-12,2.4421846e-14
1004.4400,1.9074061e-12,2.4393856e-14
1004.4500,1.9034537e-12,2.4362711e-14
1004.4600,1.8987898e-12,2.4328914e-14
1004.4700,1.8934383e-12,2.4292375e-14
1004.4800,1.8869989e-12,2.4250385e-14
1004.4900,1.8794817e-12,2.4201794e-14
1004.5000,1.8707143e-12,2.4144670e-14
1004.5100,1.8612037e-12,2.4082373e-14
1004.5200,1.8514087e-12,2.4018467e-14
1004.5300,1.8420236e-12,2.3958495e-14
1004.5400,1.8336363e-12,2.3906661e-14
1004.5500,1.8262690e-12,2.3862697e-14
1004.5600,1.8201165e-12,2.3827774e-14
1004.5700,1.8145998e-12,2.3797429e-14
1004.5800,1.8091462e-12,2.3767501e-14
1004.5900,1.8033232e-12,2.3734890e-14
1004.6000,1.7969658e-12,2.3698272e-14
1004.6100,1.7900695e-12,2.3657238e-14
1004.6200,1.7830123e-12,2.3614390e-14
1004.6300,1.7760625e-12,2.3571930e-14
1004.6400,1.7694546e-12,2.3531872e-14
1004.6500,1.7632757e-12,2.3495181e-14
1004.6600,1.7577516e-12,2.3463200e-14
1004.6700,1.7528702e-12,2.3435017e-14
1004.6800,1.7487211e-12,2.3410188e-14
1004.6900,1.7453728e-12,2.3387711e-14
1004.7000,1.7422812e-12,2.3364171e-14
1004.7100,1.7388174e-12,2.3336562e-14
1004.7200,1.7339935e-12,2.3299190e-14
1004.7300,1.7272226e-12,2.3249511e-14
1004.7400,1.7176834e-12,2.3182633e-14
1004.7500,1.7060713e-12,2.3102273e-14
1004.7600,1.6929493e-12,2.3010745e-14
1004.7700,1.6791324e-12,2.2911097e-14
1004.7800,1.6658719e-12,2.2811009e-14
1004.7900,1.6536936e-12,2.2715173e-14
1004.8000,1.6432823e-12,2.2629224e-14
1004.8100,1.6343378e-12,2.2554117e-14
1004.8200,1.6264613e-12,2.2490598e-14
1004.8300,1.6186334e-12,2.2432576e-14
1004.8400,1.6099173e-12,2.2374484e-14
1004.8500,1.5989762e-12,2.2308668e-14
1004.8600,1.5855792e-12,2.2231816e-14
1004.8700,1.5704253e-12,2.2146520e-14
1004.8800,1.5538925e-12,2.2054416e-14
1004.8900,1.5373034e-12,2.1961622e-14
1004.9000,1.5217728e-12,2.1872381e-14
1004.9100,1.5074994e-12,2.1786805e-14
1004.9200,1.4945219e-12,2.1704058e-14
1004.9300,1.4830569e-12,2.1624092e-14
1004.9400,1.4730008e-12,2.1548281e-14
1004.9500,1.4644166e-12,2.1479591e-14
1004.9600,1.4584213e-12,2.1427054e-14
1004.9700,1.4553008e-12,2.1395244e-14
1004.9800,1.4560851e-12,2.1393812e-14
1004.9900,1.4599768e-12,2.1417505e-14
1005.0000,1.4666437e-12,2.1463869e-14
1005.0100,1.4760509e-12,2.1531887e-14
1005.0200,1.4871810e-12,2.1611897e-14
1005.0300,1.4993736e-12,2.1697763e-14
1005.0400,1.5128176e-12,2.1789221e-14
1005.0500,1.5273387e-12,2.1885189e-14
1005.0600,1.5432605e-12,2.1987664e-14
1005.0700,1.5603307e-12,2.2095711e-14
1005.0800,1.5784170e-12,2.2208216e-14
1005.0900,1.5972678e-12,2.2322390e-14
1005.1000,1.6160182e-12,2.2432776e-14
1005.1100,1.6340272e-12,2.2536253e-14
1005.1200,1.6503373e-12,2.2626987e-14
1005.1300,1.6647102e-12,2.2704868e-14
1005.1400,1.6766204e-12,2.2767962e-14
1005.1500,1.6867147e-12,2.2821521e-14
1005.1600,1.6952720e-12,2.2868958e-14
1005.1700,1.7022969e-12,2.2913828e-14
1005.1800,1.7083626e-12,2.2960726e-14
1005.1900,1.7136182e-12,2.3012950e-14
1005.2000,1.7184528e-12,2.3069961e-14
1005.2100,1.7230551e-12,2.3131917e-14
1005.2200,1.7278515e-12,2.3196132e-14
1005.2300,1.7331681e-12,2.3258876e-14
1005.2400,1.7392628e-12,2.3317030e-14
1005.2500,1.7463735e-12,2.3365946e-14
1005.2600,1.7539976e-12,2.3405073e-14
1005.2700,1.7614487e-12,2.3432562e-14
1005.2800,1.7682207e-12,2.3452077e-14
1005.2900,1.7737037e-12,2.3464172e-14
1005.3000,1.7777420e-12,2.3471378e-14
1005.3100,1.7810643e-12,2.3477223e-14
1005.3200,1.7842987e-12,2.3483603e-14
1005.3300,1.7882050e-12,2.3492587e-14
1005.3400,1.7931991e-12,2.3505272e-14
1005.3500,1.7996918e-12,2.3523825e-14
1005.3600,1.8073296e-12,2.3547929e-14
1005.3700,1.8161715e-12,2.3580022e-14
1005.3800,1.8259663e-12,2.3622271e-14
1005.3900,1.8360333e-12,2.3672019e-14
1005.4000,1.8457988e-12,2.3726783e-14
1005.4100,1.8543841e-12,2.3782765e-14
1005.4200,1.8613258e-12,2.3834141e-14
1005.4300,1.8660407e-12,2.3874860e-14
1005.4400,1.8690969e-12,2.3905338e-14
1005.4500,1.8706246e-12,2.3923926e-14
1005.4600,1.8712533e-12,2.3932060e-14
1005.4700,1.8718996e-12,2.3935804e-14
1005.4800,1.8730974e-12,2.3938887e-14
1005.4900,1.8754243e-12,2.3944773e-14
1005.5000,1.8788670e-12,2.3955104e-14
1005.5100,1.8834443e-12,2.3970763e-14
1005.5200,1.8887005e-12,2.3989839e-14
1005.5300,1.8944887e-12,2.4011586e-14
1005.5400,1.9006735e-12,2.4035236e-14
1005.5500,1.9070840e-12,2.4060085e-14
1005.5600,1.9136607e-12,2.4086266e-14
1005.5700,1.9203172e-12,2.4114406e-14
1005.5800,1.9268316e-12,2.4144145e-14
1005.5900,1.9329424e-12,2.4175044e-14
1005.6000,1.9386636e-12,2.4206246e-14
1005.6100,1.9440349e-12,2.4237198e-14
1005.6200,1.9492610e-12,2.4267410e-14
1005.6300,1.9545426e-12,2.4296993e-14
1005.6400,1.9598782e-12,2.4326252e-14
1005.6500,1.9651800e-12,2.4355936e-14
1005.6600,1.9704394e-12,2.4387368e-14
1005.6700,1.9759249e-12,2.4422631e-14
1005.6800,1.9819007e-12,2.4461783e-14
1005.6900,1.9886899e-12,2.4504898e-14
1005.7000,1.9962981e-12,2.4549546e-14
1005.7100,2.0038759e-12,2.4590980e-14
1005.7200,2.0105605e-12,2.4625542e-14
1005.7300,2.0150679e-12,2.4647879e-14
1005.7400,2.0170088e-12,2.4658400e-14
1005.7500,2.0161051e-12,2.4657902e-14
1005.7600,2.0133891e-12,2.4651548e-14
1005.7700,2.0094122e-12,2.4642019e-14
1005.7800,2.0049123e-12,2.4631860e-14
1005.7900,2.0007892e-12,2.4622888e-14
1005.8000,1.9975493e-12,2.4615629e-14
1005.8100,1.9959903e-12,2.4610809e-14
1005.8200,1.9962432e-12,2.4607886e-14
1005.8300,1.9985570e-12,2.4606525e-14
1005.8400,2.0022765e-12,2.4606252e-14
1005.8500,2.0071383e-12,2.4607921e-14
1005.8600,2.0129572e-12,2.4614581e-14
1005.8700,2.0192313e-12,2.4627838e-14
1005.8800,2.0256475e-12,2.4647734e-14
1005.8900,2.0318669e-12,2.4675193e-14
1005.9000,2.0374963e-12,2.4706483e-14
1005.9100,2.0420103e-12,2.4737773e-14
1005.9200,2.0454329e-12,2.4766147e-14
1005.9300,2.0476234e-12,2.4789413e-14
1005.9400,2.0482709e-12,2.4804878e-14
1005.9500,2.0477565e-12,2.4813799e-14
1005.9600,2.0466154e-12,2.4818796e-14
1005.9700,2.0455216e-12,2.4822903e-14
1005.9800,2.0456694e-12,2.4832129e-14
1005.9900,2.0488720e-12,2.4854992e-14
1006.0000,2.0553663e-12,2.4892526e-14
1006.0100,2.0653707e-12,2.4945034e-14
1006.0200,2.0788500e-12,2.5010443e-14
1006.0300,2.0937339e-12,2.5077974e-14
1006.0400,2.1083677e-12,2.5140132e-14
1006.0500,2.1212499e-12,2.5189011e-14
1006.0600,2.1317256e-12,2.5223766e-14
1006.0700,2.1390758e-12,2.5243384e-14
1006.0800,2.1441757e-12,2.5254222e-14
1006.0900,2.1474410e-12,2.5259596e-14
1006.1000,2.1488474e-12,2.5260680e-14
1006.1100,2.1488736e-12,2.5258402e-14
1006.1200,2.1472978e-12,2.5250711e-14
1006.1300,2.1445265e-12,2.5237935e-14
1006.1400,2.1405723e-12,2.5219240e-14
1006.1500,2.1359972e-12,2.5196874e-14
1006.1600,2.1316456e-12,2.5175400e-14
1006.1700,2.1281421e-12,2.5158560e-14
1006.1800,2.1263280e-12,2.5151424e-14
1006.1900,2.1262638e-12,2.5154329e-14
1006.2000,2.1280955e-12,2.5167512e-14
1006.2100,2.1310484e-12,2.5186036e-14
1006.2200,2.1346112e-12,2.5206083e-14
1006.2300,2.1378883e-12,2.5221994e-14
1006.2400,2.1404086e-12,2.5232275e-14
1006.2500,2.1422035e-12,2.5238406e-14
1006.2600,2.1436069e-12,2.5244100e-14
1006.2700,2.1453884e-12,2.5255010e-14
1006.2800,2.1481660e-12,2.5275914e-14
1006.2900,2.1517583e-12,2.5304598e-14
1006.3000,2.1558479e-12,2.5337737e-14
1006.3100,2.1596696e-12,2.5365957e-14
1006.3200,2.1627214e-12,2.5382151e-14
1006.3300,2.1649718e-12,2.5384517e-14
1006.3400,2.1665578e-12,2.5372935e-14
1006.3500,2.1681654e-12,2.5357402e-14
1006.3600,2.1704470e-12,2.5346784e-14
1006.3700,2.1734935e-12,2.5342862e-14
1006.3800,2.1772853e-12,2.5344088e-14
1006.3900,2.1815647e-12,2.5346471e-14
1006.4000,2.1858630e-12,2.5348420e-14
1006.4100,2.1900625e-12,2.5352801e-14
1006.4200,2.1942925e-12,2.5365195e-14
1006.4300,2.1988644e-12,2.5386063e-14
1006.4400,2.2040979e-12,2.5410409e-14
1006.4500,2.2097915e-12,2.5429663e-14
1006.4600,2.2155559e-12,2.5436863e-14
1006.4700,2.2205938e-12,2.5429149e-14
1006.4800,2.2244470e-12,2.5418391e-14
1006.4900,2.2272636e-12,2.5417100e-14
1006.5000,2.2292248e-12,2.5441464e-14
1006.5100,2.2311973e-12,2.5493878e-14
1006.5200,2.2339812e-12,2.5570776e-14
1006.5300,2.2376294e-12,2.5651983e-14
1006.5400,2.2418803e-12,2.5718440e-14
1006.5500,2.2460289e-12,2.5744245e-14
1006.5600,2.2492135e-12,2.5725453e-14
1006.5700,2.2505457e-12,2.5657047e-14
1006.5800,2.2502830e-12,2.5559546e-14
1006.5900,2.2483364e-12,2.5443719e-14
1006.6000,2.2454597e-12,2.5331102e-14
1006.6100,2.2427622e-12,2.5235867e-14
1006.6200,2.2410057e-12,2.5166223e-14
1006.6300,2.2410472e-12,2.5132632e-14
1006.6400,2.2427885e-12,2.5127848e-14
1006.6500,2.2462912e-12,2.5149459e-14
1006.6600,2.2509021e-12,2.5185477e-14
1006.6700,2.2564493e-12,2.5230845e-14
1006.6800,2.2624890e-12,2.5277361e-14
1006.6900,2.2683474e-12,2.5317722e-14
1006.7000,2.2735055e-12,2.5347152e-14
1006.7100,2.2772527e-12,2.5358574e-14
1006.7200,2.2795570e-12,2.5353318e-14
1006.7300,2.2804097e-12,2.5332363e-14
1006.7400,2.2804284e-12,2.5303371e-14
1006.7500,2.2798957e-12,2.5271308e-14
1006.7600,2.2790676e-12,2.5243251e-14
1006.7700,2.2781605e-12,2.5223237e-14
1006.7800,2.2772296e-12,2.5213114e-14
1006.7900,2.2763730e-12,2.5217995e-14
1006.8000,2.2758307e-12,2.5238884e-14
1006.8100,2.2761570e-12,2.5282398e-14
1006.8200,2.2775945e-12,2.5347218e-14
1006.8300,2.2805905e-12,2.5437047e-14
1006.8400,2.2856738e-12,2.5554959e-14
1006.8500,2.2922052e-12,2.5686116e-14
1006.8600,2.2994409e-12,2.5814725e-14
1006.8700,2.3066593e-12,2.5918562e-14
1006.8800,2.3129571e-12,2.5982065e-14
1006.8900,2.3174821e-12,2.5989268e-14
1006.9000,2.3204680e-12,2.5956692e-14
1006.9100,2.3221169e-12,2.5899335e-14
1006.9200,2.3226726e-12,2.5839412e-14
1006.9300,2.3227724e-12,2.5799672e-14
1006.9400,2.3227392e-12,2.5783547e-14
1006.9500,2.3227821e-12,2.5794451e-14
1006.9600,2.3232432e-12,2.5817383e-14
1006.9700,2.3248483e-12,2.5838770e-14
1006.9800,2.3278215e-12,2.5851753e-14
1006.9900,2.3322598e-12,2.5856788e-14
1007.0000,2.3380591e-12,2.5858594e-14
1007.0100,2.3441767e-12,2.5864090e-14
1007.0200,2.3496929e-12,2.5875855e-14
1007.0300,2.3543112e-12,2.5890187e-14
1007.0400,2.3577333e-12,2.5902036e-14
1007.0500,2.3598770e-12,2.5905441e-14
1007.0600,2.3611016e-12,2.5901328e-14
1007.0700,2.3614271e-12,2.5892091e-14
1007.0800,2.3604480e-12,2.5879224e-14
1007.0900,2.3581341e-12,2.5864240e-14
1007.1000,2.3541821e-12,2.5845938e-14
1007.1100,2.3489988e-12,2.5824343e-14
1007.1200,2.3427191e-12,2.5799515e-14
1007.1300,2.3357959e-12,2.5773206e-14
1007.1400,2.3291654e-12,2.5748589e-14
1007.1500,2.3236099e-12,2.5728307e-14
1007.1600,2.3205582e-12,2.5717889e-14
1007.1700,2.3207278e-12,2.5720701e-14
1007.1800,2.3251400e-12,2.5742013e-14
1007.1900,2.3326706e-12,2.5777661e-14
1007.2000,2.3424242e-12,2.5824244e-14
1007.2100,2.3526671e-12,2.5874520e-14
1007.2200,2.3612642e-12,2.5918453e-14
1007.2300,2.3673933e-12,2.5951603e-14
1007.2400,2.3699142e-12,2.5967798e-14
1007.2500,2.3697156e-12,2.5969882e-14
1007.2600,2.3676440e-12,2.5960056e-14
1007.2700,2.3652645e-12,2.5945538e-14
1007.2800,2.3635956e-12,2.5930849e-14
1007.2900,2.3636617e-12,2.5920167e-14
1007.3000,2.3653978e-12,2.5914342e-14
1007.3100,2.3687524e-12,2.5913389e-14
1007.3200,2.3729622e-12,2.5915027e-14
1007.3300,2.3777223e-12,2.5918652e-14
1007.3400,2.3826515e-12,2.5923999e-14
1007.3500,2.3874728e-12,2.5930523e-14
1007.3600,2.3920230e-12,2.5937616e-14
1007.3700,2.3960430e-12,2.5943989e-14
1007.3800,2.3994652e-12,2.5948230e-14
1007.3900,2.4021009e-12,2.5949031e-14
1007.4000,2.4040720e-12,2.5947176e-14
1007.4100,2.4052471e-12,2.5943272e-14
1007.4200,2.4055386e-12,2.5939256e-14
1007.4300,2.4054556e-12,2.5937513e-14
1007.4400,2.4055937e-12,2.5939721e-14
1007.4500,2.4069173e-12,2.5948424e-14
1007.4600,2.4100287e-12,2.5962860e-14
1007.4700,2.4153553e-12,2.5981703e-14
1007.4800,2.4220692e-12,2.6001805e-14
1007.4900,2.4294593e-12,2.6021014e-14
1007.5000,2.4364644e-12,2.6037299e-14
1007.5100,2.4423347e-12,2.6050738e-14
1007.5200,2.4469902e-12,2.6062146e-14
1007.5300,2.4501994e-12,2.6071827e-14
1007.5400,2.4525202e-12,2.6081033e-14
1007.5500,2.4542741e-12,2.6090632e-14
1007.5600,2.4557634e-12,2.6100652e-14
1007.5700,2.4569105e-12,2.6110245e-14
1007.5800,2.4572754e-12,2.6117115e-14
1007.5900,2.4566348e-12,2.6119807e-14
1007.6000,2.4545829e-12,2.6117032e-14
1007.6100,2.4514136e-12,2.6110882e-14
1007.6200,2.4469161e-12,2.6103037e-14
1007.6300,2.4408867e-12,2.6096596e-14
1007.6400,2.4336663e-12,2.6093206e-14
1007.6500,2.4255581e-12,2.6094435e-14
1007.6600,2.4172686e-12,2.6108638e-14
1007.6700,2.4104784e-12,2.6155212e-14
1007.6800,2.4083073e-12,2.6294573e-14
1007.6900,2.4120154e-12,2.6560372e-14
1007.7000,2.4241888e-12,2.7021056e-14
1007.7100,NaN,NaN
1007.7200,NaN,NaN
1007.7300,NaN,NaN
1007.7400,NaN,NaN
1007.7500,NaN,NaN
1007.7600,NaN,NaN
1007.7700,NaN,NaN
1007.7800,NaN,NaN
1007.7900,NaN,NaN
1007.8000,NaN,NaN
1007.8100,NaN,NaN
1007.8200,NaN,NaN
1007.8300,NaN,NaN
1007.8400,NaN,NaN
1007.8500,NaN,NaN
1007.8600,NaN,NaN
1007.8700,NaN,NaN
1007.8800,NaN,NaN
1007.8900,NaN,NaN
1007.9000,NaN,NaN
1007.9100,NaN,NaN
1007.9200,NaN,NaN
1007.9300,NaN,NaN
1007.9400,NaN,NaN
1007.9500,NaN,NaN
1007.9600,NaN,NaN
1007.9700,NaN,NaN
1007.9800,NaN,NaN
1007.9900,NaN,NaN
1008.0000,NaN,NaN
1008.0100,NaN,NaN
1008.0200,NaN,NaN
1008.0300,NaN,NaN
1008.0400,NaN,NaN
1008.0500,NaN,NaN
1008.0600,NaN,NaN
1008.0700,NaN,NaN
1008.0800,NaN,NaN
1008.0900,NaN,NaN
1008.1000,NaN,NaN
1008.1100,NaN,NaN
1008.1200,NaN,NaN
1008.1300,NaN,NaN
1008.1400,NaN,NaN
1008.1500,NaN,NaN
1008.1600,NaN,NaN
1008.1700,NaN,NaN
1008.1800,NaN,NaN
1008.1900,NaN,NaN
1008.2000,NaN,NaN
1008.2100,NaN,NaN
1008.2200,NaN,NaN
1008.2300,NaN,NaN
1008.2400,NaN,NaN
1008.2500,NaN,NaN
1008.2600,NaN,NaN
1008.2700,NaN,NaN
1008.2800,NaN,NaN
1008.2900,NaN,NaN
1008.3000,NaN,NaN
1008.3100,NaN,NaN
1008.3200,NaN,NaN
1008.3300,NaN,NaN
1008.3400,NaN,NaN
1008.3500,NaN,NaN
1008.3600,NaN,NaN
1008.3700,NaN,NaN
1008.3800,NaN,NaN
1008.3900,NaN,NaN
1008.4000,NaN,NaN
1008.4100,NaN,NaN
1008.4200,NaN,NaN
1008.4300,NaN,NaN
1008.4400,NaN,NaN
1008.4500,NaN,NaN
1008.4600,NaN,NaN
1008.4700,NaN,NaN
1008.4800,NaN,NaN
1008.4900,NaN,NaN
1008.5000,NaN,NaN
1008.5100,NaN,NaN
1008.5200,NaN,NaN
1008.5300,NaN,NaN
1008.5400,NaN,NaN
1008.5500,NaN,NaN
1008.5600,NaN,NaN
1008.5700,NaN,NaN
1008.5800,NaN,NaN
1008.5900,NaN,NaN
1008.6000,NaN,NaN
1008.6100,NaN,NaN
1008.6200,NaN,NaN
1008.6300,NaN,NaN
1008.6400,NaN,NaN
1008.6500,NaN,NaN
1008.6600,NaN,NaN
1008.6700,NaN,NaN
1008.6800,NaN,NaN
1008.6900,NaN,NaN
1008.7000,NaN,NaN
1008.7100,NaN,NaN
1008.7200,NaN,NaN
1008.7300,NaN,NaN
1008.7400,NaN,NaN
1008.7500,NaN,NaN
1008.7600,NaN,NaN
1008.7700,NaN,NaN
1008.7800,NaN,NaN
1008.7900,NaN,NaN
1008.8000,NaN,NaN
1008.8100,NaN,NaN
1008.8200,NaN,NaN
1008.8300,NaN,NaN
1008.8400,NaN,NaN
1008.8500,NaN,NaN
1008.8600,NaN,NaN
1008.8700,NaN,NaN
1008.8800,NaN,NaN
1008.8900,NaN,NaN
1008.9000,NaN,NaN
1008.9100,NaN,NaN
1008.9200,NaN,NaN
1008.9300,NaN,NaN
1008.9400,NaN,NaN
1008.9500,NaN,NaN
1008.9600,NaN,NaN
1008.9700,NaN,NaN
1008.9800,NaN,NaN
1008.9900,NaN,NaN
1009.0000,NaN,NaN
1009.0100,NaN,NaN
1009.0200,NaN,NaN
1009.0300,NaN,NaN
1009.0400,NaN,NaN
1009.0500,NaN,NaN
1009.0600,NaN,NaN
1009.0700,NaN,NaN
1009.0800,NaN,NaN
1009.0900,NaN,NaN
1009.1000,NaN,NaN
1009.1100,NaN,NaN
1009.1200,NaN,NaN
1009.1300,NaN,NaN
1009.1400,NaN,NaN
1009.1500,NaN,NaN
1009.1600,NaN,NaN
1009.1700,NaN,NaN
1009.1800,NaN,NaN
1009.1900,NaN,NaN
1009.2000,NaN,NaN
1009.2100,NaN,NaN
1009.2200,NaN,NaN
1009.2300,NaN,NaN
1009.2400,NaN,NaN
1009.2500,NaN,NaN
1009.2600,NaN,NaN
1009.2700,NaN,NaN
1009.2800,NaN,NaN
1009.2900,NaN,NaN
1009.3000,NaN,NaN
1009.3100,NaN,NaN
1009.3200,NaN,NaN
1009.3300,NaN,NaN
1009.3400,NaN,NaN
1009.3500,NaN,NaN
1009.3600,NaN,NaN
1009.3700,NaN,NaN
1009.3800,NaN,NaN
1009.3900,NaN,NaN
1009.4000,NaN,NaN
1009.4100,NaN,NaN
1009.4200,NaN,NaN
1009.4300,NaN,NaN
1009.4400,NaN,NaN
1009.4500,NaN,NaN
1009.4600,NaN,NaN
1009.4700,NaN,NaN
1009.4800,NaN,NaN
1009.4900,NaN,NaN
1009.5000,NaN,NaN
1009.5100,NaN,NaN
1009.5200,NaN,NaN
1009.5300,NaN,NaN
1009.5400,NaN,NaN
1009.5500,NaN,NaN
1009.5600,NaN,NaN
1009.5700,NaN,NaN
1009.5800,NaN,NaN
1009.5900,NaN,NaN
1009.6000,NaN,NaN
1009.6100,NaN,NaN
1009.6200,NaN,NaN
1009.6300,NaN,NaN
1009.6400,NaN,NaN
1009.6500,NaN,NaN
1009.6600,NaN,NaN
1009.6700,NaN,NaN
1009.6800,NaN,NaN
1009.6900,NaN,NaN
1009.7000,NaN,NaN
1009.7100,NaN,NaN
1009.7200,NaN,NaN
1009.7300,NaN,NaN
1009.7400,NaN,NaN
1009.7500,NaN,NaN
1009.7600,NaN,NaN
1009.7700,NaN,NaN
1009.7800,NaN,NaN
1009.7900,NaN,NaN
1009.8000,NaN,NaN
1009.8100,NaN,NaN
1009.8200,NaN,NaN
1009.8300,NaN,NaN
1009.8400,NaN,NaN
1009.8500,NaN,NaN
1009.8600,NaN,NaN
1009.8700,NaN,NaN
1009.8800,NaN,NaN
1009.8900,NaN,NaN
1009.9000,NaN,NaN
1009.9100,NaN,NaN
1009.9200,NaN,NaN
1009.9300,NaN,NaN
1009.9400,NaN,NaN
1009.9500,NaN,NaN
1009.9600,NaN,NaN
1009.9700,NaN,NaN
1009.9800,NaN,NaN
1009.9900,NaN,NaN
1010.0000,NaN,NaN
1010.0100,NaN,NaN
1010.0200,NaN,NaN
1010.0300,NaN,NaN
1010.0400,NaN,NaN
1010.0500,NaN,NaN
1010.0600,NaN,NaN
1010.0700,NaN,NaN
1010.0800,NaN,NaN
1010.0900,NaN,NaN
1010.1000,NaN,NaN
1010.1100,NaN,NaN
1010.1200,NaN,NaN
1010.1300,NaN,NaN
1010.1400,NaN,NaN
1010.1500,NaN,NaN
1010.1600,NaN,NaN
1010.1700,NaN,NaN
1010.1800,NaN,NaN
1010.1900,NaN,NaN
1010.2000,NaN,NaN
1010.2100,NaN,NaN
1010.2200,NaN,NaN
1010.2300,NaN,NaN
1010.2400,NaN,NaN
1010.2500,NaN,NaN
1010.2600,NaN,NaN
1010.2700,NaN,NaN
1010.2800,NaN,NaN
1010.2900,NaN,NaN
1010.3000,NaN,NaN
1010.3100,NaN,NaN
1010.3200,NaN,NaN
1010.3300,NaN,NaN
1010.3400,NaN,NaN
1010.3500,NaN,NaN
1010.3600,NaN,NaN
1010.3700,NaN,NaN
1010.3800,NaN,NaN
1010.3900,NaN,NaN
1010.4000,NaN,NaN
1010.4100,NaN,NaN
1010.4200,NaN,NaN
1010.4300,NaN,NaN
1010.4400,NaN,NaN
1010.4500,NaN,NaN
1010.4600,NaN,NaN
1010.4700,NaN,NaN
1010.4800,NaN,NaN
1010.4900,NaN,NaN
1010.5000,NaN,NaN
1010.5100,NaN,NaN
1010.5200,NaN,NaN
1010.5300,NaN,NaN
1010.5400,NaN,NaN
1010.5500,NaN,NaN
1010.5600,NaN,NaN
1010.5700,NaN,NaN
1010.5800,NaN,NaN
1010.5900,NaN,NaN
1010.6000,NaN,NaN
1010.6100,NaN,NaN
1010.6200,NaN,NaN
1010.6300,NaN,NaN
1010.6400,NaN,NaN
1010.6500,NaN,NaN
1010.6600,NaN,NaN
1010.6700,NaN,NaN
1010.6800,NaN,NaN
1010.6900,NaN,NaN
1010.7000,NaN,NaN
1010.7100,NaN,NaN
1010.7200,NaN,NaN
1010.7300,NaN,NaN
1010.7400,NaN,NaN
1010.7500,NaN,NaN
1010.7600,NaN,NaN
1010.7700,NaN,NaN
1010.7800,NaN,NaN
1010.7900,NaN,NaN
1010.8000,NaN,NaN
1010.8100,NaN,NaN
1010.8200,NaN,NaN
1010.8300,NaN,NaN
1010.8400,NaN,NaN
1010.8500,NaN,NaN
1010.8600,NaN,NaN
1010.8700,NaN,NaN
1010.8800,NaN,NaN
1010.8900,NaN,NaN
1010.9000,NaN,NaN
1010.9100,NaN,NaN
1010.9200,NaN,NaN
1010.9300,NaN,NaN
1010.9400,NaN,NaN
1010.9500,NaN,NaN
1010.9600,NaN,NaN
1010.9700,NaN,NaN
1010.9800,NaN,NaN
1010.9900,NaN,NaN
1011.0000,NaN,NaN
1011.0100,NaN,NaN
1011.0200,NaN,NaN
1011.0300,NaN,NaN
1011.0400,NaN,NaN
1011.0500,NaN,NaN
1011.0600,NaN,NaN
1011.0700,NaN,NaN
1011.0800,NaN,NaN
1011.0900,NaN,NaN
1011.1000,NaN,NaN
1011.1100,NaN,NaN
1011.1200,NaN,NaN
1011.1300,NaN,NaN
1011.1400,NaN,NaN
1011.1500,NaN,NaN
1011.1600,NaN,NaN
1011.1700,NaN,NaN
1011.1800,NaN,NaN
1011.1900,NaN,NaN
1011.2000,NaN,NaN
1011.2100,NaN,NaN
1011.2200,NaN,NaN
1011.2300,NaN,NaN
1011.2400,NaN,NaN
1011.2500,NaN,NaN
1011.2600,NaN,NaN
1011.2700,NaN,NaN
1011.2800,NaN,NaN
1011.2900,NaN,NaN
1011.3000,NaN,NaN
1011.3100,NaN,NaN
1011.3200,NaN,NaN
1011.3300,NaN,NaN
1011.3400,NaN,NaN
1011.3500,NaN,NaN
1011.3600,NaN,NaN
1011.3700,NaN,NaN
1011.3800,NaN,NaN
1011.3900,NaN,NaN
1011.4000,NaN,NaN
1011.4100,NaN,NaN
1011.4200,NaN,NaN
1011.4300,NaN,NaN
1011.4400,NaN,NaN
1011.4500,NaN,NaN
1011.4600,NaN,NaN
1011.4700,NaN,NaN
1011.4800,NaN,NaN
1011.4900,NaN,NaN
1011.5000,NaN,NaN
1011.5100,NaN,NaN
1011.5200,NaN,NaN
1011.5300,NaN,NaN
1011.5400,NaN,NaN
1011.5500,NaN,NaN
1011.5600,NaN,NaN
1011.5700,NaN,NaN
1011.5800,NaN,NaN
1011.5900,NaN,NaN
1011.6000,NaN,NaN
1011.6100,NaN,NaN
1011.6200,NaN,NaN
1011.6300,NaN,NaN
1011.6400,NaN,NaN
1011.6500,NaN,NaN
1011.6600,NaN,NaN
1011.6700,2.4982853e-12,2.9245331e-14
1011.6800,2.5154583e-12,2.9736224e-14
1011.6900,2.5256227e-12,3.0026565e-14
1011.7000,2.5309086e-12,3.0182741e-14
1011.7100,2.5322460e-12,3.0231824e-14
1011.7200,2.5322948e-12,3.0241230e-14
1011.7300,2.5325722e-12,3.0239709e-14
1011.7400,2.5337922e-12,3.0243753e-14
1011.7500,2.5361148e-12,3.0259414e-14
1011.7600,2.5395837e-12,3.0292316e-14
1011.7700,2.5436183e-12,3.0339094e-14
1011.7800,2.5477418e-12,3.0395689e-14
1011.7900,2.5515468e-12,3.0453280e-14
1011.8000,2.5545556e-12,3.0502462e-14
1011.8100,2.5559108e-12,3.0528169e-14
1011.8200,2.5553772e-12,3.0525570e-14
1011.8300,2.5532472e-12,3.0499031e-14
1011.8400,2.5495296e-12,3.0448099e-14
1011.8500,2.5452995e-12,3.0387309e-14
1011.8600,2.5416654e-12,3.0329346e-14
1011.8700,2.5392179e-12,3.0282023e-14
1011.8800,2.5380755e-12,3.0247503e-14
1011.8900,2.5383308e-12,3.0228267e-14
1011.9000,2.5393430e-12,3.0219878e-14
1011.9100,2.5407073e-12,3.0220925e-14
1011.9200,2.5421597e-12,3.0228056e-14
1011.9300,2.5437469e-12,3.0240428e-14
1011.9400,2.5457625e-12,3.0257571e-14
1011.9500,2.5483639e-12,3.0276595e-14
1011.9600,2.5517123e-12,3.0295036e-14
1011.9700,2.5555222e-12,3.0311250e-14
1011.9800,2.5595401e-12,3.0323451e-14
1011.9900,2.5632543e-12,3.0330183e-14
1012.0000,2.5663381e-12,3.0332894e-14
1012.0100,2.5686760e-12,3.0332856e-14
1012.0200,2.5700150e-12,3.0330643e-14
1012.0300,2.5705525e-12,3.0327708e-14
1012.0400,2.5703485e-12,3.0325076e-14
1012.0500,2.5697894e-12,3.0323659e-14
1012.0600,2.5692398e-12,3.0324826e-14
1012.0700,2.5692749e-12,3.0331251e-14
1012.0800,2.5702077e-12,3.0343153e-14
1012.0900,2.5721089e-12,3.0359523e-14
1012.1000,2.5743339e-12,3.0376020e-14
1012.1100,2.5760768e-12,3.0387254e-14
1012.1200,2.5761142e-12,3.0385678e-14
1012.1300,2.5742660e-12,3.0371584e-14
1012.1400,2.5709913e-12,3.0348965e-14
1012.1500,2.5666016e-12,3.0321017e-14
1012.1600,2.5620752e-12,3.0294244e-14
1012.1700,2.5581649e-12,3.0273471e-14
1012.1800,2.5550557e-12,3.0258474e-14
1012.1900,2.5527518e-12,3.0247997e-14
1012.2000,2.5513240e-12,3.0240980e-14
1012.2100,2.5504083e-12,3.0234744e-14
1012.2200,2.5495772e-12,3.0226701e-14
1012.2300,2.5483453e-12,3.0215141e-14
1012.2400,2.5461688e-12,3.0197852e-14
1012.2500,2.5423418e-12,3.0172311e-14
1012.2600,2.5370757e-12,3.0141111e-14
1012.2700,2.5305054e-12,3.0107194e-14
1012.2800,2.5234002e-12,3.0074589e-14
1012.2900,2.5163690e-12,3.0047184e-14
1012.3000,2.5103853e-12,3.0028671e-14
1012.3100,2.5059824e-12,3.0018205e-14
1012.3200,2.5036019e-12,3.0015564e-14
1012.3300,2.5043975e-12,3.0023879e-14
1012.3400,2.5082353e-12,3.0042429e-14
1012.3500,2.5151599e-12,3.0071243e-14
1012.3600,2.5236052e-12,3.0104353e-14
1012.3700,2.5321370e-12,3.0135356e-14
1012.3800,2.5388094e-12,3.0154749e-14
1012.3900,2.5425642e-12,3.0158362e-14
1012.4000,2.5424649e-12,3.0142468e-14
1012.4100,2.5396224e-12,3.0113642e-14
1012.4200,2.5345843e-12,3.0075808e-14
1012.4300,2.5283134e-12,3.0035276e-14
1012.4400,2.5222305e-12,2.9998755e-14
1012.4500,2.5170895e-12,2.9969104e-14
1012.4600,2.5139021e-12,2.9950822e-14
1012.4700,2.5128051e-12,2.9942993e-14
1012.4800,2.5141961e-12,2.9946126e-14
1012.4900,2.5171417e-12,2.9955239e-14
1012.5000,2.5207916e-12,2.9966390e-14
1012.5100,2.5241166e-12,2.9975317e-14
1012.5200,2.5261237e-12,2.9978895e-14
1012.5300,2.5261163e-12,2.9975829e-14
1012.5400,2.5246516e-12,2.9969262e-14
1012.5500,2.5222881e-12,2.9962558e-14
1012.5600,2.5197991e-12,2.9960104e-14
1012.5700,2.5178043e-12,2.9962947e-14
1012.5800,2.5166090e-12,2.9970761e-14
1012.5900,2.5160288e-12,2.9980354e-14
1012.6000,2.5162013e-12,2.9989501e-14
1012.6100,2.5175503e-12,2.9996667e-14
1012.6200,2.5201008e-12,3.0002724e-14
1012.6300,2.5236962e-12,3.0008670e-14
1012.6400,2.5280079e-12,3.0014409e-14
1012.6500,2.5318927e-12,3.0018065e-14
1012.6600,2.5338079e-12,3.0014986e-14
1012.6700,2.5333217e-12,3.0003507e-14
1012.6800,2.5303008e-12,2.9982955e-14
1012.6900,2.5247274e-12,2.9953776e-14
1012.7000,2.5178592e-12,2.9921665e-14
1012.7100,2.5104282e-12,2.9891142e-14
1012.7200,2.5029639e-12,2.9863970e-14
1012.7300,2.4956467e-12,2.9840658e-14
1012.7400,2.4886979e-12,2.9820839e-14
1012.7500,2.4823740e-12,2.9803076e-14
1012.7600,2.4769111e-12,2.9787105e-14
1012.7700,2.4729339e-12,2.9774253e-14
1012.7800,2.4703660e-12,2.9764856e-14
1012.7900,2.4693967e-12,2.9760503e-14
1012.8000,2.4695067e-12,2.9760650e-14
1012.8100,2.4704519e-12,2.9765114e-14
1012.8200,2.4723210e-12,2.9774635e-14
1012.8300,2.4749061e-12,2.9787419e-14
1012.8400,2.4781587e-12,2.9801453e-14
1012.8500,2.4817593e-12,2.9814259e-14
1012.8600,2.4854583e-12,2.9823854e-14
1012.8700,2.4888932e-12,2.9828033e-14
1012.8800,2.4917399e-12,2.9827374e-14
1012.8900,2.4935147e-12,2.9821726e-14
1012.9000,2.4942440e-12,2.9812887e-14
1012.9100,2.4937164e-12,2.9801360e-14
1012.9200,2.4917969e-12,2.9787741e-14
1012.9300,2.4890576e-12,2.9773465e-14
1012.9400,2.4859854e-12,2.9759665e-14
1012.9500,2.4830739e-12,2.9748409e-14
1012.9600,2.4809280e-12,2.9741772e-14
1012.9700,2.4804828e-12,2.9744298e-14
1012.9800,2.4818718e-12,2.9756567e-14
1012.9900,2.4851260e-12,2.9778763e-14
1013.0000,2.4903979e-12,2.9811679e-14
1013.0100,2.4968291e-12,2.9850567e-14
1013.0200,2.5037248e-12,2.9891277e-14
1013.0300,2.5104431e-12,2.9930160e-14
1013.0400,2.5165348e-12,2.9964565e-14
1013.0500,2.5213373e-12,2.9990881e-14
1013.0600,2.5245649e-12,3.0008382e-14
1013.0700,2.5253506e-12,3.0013296e-14
1013.0800,2.5239252e-12,3.0007283e-14
1013.0900,2.5198911e-12,2.9988501e-14
1013.1000,2.5131406e-12,2.9955950e-14
1013.1100,2.5049488e-12,2.9915186e-14
1013.1200,2.4962812e-12,2.9870305e-14
1013.1300,2.4880335e-12,2.9824377e-14
1013.1400,2.4809558e-12,2.9781205e-14
1013.1500,2.4757595e-12,2.9744528e-14
1013.1600,2.4720524e-12,2.9714562e-14
1013.1700,2.4694240e-12,2.9691573e-14
1013.1800,2.4674785e-12,2.9677043e-14
1013.1900,2.4655488e-12,2.9669159e-14
1013.2000,2.4632683e-12,2.9667384e-14
1013.2100,2.4606662e-12,2.9669089e-14
1013.2200,2.4579137e-12,2.9672785e-14
1013.2300,2.4554723e-12,2.9677075e-14
1013.2400,2.4538532e-12,2.9681273e-14
1013.2500,2.4538729e-12,2.9686498e-14
1013.2600,2.4555296e-12,2.9694078e-14
1013.2700,2.4592638e-12,2.9706504e-14
1013.2800,2.4651772e-12,2.9726025e-14
1013.2900,2.4721823e-12,2.9750124e-14
1013.3000,2.4793591e-12,2.9775429e-14
1013.3100,2.4856688e-12,2.9797448e-14
1013.3200,2.4903930e-12,2.9812575e-14
1013.3300,2.4928665e-12,2.9817546e-14
1013.3400,2.4937539e-12,2.9815325e-14
1013.3500,2.4936739e-12,2.9808802e-14
1013.3600,2.4931404e-12,2.9800414e-14
1013.3700,2.4925411e-12,2.9791966e-14
1013.3800,2.4915574e-12,2.9782288e-14
1013.3900,2.4897932e-12,2.9769837e-14
1013.4000,2.4868020e-12,2.9753220e-14
1013.4100,2.4824453e-12,2.9732923e-14
1013.4200,2.4777505e-12,2.9713593e-14
1013.4300,2.4740625e-12,2.9701778e-14
1013.4400,2.4721035e-12,2.9699820e-14
1013.4500,2.4728861e-12,2.9712156e-14
1013.4600,2.4769390e-12,2.9740864e-14
1013.4700,2.4829131e-12,2.9779003e-14
1013.4800,2.4896195e-12,2.9820613e-14
1013.4900,2.4959491e-12,2.9859828e-14
1013.5000,2.5009629e-12,2.9891381e-14
1013.5100,2.5038757e-12,2.9909756e-14
1013.5200,2.5051075e-12,2.9916357e-14
1013.5300,2.5049913e-12,2.9912140e-14
1013.5400,2.5036888e-12,2.9897013e-14
1013.5500,2.5017841e-12,2.9875841e-14
1013.5600,2.4995837e-12,2.9852472e-14
1013.5700,2.4973891e-12,2.9830777e-14
1013.5800,2.4954329e-12,2.9813871e-14
1013.5900,2.4940188e-12,2.9805039e-14
1013.6000,2.4931666e-12,2.9802830e-14
1013.6100,2.4929469e-12,2.9806205e-14
1013.6200,2.4931225e-12,2.9811644e-14
1013.6300,2.4936168e-12,2.9816796e-14
1013.6400,2.4943465e-12,2.9819197e-14
1013.6500,2.4951625e-12,2.9818556e-14
1013.6600,2.4959118e-12,2.9815102e-14
1013.6700,2.4962654e-12,2.9807938e-14
1013.6800,2.4959473e-12,2.9797483e-14
1013.6900,2.4946212e-12,2.9783781e-14
1013.7000,2.4926101e-12,2.9769076e-14
1013.7100,2.4903522e-12,2.9755926e-14
1013.7200,2.4884720e-12,2.9747985e-14
1013.7300,2.4874610e-12,2.9746499e-14
1013.7400,2.4876524e-12,2.9751880e-14
1013.7500,2.4886781e-12,2.9760933e-14
1013.7600,2.4901928e-12,2.9771107e-14
1013.7700,2.4916057e-12,2.9779230e-14
1013.7800,2.4922858e-12,2.9783402e-14
1013.7900,2.4914833e-12,2.9781393e-14
1013.8000,2.4892398e-12,2.9773972e-14
1013.8100,2.4852726e-12,2.9760129e-14
1013.8200,2.4794961e-12,2.9738995e-14
1013.8300,2.4727275e-12,2.9713228e-14
1013.8400,2.4655440e-12,2.9684989e-14
1013.8500,2.4583521e-12,2.9655703e-14
1013.8600,2.4515299e-12,2.9627018e-14
1013.8700,2.4454330e-12,2.9599657e-14
1013.8800,2.4400925e-12,2.9573310e-14
1013.8900,2.4356645e-12,2.9548177e-14
1013.9000,2.4326930e-12,2.9526221e-14
1013.9100,2.4313157e-12,2.9510097e-14
1013.9200,2.4319382e-12,2.9505003e-14
1013.9300,2.4340890e-12,2.9511314e-14
1013.9400,2.4374801e-12,2.9529813e-14
1013.9500,2.4417602e-12,2.9560026e-14
1013.9600,2.4462315e-12,2.9594544e-14
1013.9700,2.4504615e-12,2.9626674e-14
1013.9800,2.4542729e-12,2.9652416e-14
1013.9900,2.4573923e-12,2.9667785e-14
1014.0000,2.4592364e-12,2.9668448e-14
1014.0100,2.4595336e-12,2.9656200e-14
1014.0200,2.4581182e-12,2.9632654e-14
1014.0300,2.4542103e-12,2.9595073e-14
1014.0400,2.4483002e-12,2.9548072e-14
1014.0500,2.4408354e-12,2.9497035e-14
1014.0600,2.4332600e-12,2.9451163e-14
1014.0700,2.4267412e-12,2.9417705e-14
1014.0800,2.4227315e-12,2.9406021e-14
1014.0900,2.4214701e-12,2.9414061e-14
1014.1000,2.4230811e-12,2.9438401e-14
1014.1100,2.4262941e-12,2.9468108e-14
1014.1200,2.4302555e-12,2.9495742e-14
1014.1300,2.4343138e-12,2.9515216e-14
1014.1400,2.4381538e-12,2.9527281e-14
1014.1500,2.4418884e-12,2.9534984e-14
1014.1600,2.4457245e-12,2.9543125e-14
1014.1700,2.4497103e-12,2.9554826e-14
1014.1800,2.4535592e-12,2.9571758e-14
1014.1900,2.4568251e-12,2.9591249e-14
1014.2000,2.4588774e-12,2.9610101e-14
1014.2100,2.4597722e-12,2.9625704e-14
1014.2200,2.4592919e-12,2.9634409e-14
1014.2300,2.4575602e-12,2.9632255e-14
1014.2400,2.4552811e-12,2.9620584e-14
1014.2500,2.4529060e-12,2.9601203e-14
1014.2600,2.4507828e-12,2.9574675e-14
1014.2700,2.4490976e-12,2.9545399e-14
1014.2800,2.4481119e-12,2.9517576e-14
1014.2900,2.4478920e-12,2.9494529e-14
1014.3000,2.4487054e-12,2.9479090e-14
1014.3100,2.4511623e-12,2.9475514e-14
1014.3200,2.4551949e-12,2.9482753e-14
1014.3300,2.4606974e-12,2.9500014e-14
1014.3400,2.4668335e-12,2.9522288e-14
1014.3500,2.4728714e-12,2.9546212e-14
1014.3600,2.4778723e-12,2.9568478e-14
1014.3700,2.4815132e-12,2.9587780e-14
1014.3800,2.4834997e-12,2.9603737e-14
1014.3900,2.4843976e-12,2.9617739e-14
1014.4000,2.4844618e-12,2.9630157e-14
1014.4100,2.4840416e-12,2.9640509e-14
1014.4200,2.4835494e-12,2.9648385e-14
1014.4300,2.4831355e-12,2.9653412e-14
1014.4400,2.4829157e-12,2.9654165e-14
1014.4500,2.4829089e-12,2.9650927e-14
1014.4600,2.4831777e-12,2.9642373e-14
1014.4700,2.4836636e-12,2.9629255e-14
1014.4800,2.4843502e-12,2.9612373e-14
1014.4900,2.4853460e-12,2.9592959e-14
1014.5000,2.4867686e-12,2.9574694e-14
1014.5100,2.4890548e-12,2.9562209e-14
1014.5200,2.4924172e-12,2.9557143e-14
1014.5300,2.4972748e-12,2.9561230e-14
1014.5400,2.5044200e-12,2.9577948e-14
1014.5500,2.5136882e-12,2.9606307e-14
1014.5600,2.5250568e-12,2.9647841e-14
1014.5700,2.5374716e-12,2.9698139e-14
1014.5800,2.5499822e-12,2.9753484e-14
1014.5900,2.5610850e-12,2.9806157e-14
1014.6000,2.5699568e-12,2.9848679e-14
1014.6100,2.5755402e-12,2.9872870e-14
1014.6200,2.5784995e-12,2.9881228e-14
1014.6300,2.5786503e-12,2.9872937e-14
1014.6400,2.5759515e-12,2.9850565e-14
1014.6500,2.5713448e-12,2.9822045e-14
1014.6600,2.5653901e-12,2.9791515e-14
1014.6700,2.5583241e-12,2.9761358e-14
1014.6800,2.5510886e-12,2.9733335e-14
1014.6900,2.5447833e-12,2.9709140e-14
1014.7000,2.5400110e-12,2.9688727e-14
1014.7100,2.5370728e-12,2.9672254e-14
1014.7200,2.5363651e-12,2.9660689e-14
1014.7300,2.5372708e-12,2.9653354e-14
1014.7400,2.5397038e-12,2.9651662e-14
1014.7500,2.5434156e-12,2.9656149e-14
1014.7600,2.5487752e-12,2.9669486e-14
1014.7700,2.5565602e-12,2.9696453e-14
1014.7800,2.5662817e-12,2.9735206e-14
1014.7900,2.5772780e-12,2.9784071e-14
1014.8000,2.5882520e-12,2.9836721e-14
1014.8100,2.5981077e-12,2.9888707e-14
1014.8200,2.6057823e-12,2.9935483e-14
1014.8300,2.6115912e-12,2.9975999e-14
1014.8400,2.6153730e-12,3.0006905e-14
1014.8500,2.6176579e-12,3.0028221e-14
1014.8600,2.6179212e-12,3.0034143e-14
1014.8700,2.6152562e-12,3.0017188e-14
1014.8800,2.6099974e-12,2.9980741e-14
1014.8900,2.6026852e-12,2.9929679e-14
1014.9000,2.5936676e-12,2.9867349e-14
1014.9100,2.5843064e-12,2.9803648e-14
1014.9200,2.5758752e-12,2.9747617e-14
1014.9300,2.5689988e-12,2.9703157e-14
1014.9400,2.5640451e-12,2.9672581e-14
1014.9500,2.5616520e-12,2.9660180e-14
1014.9600,2.5614414e-12,2.9662842e-14
1014.9700,2.5635358e-12,2.9680411e-14
1014.9800,2.5674192e-12,2.9708470e-14
1014.9900,2.5732032e-12,2.9746631e-14
1015.0000,2.5814448e-12,2.9797279e-14
1015.0100,2.5916376e-12,2.9858037e-14
1015.0200,2.6033378e-12,2.9927304e-14
1015.0300,2.6152885e-12,2.9998760e-14
1015.0400,2.6261728e-12,3.0065361e-14
1015.0500,2.6340435e-12,3.0115572e-14
1015.0600,2.6384539e-12,3.0145359e-14
1015.0700,2.6382765e-12,3.0146729e-14
1015.0800,2.6346267e-12,3.0126150e-14
1015.0900,2.6273203e-12,3.0082937e-14
1015.1000,2.6166850e-12,3.0021041e-14
1015.1100,2.6043171e-12,2.9951655e-14
1015.1200,2.5912335e-12,2.9881589e-14
1015.1300,2.5781634e-12,2.9816758e-14
1015.1400,2.5657333e-12,2.9760553e-14
1015.1500,2.5543788e-12,2.9717626e-14
1015.1600,2.5439039e-12,2.9686905e-14
1015.1700,2.5341913e-12,2.9668309e-14
1015.1800,2.5253851e-12,2.9663450e-14
1015.1900,2.5174638e-12,2.9666870e-14
1015.2000,2.5108508e-12,2.9672403e-14
1015.2100,2.5055762e-12,2.9673540e-14
1015.2200,2.5019221e-12,2.9665620e-14
1015.2300,2.5004621e-12,2.9645463e-14
1015.2400,2.5009297e-12,2.9618698e-14
1015.2500,2.5035634e-12,2.9592842e-14
1015.2600,2.5077492e-12,2.9574091e-14
1015.2700,2.5132059e-12,2.9567338e-14
1015.2800,2.5191607e-12,2.9574417e-14
1015.2900,2.5242560e-12,2.9587097e-14
1015.3000,2.5268297e-12,2.9597238e-14
1015.3100,2.5266928e-12,2.9599909e-14
1015.3200,2.5232767e-12,2.9591321e-14
1015.3300,2.5170672e-12,2.9572774e-14
1015.3400,2.5101868e-12,2.9552633e-14
1015.3500,2.5040154e-12,2.9536491e-14
1015.3600,2.4997991e-12,2.9529497e-14
1015.3700,2.4975568e-12,2.9531073e-14
1015.3800,2.4972660e-12,2.9540713e-14
1015.3900,2.4980631e-12,2.9554786e-14
1015.4000,2.4996051e-12,2.9572042e-14
1015.4100,2.5020255e-12,2.9593136e-14
1015.4200,2.5052579e-12,2.9617476e-14
1015.4300,2.5093314e-12,2.9644372e-14
1015.4400,2.5137959e-12,2.9671497e-14
1015.4500,2.5182148e-12,2.9696654e-14
1015.4600,2.5220912e-12,2.9717266e-14
1015.4700,2.5252971e-12,2.9733180e-14
1015.4800,2.5278384e-12,2.9744034e-14
1015.4900,2.5300073e-12,2.9751165e-14
1015.5000,2.5318316e-12,2.9753842e-14
1015.5100,2.5329884e-12,2.9748948e-14
1015.5200,2.5332235e-12,2.9735732e-14
1015.5300,2.5321051e-12,2.9712310e-14
1015.5400,2.5300032e-12,2.9682576e-14
1015.5500,2.5273022e-12,2.9650084e-14
1015.5600,2.5249867e-12,2.9621673e-14
1015.5700,2.5239599e-12,2.9602144e-14
1015.5800,2.5245611e-12,2.9592762e-14
1015.5900,2.5275550e-12,2.9597751e-14
1015.6000,2.5325384e-12,2.9614611e-14
1015.6100,2.5396004e-12,2.9643883e-14
1015.6200,2.5479223e-12,2.9680253e-14
1015.6300,2.5569494e-12,2.9719677e-14
1015.6400,2.5662780e-12,2.9758676e-14
1015.6500,2.5753081e-12,2.9794203e-14
1015.6600,2.5833245e-12,2.9823880e-14
1015.6700,2.5900042e-12,2.9848401e-14
1015.6800,2.5949221e-12,2.9867565e-14
1015.6900,2.5971795e-12,2.9878875e-14
1015.7000,2.5968995e-12,2.9881656e-14
1015.7100,2.5940383e-12,2.9873399e-14
1015.7200,2.5896855e-12,2.9856363e-14
1015.7300,2.5846641e-12,2.9831922e-14
1015.7400,2.5798983e-12,2.9801540e-14
1015.7500,2.5759896e-12,2.9768798e-14
1015.7600,2.5731303e-12,2.9734960e-14
1015.7700,2.5707452e-12,2.9700400e-14
1015.7800,2.5681461e-12,2.9664316e-14
1015.7900,2.5642071e-12,2.9625257e-14
1015.8000,2.5584658e-12,2.9583596e-14
1015.8100,2.5503481e-12,2.9540296e-14
1015.8200,2.5406001e-12,2.9497630e-14
1015.8300,2.5296930e-12,2.9458771e-14
1015.8400,2.5187368e-12,2.9428887e-14
1015.8500,2.5088170e-12,2.9408921e-14
1015.8600,2.5003497e-12,2.9398083e-14
1015.8700,2.4939481e-12,2.9397472e-14
1015.8800,2.4891336e-12,2.9402790e-14
1015.8900,2.4858277e-12,2.9411355e-14
1015.9000,2.4835184e-12,2.9420125e-14
1015.9100,2.4821108e-12,2.9427929e-14
1015.9200,2.4819278e-12,2.9433678e-14
1015.9300,2.4827913e-12,2.9436715e-14
1015.9400,2.4845521e-12,2.9434874e-14
1015.9500,2.4865640e-12,2.9427787e-14
1015.9600,2.4882805e-12,2.9415185e-14
1015.9700,2.4890544e-12,2.9396911e-14
1015.9800,2.4886644e-12,2.9376041e-14
1015.9900,2.4869193e-12,2.9355655e-14
1016.0000,2.4842670e-12,2.9337941e-14
1016.0100,2.4810434e-12,2.9324395e-14
1016.0200,2.4776677e-12,2.9316039e-14
1016.0300,2.4745662e-12,2.9310619e-14
1016.0400,2.4719567e-12,2.9305746e-14
1016.0500,2.4696737e-12,2.9299380e-14
1016.0600,2.4675391e-12,2.9290633e-14
1016.0700,2.4653631e-12,2.9280703e-14
1016.0800,2.4631584e-12,2.9272827e-14
1016.0900,2.4611833e-12,2.9270521e-14
1016.1000,2.4596303e-12,2.9273365e-14
1016.1100,2.4587389e-12,2.9280309e-14
1016.1200,2.4584231e-12,2.9286198e-14
1016.1300,2.4579207e-12,2.9285068e-14
1016.1400,2.4564672e-12,2.9273743e-14
1016.1500,2.4528194e-12,2.9246579e-14
1016.1600,2.4467816e-12,2.9206237e-14
1016.1700,2.4380921e-12,2.9154364e-14
1016.1800,2.4281562e-12,2.9099020e-14
1016.1900,2.4182075e-12,2.9046282e-14
1016.2000,2.4095682e-12,2.9003087e-14
1016.2100,2.4029086e-12,2.8971953e-14
1016.2200,2.3988645e-12,2.8955955e-14
1016.2300,2.3967277e-12,2.8950598e-14
1016.2400,2.3959743e-12,2.8952450e-14
1016.2500,2.3962142e-12,2.8958746e-14
1016.2600,2.3965669e-12,2.8964901e-14
1016.2700,2.3961786e-12,2.8967459e-14
1016.2800,2.3946359e-12,2.8965599e-14
1016.2900,2.3916240e-12,2.8959136e-14
1016.3000,2.3869594e-12,2.8948821e-14
1016.3100,2.3815183e-12,2.8938230e-14
1016.3200,2.3763729e-12,2.8931413e-14
1016.3300,2.3723966e-12,2.8930116e-14
1016.3400,2.3704632e-12,2.8936064e-14
1016.3500,2.3714575e-12,2.8950287e-14
1016.3600,2.3746405e-12,2.8968993e-14
1016.3700,2.3795108e-12,2.8988694e-14
1016.3800,2.3849025e-12,2.9005972e-14
1016.3900,2.3900704e-12,2.9017966e-14
1016.4000,2.3943810e-12,2.9023365e-14
1016.4100,2.3979669e-12,2.9026045e-14
1016.4200,2.4012289e-12,2.9029898e-14
1016.4300,2.4045225e-12,2.9038965e-14
1016.4400,2.4081670e-12,2.9053908e-14
1016.4500,2.4123037e-12,2.9074015e-14
1016.4600,2.4165559e-12,2.9094338e-14
1016.4700,2.4204662e-12,2.9111207e-14
1016.4800,2.4233319e-12,2.9120568e-14
1016.4900,2.4248938e-12,2.9122634e-14
1016.5000,2.4248326e-12,2.9117761e-14
1016.5100,2.4237852e-12,2.9110024e-14
1016.5200,2.4223758e-12,2.9102557e-14
1016.5300,2.4213002e-12,2.9099077e-14
1016.5400,2.4211067e-12,2.9101997e-14
1016.5500,2.4221779e-12,2.9114182e-14
1016.5600,2.4240997e-12,2.9133445e-14
1016.5700,2.4264353e-12,2.9157027e-14
1016.5800,2.4287002e-12,2.9180420e-14
1016.5900,2.4305376e-12,2.9197928e-14
1016.6000,2.4319046e-12,2.9204319e-14
1016.6100,2.4331791e-12,2.9201247e-14
1016.6200,2.4348511e-12,2.9191540e-14
1016.6300,2.4376795e-12,2.9181140e-14
1016.6400,2.4419361e-12,2.9177404e-14
1016.6500,2.4480071e-12,2.9187113e-14
1016.6600,2.4553978e-12,2.9208851e-14
1016.6700,2.4638433e-12,2.9241454e-14
1016.6800,2.4728285e-12,2.9280758e-14
1016.6900,2.4814295e-12,2.9318440e-14
1016.7000,2.4884568e-12,2.9346250e-14
1016.7100,2.4934578e-12,2.9361787e-14
1016.7200,2.4954088e-12,2.9360225e-14
1016.7300,2.4931345e-12,2.9336525e-14
1016.7400,2.4874811e-12,2.9295632e-14
1016.7500,2.4795812e-12,2.9243203e-14
1016.7600,2.4700349e-12,2.9182321e-14
1016.7700,2.4605061e-12,2.9122339e-14
1016.7800,2.4528064e-12,2.9075566e-14
1016.7900,2.4477692e-12,2.9048451e-14
1016.8000,2.4456855e-12,2.9043385e-14
1016.8100,2.4476467e-12,2.9067362e-14
1016.8200,2.4529536e-12,2.9112629e-14
1016.8300,2.4616783e-12,2.9173748e-14
1016.8400,2.4723521e-12,2.9237603e-14
1016.8500,2.4838300e-12,2.9294727e-14
1016.8600,2.4949376e-12,2.9334080e-14
1016.8700,2.5046098e-12,2.9353127e-14
1016.8800,2.5119133e-12,2.9349311e-14
1016.8900,2.5172965e-12,2.9331749e-14
1016.9000,2.5212373e-12,2.9307722e-14
1016.9100,2.5241111e-12,2.9284214e-14
1016.9200,2.5265661e-12,2.9266735e-14
1016.9300,2.5286785e-12,2.9257476e-14
1016.9400,2.5303699e-12,2.9253129e-14
1016.9500,2.5314460e-12,2.9250772e-14
1016.9600,2.5317650e-12,2.9247925e-14
1016.9700,2.5316849e-12,2.9243774e-14
1016.9800,2.5315122e-12,2.9238816e-14
1016.9900,2.5313836e-12,2.9233791e-14
1017.0000,2.5311130e-12,2.9228597e-14
1017.0100,2.5301512e-12,2.9222668e-14
1017.0200,2.5282643e-12,2.9216736e-14
1017.0300,2.5253810e-12,2.9214141e-14
1017.0400,2.5220977e-12,2.9217854e-14
1017.0500,2.5190133e-12,2.9232954e-14
1017.0600,2.5168585e-12,2.9265305e-14
1017.0700,2.5156351e-12,2.9310845e-14
1017.0800,2.5151912e-12,2.9366025e-14
1017.0900,2.5149184e-12,2.9421908e-14
1017.1000,2.5142453e-12,2.9468304e-14
1017.1100,2.5124368e-12,2.9488920e-14
1017.1200,2.5094567e-12,2.9479775e-14
1017.1300,2.5055741e-12,2.9443130e-14
1017.1400,2.5009937e-12,2.9376433e-14
1017.1500,2.4964014e-12,2.9294550e-14
1017.1600,2.4925201e-12,2.9210818e-14
1017.1700,2.4896227e-12,2.9137655e-14
1017.1800,2.4877372e-12,2.9080262e-14
1017.1900,2.4870807e-12,2.9045093e-14
1017.2000,2.4873282e-12,2.9027348e-14
1017.2100,2.4884702e-12,2.9025994e-14
1017.2200,2.4902456e-12,2.9034622e-14
1017.2300,2.4925930e-12,2.9050368e-14
1017.2400,2.4956935e-12,2.9072558e-14
1017.2500,2.4994963e-12,2.9097514e-14
1017.2600,2.5040535e-12,2.9121115e-14
1017.2700,2.5089555e-12,2.9139516e-14
1017.2800,2.5136262e-12,2.9149325e-14
1017.2900,2.5169894e-12,2.9146114e-14
1017.3000,2.5182093e-12,2.9131697e-14
1017.3100,2.5162616e-12,2.9107990e-14
1017.3200,2.5116358e-12,2.9080431e-14
1017.3300,2.5045653e-12,2.9052020e-14
1017.3400,2.4949576e-12,2.9023109e-14
1017.3500,2.4833597e-12,2.8990435e-14
1017.3600,2.4692908e-12,2.8946277e-14
1017.3700,2.4530830e-12,2.8888075e-14
1017.3800,2.4347480e-12,2.8813411e-14
1017.3900,2.4146944e-12,2.8723293e-14
1017.4000,2.3944766e-12,2.8628706e-14
1017.4100,2.3757389e-12,2.8540044e-14
1017.4200,2.3592333e-12,2.8462719e-14
1017.4300,2.3459769e-12,2.8402149e-14
1017.4400,2.3370995e-12,2.8363662e-14
1017.4500,2.3316530e-12,2.8342261e-14
1017.4600,2.3295667e-12,2.8337852e-14
1017.4700,2.3293504e-12,2.8343208e-14
1017.4800,2.3303060e-12,2.8354747e-14
1017.4900,2.3317153e-12,2.8367720e-14
1017.5000,2.3332238e-12,2.8379106e-14
1017.5100,2.3350576e-12,2.8389671e-14
1017.5200,2.3378870e-12,2.8402162e-14
1017.5300,2.3419955e-12,2.8419233e-14
1017.5400,2.3477753e-12,2.8443625e-14
1017.5500,2.3544941e-12,2.8472462e-14
1017.5600,2.3614213e-12,2.8502189e-14
1017.5700,2.3678491e-12,2.8529115e-14
1017.5800,2.3733805e-12,2.8551297e-14
1017.5900,2.3777283e-12,2.8567554e-14
1017.6000,2.3812997e-12,2.8580377e-14
1017.6100,2.3843548e-12,2.8591568e-14
1017.6200,2.3867952e-12,2.8601759e-14
1017.6300,2.3884995e-12,2.8610995e-14
1017.6400,2.3888125e-12,2.8617651e-14
1017.6500,2.3876270e-12,2.8621029e-14
1017.6600,2.3849715e-12,2.8621351e-14
1017.6700,2.3809328e-12,2.8620254e-14
1017.6800,2.3764940e-12,2.8621734e-14
1017.6900,2.3727186e-12,2.8630182e-14
1017.7000,2.3701880e-12,2.8644684e-14
1017.7100,2.3691914e-12,2.8661493e-14
1017.7200,2.3700162e-12,2.8673080e-14
1017.7300,2.3721668e-12,2.8672948e-14
1017.7400,2.3755850e-12,2.8657411e-14
1017.7500,2.3800424e-12,2.8633355e-14
1017.7600,2.3857661e-12,2.8609264e-14
1017.7700,2.3933554e-12,2.8597030e-14
1017.7800,2.4026343e-12,2.8602314e-14
1017.7900,2.4134779e-12,2.8628277e-14
1017.8000,2.4249762e-12,2.8666458e-14
1017.8100,2.4362841e-12,2.8709552e-14
1017.8200,2.4461657e-12,2.8747804e-14
1017.8300,2.4539512e-12,2.8774325e-14
1017.8400,2.4586603e-12,2.8782489e-14
1017.8500,2.4607752e-12,2.8775316e-14
1017.8600,2.4602929e-12,2.8753466e-14
1017.8700,2.4574058e-12,2.8719230e-14
1017.8800,2.4534278e-12,2.8680774e-14
1017.8900,2.4491675e-12,2.8643893e-14
1017.9000,2.4452269e-12,2.8611784e-14
1017.9100,2.4418650e-12,2.8586678e-14
1017.9200,2.4390259e-12,2.8569415e-14
1017.9300,2.4363825e-12,2.8557228e-14
1017.9400,2.4340545e-12,2.8550984e-14
1017.9500,2.4323106e-12,2.8550397e-14
1017.9600,2.4319589e-12,2.8558825e-14
1017.9700,2.4342991e-12,2.8581420e-14
1017.9800,2.4393381e-12,2.8616745e-14
1017.9900,2.4466319e-12,2.8661992e-14
1018.0000,2.4562483e-12,2.8716716e-14
1018.0100,2.4669956e-12,2.8775209e-14
1018.0200,2.4779015e-12,2.8832070e-14
1018.0300,2.4879332e-12,2.8882302e-14
1018.0400,2.4964225e-12,2.8922438e-14
1018.0500,2.5020952e-12,2.8944996e-14
1018.0600,2.5047985e-12,2.8949596e-14
1018.0700,2.5036155e-12,2.8931427e-14
1018.0800,2.4994722e-12,2.8896573e-14
1018.0900,2.4931955e-12,2.8850356e-14
1018.1000,2.4852126e-12,2.8796178e-14
1018.1100,2.4766953e-12,2.8741182e-14
1018.1200,2.4683426e-12,2.8690731e-14
1018.1300,2.4604231e-12,2.8646256e-14
1018.1400,2.4529386e-12,2.8607479e-14
1018.1500,2.4459936e-12,2.8574618e-14
1018.1600,2.4396975e-12,2.8546044e-14
1018.1700,2.4347953e-12,2.8523551e-14
1018.1800,2.4316987e-12,2.8508219e-14
1018.1900,2.4308646e-12,2.8502002e-14
1018.2000,2.4329210e-12,2.8507914e-14
1018.2100,2.4369189e-12,2.8522739e-14
1018.2200,2.4417186e-12,2.8543170e-14
1018.2300,2.4459151e-12,2.8563990e-14
1018.2400,2.4485683e-12,2.8581619e-14
1018.2500,2.4489328e-12,2.8592112e-14
1018.2600,2.4476780e-12,2.8594527e-14
1018.2700,2.4456489e-12,2.8587427e-14
1018.2800,2.4438724e-12,2.8573997e-14
1018.2900,2.4429929e-12,2.8557545e-14
1018.3000,2.4434370e-12,2.8543603e-14
1018.3100,2.4447016e-12,2.8536962e-14
1018.3200,2.4460936e-12,2.8540783e-14
1018.3300,2.4469165e-12,2.8550994e-14
1018.3400,2.4466168e-12,2.8562194e-14
1018.3500,2.4447290e-12,2.8565376e-14
1018.3600,2.4417028e-12,2.8555243e-14
1018.3700,2.4379239e-12,2.8527263e-14
1018.3800,2.4340603e-12,2.8487163e-14
1018.3900,2.4306796e-12,2.8440017e-14
1018.4000,2.4285797e-12,2.8394646e-14
1018.4100,2.4280170e-12,2.8359261e-14
1018.4200,2.4295213e-12,2.8342325e-14
1018.4300,2.4325995e-12,2.8342060e-14
1018.4400,2.4370470e-12,2.8358903e-14
1018.4500,2.4423790e-12,2.8390197e-14
1018.4600,2.4477491e-12,2.8425787e-14
1018.4700,2.4525713e-12,2.8457982e-14
1018.4800,2.4566985e-12,2.8482829e-14
1018.4900,2.4598978e-12,2.8496807e-14
1018.5000,2.4618732e-12,2.8498031e-14
1018.5100,2.4627741e-12,2.8491113e-14
1018.5200,2.4623158e-12,2.8477393e-14
1018.5300,2.4608583e-12,2.8460512e-14
1018.5400,2.4585238e-12,2.8442424e-14
1018.5500,2.4558142e-12,2.8426247e-14
1018.5600,2.4534295e-12,2.8414070e-14
1018.5700,2.4516932e-12,2.8406513e-14
1018.5800,2.4509377e-12,2.8405270e-14
1018.5900,2.4508288e-12,2.8408806e-14
1018.6000,2.4508400e-12,2.8416760e-14
1018.6100,2.4502453e-12,2.8426859e-14
1018.6200,2.4486703e-12,2.8437663e-14
1018.6300,2.4457080e-12,2.8447985e-14
1018.6400,2.4418668e-12,2.8456672e-14
1018.6500,2.4378065e-12,2.8461723e-14
1018.6600,2.4343079e-12,2.8462471e-14
1018.6700,2.4317160e-12,2.8458609e-14
1018.6800,2.4303644e-12,2.8449297e-14
1018.6900,2.4298847e-12,2.8437422e-14
1018.7000,2.4301057e-12,2.8427798e-14
1018.7100,2.4307394e-12,2.8425293e-14
1018.7200,2.4317761e-12,2.8432974e-14
1018.7300,2.4334050e-12,2.8454198e-14
1018.7400,2.4354716e-12,2.8483356e-14
1018.7500,2.4375600e-12,2.8512095e-14
1018.7600,2.4390207e-12,2.8531657e-14
1018.7700,2.4393097e-12,2.8537025e-14
1018.7800,2.4377920e-12,2.8523554e-14
1018.7900,2.4349093e-12,2.8497759e-14
1018.8000,2.4313416e-12,2.8466452e-14
1018.8100,2.4281590e-12,2.8437820e-14
1018.8200,2.4261163e-12,2.8416700e-14
1018.8300,2.4259747e-12,2.8408172e-14
1018.8400,2.4274309e-12,2.8411336e-14
1018.8500,2.4301097e-12,2.8426037e-14
1018.8600,2.4331690e-12,2.8446967e-14
1018.8700,2.4361677e-12,2.8469981e-14
1018.8800,2.4389696e-12,2.8490866e-14
1018.8900,2.4417939e-12,2.8507037e-14
1018.9000,2.4449028e-12,2.8517212e-14
1018.9100,2.4481787e-12,2.8523256e-14
1018.9200,2.4511718e-12,2.8526332e-14
1018.9300,2.4530289e-12,2.8527430e-14
1018.9400,2.4533826e-12,2.8528895e-14
1018.9500,2.4521242e-12,2.8533872e-14
1018.9600,2.4500812e-12,2.8543792e-14
1018.9700,2.4479555e-12,2.8559366e-14
1018.9800,2.4464243e-12,2.8579782e-14
1018.9900,2.4457017e-12,2.8600795e-14
1019.0000,2.4459633e-12,2.8618725e-14
1019.0100,2.4470502e-12,2.8632940e-14
1019.0200,2.4491259e-12,2.8644191e-14
1019.0300,2.4525818e-12,2.8654319e-14
1019.0400,2.4571665e-12,2.8664935e-14
1019.0500,2.4625915e-12,2.8675093e-14
1019.0600,2.4681216e-12,2.8682578e-14
1019.0700,2.4730833e-12,2.8684245e-14
1019.0800,2.4766601e-12,2.8676569e-14
1019.0900,2.4787506e-12,2.8661560e-14
1019.1000,2.4791095e-12,2.8641623e-14
1019.1100,2.4782680e-12,2.8621383e-14
1019.1200,2.4764582e-12,2.8604408e-14
1019.1300,2.4740111e-12,2.8593906e-14
1019.1400,2.4715941e-12,2.8588689e-14
1019.1500,2.4699308e-12,2.8587352e-14
1019.1600,2.4693505e-12,2.8586832e-14
1019.1700,2.4702639e-12,2.8584928e-14
1019.1800,2.4728194e-12,2.8579323e-14
1019.1900,2.4761053e-12,2.8569859e-14
1019.2000,2.4793145e-12,2.8556166e-14
1019.2100,2.4819383e-12,2.8540244e-14
1019.2200,2.4838136e-12,2.8524202e-14
1019.2300,2.4853295e-12,2.8511806e-14
1019.2400,2.4872220e-12,2.8504786e-14
1019.2500,2.4900980e-12,2.8504737e-14
1019.2600,2.4938647e-12,2.8509345e-14
1019.2700,2.4985105e-12,2.8517819e-14
1019.2800,2.5040090e-12,2.8530435e-14
1019.2900,2.5101420e-12,2.8547445e-14
1019.3000,2.5170506e-12,2.8571448e-14
1019.3100,2.5245055e-12,2.8601335e-14
1019.3200,2.5323032e-12,2.8636318e-14
1019.3300,2.5397899e-12,2.8671990e-14
1019.3400,2.5462226e-12,2.8702151e-14
1019.3500,2.5503202e-12,2.8718754e-14
1019.3600,2.5518741e-12,2.8721015e-14
1019.3700,2.5497564e-12,2.8704531e-14
1019.3800,2.5428042e-12,2.8667157e-14
1019.3900,2.5322561e-12,2.8617653e-14
1019.4000,2.5195743e-12,2.8563757e-14
1019.4100,2.5058484e-12,2.8512238e-14
1019.4200,2.4928778e-12,2.8468771e-14
1019.4300,2.4824566e-12,2.8439059e-14
1019.4400,2.4746749e-12,2.8419698e-14
1019.4500,2.4689860e-12,2.8406129e-14
1019.4600,2.4653342e-12,2.8395322e-14
1019.4700,2.4627399e-12,2.8383589e-14
1019.4800,2.4609251e-12,2.8370099e-14
1019.4900,2.4596052e-12,2.8357389e-14
1019.5000,2.4587073e-12,2.8348101e-14
1019.5100,2.4582781e-12,2.8345693e-14
1019.5200,2.4581041e-12,2.8349671e-14
1019.5300,2.4581049e-12,2.8359912e-14
1019.5400,2.4583159e-12,2.8373434e-14
1019.5500,2.4589370e-12,2.8388849e-14
1019.5600,2.4603514e-12,2.8405959e-14
1019.5700,2.4624245e-12,2.8423315e-14
1019.5800,2.4646488e-12,2.8437328e-14
1019.5900,2.4661376e-12,2.8444460e-14
1019.6000,2.4664033e-12,2.8442913e-14
1019.6100,2.4651892e-12,2.8431120e-14
1019.6200,2.4635489e-12,2.8415136e-14
1019.6300,2.4631355e-12,2.8403218e-14
1019.6400,2.4649007e-12,2.8401087e-14
1019.6500,2.4688473e-12,2.8409818e-14
1019.6600,2.4747341e-12,2.8429923e-14
1019.6700,2.4810317e-12,2.8455093e-14
1019.6800,2.4864810e-12,2.8480593e-14
1019.6900,2.4908609e-12,2.8503830e-14
1019.7000,2.4946400e-12,2.8525072e-14
1019.7100,2.4985707e-12,2.8545477e-14
1019.7200,2.5033829e-12,2.8566780e-14
1019.7300,2.5095713e-12,2.8589972e-14
1019.7400,2.5165958e-12,2.8614225e-14
1019.7500,2.5237722e-12,2.8638226e-14
1019.7600,2.5302069e-12,2.8659722e-14
1019.7700,2.5352426e-12,2.8676722e-14
1019.7800,2.5380912e-12,2.8685489e-14
1019.7900,2.5391617e-12,2.8685983e-14
1019.8000,2.5389688e-12,2.8678786e-14
1019.8100,2.5379316e-12,2.8663651e-14
1019.8200,2.5367907e-12,2.8643915e-14
1019.8300,2.5358426e-12,2.8620911e-14
1019.8400,2.5349400e-12,2.8596260e-14
1019.8500,2.5337972e-12,2.8570724e-14
1019.8600,2.5320896e-12,2.8545259e-14
1019.8700,2.5298788e-12,2.8521292e-14
1019.8800,2.5273488e-12,2.8500789e-14
1019.8900,2.5248350e-12,2.8484034e-14
1019.9000,2.5225272e-12,2.8471214e-14
1019.9100,2.5206780e-12,2.8463650e-14
1019.9200,2.5195258e-12,2.8461297e-14
1019.9300,2.5198407e-12,2.8466893e-14
1019.9400,2.5219446e-12,2.8480963e-14
1019.9500,2.5260544e-12,2.8504587e-14
1019.9600,2.5323229e-12,2.8539746e-14
1019.9700,2.5394493e-12,2.8581455e-14
1019.9800,2.5457576e-12,2.8622519e-14
1019.9900,2.5500343e-12,2.8655396e-14
1020.0000,2.5516551e-12,2.8675055e-14
1020.0100,2.5501061e-12,2.8676624e-14
1020.0200,2.5466849e-12,2.8665335e-14
1020.0300,2.5426433e-12,2.8645683e-14
1020.0400,2.5392375e-12,2.8624098e-14
1020.0500,2.5371240e-12,2.8603618e-14
1020.0600,2.5368392e-12,2.8586835e-14
1020.0700,2.5379085e-12,2.8575613e-14
1020.0800,2.5399163e-12,2.8574386e-14
1020.0900,2.5421492e-12,2.8583420e-14
1020.1000,2.5441984e-12,2.8601604e-14
1020.1100,2.5457855e-12,2.8625278e-14
1020.1200,2.5470218e-12,2.8645638e-14
1020.1300,2.5482438e-12,2.8654128e-14
1020.1400,2.5498783e-12,2.8651165e-14
1020.1500,2.5522771e-12,2.8641131e-14
1020.1600,2.5557800e-12,2.8631820e-14
1020.1700,2.5599876e-12,2.8630979e-14
1020.1800,2.5641213e-12,2.8641664e-14
1020.1900,2.5672642e-12,2.8656629e-14
1020.2000,2.5686063e-12,2.8666508e-14
1020.2100,2.5671834e-12,2.8659279e-14
1020.2200,2.5634596e-12,2.8632615e-14
1020.2300,2.5579647e-12,2.8589077e-14
1020.2400,2.5519579e-12,2.8541993e-14
1020.2500,2.5462573e-12,2.8503142e-14
1020.2600,2.5414939e-12,2.8484978e-14
1020.2700,2.5376207e-12,2.8487518e-14
1020.2800,2.5344126e-12,2.8506030e-14
1020.2900,2.5313674e-12,2.8526228e-14
1020.3000,2.5281684e-12,2.8535876e-14
1020.3100,2.5245460e-12,2.8521844e-14
1020.3200,2.5204694e-12,2.8484477e-14
1020.3300,2.5158951e-12,2.8427604e-14
1020.3400,2.5109583e-12,2.8364907e-14
1020.3500,2.5056791e-12,2.8306830e-14
1020.3600,2.4999296e-12,2.8263768e-14
1020.3700,2.4936839e-12,2.8238159e-14
1020.3800,2.4868092e-12,2.8232510e-14
1020.3900,2.4794862e-12,2.8240931e-14
1020.4000,2.4719723e-12,2.8259587e-14
1020.4100,2.4647965e-12,2.8284328e-14
1020.4200,2.4586163e-12,2.8306486e-14
1020.4300,2.4543929e-12,2.8315433e-14
1020.4400,2.4521974e-12,2.8306973e-14
1020.4500,2.4520408e-12,2.8278804e-14
1020.4600,2.4538959e-12,2.8230248e-14
1020.4700,2.4567180e-12,2.8172943e-14
1020.4800,2.4596502e-12,2.8119709e-14
1020.4900,2.4620591e-12,2.8079784e-14
1020.5000,2.4636052e-12,2.8058935e-14
1020.5100,2.4638938e-12,2.8062337e-14
1020.5200,2.4629768e-12,2.8082234e-14
1020.5300,2.4606016e-12,2.8110496e-14
1020.5400,2.4570897e-12,2.8136262e-14
1020.5500,2.4527698e-12,2.8151785e-14
1020.5600,2.4482531e-12,2.8149425e-14
1020.5700,2.4445222e-12,2.8131369e-14
1020.5800,2.4426389e-12,2.8100806e-14
1020.5900,2.4425547e-12,2.8065990e-14
1020.6000,2.4438795e-12,2.8031892e-14
1020.6100,2.4457992e-12,2.8001336e-14
1020.6200,2.4469747e-12,2.7973243e-14
1020.6300,2.4462502e-12,2.7945163e-14
1020.6400,2.4437883e-12,2.7915538e-14
1020.6500,2.4401290e-12,2.7884882e-14
1020.6600,2.4361485e-12,2.7855932e-14
1020.6700,2.4329420e-12,2.7831997e-14
1020.6800,2.4313146e-12,2.7817072e-14
1020.6900,2.4310581e-12,2.7810851e-14
1020.7000,2.4319481e-12,2.7813720e-14
1020.7100,2.4340121e-12,2.7828502e-14
1020.7200,2.4370488e-12,2.7854455e-14
1020.7300,2.4413125e-12,2.7892978e-14
1020.7400,2.4466008e-12,2.7939391e-14
1020.7500,2.4527090e-12,2.7988480e-14
1020.7600,2.4593185e-12,2.8032320e-14
1020.7700,2.4657164e-12,2.8063798e-14
1020.7800,2.4710083e-12,2.8075187e-14
1020.7900,2.4747642e-12,2.8069284e-14
1020.8000,2.4765890e-12,2.8049741e-14
1020.8100,2.4758937e-12,2.8021652e-14
1020.8200,2.4733158e-12,2.7996152e-14
1020.8300,2.4694530e-12,2.7985768e-14
1020.8400,2.4654324e-12,2.7995107e-14
1020.8500,2.4620587e-12,2.8026022e-14
1020.8600,2.4601337e-12,2.8078686e-14
1020.8700,2.4596369e-12,2.8138929e-14
1020.8800,2.4603781e-12,2.8189093e-14
1020.8900,2.4614813e-12,2.8216989e-14
1020.9000,2.4621984e-12,2.8215794e-14
1020.9100,2.4616841e-12,2.8179795e-14
1020.9200,2.4597570e-12,2.8123073e-14
1020.9300,2.4563705e-12,2.8059502e-14
1020.9400,2.4522474e-12,2.8003418e-14
1020.9500,2.4479377e-12,2.7963004e-14
1020.9600,2.4439138e-12,2.7946848e-14
1020.9700,2.4404426e-12,2.7952064e-14
1020.9800,2.4378371e-12,2.7978123e-14
1020.9900,2.4361218e-12,2.8014874e-14
1021.0000,2.4354585e-12,2.8052885e-14
1021.0100,2.4362835e-12,2.8079374e-14
1021.0200,2.4383629e-12,2.8085632e-14
1021.0300,2.4414981e-12,2.8063850e-14
1021.0400,2.4449344e-12,2.8023362e-14
1021.0500,2.4480713e-12,2.7975148e-14
1021.0600,2.4503017e-12,2.7932431e-14
1021.0700,2.4516050e-12,2.7906233e-14
1021.0800,2.4521777e-12,2.7906026e-14
1021.0900,2.4526512e-12,2.7925490e-14
1021.1000,2.4533877e-12,2.7956243e-14
1021.1100,2.4544631e-12,2.7988424e-14
1021.1200,2.4554653e-12,2.8011320e-14
1021.1300,2.4557210e-12,2.8017900e-14
1021.1400,2.4550198e-12,2.8013687e-14
1021.1500,2.4534539e-12,2.8005674e-14
1021.1600,2.4511560e-12,2.7999442e-14
1021.1700,2.4486400e-12,2.7996037e-14
1021.1800,2.4463591e-12,2.7990795e-14
1021.1900,2.4446788e-12,2.7979039e-14
1021.2000,2.4439200e-12,2.7960554e-14
1021.2100,2.4445880e-12,2.7939085e-14
1021.2200,2.4463526e-12,2.7922658e-14
1021.2300,2.4486378e-12,2.7919112e-14
1021.2400,2.4504484e-12,2.7926234e-14
1021.2500,2.4511725e-12,2.7938418e-14
1021.2600,2.4502606e-12,2.7948842e-14
1021.2700,2.4482136e-12,2.7951671e-14
1021.2800,2.4456451e-12,2.7942546e-14
1021.2900,2.4434261e-12,2.7925068e-14
1021.3000,2.4420299e-12,2.7903568e-14
1021.3100,2.4418856e-12,2.7882636e-14
1021.3200,2.4425669e-12,2.7867143e-14
1021.3300,2.4433375e-12,2.7862272e-14
1021.3400,2.4432220e-12,2.7866332e-14
1021.3500,2.4416493e-12,2.7875227e-14
1021.3600,2.4379377e-12,2.7882928e-14
1021.3700,2.4326628e-12,2.7882212e-14
1021.3800,2.4264260e-12,2.7864565e-14
1021.3900,2.4204503e-12,2.7832436e-14
1021.4000,2.4156619e-12,2.7791790e-14
1021.4100,2.4134623e-12,2.7749541e-14
1021.4200,2.4140464e-12,2.7714553e-14
1021.4300,2.4177932e-12,2.7695870e-14
1021.4400,2.4229577e-12,2.7692046e-14
1021.4500,2.4278634e-12,2.7698991e-14
1021.4600,2.4307130e-12,2.7714757e-14
1021.4700,2.4309808e-12,2.7733213e-14
1021.4800,2.4284423e-12,2.7749966e-14
1021.4900,2.4248098e-12,2.7762149e-14
1021.5000,2.4213849e-12,2.7768582e-14
1021.5100,2.4192673e-12,2.7766561e-14
1021.5200,2.4186441e-12,2.7757810e-14
1021.5300,2.4195129e-12,2.7743133e-14
1021.5400,2.4208246e-12,2.7726791e-14
1021.5500,2.4218368e-12,2.7712020e-14
1021.5600,2.4219988e-12,2.7703407e-14
1021.5700,2.4215529e-12,2.7703644e-14
1021.5800,2.4213463e-12,2.7718838e-14
1021.5900,2.4223482e-12,2.7746048e-14
1021.6000,2.4254432e-12,2.7782555e-14
1021.6100,2.4300670e-12,2.7819809e-14
1021.6200,2.4356229e-12,2.7848635e-14
1021.6300,2.4408728e-12,2.7858123e-14
1021.6400,2.4451041e-12,2.7850506e-14
1021.6500,2.4480755e-12,2.7828160e-14
1021.6600,2.4504349e-12,2.7801446e-14
1021.6700,2.4526917e-12,2.7778636e-14
1021.6800,2.4552205e-12,2.7768322e-14
1021.6900,2.4578025e-12,2.7769808e-14
1021.7000,2.4599090e-12,2.7782782e-14
1021.7100,2.4613134e-12,2.7801680e-14
1021.7200,2.4619239e-12,2.7823949e-14
1021.7300,2.4621266e-12,2.7847046e-14
1021.7400,2.4626430e-12,2.7868181e-14
1021.7500,2.4640736e-12,2.7883259e-14
1021.7600,2.4663571e-12,2.7890909e-14
1021.7700,2.4694050e-12,2.7889382e-14
1021.7800,2.4729553e-12,2.7880935e-14
1021.7900,2.4766047e-12,2.7874516e-14
1021.8000,2.4801232e-12,2.7880612e-14
1021.8100,2.4833686e-12,2.7901703e-14
1021.8200,2.4860644e-12,2.7938622e-14
1021.8300,2.4877171e-12,2.7985503e-14
1021.8400,2.4882849e-12,2.8028612e-14
1021.8500,2.4876328e-12,2.8053911e-14
1021.8600,2.4862308e-12,2.8058352e-14
1021.8700,2.4843352e-12,2.8038976e-14
1021.8800,2.4820426e-12,2.7995205e-14
1021.8900,2.4792908e-12,2.7937561e-14
1021.9000,2.4755197e-12,2.7871806e-14
1021.9100,2.4705180e-12,2.7805009e-14
1021.9200,2.4640019e-12,2.7742334e-14
1021.9300,2.4559797e-12,2.7690874e-14
1021.9400,2.4475478e-12,2.7653245e-14
1021.9500,2.4400492e-12,2.7632510e-14
1021.9600,2.4342475e-12,2.7622463e-14
1021.9700,2.4306342e-12,2.7617088e-14
1021.9800,2.4294064e-12,2.7609243e-14
1021.9900,2.4295531e-12,2.7595696e-14
1022.0000,2.4305380e-12,2.7578874e-14
1022.0100,2.4319424e-12,2.7565350e-14
1022.0200,2.4338659e-12,2.7561120e-14
1022.0300,2.4366852e-12,2.7570815e-14
1022.0400,2.4403587e-12,2.7589710e-14
1022.0500,2.4447164e-12,2.7611350e-14
1022.0600,2.4492550e-12,2.7629473e-14
1022.0700,2.4536517e-12,2.7641198e-14
1022.0800,2.4577068e-12,2.7645295e-14
1022.0900,2.4614744e-12,2.7644541e-14
1022.1000,2.4650012e-12,2.7639778e-14
1022.1100,2.4684037e-12,2.7631882e-14
1022.1200,2.4718194e-12,2.7620850e-14
1022.1300,2.4756043e-12,2.7607390e-14
1022.1400,2.4801518e-12,2.7595100e-14
1022.1500,2.4859783e-12,2.7589398e-14
1022.1600,2.4927834e-12,2.7592148e-14
1022.1700,2.4998995e-12,2.7602817e-14
1022.1800,2.5060051e-12,2.7618809e-14
1022.1900,2.5097480e-12,2.7632693e-14
1022.2000,2.5092384e-12,2.7635628e-14
1022.2100,2.5048258e-12,2.7625292e-14
1022.2200,2.4973977e-12,2.7603006e-14
1022.2300,2.4880630e-12,2.7571977e-14
1022.2400,2.4792581e-12,2.7542539e-14
1022.2500,2.4734815e-12,2.7527400e-14
1022.2600,2.4712959e-12,2.7531379e-14
1022.2700,2.4723100e-12,2.7554086e-14
1022.2800,2.4761960e-12,2.7594692e-14
1022.2900,2.4809748e-12,2.7640420e-14
1022.3000,2.4848459e-12,2.7676386e-14
1022.3100,2.4867126e-12,2.7692916e-14
1022.3200,2.4862488e-12,2.7687132e-14
1022.3300,2.4827881e-12,2.7653581e-14
1022.3400,2.4772376e-12,2.7601849e-14
1022.3500,2.4701089e-12,2.7537979e-14
1022.3600,2.4625508e-12,2.7472383e-14
1022.3700,2.4551028e-12,2.7410127e-14
1022.3800,2.4479576e-12,2.7355474e-14
1022.3900,2.4409302e-12,2.7308431e-14
1022.4000,2.4337342e-12,2.7271163e-14
1022.4100,2.4263875e-12,2.7241910e-14
1022.4200,2.4192832e-12,2.7223336e-14
1022.4300,2.4128358e-12,2.7213984e-14
1022.4400,2.4077432e-12,2.7216628e-14
1022.4500,2.4048587e-12,2.7235227e-14
1022.4600,2.4039930e-12,2.7267336e-14
1022.4700,2.4055585e-12,2.7314920e-14
1022.4800,2.4088112e-12,2.7372394e-14
1022.4900,2.4133123e-12,2.7435654e-14
1022.5000,2.4178081e-12,2.7495848e-14
1022.5100,2.4207945e-12,2.7545724e-14
1022.5200,2.4206851e-12,2.7579547e-14
1022.5300,2.4178681e-12,2.7602479e-14
1022.5400,2.4129862e-12,2.7620414e-14
1022.5500,2.4081391e-12,2.7642543e-14
1022.5600,2.4057182e-12,2.7672523e-14
1022.5700,2.4079408e-12,2.7708163e-14
1022.5800,2.4140886e-12,2.7741465e-14
1022.5900,2.4232802e-12,2.7763624e-14
1022.6000,2.4334555e-12,2.7765560e-14
1022.6100,2.4419161e-12,2.7750244e-14
1022.6200,2.4460713e-12,2.7719702e-14
1022.6300,2.4457242e-12,2.7681126e-14
1022.6400,2.4405124e-12,2.7636053e-14
1022.6500,2.4304659e-12,2.7581456e-14
1022.6600,2.4182006e-12,2.7516225e-14
1022.6700,2.4063206e-12,2.7439149e-14
1022.6800,2.3969398e-12,2.7356664e-14
1022.6900,2.3915474e-12,2.7276282e-14
1022.7000,2.3912151e-12,2.7207996e-14
1022.7100,2.3941384e-12,2.7155680e-14
1022.7200,2.3983634e-12,2.7121629e-14
1022.7300,2.4016655e-12,2.7099296e-14
1022.7400,2.4025328e-12,2.7084365e-14
1022.7500,2.3995087e-12,2.7074672e-14
1022.7600,2.3932875e-12,2.7067977e-14
1022.7700,2.3849700e-12,2.7065041e-14
1022.7800,2.3769036e-12,2.7065693e-14
1022.7900,2.3710877e-12,2.7069478e-14
1022.8000,2.3697912e-12,2.7075040e-14
1022.8100,2.3727135e-12,2.7078925e-14
1022.8200,2.3790741e-12,2.7076634e-14
1022.8300,2.3861588e-12,2.7067465e-14
1022.8400,2.3920684e-12,2.7053401e-14
1022.8500,2.3952453e-12,2.7039562e-14
1022.8600,2.3961070e-12,2.7033875e-14
1022.8700,2.3956213e-12,2.7046936e-14
1022.8800,2.3955427e-12,2.7078392e-14
1022.8900,2.3967533e-12,2.7123222e-14
1022.9000,2.3997232e-12,2.7174551e-14
1022.9100,2.4034730e-12,2.7219827e-14
1022.9200,2.4064764e-12,2.7245409e-14
1022.9300,2.4075145e-12,2.7250386e-14
1022.9400,2.4062755e-12,2.7239620e-14
1022.9500,2.4023987e-12,2.7217036e-14
1022.9600,2.3972101e-12,2.7193580e-14
1022.9700,2.3920626e-12,2.7178682e-14
1022.9800,2.3881075e-12,2.7173852e-14
1022.9900,2.3861928e-12,2.7178720e-14
1023.0000,2.3858294e-12,2.7186753e-14
1023.0100,2.3867804e-12,2.7191936e-14
1023.0200,2.3885136e-12,2.7187126e-14
1023.0300,2.3903114e-12,2.7172272e-14
1023.0400,2.3915901e-12,2.7146734e-14
1023.0500,2.3919793e-12,2.7115056e-14
1023.0600,2.3907424e-12,2.7079181e-14
1023.0700,2.3868907e-12,2.7040433e-14
1023.0800,2.3807561e-12,2.6999690e-14
1023.0900,2.3724555e-12,2.6955938e-14
1023.1000,2.3632426e-12,2.6909634e-14
1023.1100,2.3542672e-12,2.6862211e-14
1023.1200,2.3472883e-12,2.6819148e-14
1023.1300,2.3432996e-12,2.6786838e-14
1023.1400,2.3438294e-12,2.6774941e-14
1023.1500,2.3482676e-12,2.6782835e-14
1023.1600,2.3564585e-12,2.6810727e-14
1023.1700,2.3679447e-12,2.6856648e-14
1023.1800,2.3806935e-12,2.6910338e-14
1023.1900,2.3930272e-12,2.6964710e-14
1023.2000,2.4038296e-12,2.7014706e-14
1023.2100,2.4123707e-12,2.7056837e-14
1023.2200,2.4180158e-12,2.7086472e-14
1023.2300,2.4215003e-12,2.7103497e-14
1023.2400,2.4233006e-12,2.7106379e-14
1023.2500,2.4243691e-12,2.7099946e-14
1023.2600,2.4252341e-12,2.7088350e-14
1023.2700,2.4262177e-12,2.7075375e-14
1023.2800,2.4273752e-12,2.7063792e-14
1023.2900,2.4284943e-12,2.7053107e-14
1023.3000,2.4292817e-12,2.7041030e-14
1023.3100,2.4295361e-12,2.7026287e-14
1023.3200,2.4291162e-12,2.7009343e-14
1023.3300,2.4283766e-12,2.6993736e-14
1023.3400,2.4278430e-12,2.6984595e-14
1023.3500,2.4279515e-12,2.6983096e-14
1023.3600,2.4288621e-12,2.6987917e-14
1023.3700,2.4307048e-12,2.6997247e-14
1023.3800,2.4330550e-12,2.7006769e-14
1023.3900,2.4356296e-12,2.7013692e-14
1023.4000,2.4382921e-12,2.7018554e-14
1023.4100,2.4412837e-12,2.7023645e-14
1023.4200,2.4453656e-12,2.7033019e-14
1023.4300,2.4509984e-12,2.7049539e-14
1023.4400,2.4589526e-12,2.7077855e-14
1023.4500,2.4682907e-12,2.7115398e-14
1023.4600,2.4778112e-12,2.7161317e-14
1023.4700,2.4861282e-12,2.7210978e-14
1023.4800,2.4916162e-12,2.7261126e-14
1023.4900,2.4927496e-12,2.7304855e-14
1023.5000,2.4904887e-12,2.7335293e-14
1023.5100,2.4850939e-12,2.7339614e-14
1023.5200,2.4781565e-12,2.7318301e-14
1023.5300,2.4705956e-12,2.7269824e-14
1023.5400,2.4635568e-12,2.7200737e-14
1023.5500,2.4577827e-12,2.7128396e-14
1023.5600,2.4539704e-12,2.7064171e-14
1023.5700,2.4516991e-12,2.7010530e-14
1023.5800,2.4506488e-12,2.6968558e-14
1023.5900,2.4503689e-12,2.6942428e-14
1023.6000,2.4503769e-12,2.6935403e-14
1023.6100,2.4509206e-12,2.6958940e-14
1023.6200,2.4523774e-12,2.7009343e-14
1023.6300,2.4553356e-12,2.7079693e-14
1023.6400,2.4604069e-12,2.7152290e-14
1023.6500,2.4669648e-12,2.7202657e-14
1023.6600,2.4740208e-12,2.7206480e-14
1023.6700,2.4802307e-12,2.7166450e-14
1023.6800,2.4844248e-12,2.7090009e-14
1023.6900,2.4852524e-12,2.6988891e-14
1023.7000,2.4830842e-12,2.6888536e-14
1023.7100,2.4783426e-12,2.6812692e-14
1023.7200,2.4726650e-12,2.6770375e-14
1023.7300,2.4672322e-12,2.6765346e-14
1023.7400,2.4630876e-12,2.6805146e-14
1023.7500,2.4604280e-12,2.6876200e-14
1023.7600,2.4593998e-12,2.6970838e-14
1023.7700,2.4594284e-12,2.7072158e-14
1023.7800,2.4602388e-12,2.7168882e-14
1023.7900,2.4619876e-12,2.7249150e-14
1023.8000,2.4645322e-12,2.7309425e-14
1023.8100,2.4679467e-12,2.7343561e-14
1023.8200,2.4717921e-12,2.7359124e-14
1023.8300,2.4756663e-12,2.7363443e-14
1023.8400,2.4792021e-12,2.7360607e-14
1023.8500,2.4822724e-12,2.7357958e-14
1023.8600,2.4847598e-12,2.7361955e-14
1023.8700,2.4868587e-12,2.7374925e-14
1023.8800,2.4885568e-12,2.7401169e-14
1023.8900,2.4899996e-12,2.7438093e-14
1023.9000,2.4912975e-12,2.7484551e-14
1023.9100,2.4927084e-12,2.7534013e-14
1023.9200,2.4943885e-12,2.7575726e-14
1023.9300,2.4963329e-12,2.7596085e-14
1023.9400,2.4982751e-12,2.7592884e-14
1023.9500,2.4998800e-12,2.7562286e-14
1023.9600,2.5007699e-12,2.7503995e-14
1023.9700,2.5010286e-12,2.7430729e-14
1023.9800,2.5008136e-12,2.7349458e-14
1023.9900,2.5005354e-12,2.7267295e-14
1024.0000,2.5005411e-12,2.7188185e-14
1024.0100,2.5012017e-12,2.7117696e-14
1024.0200,2.5025004e-12,2.7060298e-14
1024.0300,2.5042555e-12,2.7024412e-14
1024.0400,2.5059267e-12,2.7008255e-14
1024.0500,2.5068840e-12,2.7007882e-14
1024.0600,2.5061653e-12,2.7014176e-14
1024.0700,2.5034214e-12,2.7011561e-14
1024.0800,2.4980674e-12,2.6985463e-14
1024.0900,2.4907261e-12,2.6937698e-14
1024.1000,2.4820247e-12,2.6876801e-14
1024.1100,2.4727105e-12,2.6816898e-14
1024.1200,2.4640606e-12,2.6773762e-14
1024.1300,2.4576247e-12,2.6761296e-14
1024.1400,2.4538084e-12,2.6772556e-14
1024.1500,2.4524803e-12,2.6796290e-14
1024.1600,2.4536975e-12,2.6821604e-14
1024.1700,2.4561510e-12,2.6838219e-14
1024.1800,2.4588882e-12,2.6839220e-14
1024.1900,2.4610717e-12,2.6828225e-14
1024.2000,2.4623821e-12,2.6808896e-14
1024.2100,2.4622435e-12,2.6780703e-14
1024.2200,2.4606753e-12,2.6746541e-14
1024.2300,2.4571534e-12,2.6707794e-14
1024.2400,2.4521711e-12,2.6669103e-14
1024.2500,2.4458708e-12,2.6634672e-14
1024.2600,2.4389691e-12,2.6605344e-14
1024.2700,2.4318189e-12,2.6581296e-14
1024.2800,2.4245954e-12,2.6560896e-14
1024.2900,2.4172643e-12,2.6541016e-14
1024.3000,2.4097385e-12,2.6519759e-14
1024.3100,2.4021747e-12,2.6496636e-14
1024.3200,2.3949857e-12,2.6471752e-14
1024.3300,2.3889758e-12,2.6446606e-14
1024.3400,2.3845140e-12,2.6423893e-14
1024.3500,2.3821219e-12,2.6407293e-14
1024.3600,2.3813633e-12,2.6397570e-14
1024.3700,2.3820731e-12,2.6395747e-14
1024.3800,2.3843549e-12,2.6403426e-14
1024.3900,2.3879423e-12,2.6418530e-14
1024.4000,2.3931052e-12,2.6440443e-14
1024.4100,2.3996413e-12,2.6466422e-14
1024.4200,2.4075239e-12,2.6495252e-14
1024.4300,2.4169959e-12,2.6527495e-14
1024.4400,2.4276857e-12,2.6563494e-14
1024.4500,2.4394726e-12,2.6604787e-14
1024.4600,2.4516733e-12,2.6649530e-14
1024.4700,2.4635774e-12,2.6694602e-14
1024.4800,2.4754257e-12,2.6739735e-14
1024.4900,NaN,NaN
1024.5000,NaN,NaN
1024.5100,NaN,NaN
1024.5200,NaN,NaN
1024.5300,NaN,NaN
1024.5400,NaN,NaN
1024.5500,NaN,NaN
1024.5600,NaN,NaN
1024.5700,NaN,NaN
1024.5800,NaN,NaN
1024.5900,NaN,NaN
1024.6000,NaN,NaN
1024.6100,NaN,NaN
1024.6200,NaN,NaN
1024.6300,NaN,NaN
1024.6400,NaN,NaN
1024.6500,NaN,NaN
1024.6600,NaN,NaN
1024.6700,NaN,NaN
1024.6800,NaN,NaN
1024.6900,NaN,NaN
1024.7000,NaN,NaN
1024.7100,NaN,NaN
1024.7200,NaN,NaN
1024.7300,NaN,NaN
1024.7400,NaN,NaN
1024.7500,NaN,NaN
1024.7600,NaN,NaN
1024.7700,NaN,NaN
1024.7800,NaN,NaN
1024.7900,NaN,NaN
1024.8000,NaN,NaN
1024.8100,NaN,NaN
1024.8200,NaN,NaN
1024.8300,NaN,NaN
1024.8400,NaN,NaN
1024.8500,NaN,NaN
1024.8600,NaN,NaN
1024.8700,NaN,NaN
1024.8800,NaN,NaN
1024.8900,NaN,NaN
1024.9000,NaN,NaN
1024.9100,NaN,NaN
1024.9200,NaN,NaN
1024.9300,NaN,NaN
1024.9400,NaN,NaN
1024.9500,NaN,NaN
1024.9600,NaN,NaN
1024.9700,NaN,NaN
1024.9800,NaN,NaN
1024.9900,NaN,NaN
