wave,flux,fluxerr
171.105,-2.66702e-15,6.63000e-15
171.242,-5.65896e-15,7.39448e-15
171.379,-2.93774e-15,6.36276e-15
171.516,-9.70753e-15,6.14795e-15
171.654,-5.76967e-16,6.19166e-15
171.791,-1.02100e-14,6.04263e-15
171.928,-1.85637e-14,6.08286e-15
172.065,-2.14097e-15,6.12307e-15
172.202,-8.98025e-15,8.46117e-15
172.339,-1.00027e-14,6.18272e-15
172.476,2.38828e-17,7.94380e-15
172.613,4.84885e-15,5.89105e-15
172.751,-4.54241e-15,7.60134e-15
172.888,-3.37997e-15,5.55344e-15
173.025,-1.66272e-15,5.43848e-15
173.162,-3.60433e-15,5.23899e-15
173.299,-5.08710e-15,5.19842e-15
173.436,-4.31099e-15,5.11320e-15
173.573,-1.27374e-14,5.55004e-15
173.710,7.83699e-16,5.08863e-15
173.848,6.36586e-16,5.27521e-15
173.985,-2.95941e-15,4.98295e-15
174.122,-6.02621e-15,4.83693e-15
174.259,-7.25192e-15,5.06018e-15
174.396,-1.03824e-14,4.91707e-15
174.533,-1.02769e-14,4.63660e-15
174.670,-7.27352e-15,4.65408e-15
174.808,5.82968e-15,4.69614e-15
174.945,-1.03280e-14,4.40820e-15
175.082,-6.86728e-16,4.47512e-15
175.219,-3.52767e-15,4.55329e-15
175.356,-2.85592e-15,4.38108e-15
175.493,-1.24848e-15,4.37508e-15
175.631,-1.56528e-16,4.29015e-15
175.768,6.34677e-15,4.55085e-15
175.905,-4.22138e-15,4.45579e-15
176.042,6.11344e-16,4.29376e-15
176.179,-3.51219e-15,4.08315e-15
176.316,-7.76060e-15,4.74285e-15
176.454,-7.93747e-16,4.17083e-15
176.591,3.36119e-15,4.15076e-15
176.728,-1.63571e-16,4.28538e-15
176.865,3.52488e-15,4.02724e-15
177.002,-1.87966e-17,3.92981e-15
177.139,3.59774e-15,4.00606e-15
177.277,-3.44410e-15,3.81708e-15
177.414,-7.12923e-15,3.91550e-15
177.551,2.05595e-15,3.84711e-15
177.688,9.13345e-15,8.80333e-15
177.825,-1.39364e-15,3.71692e-15
177.962,-8.02993e-15,3.59760e-15
178.100,4.02014e-15,3.68661e-15
178.237,-6.65285e-15,3.53020e-15
178.374,-1.69418e-16,3.63370e-15
178.511,-9.22184e-16,3.52382e-15
178.648,5.36042e-15,3.89680e-15
178.785,-4.92503e-15,4.73781e-15
178.923,-4.77789e-15,4.75254e-15
179.060,-2.03502e-15,4.80567e-15
179.197,-1.18216e-15,3.33858e-15
179.334,-4.37930e-15,3.24549e-15
179.471,1.55551e-15,3.44830e-15
179.609,3.20232e-16,3.50736e-15
179.746,1.07214e-15,3.28477e-15
179.883,-3.44706e-15,3.95811e-15
180.020,1.90703e-15,3.22120e-15
180.157,3.04972e-15,3.24873e-15
180.294,-8.20891e-15,3.20317e-15
180.432,-2.06758e-15,3.15136e-15
180.569,1.83811e-15,3.11054e-15
180.706,1.69398e-15,3.07665e-15
180.843,1.54925e-15,3.06725e-15
180.980,-5.32024e-15,2.95946e-15
181.118,-3.94742e-16,2.96882e-15
181.255,-6.91376e-16,3.01131e-15
181.392,3.16165e-15,3.01066e-15
181.529,2.57078e-15,2.92072e-15
181.667,1.10078e-16,2.89419e-15
181.804,2.57326e-15,2.87913e-15
181.941,-2.53781e-15,3.22338e-15
182.078,1.52646e-15,2.79852e-15
182.215,-1.66756e-15,2.73483e-15
182.353,1.73303e-15,2.82842e-15
182.490,-4.14168e-15,2.64972e-15
182.627,-1.00934e-15,2.78209e-15
182.764,-8.06145e-15,2.56054e-15
182.902,7.22584e-16,2.68392e-15
183.039,-2.48960e-15,2.61242e-15
183.176,-4.75721e-16,2.62943e-15
183.313,-3.82397e-15,2.64870e-15
183.450,1.45475e-15,2.61170e-15
183.588,1.24570e-15,2.58143e-15
183.725,1.56040e-15,2.56821e-15
183.862,3.58745e-15,2.90803e-15
183.999,1.30110e-15,2.84437e-15
184.137,-2.47054e-15,2.44354e-15
184.274,-4.48283e-15,2.48041e-15
184.411,3.35335e-15,2.60169e-15
184.548,7.59051e-16,2.49404e-15
184.686,5.32731e-16,2.45248e-15
184.823,-5.84822e-15,2.31521e-15
184.960,-2.01597e-15,2.35576e-15
185.097,-1.52359e-15,2.38317e-15
185.234,-1.21822e-15,2.47622e-15
185.372,3.83723e-15,2.42657e-15
185.509,3.12836e-15,2.59655e-15
185.646,4.72954e-15,2.48050e-15
185.783,-2.43159e-15,2.27272e-15
185.921,2.54699e-16,2.26052e-15
186.058,-3.02925e-15,2.28558e-15
186.195,-1.04324e-17,2.27298e-15
186.332,-1.12012e-15,2.22900e-15
186.470,3.81700e-15,2.49310e-15
186.607,-1.66275e-16,2.20303e-15
186.744,1.14688e-15,2.20850e-15
186.881,-4.91475e-15,2.18153e-15
187.019,8.69489e-16,2.16238e-15
187.156,-1.19356e-15,2.13297e-15
187.293,1.15348e-15,2.19740e-15
187.430,1.73610e-15,2.27726e-15
187.568,3.16682e-15,2.19947e-15
187.705,-2.61606e-15,2.03886e-15
187.842,5.30394e-16,2.09464e-15
187.979,-2.44705e-19,2.07349e-15
188.117,-1.10086e-15,2.21836e-15
188.254,3.02142e-15,2.12712e-15
188.391,-4.89920e-16,2.13631e-15
188.528,-3.52317e-15,1.96141e-15
188.666,-4.67008e-15,1.90816e-15
188.803,-8.09291e-16,1.97880e-15
188.940,1.25053e-15,2.01081e-15
189.077,6.00974e-16,1.93960e-15
189.215,-2.91207e-15,1.91660e-15
189.352,2.41145e-15,2.36317e-15
189.489,2.34092e-16,1.98350e-15
189.627,-7.55913e-16,1.97788e-15
189.764,-4.24546e-16,2.53097e-15
189.901,-2.14763e-15,1.95144e-15
190.038,2.01167e-15,2.01686e-15
190.176,3.05836e-15,2.02097e-15
190.313,1.64582e-15,1.97774e-15
190.450,6.84123e-16,1.94982e-15
190.587,1.37474e-15,1.91091e-15
190.725,-7.41710e-17,1.93193e-15
190.862,1.52292e-16,1.89763e-15
190.999,8.38431e-16,1.87527e-15
191.137,-8.45936e-16,1.78055e-15
191.274,-1.53237e-16,1.87952e-15
191.411,-1.28509e-16,1.83051e-15
191.548,3.25895e-16,1.86911e-15
191.686,2.98076e-16,1.71778e-15
191.823,3.15275e-16,1.88963e-15
191.960,4.16878e-16,1.70309e-15
192.098,1.11448e-15,1.69648e-15
192.235,-1.74411e-15,1.68634e-15
192.372,1.26251e-15,1.69340e-15
192.509,2.91972e-17,1.67560e-15
192.647,3.19544e-15,1.73420e-15
192.784,9.42191e-17,1.65938e-15
192.921,1.28741e-15,1.75081e-15
193.059,-1.58569e-15,1.58253e-15
193.196,-4.71035e-17,1.64319e-15
193.333,4.78651e-15,2.11657e-15
193.470,-2.86244e-17,1.58302e-15
193.608,7.53961e-16,1.81512e-15
193.745,5.81955e-16,1.58647e-15
193.882,1.06173e-15,1.59863e-15
194.020,1.79039e-15,1.57287e-15
194.157,-9.23433e-17,1.59539e-15
194.294,5.13916e-15,1.65076e-15
194.432,2.31841e-15,1.56817e-15
194.569,-1.62629e-15,1.51725e-15
194.706,2.93252e-15,1.58855e-15
194.844,9.27847e-16,1.55918e-15
194.981,-1.10921e-15,1.50661e-15
195.118,2.91403e-15,1.59927e-15
195.255,-4.23836e-16,1.52346e-15
195.393,2.15634e-15,1.49266e-15
195.530,4.46372e-15,1.58818e-15
195.667,2.28195e-15,1.46158e-15
195.805,5.77856e-17,1.47816e-15
195.942,2.14310e-15,1.45839e-15
196.079,-1.29807e-15,1.42511e-15
196.217,3.94235e-15,1.44864e-15
196.354,1.95200e-15,1.47682e-15
196.491,1.07046e-15,1.39502e-15
196.629,5.50975e-15,1.45834e-15
196.766,4.69819e-15,1.60422e-15
196.903,-2.34566e-16,1.86720e-15
197.040,-7.47542e-16,1.41419e-15
197.178,3.15770e-15,1.42732e-15
197.315,1.18170e-15,1.34915e-15
197.452,6.28565e-15,1.43317e-15
197.590,2.88371e-15,1.41187e-15
197.727,3.77466e-15,1.43746e-15
197.864,2.91431e-16,1.33486e-15
198.002,1.21165e-15,1.35612e-15
198.139,3.12845e-15,1.34757e-15
198.276,1.77194e-15,1.35214e-15
198.414,2.65007e-15,1.34828e-15
198.551,6.61933e-15,1.35187e-15
198.688,8.62281e-16,1.26093e-15
198.826,3.31933e-15,1.28567e-15
198.963,9.70391e-16,1.26881e-15
199.100,5.32446e-16,1.24612e-15
199.238,4.52007e-16,1.36085e-15
199.375,3.68259e-15,1.47559e-15
199.512,3.37133e-15,1.31060e-15
199.650,2.87508e-15,1.50310e-15
199.787,2.62733e-15,1.24205e-15
199.924,1.31702e-15,1.20119e-15
200.062,2.78229e-15,1.21958e-15
200.199,2.44588e-15,1.21765e-15
200.336,2.14410e-15,1.19107e-15
200.474,4.05363e-15,1.22418e-15
200.611,2.02191e-15,1.18769e-15
200.748,4.77510e-15,1.79961e-15
200.886,3.91613e-15,1.18571e-15
201.023,2.23405e-15,1.14963e-15
201.160,-2.18309e-15,1.15620e-15
201.298,3.23701e-15,1.13952e-15
201.435,2.06135e-15,1.11949e-15
201.572,2.75825e-15,1.14852e-15
201.710,3.55970e-15,1.16263e-15
201.847,2.92372e-15,1.11272e-15
201.984,3.59907e-15,1.12515e-15
202.122,5.50356e-15,1.15491e-15
202.259,8.85940e-16,1.08934e-15
202.396,4.07987e-15,1.20776e-15
202.534,2.72189e-15,1.17121e-15
202.671,4.47699e-15,1.10631e-15
202.809,5.32385e-15,1.12557e-15
202.946,2.79156e-15,1.07416e-15
203.083,3.78749e-15,1.11191e-15
203.220,5.22287e-15,1.08627e-15
203.358,3.62088e-15,1.04947e-15
203.495,3.64905e-15,1.10705e-15
203.633,5.38416e-15,1.12645e-15
203.770,3.71144e-15,1.11460e-15
203.907,2.79866e-15,1.02503e-15
204.045,4.88910e-15,1.03809e-15
204.182,3.81074e-15,1.01581e-15
204.319,2.92509e-15,1.07798e-15
204.457,4.64447e-15,1.04501e-15
204.594,6.74501e-15,1.10863e-15
204.731,4.16540e-15,9.83331e-16
204.869,4.00162e-15,9.85111e-16
205.006,3.73307e-15,9.90441e-16
205.144,3.80920e-15,1.06418e-15
205.281,3.78169e-15,1.01103e-15
205.418,3.87423e-15,9.72998e-16
205.555,3.96073e-15,9.57318e-16
205.693,4.62870e-15,1.08747e-15
205.830,4.85170e-15,9.49054e-16
205.968,4.78503e-15,9.43116e-16
206.105,2.94005e-15,9.28514e-16
206.242,3.93089e-15,9.34548e-16
206.380,4.39702e-15,9.29150e-16
206.517,3.94509e-15,9.18714e-16
206.654,5.54609e-15,1.24633e-15
206.792,3.98134e-15,8.99753e-16
206.929,5.17371e-15,8.97926e-16
207.066,6.15617e-15,9.14477e-16
207.204,5.80024e-15,9.55139e-16
207.341,6.21621e-15,9.05165e-16
207.479,4.56694e-15,8.90678e-16
207.616,4.74133e-15,8.72905e-16
207.753,6.21879e-15,8.87916e-16
207.891,8.76916e-15,9.35785e-16
208.028,6.45699e-15,9.00628e-16
208.165,1.08728e-14,9.32783e-16
208.303,9.84930e-15,9.16215e-16
208.440,1.11445e-14,9.42023e-16
208.578,1.16254e-14,9.49509e-16
208.715,1.23210e-14,9.34801e-16
208.852,1.15791e-14,9.13450e-16
208.990,9.13592e-15,9.24828e-16
209.127,1.27931e-14,9.54569e-16
209.264,1.16373e-14,9.37433e-16
209.402,1.22167e-14,9.20493e-16
209.539,1.27361e-14,9.03957e-16
209.677,1.31488e-14,9.63148e-16
209.814,1.23494e-14,8.87643e-16
209.951,1.35941e-14,9.25703e-16
210.089,1.42276e-14,9.66255e-16
210.226,1.46369e-14,9.23387e-16
210.363,1.44333e-14,8.95738e-16
210.501,1.53646e-14,9.07821e-16
210.638,1.21169e-14,8.70430e-16
210.776,1.27212e-14,8.72393e-16
210.913,1.44213e-14,9.94458e-16
211.050,1.52746e-14,9.55361e-16
211.188,1.27507e-14,9.38027e-16
211.325,1.62495e-14,8.85689e-16
211.462,1.84367e-14,8.98198e-16
211.600,1.85239e-14,8.97712e-16
211.737,1.64557e-14,8.72457e-16
211.875,1.68091e-14,8.70709e-16
212.012,1.68385e-14,8.70885e-16
212.150,1.12896e-14,8.02270e-16
212.287,9.68720e-15,7.76235e-16
212.424,1.23712e-14,8.04337e-16
212.562,1.42703e-14,8.49344e-16
212.699,1.54198e-14,9.76046e-16
212.836,1.59400e-14,8.34614e-16
212.974,1.33802e-14,8.49134e-16
213.111,1.40848e-14,8.04339e-16
213.249,1.36926e-14,8.05679e-16
213.386,1.28405e-14,7.87275e-16
213.523,1.46945e-14,8.20881e-16
213.661,1.38938e-14,8.17115e-16
213.798,1.23145e-14,8.05316e-16
213.936,1.82486e-14,8.54606e-16
214.073,1.81997e-14,8.25851e-16
214.210,1.84655e-14,8.44620e-16
214.348,1.98038e-14,8.36483e-16
214.485,1.53676e-14,8.62101e-16
214.622,1.66789e-14,8.08297e-16
214.760,1.97400e-14,8.34555e-16
214.897,1.80588e-14,8.86575e-16
215.035,1.65474e-14,8.88307e-16
215.172,2.04630e-14,9.47126e-16
215.309,1.82857e-14,8.01364e-16
215.447,1.72362e-14,8.17066e-16
215.584,1.57616e-14,8.22421e-16
215.722,1.45832e-14,8.28882e-16
215.859,1.81329e-14,8.63928e-16
215.996,2.10792e-14,9.68785e-16
216.134,2.15043e-14,8.94369e-16
216.271,1.98162e-14,7.89203e-16
216.409,1.54813e-14,7.44083e-16
216.546,1.35940e-14,7.19534e-16
216.683,1.69716e-14,7.51126e-16
216.821,1.83060e-14,7.67255e-16
216.958,2.12201e-14,7.97537e-16
217.096,2.06557e-14,7.84815e-16
217.233,1.99942e-14,7.92184e-16
217.370,1.84565e-14,7.53730e-16
217.508,1.80406e-14,7.48566e-16
217.645,1.73820e-14,7.44224e-16
217.783,2.29718e-14,1.01097e-15
217.920,2.37772e-14,7.99602e-16
218.057,2.58658e-14,8.14497e-16
218.195,2.42223e-14,7.91285e-16
218.332,2.30832e-14,7.94772e-16
218.470,2.31011e-14,7.79174e-16
218.607,1.80180e-14,7.25468e-16
218.744,2.28524e-14,8.10658e-16
218.882,2.56059e-14,7.95265e-16
219.019,2.22684e-14,7.92884e-16
219.157,2.89735e-14,8.29265e-16
219.294,2.97131e-14,8.28658e-16
219.431,2.49027e-14,7.77687e-16
219.569,2.66682e-14,7.92857e-16
219.706,2.95944e-14,8.12298e-16
219.844,2.57118e-14,7.84641e-16
219.981,2.38325e-14,7.64774e-16
220.118,3.14339e-14,8.23222e-16
220.256,3.25679e-14,8.28991e-16
220.393,3.15259e-14,8.18012e-16
220.531,2.48779e-14,8.43791e-16
220.668,2.18880e-14,7.73555e-16
220.805,2.10733e-14,7.20432e-16
220.943,1.47484e-14,6.52698e-16
221.080,2.24595e-14,8.50918e-16
221.218,2.79629e-14,7.79637e-16
221.355,2.41095e-14,7.33684e-16
221.492,1.65129e-14,6.63256e-16
221.630,1.53811e-14,6.50741e-16
221.767,2.45702e-14,7.52287e-16
221.905,2.81405e-14,8.02979e-16
222.042,2.93926e-14,7.78098e-16
222.179,2.63627e-14,7.45483e-16
222.317,2.84177e-14,7.60113e-16
222.454,2.99817e-14,7.83236e-16
222.592,2.91766e-14,7.62005e-16
222.729,3.22673e-14,7.84711e-16
222.867,3.23319e-14,8.21016e-16
223.004,3.39103e-14,8.07067e-16
223.141,4.27088e-14,8.61080e-16
223.279,4.43742e-14,8.70361e-16
223.416,4.36741e-14,8.68746e-16
223.554,4.10172e-14,8.44527e-16
223.691,3.84207e-14,8.27698e-16
223.828,4.01998e-14,8.63413e-16
223.966,3.70376e-14,8.10216e-16
224.103,3.36347e-14,8.65541e-16
224.241,3.26492e-14,8.03966e-16
224.378,3.73213e-14,8.03081e-16
224.515,4.12926e-14,8.34411e-16
224.653,4.24459e-14,8.39768e-16
224.790,3.42268e-14,8.14172e-16
224.928,3.47084e-14,7.86883e-16
225.065,3.78723e-14,8.21848e-16
225.202,3.29113e-14,7.57935e-16
225.340,3.53759e-14,8.05896e-16
225.477,3.13848e-14,7.77333e-16
225.615,3.08852e-14,7.33586e-16
225.752,3.25790e-14,7.45596e-16
225.889,2.71862e-14,7.01212e-16
226.027,3.11013e-14,7.33873e-16
226.164,3.08814e-14,7.28057e-16
226.302,2.70735e-14,6.98328e-16
226.439,2.60417e-14,6.81276e-16
226.577,2.62112e-14,7.09022e-16
226.714,2.74897e-14,6.96812e-16
226.851,2.74367e-14,7.13665e-16
226.989,3.04957e-14,7.14308e-16
227.126,3.16321e-14,7.35629e-16
227.264,2.94377e-14,7.17812e-16
227.401,3.11691e-14,7.12376e-16
227.538,3.36721e-14,7.28950e-16
227.676,3.69861e-14,7.54370e-16
227.813,3.62295e-14,7.73489e-16
227.951,4.26149e-14,7.91831e-16
228.088,4.80828e-14,8.55747e-16
228.225,4.22326e-14,8.08374e-16
228.363,4.43482e-14,8.01101e-16
228.500,4.15390e-14,7.76300e-16
228.638,3.67873e-14,7.39099e-16
228.775,4.07023e-14,7.77348e-16
228.913,3.82070e-14,7.47189e-16
229.050,4.00648e-14,7.64492e-16
229.187,4.35128e-14,7.83411e-16
229.325,4.31906e-14,8.02194e-16
229.462,4.07790e-14,7.65165e-16
229.600,3.04691e-14,6.81185e-16
229.737,2.75237e-14,6.71735e-16
229.875,2.87982e-14,6.95344e-16
230.012,3.44006e-14,7.01506e-16
230.149,3.51189e-14,7.13671e-16
230.287,3.75195e-14,7.23912e-16
230.424,5.03788e-14,8.14842e-16
230.562,5.03377e-14,8.15023e-16
230.699,4.61464e-14,8.03544e-16
230.836,4.02042e-14,7.36148e-16
230.974,3.01451e-14,6.66241e-16
231.111,2.97683e-14,6.54586e-16
231.249,3.54583e-14,7.27652e-16
231.386,4.54555e-14,8.05944e-16
231.524,4.41864e-14,7.74152e-16
231.661,4.42953e-14,7.56283e-16
231.798,4.01325e-14,7.27249e-16
231.936,3.34661e-14,6.84773e-16
232.073,4.40113e-14,7.53661e-16
232.210,5.70924e-14,8.32894e-16
232.348,4.70393e-14,7.95975e-16
232.485,3.20494e-14,6.61645e-16
232.623,3.32668e-14,6.69820e-16
232.760,4.24665e-14,7.33726e-16
232.898,4.00542e-14,7.23297e-16
233.035,2.85965e-14,6.25273e-16
233.172,2.68525e-14,6.10150e-16
233.310,3.84543e-14,7.09355e-16
233.447,4.71271e-14,7.54237e-16
233.585,3.17607e-14,6.58739e-16
233.722,2.48615e-14,5.94835e-16
233.859,3.43196e-14,6.60356e-16
233.997,3.88220e-14,7.28504e-16
234.134,2.72856e-14,6.79435e-16
234.272,1.60982e-14,5.20887e-16
234.409,2.07289e-14,5.65798e-16
234.547,2.46288e-14,5.80888e-16
234.684,2.32449e-14,5.71866e-16
234.821,3.55134e-14,6.67664e-16
234.959,4.51513e-14,7.28188e-16
235.096,5.23887e-14,7.76510e-16
235.234,4.70044e-14,8.24354e-16
235.371,3.90185e-14,6.81988e-16
235.508,4.78103e-14,7.48617e-16
235.646,4.47188e-14,7.21336e-16
235.783,2.88400e-14,6.07043e-16
235.921,2.78477e-14,6.16443e-16
236.058,3.75370e-14,7.06556e-16
236.196,4.29286e-14,7.14374e-16
236.333,3.01780e-14,7.94803e-16
236.470,3.04134e-14,6.15909e-16
236.608,3.32163e-14,6.43974e-16
236.745,3.89280e-14,6.81630e-16
236.883,4.38805e-14,7.09333e-16
237.020,4.86216e-14,7.34763e-16
237.157,3.74206e-14,6.58980e-16
237.295,2.81602e-14,5.89858e-16
237.432,3.82201e-14,6.68115e-16
237.570,5.14650e-14,7.50835e-16
237.707,3.82523e-14,6.63480e-16
237.844,2.41786e-14,5.56636e-16
237.982,1.50250e-14,4.76425e-16
238.119,1.44804e-14,4.71310e-16
238.257,2.15785e-14,5.37940e-16
238.394,3.46112e-14,6.30893e-16
238.531,3.87457e-14,6.62019e-16
238.669,2.93654e-14,5.95281e-16
238.806,2.94468e-14,6.15584e-16
238.944,4.60569e-14,7.15569e-16
239.081,4.56383e-14,7.00629e-16
239.219,4.02856e-14,6.67675e-16
239.356,2.28248e-14,5.37537e-16
239.493,1.93379e-14,5.08574e-16
239.631,2.99481e-14,5.92407e-16
239.768,2.59160e-14,5.63753e-16
239.905,3.45800e-14,6.26730e-16
240.043,4.07548e-14,6.68490e-16
240.180,3.52398e-14,6.28468e-16
240.318,2.15059e-14,6.54704e-16
240.455,1.93871e-14,5.04677e-16
240.593,2.47963e-14,5.49496e-16
240.730,3.71220e-14,6.39445e-16
240.867,2.93185e-14,5.84602e-16
241.005,2.16270e-14,5.21211e-16
241.142,2.77725e-14,5.70351e-16
241.280,3.53213e-14,6.62484e-16
241.417,4.70650e-14,6.98817e-16
241.554,5.29927e-14,7.40841e-16
241.692,5.61866e-14,7.65031e-16
241.829,6.08372e-14,7.78222e-16
241.967,6.78744e-14,8.22905e-16
242.104,6.97374e-14,8.33739e-16
242.241,5.82010e-14,7.58845e-16
242.379,6.21474e-14,8.23368e-16
242.516,7.35005e-14,8.46798e-16
242.654,7.06727e-14,8.27560e-16
242.791,6.55024e-14,8.27227e-16
242.928,7.28241e-14,8.40339e-16
243.066,6.79829e-14,8.15252e-16
243.203,6.10816e-14,7.80389e-16
243.341,5.49446e-14,7.40535e-16
243.478,5.39803e-14,7.53338e-16
243.615,6.22106e-14,7.88031e-16
243.753,5.70489e-14,7.65771e-16
243.890,6.20426e-14,7.76231e-16
244.028,7.31077e-14,8.30443e-16
244.165,6.75735e-14,8.01371e-16
244.302,6.14519e-14,7.71325e-16
244.440,6.06819e-14,7.68300e-16
244.577,5.61620e-14,7.38495e-16
244.715,5.21062e-14,7.17202e-16
244.852,5.11962e-14,7.09882e-16
244.989,4.68898e-14,6.84885e-16
245.127,4.76360e-14,6.90104e-16
245.264,4.89253e-14,6.94733e-16
245.402,5.32767e-14,7.19167e-16
245.539,5.07365e-14,7.06097e-16
245.676,5.62906e-14,7.36076e-16
245.814,5.01662e-14,6.99833e-16
245.951,4.38570e-14,6.63207e-16
246.089,3.58452e-14,6.14490e-16
246.226,4.30470e-14,6.63188e-16
246.363,5.10242e-14,7.29907e-16
246.501,5.31359e-14,7.19921e-16
246.638,5.61516e-14,7.43736e-16
246.775,5.77321e-14,7.59642e-16
246.913,5.53621e-14,7.67913e-16
247.050,5.40215e-14,7.55908e-16
247.188,4.85161e-14,6.98825e-16
247.325,6.13089e-14,7.63806e-16
247.462,6.19989e-14,7.66119e-16
247.600,5.32374e-14,7.20637e-16
247.737,4.45889e-14,6.61508e-16
247.875,4.11153e-14,6.91318e-16
248.012,4.77776e-14,7.10786e-16
248.149,3.09524e-14,6.14089e-16
248.287,2.88441e-14,5.59739e-16
248.424,4.48897e-14,6.63198e-16
248.562,3.96896e-14,6.49048e-16
248.699,2.72754e-14,5.46124e-16
248.836,2.51407e-14,5.26460e-16
248.974,2.74910e-14,5.42664e-16
249.111,4.23249e-14,6.43415e-16
249.249,5.53677e-14,7.44697e-16
249.386,6.79520e-14,7.85514e-16
249.523,6.51269e-14,7.71047e-16
249.661,6.59282e-14,7.73380e-16
249.798,6.70990e-14,7.77711e-16
249.935,5.76772e-14,7.30084e-16
250.073,5.41998e-14,7.11519e-16
250.210,5.99506e-14,7.43223e-16
250.348,5.43980e-14,7.14271e-16
250.485,3.50186e-14,5.98296e-16
250.622,3.34594e-14,5.87214e-16
250.760,5.08530e-14,7.11151e-16
250.897,4.97778e-14,6.93044e-16
251.034,3.99433e-14,6.44399e-16
251.172,3.63487e-14,6.00356e-16
251.309,2.27271e-14,5.00899e-16
251.447,1.90004e-14,4.79852e-16
251.584,2.20985e-14,4.97722e-16
251.721,2.39455e-14,5.17353e-16
251.859,2.90111e-14,5.55286e-16
251.996,3.38530e-14,5.85330e-16
252.133,2.56334e-14,5.22886e-16
252.271,2.24298e-14,4.98739e-16
252.408,2.88900e-14,5.46679e-16
252.546,3.15193e-14,5.67167e-16
252.683,2.28333e-14,5.00208e-16
252.820,3.05699e-14,5.82191e-16
252.958,5.09063e-14,6.90294e-16
253.095,5.90029e-14,7.49306e-16
253.232,5.73148e-14,7.57999e-16
253.370,5.33118e-14,7.30892e-16
253.507,5.22417e-14,6.99685e-16
253.645,5.93595e-14,7.30647e-16
253.782,5.88466e-14,7.24375e-16
253.919,6.46178e-14,7.57820e-16
254.057,6.89358e-14,7.74961e-16
254.194,8.18016e-14,8.35471e-16
254.331,7.39392e-14,7.98306e-16
254.469,5.88499e-14,7.24590e-16
254.606,6.20704e-14,7.38460e-16
254.743,5.66359e-14,7.44353e-16
254.881,6.78453e-14,7.66751e-16
255.018,1.06388e-13,9.40680e-16
255.155,1.04046e-13,9.42783e-16
255.293,1.14984e-13,9.74278e-16
255.430,1.05810e-13,9.36144e-16
255.568,1.00601e-13,9.16350e-16
255.705,1.14571e-13,9.71619e-16
255.842,1.16316e-13,9.80767e-16
255.980,1.09017e-13,9.47284e-16
256.117,7.59436e-14,8.07964e-16
256.254,8.59204e-14,8.61459e-16
256.392,1.21033e-13,9.89992e-16
256.529,1.28788e-13,1.12644e-15
256.667,1.22476e-13,1.11918e-15
256.804,1.39143e-13,1.05871e-15
256.941,1.48918e-13,1.10053e-15
257.079,1.45854e-13,1.08269e-15
257.216,1.49716e-13,1.09866e-15
257.353,1.20303e-13,9.86875e-16
257.491,9.42393e-14,8.83636e-16
257.628,1.21302e-13,1.10185e-15
257.765,1.50722e-13,1.24233e-15
257.903,1.59115e-13,1.17195e-15
258.040,1.61005e-13,1.13236e-15
258.177,1.22652e-13,1.00018e-15
258.315,1.04879e-13,9.43447e-16
258.452,6.75634e-14,7.66892e-16
258.589,1.05715e-13,1.02119e-15
258.727,1.56824e-13,1.15276e-15
258.864,1.81718e-13,1.21156e-15
259.001,1.36082e-13,1.05925e-15
259.139,1.25036e-13,1.06174e-15
259.276,1.07299e-13,9.39917e-16
259.414,1.24966e-13,1.01060e-15
259.551,9.65406e-14,8.91194e-16
259.688,4.88394e-14,6.57955e-16
259.826,3.76638e-14,6.57068e-16
259.963,7.96623e-14,9.06926e-16
260.100,1.27472e-13,1.03141e-15
260.237,1.27449e-13,1.02613e-15
260.375,9.80720e-14,8.91849e-16
260.512,6.03128e-14,7.18659e-16
260.650,6.65426e-14,7.46471e-16
260.787,9.41023e-14,8.75496e-16
260.924,8.61772e-14,8.37660e-16
261.061,4.89589e-14,6.64151e-16
261.199,5.49945e-14,6.88225e-16
261.336,8.03769e-14,8.12557e-16
261.474,1.17052e-13,9.72536e-16
261.611,9.20664e-14,8.79467e-16
261.748,1.06177e-13,9.18699e-16
261.885,1.27385e-13,9.98643e-16
262.023,1.13201e-13,9.47798e-16
262.160,1.29745e-13,1.00798e-15
262.298,1.25204e-13,1.08148e-15
262.435,8.27664e-14,8.17758e-16
262.572,8.19732e-14,8.62480e-16
262.710,7.20720e-14,7.73367e-16
262.847,7.76995e-14,8.35286e-16
262.984,6.04506e-14,7.22809e-16
263.122,9.75392e-14,8.85262e-16
263.259,1.79961e-13,1.17396e-15
263.396,2.15304e-13,1.27163e-15
263.533,2.32357e-13,1.44779e-15
263.671,2.58475e-13,1.52906e-15
263.808,2.56508e-13,1.39732e-15
263.945,2.47847e-13,1.36630e-15
264.083,2.66949e-13,1.47295e-15
264.220,2.89839e-13,1.72851e-15
264.357,2.64262e-13,1.40344e-15
264.495,2.39298e-13,1.33727e-15
264.632,2.41590e-13,1.34598e-15
264.769,2.25386e-13,1.31189e-15
264.907,2.35616e-13,1.32632e-15
265.044,2.38151e-13,1.33825e-15
265.181,2.65269e-13,1.40605e-15
265.319,2.91643e-13,1.47216e-15
265.456,2.98698e-13,1.49202e-15
265.593,2.81250e-13,1.45624e-15
265.730,2.64493e-13,1.42478e-15
265.868,2.67677e-13,1.43209e-15
266.005,2.53517e-13,1.36723e-15
266.142,2.47201e-13,1.35488e-15
266.280,2.31232e-13,1.42489e-15
266.417,2.57239e-13,1.44682e-15
266.554,2.28918e-13,1.30768e-15
266.692,2.51216e-13,1.36409e-15
266.829,2.48463e-13,1.35214e-15
266.966,2.67889e-13,1.40224e-15
267.103,2.34135e-13,1.31112e-15
267.241,2.59949e-13,1.42635e-15
267.378,3.02399e-13,1.66366e-15
267.515,2.75738e-13,1.41687e-15
267.653,2.31489e-13,1.30165e-15
267.790,2.10642e-13,1.24314e-15
267.927,2.38790e-13,1.32186e-15
268.065,2.65793e-13,1.39807e-15
268.202,2.62550e-13,1.38591e-15
268.339,2.44106e-13,1.33298e-15
268.477,2.54576e-13,1.35790e-15
268.614,2.56836e-13,1.36779e-15
268.751,2.42579e-13,1.32969e-15
268.888,2.17353e-13,1.26428e-15
269.026,2.26718e-13,1.28387e-15
269.163,2.36153e-13,1.30371e-15
269.300,2.39023e-13,1.32142e-15
269.438,2.15285e-13,1.29329e-15
269.575,2.24200e-13,1.26832e-15
269.712,2.30550e-13,1.31613e-15
269.849,2.77471e-13,1.40733e-15
269.987,2.69369e-13,1.38413e-15
270.124,2.51134e-13,1.33621e-15
270.261,2.87243e-13,1.45713e-15
270.398,2.77369e-13,1.40108e-15
270.536,2.32306e-13,1.28650e-15
270.673,2.49147e-13,1.33067e-15
270.810,2.51230e-13,1.33039e-15
270.948,2.52906e-13,1.33904e-15
271.085,2.46800e-13,1.49173e-15
271.222,2.56537e-13,1.35374e-15
271.359,1.99580e-13,1.19241e-15
271.497,2.17915e-13,1.24314e-15
271.634,2.20925e-13,1.26223e-15
271.771,1.53498e-13,1.07228e-15
271.909,1.42258e-13,1.09219e-15
272.046,1.72210e-13,1.10310e-15
272.183,1.98771e-13,1.18378e-15
272.320,2.01197e-13,1.18812e-15
272.457,2.10551e-13,1.21062e-15
272.595,2.11302e-13,1.22657e-15
272.732,2.35376e-13,1.28146e-15
272.869,2.77629e-13,1.38801e-15
273.007,2.46153e-13,1.30271e-15
273.144,2.36788e-13,1.27811e-15
273.281,2.07353e-13,1.23166e-15
273.418,2.18764e-13,1.26039e-15
273.556,1.78039e-13,1.14262e-15
273.693,1.52274e-13,1.02835e-15
273.830,1.39164e-13,9.90015e-16
273.967,1.51067e-13,1.02913e-15
274.105,1.37734e-13,9.79255e-16
274.242,1.14271e-13,9.00302e-16
274.379,1.58991e-13,1.04882e-15
274.516,1.33098e-13,9.61033e-16
274.654,1.21046e-13,9.32764e-16
274.791,1.20701e-13,1.03239e-15
274.928,1.26296e-13,1.05918e-15
275.065,2.02838e-13,1.21251e-15
275.203,2.19884e-13,1.23588e-15
275.340,1.65381e-13,1.06250e-15
275.477,1.23344e-13,9.21468e-16
275.614,1.74867e-13,1.08514e-15
275.752,2.54203e-13,1.29616e-15
275.889,2.41547e-13,1.26365e-15
276.026,2.17978e-13,1.19894e-15
276.163,1.96065e-13,1.16073e-15
276.300,2.31055e-13,1.23284e-15
276.438,2.46339e-13,1.27068e-15
276.575,2.19770e-13,1.20225e-15
276.712,2.10157e-13,1.17091e-15
276.850,2.05067e-13,1.18662e-15
276.987,2.32989e-13,1.23101e-15
277.124,2.26131e-13,1.22934e-15
277.261,2.39211e-13,1.26724e-15
277.398,2.16367e-13,1.18059e-15
277.536,1.88429e-13,1.11015e-15
277.673,1.63523e-13,1.02967e-15
277.810,1.43360e-13,9.68120e-16
277.947,1.38858e-13,9.52000e-16
278.085,1.38777e-13,9.48760e-16
278.222,1.26707e-13,9.09587e-16
278.359,1.20467e-13,8.90601e-16
278.496,1.10512e-13,8.52942e-16
278.633,9.02810e-14,8.04091e-16
278.771,6.86498e-14,6.82151e-16
278.908,5.48495e-14,6.18258e-16
279.045,4.41090e-14,5.74071e-16
279.182,3.34653e-14,5.02913e-16
279.320,2.81716e-14,4.69723e-16
279.457,3.80220e-14,5.44568e-16
279.594,3.21103e-14,4.95052e-16
279.731,3.02123e-14,4.89331e-16
279.868,3.35503e-14,5.06435e-16
280.005,3.18325e-14,4.91409e-16
280.143,3.40821e-14,5.03851e-16
280.280,3.69169e-14,5.26461e-16
280.417,4.21337e-14,5.67512e-16
280.554,5.48412e-14,6.53966e-16
280.691,7.35001e-14,6.97769e-16
280.829,9.05637e-14,7.62443e-16
280.966,9.82340e-14,8.08404e-16
281.103,1.04480e-13,8.93064e-16
281.240,1.29365e-13,9.51096e-16
281.378,1.67991e-13,1.01038e-15
281.515,1.71157e-13,1.10865e-15
281.652,1.84885e-13,1.08323e-15
281.789,2.02598e-13,1.10494e-15
281.926,2.10018e-13,1.11940e-15
282.064,2.21997e-13,1.24148e-15
282.201,2.43151e-13,1.22765e-15
282.338,2.69604e-13,1.27354e-15
282.475,2.39439e-13,1.18850e-15
282.612,2.65085e-13,1.24717e-15
282.749,2.59084e-13,1.23318e-15
282.887,2.64546e-13,1.24309e-15
283.024,2.86447e-13,1.29426e-15
283.161,2.78954e-13,1.28686e-15
283.298,2.66461e-13,1.24512e-15
283.435,2.35624e-13,1.16931e-15
283.573,2.65100e-13,1.33519e-15
283.710,2.88048e-13,1.39158e-15
283.847,2.62481e-13,1.23280e-15
283.984,2.50321e-13,1.20555e-15
284.121,2.53248e-13,1.20751e-15
284.258,2.17169e-13,1.11754e-15
284.396,2.35732e-13,1.16097e-15
284.533,2.02068e-13,1.09991e-15
284.670,1.51487e-13,1.00938e-15
284.807,9.26563e-14,7.43461e-16
284.944,5.21922e-14,5.74644e-16
285.081,3.35487e-14,4.78202e-16
285.219,4.63343e-14,5.49735e-16
285.356,8.04199e-14,7.51078e-16
285.493,1.30483e-13,9.35419e-16
285.630,1.88129e-13,1.03200e-15
285.767,2.26354e-13,1.12638e-15
285.904,2.84301e-13,1.25385e-15
286.041,2.83791e-13,1.25226e-15
286.178,3.01789e-13,1.28852e-15
286.316,3.23411e-13,1.33848e-15
286.453,3.07662e-13,1.29656e-15
286.590,3.02212e-13,1.28342e-15
286.727,2.97705e-13,1.30016e-15
286.864,3.13743e-13,1.33225e-15
287.001,3.63205e-13,1.40331e-15
287.139,3.75612e-13,1.41985e-15
287.276,3.44222e-13,1.36300e-15
287.413,3.15015e-13,1.30097e-15
287.550,2.74772e-13,1.21997e-15
287.687,2.82390e-13,1.31234e-15
287.824,2.30287e-13,1.10986e-15
287.961,1.59758e-13,9.30237e-16
288.099,1.37163e-13,8.64654e-16
288.236,2.46152e-13,1.14562e-15
288.373,3.42621e-13,1.42487e-15
288.510,3.59915e-13,1.37066e-15
288.647,3.57139e-13,1.36308e-15
288.784,3.45680e-13,1.33860e-15
288.921,3.30211e-13,1.30478e-15
289.058,3.40350e-13,1.43491e-15
289.195,3.21653e-13,1.39102e-15
289.333,3.51546e-13,1.45740e-15
289.470,4.03323e-13,1.43559e-15
289.607,4.22061e-13,1.46044e-15
289.744,4.23576e-13,1.45975e-15
289.881,4.70021e-13,1.66485e-15
290.018,4.56189e-13,1.50845e-15
290.155,4.77241e-13,1.66952e-15
290.293,4.79510e-13,1.67324e-15
290.430,4.87622e-13,1.55010e-15
290.567,4.63747e-13,1.50874e-15
290.704,4.07642e-13,1.46356e-15
290.841,4.02123e-13,1.52081e-15
290.978,4.34682e-13,1.45767e-15
291.115,4.86094e-13,1.59143e-15
291.252,4.77989e-13,1.64811e-15
291.389,4.62412e-13,1.64791e-15
291.526,4.45500e-13,1.60036e-15
291.664,4.27389e-13,1.48190e-15
291.801,4.38561e-13,1.55642e-15
291.938,4.69226e-13,1.61460e-15
292.075,4.61307e-13,1.89247e-15
292.212,4.24318e-13,1.68225e-15
292.349,3.89565e-13,1.45086e-15
292.486,3.74988e-13,1.43759e-15
292.623,3.93530e-13,1.59532e-15
292.760,3.67142e-13,1.40229e-15
292.897,4.67416e-13,1.76192e-15
293.034,5.13614e-13,1.71833e-15
293.172,5.16704e-13,1.66342e-15
293.309,4.96796e-13,1.50823e-15
293.446,4.91738e-13,1.49706e-15
293.583,3.54937e-13,1.27366e-15
293.720,4.07234e-13,1.36217e-15
293.857,4.59847e-13,1.56513e-15
293.994,4.36897e-13,1.40492e-15
294.131,4.84910e-13,1.47573e-15
294.268,4.70340e-13,1.58418e-15
294.405,4.24179e-13,1.49742e-15
294.542,4.42356e-13,1.43097e-15
294.679,3.24115e-13,1.20509e-15
294.816,3.76288e-13,1.39206e-15
294.953,4.47251e-13,1.52751e-15
295.090,4.60870e-13,1.68071e-15
295.227,4.23012e-13,1.36778e-15
295.365,4.54199e-13,1.41008e-15
295.502,4.81460e-13,1.58429e-15
295.639,4.51280e-13,1.67557e-15
295.776,5.14482e-13,1.60273e-15
295.913,4.61331e-13,1.41499e-15
296.050,4.79001e-13,1.72859e-15
296.187,5.04115e-13,1.59982e-15
296.324,4.17532e-13,1.44768e-15
296.461,3.35271e-13,1.19672e-15
296.598,3.18683e-13,1.39675e-15
296.735,3.86937e-13,1.52203e-15
296.872,3.33461e-13,1.21967e-15
297.009,4.10423e-13,1.47114e-15
297.146,4.12147e-13,1.41421e-15
297.283,4.56389e-13,1.65414e-15
297.420,5.12431e-13,1.58827e-15
297.557,5.52834e-13,1.64247e-15
297.694,5.55395e-13,1.72739e-15
297.831,4.65693e-13,1.40753e-15
297.968,4.04369e-13,1.29587e-15
298.105,3.84957e-13,1.39835e-15
298.242,3.27867e-13,1.25412e-15
298.379,3.31872e-13,1.25854e-15
298.517,3.86927e-13,1.35132e-15
298.654,4.17633e-13,1.35743e-15
298.790,4.98440e-13,1.70943e-15
298.927,5.55415e-13,1.90190e-15
299.065,5.34916e-13,1.74571e-15
299.201,5.05908e-13,1.54079e-15
299.339,4.00615e-13,1.27653e-15
299.476,4.98602e-13,1.68983e-15
299.613,5.71717e-13,1.80837e-15
299.750,4.84646e-13,1.50036e-15
299.887,3.59839e-13,1.30003e-15
300.024,3.45342e-13,1.45305e-15
300.161,3.54251e-13,1.41637e-15
300.298,4.62400e-13,1.48367e-15
300.435,5.22650e-13,1.71670e-15
300.572,4.60287e-13,1.44965e-15
300.709,4.19277e-13,1.38660e-15
300.846,4.95628e-13,1.71697e-15
300.983,5.96964e-13,1.86503e-15
301.120,5.26844e-13,1.47694e-15
301.257,4.90475e-13,1.38315e-15
301.393,4.98487e-13,1.51791e-15
301.530,4.89220e-13,1.50225e-15
301.668,4.13230e-13,1.37499e-15
301.805,3.63787e-13,1.29864e-15
301.941,2.61758e-13,1.08674e-15
302.078,3.99789e-13,1.52049e-15
302.215,5.64341e-13,1.77812e-15
302.352,5.20893e-13,1.53634e-15
302.489,4.68793e-13,1.60145e-15
302.626,6.01214e-13,1.81112e-15
302.763,5.87855e-13,1.71558e-15
302.900,5.23103e-13,1.53768e-15
303.037,5.17999e-13,1.52428e-15
303.174,6.05664e-13,1.83604e-15
303.311,5.98702e-13,1.80394e-15
303.448,6.33504e-13,1.99954e-15
303.585,4.88083e-13,1.55921e-15
303.722,4.82500e-13,1.66355e-15
303.859,5.65066e-13,1.57383e-15
303.996,5.02545e-13,1.48320e-15
304.133,5.12855e-13,1.49760e-15
304.270,5.84362e-13,1.60745e-15
304.407,6.03536e-13,1.79533e-15
304.544,5.68788e-13,1.73606e-15
304.681,4.71428e-13,1.62108e-15
304.818,5.99275e-13,1.69014e-15
304.955,6.08874e-13,1.89610e-15
305.092,6.93708e-13,1.74950e-15
305.228,5.98220e-13,1.79068e-15
305.366,5.42679e-13,1.70505e-15
305.502,5.51896e-13,1.61148e-15
305.639,4.14959e-13,1.33476e-15
305.847,4.72846e-13,6.37524e-15
306.122,4.20848e-13,6.04975e-15
306.396,4.63914e-13,6.23129e-15
306.671,5.09046e-13,6.44397e-15
306.945,5.45483e-13,6.57580e-15
307.220,5.57594e-13,6.59139e-15
307.495,5.57796e-13,6.55977e-15
307.770,5.52582e-13,6.49967e-15
308.044,5.62909e-13,6.52943e-15
308.319,4.91833e-13,6.13463e-15
308.594,4.46483e-13,5.87497e-15
308.868,4.28839e-13,5.75544e-15
309.143,4.55259e-13,5.85467e-15
309.418,4.28460e-13,5.70366e-15
309.692,4.29650e-13,5.69801e-15
309.967,5.70357e-13,6.42407e-15
310.242,6.15303e-13,6.62739e-15
310.516,6.41617e-13,6.70649e-15
310.791,6.45366e-13,6.73509e-15
311.066,6.37410e-13,6.66402e-15
311.340,5.32989e-13,6.14126e-15
311.615,4.94765e-13,5.98129e-15
311.890,5.14775e-13,6.00816e-15
312.164,5.18475e-13,5.99919e-15
312.439,5.12944e-13,5.95434e-15
312.714,5.49387e-13,6.11543e-15
312.989,5.44042e-13,6.06971e-15
313.263,5.73563e-13,6.18803e-15
313.538,6.04651e-13,6.31680e-15
313.813,5.28852e-13,5.95054e-15
314.087,7.45847e-13,7.01226e-12
314.362,5.28914e-13,5.87193e-15
314.637,6.07207e-13,6.23726e-15
314.912,5.74745e-13,6.05052e-15
315.186,4.87561e-13,5.60524e-15
315.461,4.09788e-13,5.17548e-15
315.736,4.46131e-13,5.34506e-15
316.010,5.17572e-13,5.69652e-15
316.285,5.67095e-13,5.88350e-15
316.560,6.13233e-13,6.07673e-15
316.835,7.06862e-13,6.43885e-15
317.109,6.90820e-13,6.35560e-15
317.384,6.26606e-13,6.04497e-15
317.659,5.12893e-13,5.51298e-15
317.934,5.08316e-13,5.48135e-15
318.208,5.48076e-13,5.63362e-15
318.483,6.14680e-13,5.90298e-15
318.758,5.26803e-13,5.48406e-15
319.033,5.53526e-13,5.57815e-15
319.307,6.37731e-13,5.93996e-15
319.582,6.91656e-13,6.12511e-15
319.857,7.05766e-13,6.15633e-15
320.132,7.32691e-13,6.23314e-15
320.406,6.91604e-13,6.03370e-15
320.681,5.92748e-13,5.59669e-15
320.956,5.55233e-13,5.42223e-15
321.230,6.38494e-13,5.75827e-15
321.505,6.88653e-13,5.94104e-15
321.780,6.69982e-13,5.84130e-15
322.055,6.32572e-13,5.67995e-15
322.329,5.90136e-13,5.47547e-15
322.604,5.81117e-13,5.41289e-15
322.879,5.89639e-13,5.44440e-15
323.154,5.69473e-13,5.34195e-15
323.429,6.25007e-13,5.57198e-15
323.703,6.88856e-13,5.80099e-15
323.978,7.26917e-13,5.93851e-15
324.253,7.49289e-13,5.99785e-15
324.528,7.07642e-13,5.81607e-15
324.802,7.05484e-13,5.79897e-15
325.077,7.80406e-13,6.07123e-15
325.352,8.56778e-13,6.30317e-15
325.627,9.04968e-13,6.44641e-15
325.901,8.45360e-13,6.22618e-15
326.176,8.51323e-13,6.21934e-15
326.451,8.79917e-13,6.32867e-15
326.726,8.39270e-13,6.17174e-15
327.001,8.30712e-13,6.12642e-15
327.275,8.12722e-13,6.04229e-15
327.550,8.11236e-13,6.03218e-15
327.825,8.30215e-13,6.06983e-15
328.100,8.40626e-13,6.09966e-15
328.375,8.07572e-13,5.95350e-15
328.649,9.00140e-13,6.24091e-15
328.924,9.83679e-13,6.50051e-15
329.199,9.84905e-13,6.48575e-15
329.474,9.73843e-13,6.43516e-15
329.749,9.38804e-13,6.30487e-15
330.023,8.93107e-13,6.14667e-15
330.298,8.69439e-13,6.05485e-15
330.573,8.93854e-13,6.11790e-15
330.848,8.86122e-13,6.07428e-15
331.122,8.91983e-13,6.07882e-15
331.397,9.06626e-13,6.12793e-15
331.672,8.71841e-13,5.99120e-15
331.947,8.25017e-13,5.82242e-15
332.222,8.85764e-13,6.00478e-15
332.497,8.67381e-13,5.93484e-15
332.771,8.91429e-13,5.99906e-15
333.046,8.39909e-13,5.83188e-15
333.321,8.26395e-13,5.75152e-15
333.596,8.51406e-13,5.82479e-15
333.871,8.59446e-13,5.82530e-15
334.145,9.14350e-13,5.98565e-15
334.420,8.31498e-13,5.71730e-15
334.695,8.37566e-13,5.72394e-15
334.970,9.10754e-13,5.92329e-15
335.245,9.12315e-13,5.90563e-15
335.520,7.15774e-13,5.25792e-15
335.794,6.75083e-13,5.13802e-15
336.069,8.60264e-13,5.69478e-15
336.344,8.39225e-13,5.61829e-15
336.619,7.55059e-13,5.33483e-15
336.894,7.42625e-13,5.28601e-15
337.168,8.98866e-13,5.77267e-15
337.443,8.83947e-13,5.70528e-15
337.718,8.15973e-13,5.49729e-15
337.993,8.49950e-13,5.57350e-15
338.268,9.22950e-13,5.78992e-15
338.543,9.15161e-13,5.76133e-15
338.817,8.77899e-13,5.60823e-15
339.092,8.88641e-13,5.61702e-15
339.367,1.01869e-12,5.98451e-15
339.642,1.03416e-12,6.01131e-15
339.917,9.92115e-13,5.88291e-15
340.192,9.50169e-13,5.77619e-15
340.466,9.37621e-13,5.71710e-15
340.741,9.33345e-13,5.66997e-15
341.016,9.04812e-13,5.58716e-15
341.291,9.43173e-13,5.66988e-15
341.566,1.01723e-12,5.86285e-15
341.841,1.01086e-12,5.84085e-15
342.116,1.00381e-12,5.79993e-15
342.390,1.02260e-12,5.85344e-15
342.665,1.07848e-12,5.99447e-15
342.940,1.01689e-12,5.83262e-15
343.215,1.02800e-12,5.82353e-15
343.490,9.24972e-13,5.52685e-15
343.765,8.08288e-13,5.17435e-15
344.039,8.34204e-13,5.24715e-15
344.314,9.43449e-13,5.55104e-15
344.589,1.02400e-12,5.76228e-15
344.864,1.00217e-12,5.69429e-15
345.139,1.02054e-12,5.72062e-15
345.414,9.95401e-13,5.65824e-15
345.689,9.42271e-13,5.49662e-15
345.964,9.94907e-13,5.62938e-15
346.238,1.00084e-12,5.62368e-15
346.513,1.04221e-12,5.72681e-15
346.788,1.03438e-12,5.69439e-15
347.063,9.06826e-13,5.34296e-15
347.338,8.76502e-13,5.25455e-15
347.613,9.81801e-13,5.52206e-15
347.888,1.01288e-12,5.61051e-15
348.162,1.03150e-12,5.65100e-15
348.437,1.04687e-12,5.69204e-15
348.712,9.51291e-13,5.42109e-15
348.987,9.35272e-13,5.36198e-15
349.262,9.08749e-13,5.28559e-15
349.537,1.00660e-12,5.55291e-15
349.812,1.07591e-12,5.72363e-15
350.086,1.07004e-12,5.70849e-15
350.361,1.04340e-12,5.61152e-15
350.636,1.02511e-12,5.56238e-15
350.911,9.94557e-13,5.47438e-15
351.186,1.00240e-12,5.50420e-15
351.461,1.08676e-12,5.72031e-15
351.736,9.87559e-13,5.44365e-15
352.011,9.16018e-13,5.24640e-15
352.285,8.89678e-13,5.17450e-15
352.560,1.03344e-12,5.56495e-15
352.835,1.07944e-12,5.65599e-15
353.110,1.11794e-12,5.76323e-15
353.385,1.13828e-12,5.81904e-15
353.660,1.16597e-12,5.86730e-15
353.935,1.15714e-12,5.82651e-15
354.210,1.16223e-12,5.83722e-15
354.485,1.15774e-12,5.82749e-15
354.759,1.15538e-12,5.81663e-15
355.034,1.09969e-12,5.67181e-15
355.309,1.12500e-12,5.72988e-15
355.584,1.12941e-12,5.74981e-15
355.859,1.12013e-12,5.69766e-15
356.134,1.02030e-12,5.44172e-15
356.409,9.38974e-13,5.22275e-15
356.684,9.13384e-13,5.15504e-15
356.959,9.79868e-13,5.31580e-15
357.233,1.00539e-12,5.37838e-15
357.508,1.00191e-12,5.37357e-15
357.783,8.92557e-13,5.07210e-15
358.058,9.22546e-13,5.12457e-15
358.333,8.66945e-13,4.98215e-15
358.608,9.49453e-13,5.18887e-15
358.883,1.08206e-12,5.52780e-15
359.158,1.12053e-12,5.61973e-15
359.433,1.17752e-12,5.75419e-15
359.708,1.17130e-12,5.73141e-15
359.982,1.06954e-12,5.46954e-15
360.257,1.05892e-12,5.46271e-15
360.532,9.99331e-13,5.30121e-15
360.807,1.00386e-12,5.29755e-15
361.082,1.04270e-12,5.38756e-15
361.357,1.04040e-12,5.38076e-15
361.632,9.57264e-13,5.16524e-15
361.907,1.08942e-12,5.48420e-15
362.182,1.15414e-12,5.61014e-15
362.457,1.17351e-12,5.66388e-15
362.732,1.03064e-12,5.32366e-15
363.006,9.72426e-13,5.14670e-15
363.281,1.01842e-12,5.23779e-15
363.556,1.12639e-12,5.49192e-15
363.831,1.13327e-12,5.54242e-15
364.106,1.03871e-12,5.31231e-15
364.381,1.02750e-12,5.27390e-15
364.656,1.06593e-12,5.35883e-15
364.931,1.15083e-12,5.56859e-15
365.206,1.19704e-12,5.66698e-15
365.480,1.24138e-12,5.74314e-15
365.755,1.22199e-12,5.69260e-15
366.030,1.19969e-12,5.62974e-15
366.305,1.20521e-12,5.64327e-15
366.580,1.15352e-12,5.50312e-15
366.855,1.19651e-12,5.58477e-15
367.130,1.22563e-12,5.65748e-15
367.405,1.17532e-12,5.53598e-15
367.680,1.12912e-12,5.40855e-15
367.955,1.16089e-12,5.47899e-15
368.230,1.14431e-12,5.40529e-15
368.505,1.13703e-12,5.39076e-15
368.779,1.23372e-12,5.59534e-15
369.054,1.24594e-12,5.61238e-15
369.329,1.26994e-12,5.65159e-15
369.604,1.32212e-12,5.75532e-15
369.879,1.31259e-12,5.71095e-15
370.154,1.10790e-12,5.22514e-15
370.429,1.10007e-12,5.20658e-15
370.704,1.15961e-12,5.30227e-15
370.979,1.29457e-12,5.60079e-15
371.254,1.37254e-12,5.73311e-15
371.529,1.22568e-12,5.41109e-15
371.804,9.98006e-13,4.88500e-15
372.078,1.14906e-12,5.20974e-15
372.353,1.27018e-12,5.40549e-15
372.628,1.26129e-12,5.37304e-15
372.903,1.11613e-12,5.04677e-15
373.178,9.22144e-13,4.59166e-15
373.453,1.02686e-12,4.82690e-15
373.728,1.24611e-12,5.28493e-15
374.003,1.21333e-12,5.19218e-15
374.278,1.05798e-12,4.85127e-15
374.553,9.66762e-13,4.62910e-15
374.828,1.10947e-12,4.93467e-15
375.103,1.33629e-12,5.38620e-15
375.378,1.30789e-12,5.30832e-15
375.652,1.17771e-12,5.04929e-15
375.927,1.28667e-12,5.24070e-15
376.202,1.33127e-12,5.30687e-15
376.477,1.28141e-12,5.19959e-15
376.752,1.27535e-12,5.21208e-15
377.027,1.38403e-12,5.35761e-15
377.302,1.42325e-12,5.41767e-15
377.577,1.47956e-12,5.50228e-15
377.852,1.54116e-12,5.59945e-15
378.127,1.52287e-12,5.55163e-15
378.402,1.38688e-12,5.29033e-15
378.677,1.33740e-12,5.20438e-15
378.951,1.35052e-12,5.18849e-15
379.227,1.25247e-12,4.97202e-15
379.501,1.18606e-12,4.83579e-15
379.776,1.36197e-12,5.15765e-15
380.051,1.53551e-12,5.45930e-15
380.326,1.50385e-12,5.39154e-15
380.601,1.50455e-12,5.36506e-15
380.876,1.49253e-12,5.33747e-15
381.151,1.32967e-12,5.02425e-15
381.426,1.31924e-12,5.00094e-15
381.701,1.24069e-12,4.83225e-15
381.976,1.25719e-12,4.85944e-15
382.251,1.13749e-12,4.61767e-15
382.526,1.12873e-12,4.58573e-15
382.800,1.10042e-12,4.51690e-15
383.075,9.89512e-13,4.26787e-15
383.350,1.01840e-12,4.31150e-15
383.625,1.07401e-12,4.42015e-15
383.900,1.26641e-12,4.77706e-15
384.175,1.43275e-12,5.06903e-15
384.450,1.46911e-12,5.09618e-15
384.725,1.44487e-12,5.05144e-15
385.000,1.47151e-12,5.09520e-15
385.275,1.40803e-12,4.96106e-15
385.550,1.29792e-12,4.75304e-15
385.825,1.34156e-12,4.80384e-15
386.100,1.50726e-12,5.08596e-15
386.375,1.50854e-12,5.08429e-15
386.649,1.44771e-12,4.96939e-15
386.924,1.25079e-12,4.59684e-15
387.199,1.30703e-12,4.68440e-15
387.474,1.29798e-12,4.66642e-15
387.749,1.35602e-12,4.75824e-15
388.024,1.32144e-12,4.68193e-15
388.299,1.21672e-12,4.49081e-15
388.574,1.15456e-12,4.36463e-15
388.849,1.26726e-12,4.55439e-15
389.124,1.31807e-12,4.63226e-15
389.399,1.35692e-12,4.67460e-15
389.674,1.36628e-12,4.68893e-15
389.949,1.35458e-12,4.66385e-15
390.224,1.30989e-12,4.58152e-15
390.498,1.36578e-12,4.65384e-15
390.773,1.44530e-12,4.77063e-15
391.048,1.44592e-12,4.77833e-15
391.323,1.39559e-12,4.68761e-15
391.598,1.31315e-12,4.53667e-15
391.873,1.20623e-12,4.33741e-15
392.148,1.15668e-12,4.23733e-15
392.423,9.07774e-13,3.74046e-15
392.698,5.66226e-13,2.97814e-15
392.973,3.51717e-13,2.37335e-15
393.248,3.89588e-13,2.48495e-15
393.523,6.64611e-13,3.20181e-15
393.798,9.55277e-13,3.80958e-15
394.072,1.11443e-12,4.10955e-15
394.347,1.26492e-12,4.36872e-15
394.622,1.32799e-12,4.44279e-15
394.897,1.39072e-12,4.53345e-15
395.172,1.41311e-12,4.54903e-15
395.447,1.37348e-12,4.47041e-15
395.722,1.28760e-12,4.32631e-15
395.997,9.75478e-13,3.76844e-15
396.272,6.48125e-13,3.07940e-15
396.547,4.23424e-13,2.51150e-15
396.822,5.93737e-13,2.94557e-15
397.096,9.65127e-13,3.72053e-15
397.371,1.28736e-12,4.27618e-15
397.646,1.49466e-12,4.60487e-15
397.921,1.53615e-12,4.65368e-15
398.196,1.57932e-12,4.71069e-15
398.471,1.64692e-12,4.80095e-15
398.746,1.69180e-12,4.86226e-15
399.021,1.71796e-12,4.88464e-15
399.296,1.65800e-12,4.79806e-15
399.571,1.65988e-12,4.80009e-15
399.846,1.71297e-12,4.86437e-15
400.121,1.71779e-12,4.85895e-15
400.396,1.66690e-12,4.78287e-15
400.670,1.77167e-12,4.93114e-15
400.945,1.80658e-12,4.97194e-15
401.220,1.80154e-12,4.95785e-15
401.495,1.78373e-12,4.90510e-15
401.770,1.79815e-12,4.93142e-15
402.045,1.78359e-12,4.89769e-15
402.320,1.81831e-12,4.94352e-15
402.595,1.80235e-12,4.91687e-15
402.870,1.70538e-12,4.77124e-15
403.145,1.71590e-12,4.78123e-15
403.420,1.83215e-12,4.94080e-15
403.695,1.85315e-12,4.95349e-15
403.969,1.79826e-12,4.86860e-15
404.244,1.66159e-12,4.67526e-15
404.519,1.76870e-12,4.81962e-15
404.794,1.83106e-12,4.89787e-15
405.069,1.82065e-12,4.88193e-15
405.344,1.78895e-12,4.83257e-15
405.619,1.80392e-12,4.85536e-15
405.894,1.79361e-12,4.81953e-15
406.169,1.72122e-12,4.70962e-15
406.444,1.77764e-12,4.80379e-15
406.719,1.84030e-12,4.87280e-15
406.993,1.77771e-12,4.79614e-15
407.268,1.75334e-12,4.76431e-15
407.543,1.67953e-12,4.64632e-15
407.818,1.82639e-12,4.84667e-15
408.093,1.83658e-12,4.86869e-15
408.368,1.88258e-12,4.92518e-15
408.643,1.98463e-12,5.04680e-15
408.918,1.95827e-12,5.00870e-15
409.193,1.90881e-12,4.93566e-15
409.467,1.80914e-12,4.80105e-15
409.742,1.65529e-12,4.59074e-15
410.017,1.61191e-12,4.53489e-15
410.292,1.81617e-12,4.79618e-15
410.567,1.88253e-12,4.88594e-15
410.842,1.89352e-12,4.89103e-15
411.117,1.95768e-12,4.96412e-15
411.392,1.97669e-12,4.98054e-15
411.667,1.90147e-12,4.88870e-15
411.942,1.89356e-12,4.87676e-15
412.216,1.91389e-12,4.89053e-15
412.491,1.88499e-12,4.85981e-15
412.766,1.87008e-12,4.83879e-15
413.041,1.81700e-12,4.74907e-15
413.316,1.90801e-12,4.86960e-15
413.591,1.98300e-12,4.95182e-15
413.866,1.91771e-12,4.87622e-15
414.141,1.83352e-12,4.75142e-15
414.416,1.92889e-12,4.87470e-15
414.690,1.89877e-12,4.82687e-15
414.965,1.89286e-12,4.82217e-15
415.240,1.85787e-12,4.78494e-15
415.515,1.91757e-12,4.84461e-15
415.790,1.97694e-12,4.91372e-15
416.065,1.98427e-12,4.90911e-15
416.340,1.98292e-12,4.89819e-15
416.615,1.93842e-12,4.83382e-15
416.890,1.81914e-12,4.68270e-15
417.164,1.78727e-12,4.64695e-15
417.439,1.83263e-12,4.69735e-15
417.714,1.90360e-12,4.78950e-15
417.989,1.88148e-12,4.74188e-15
418.264,1.87273e-12,4.71798e-15
418.539,1.84887e-12,4.69278e-15
418.814,1.89326e-12,4.75516e-15
419.089,1.92114e-12,4.80023e-15
419.363,1.86331e-12,4.70074e-15
419.638,1.80336e-12,4.62251e-15
419.913,1.80776e-12,4.62807e-15
420.188,1.83144e-12,4.65050e-15
420.463,1.88839e-12,4.71329e-15
420.738,1.93350e-12,4.77194e-15
421.013,1.93582e-12,4.76340e-15
421.288,1.86595e-12,4.67611e-15
421.562,1.87228e-12,4.68080e-15
421.837,1.91727e-12,4.74735e-15
422.112,1.78911e-12,4.57270e-15
422.387,1.61323e-12,4.33708e-15
422.662,1.80603e-12,4.59237e-15
422.937,1.90453e-12,4.71539e-15
423.212,1.85913e-12,4.64990e-15
423.487,1.80271e-12,4.57919e-15
423.761,1.85028e-12,4.63550e-15
424.036,1.86515e-12,4.64839e-15
424.311,1.86045e-12,4.64088e-15
424.586,1.77093e-12,4.52026e-15
424.861,1.82034e-12,4.56707e-15
425.136,1.84115e-12,4.59441e-15
425.410,1.85612e-12,4.61860e-15
425.685,1.79160e-12,4.52773e-15
425.960,1.81175e-12,4.54003e-15
426.235,1.90472e-12,4.68038e-15
426.510,1.84067e-12,4.58058e-15
426.785,1.73300e-12,4.43685e-15
427.060,1.67748e-12,4.36570e-15
427.335,1.75526e-12,4.46427e-15
427.609,1.80662e-12,4.51950e-15
427.884,1.74698e-12,4.43619e-15
428.159,1.74507e-12,4.42880e-15
428.434,1.64610e-12,4.29383e-15
428.709,1.60240e-12,4.24032e-15
428.984,1.64442e-12,4.28479e-15
429.258,1.62270e-12,4.26005e-15
429.533,1.42210e-12,3.98700e-15
429.808,1.26867e-12,3.75742e-15
430.083,1.25688e-12,3.74367e-15
430.358,1.27136e-12,3.74907e-15
430.633,1.20242e-12,3.65107e-15
430.907,1.30976e-12,3.81004e-15
431.182,1.63724e-12,4.23707e-15
431.457,1.97788e-12,4.65784e-15
431.732,1.98756e-12,4.66492e-15
432.007,1.78476e-12,4.42231e-15
432.282,1.66309e-12,4.26172e-15
432.556,1.89898e-12,4.55297e-15
432.831,1.98492e-12,4.64942e-15
433.106,1.99705e-12,4.64913e-15
433.381,1.89525e-12,4.53463e-15
433.656,1.64759e-12,4.22072e-15
433.931,1.67806e-12,4.25524e-15
434.205,1.91139e-12,4.55117e-15
434.480,1.97347e-12,4.59831e-15
434.755,1.94401e-12,4.56333e-15
435.030,1.83891e-12,4.43694e-15
435.305,1.90066e-12,4.50276e-15
435.579,1.92869e-12,4.52937e-15
435.854,1.98331e-12,4.59150e-15
436.129,1.99762e-12,4.61220e-15
436.404,1.98230e-12,4.57555e-15
436.679,1.92978e-12,4.50620e-15
436.954,1.88340e-12,4.44744e-15
437.228,1.83747e-12,4.38674e-15
437.503,1.89538e-12,4.44480e-15
437.778,1.92368e-12,4.49454e-15
438.053,1.75057e-12,4.28713e-15
438.328,1.75667e-12,4.27717e-15
438.602,1.87197e-12,4.42475e-15
438.877,1.89354e-12,4.44781e-15
439.152,1.92818e-12,4.47106e-15
439.427,1.94772e-12,4.48908e-15
439.702,1.95476e-12,4.49615e-15
439.976,1.96300e-12,4.50768e-15
440.251,1.92667e-12,4.46109e-15
440.526,1.96343e-12,4.49298e-15
440.801,2.05082e-12,4.58346e-15
441.076,2.09921e-12,4.64713e-15
441.350,2.02287e-12,4.55870e-15
441.625,2.09586e-12,4.63772e-15
441.900,2.12300e-12,4.66395e-15
442.175,2.12930e-12,4.67155e-15
442.450,2.10769e-12,4.63531e-15
442.724,2.11195e-12,4.63902e-15
442.999,2.10552e-12,4.62937e-15
443.274,2.05126e-12,4.55426e-15
443.549,2.14770e-12,4.64940e-15
443.823,2.12636e-12,4.63577e-15
444.098,2.03286e-12,4.52497e-15
444.373,2.11656e-12,4.60885e-15
444.648,2.12986e-12,4.61437e-15
444.923,2.12088e-12,4.59641e-15
445.197,2.04599e-12,4.51448e-15
445.472,2.03119e-12,4.50186e-15
445.747,2.05943e-12,4.54009e-15
446.022,2.08695e-12,4.57048e-15
446.296,2.11914e-12,4.60025e-15
446.571,2.11468e-12,4.60066e-15
446.846,2.12744e-12,4.61992e-15
447.121,2.24130e-12,4.72554e-15
447.395,2.22520e-12,4.71346e-15
447.670,2.21301e-12,4.69459e-15
447.945,2.14313e-12,4.61216e-15
448.220,2.21346e-12,4.69956e-15
448.494,2.22069e-12,4.72041e-15
448.769,2.18443e-12,4.67780e-15
449.044,2.21717e-12,4.70963e-15
449.319,2.20682e-12,4.71470e-15
449.593,2.23073e-12,4.74085e-15
449.868,2.25280e-12,4.75311e-15
450.143,2.30929e-12,4.80287e-15
450.418,2.32075e-12,4.82021e-15
450.692,2.31717e-12,4.81349e-15
450.967,2.27138e-12,4.76222e-15
451.242,2.24774e-12,4.72993e-15
451.517,2.22351e-12,4.69601e-15
451.791,2.23643e-12,4.70859e-15
452.066,2.18142e-12,4.63417e-15
452.341,2.14165e-12,4.58542e-15
452.615,2.09058e-12,4.53465e-15
452.890,2.11312e-12,4.55682e-15
453.165,2.09576e-12,4.53821e-15
453.440,2.17919e-12,4.62781e-15
453.714,2.24700e-12,4.68422e-15
453.989,2.25177e-12,4.69360e-15
454.264,2.20475e-12,4.65025e-15
454.539,2.16683e-12,4.59971e-15
454.813,2.12396e-12,4.55623e-15
455.088,2.15229e-12,4.58762e-15
455.363,2.20757e-12,4.64762e-15
455.638,2.27620e-12,4.70392e-15
455.912,2.29037e-12,4.71770e-15
456.187,2.24156e-12,4.66309e-15
456.462,2.26857e-12,4.71192e-15
456.736,2.28319e-12,4.71842e-15
457.011,2.25593e-12,4.68846e-15
457.286,2.29701e-12,4.72848e-15
457.560,2.26507e-12,4.68793e-15
457.835,2.22382e-12,4.66087e-15
458.110,2.21112e-12,4.63063e-15
458.385,2.24719e-12,4.69047e-15
458.659,2.26822e-12,4.69019e-15
458.934,2.24546e-12,4.66105e-15
459.209,2.28985e-12,4.72384e-15
459.483,2.28187e-12,4.70697e-15
459.758,2.25715e-12,4.69732e-15
460.033,2.27726e-12,4.71396e-15
460.307,2.31207e-12,4.75196e-15
460.582,2.33668e-12,4.77331e-15
460.857,2.33449e-12,4.76477e-15
461.131,2.30911e-12,4.74372e-15
461.406,2.30595e-12,4.75270e-15
461.681,2.31721e-12,4.75561e-15
461.955,2.34818e-12,4.78264e-15
462.230,2.33852e-12,4.77069e-15
462.505,2.33280e-12,4.76473e-15
462.779,2.32797e-12,4.76601e-15
463.054,2.32099e-12,4.74965e-15
463.329,2.31634e-12,4.74209e-15
463.603,2.30090e-12,4.71963e-15
463.878,2.32701e-12,4.74827e-15
464.153,2.33347e-12,4.75818e-15
464.427,2.28345e-12,4.70009e-15
464.702,2.29678e-12,4.71472e-15
464.977,2.30100e-12,4.71880e-15
465.251,2.27282e-12,4.69772e-15
465.526,2.31458e-12,4.73024e-15
465.801,2.36952e-12,4.78540e-15
466.075,2.34206e-12,4.75951e-15
466.350,2.27145e-12,4.70065e-15
466.625,2.24591e-12,4.67714e-15
466.899,2.31027e-12,4.73907e-15
467.174,2.33776e-12,4.76513e-15
467.448,2.34631e-12,4.77955e-15
467.723,2.31535e-12,4.73919e-15
467.998,2.32338e-12,4.75913e-15
468.272,2.34991e-12,4.78722e-15
468.547,2.36526e-12,4.80584e-15
468.822,2.34650e-12,4.77775e-15
469.096,2.35612e-12,4.78130e-15
469.371,2.37447e-12,4.82076e-15
469.646,2.31786e-12,4.75870e-15
469.920,2.30839e-12,4.74693e-15
470.195,2.29800e-12,4.73486e-15
470.469,2.29352e-12,4.72731e-15
470.744,2.28969e-12,4.74089e-15
471.019,2.32701e-12,4.76245e-15
471.293,2.35397e-12,4.79762e-15
471.568,2.37729e-12,4.81640e-15
471.842,2.38453e-12,4.83091e-15
472.117,2.36589e-12,4.80338e-15
472.392,2.37708e-12,4.82040e-15
472.666,2.33664e-12,4.78794e-15
472.941,2.34558e-12,4.81763e-15
473.215,2.34351e-12,4.83736e-15
473.490,2.35410e-12,4.84067e-15
473.765,2.38038e-12,4.86719e-15
474.039,2.41060e-12,4.91454e-15
474.314,2.40585e-12,4.90932e-15
474.588,2.39955e-12,4.89263e-15
474.863,2.39881e-12,4.88010e-15
475.138,2.38692e-12,4.86488e-15
475.412,2.36283e-12,4.83279e-15
475.687,2.35071e-12,4.79860e-15
475.961,2.31229e-12,4.76102e-15
476.236,2.29704e-12,4.74763e-15
476.510,2.34584e-12,4.78146e-15
476.785,2.37228e-12,4.80278e-15
477.060,2.37970e-12,4.81634e-15
477.334,2.37285e-12,4.80626e-15
477.609,2.37639e-12,4.79347e-15
477.883,2.35965e-12,4.77461e-15
478.158,2.33817e-12,4.74493e-15
478.432,2.30244e-12,4.71553e-15
478.707,2.32262e-12,4.74313e-15
478.981,2.35760e-12,4.77268e-15
479.256,2.38530e-12,4.81413e-15
479.531,2.35728e-12,4.76750e-15
479.805,2.35048e-12,4.74945e-15
480.079,2.37257e-12,4.77324e-15
480.354,2.34613e-12,4.75994e-15
480.629,2.34156e-12,4.75466e-15
480.903,2.36160e-12,4.75343e-15
481.178,2.38401e-12,4.78233e-15
481.452,2.40516e-12,4.80453e-15
481.727,2.39353e-12,4.79038e-15
482.001,2.35048e-12,4.74708e-15
482.276,2.35790e-12,4.76181e-15
482.550,2.37061e-12,4.76963e-15
482.825,2.36978e-12,4.77407e-15
483.099,2.37078e-12,4.75247e-15
483.374,2.38660e-12,4.78069e-15
483.648,2.33618e-12,4.74436e-15
483.923,2.31676e-12,4.71752e-15
484.197,2.36556e-12,4.76121e-15
484.472,2.36069e-12,4.75254e-15
484.746,2.34991e-12,4.73588e-15
485.021,2.34364e-12,4.72257e-15
485.295,2.26179e-12,4.64005e-15
485.570,2.15540e-12,4.53900e-15
485.844,1.92032e-12,4.28059e-15
486.119,2.04688e-12,4.41502e-15
486.393,2.24093e-12,4.62472e-15
486.668,2.28334e-12,4.66345e-15
486.942,2.25053e-12,4.64104e-15
487.217,2.30608e-12,4.68799e-15
487.491,2.32030e-12,4.69313e-15
487.766,2.34047e-12,4.71547e-15
488.040,2.32955e-12,4.70167e-15
488.315,2.30704e-12,4.66490e-15
488.589,2.29945e-12,4.66475e-15
488.864,2.26847e-12,4.62153e-15
489.138,2.38135e-12,4.73222e-15
489.413,2.41392e-12,4.76999e-15
489.687,2.38437e-12,4.72462e-15
489.962,2.36391e-12,4.71112e-15
490.236,2.36501e-12,4.70562e-15
490.510,2.37473e-12,4.71101e-15
490.785,2.32869e-12,4.65843e-15
491.059,2.35459e-12,4.69371e-15
491.334,2.36644e-12,4.69428e-15
491.608,2.29585e-12,4.61975e-15
491.883,2.23792e-12,4.56340e-15
492.157,2.28310e-12,4.61097e-15
492.431,2.35313e-12,4.67830e-15
492.706,2.38959e-12,4.71388e-15
492.980,2.35870e-12,4.67681e-15
493.255,2.30401e-12,4.61312e-15
493.529,2.30105e-12,4.60969e-15
493.804,2.31407e-12,4.61953e-15
494.078,2.37885e-12,4.68700e-15
494.352,2.40344e-12,4.71117e-15
494.627,2.39717e-12,4.68108e-15
494.901,2.42114e-12,4.71373e-15
495.176,2.40098e-12,4.68499e-15
495.450,2.31082e-12,4.58625e-15
495.725,2.32988e-12,4.61166e-15
495.999,2.39970e-12,4.67920e-15
496.273,2.38840e-12,4.65973e-15
496.548,2.36000e-12,4.62567e-15
496.822,2.36417e-12,4.63001e-15
497.096,2.39187e-12,4.65779e-15
497.371,2.39635e-12,4.66537e-15
497.645,2.34209e-12,4.61396e-15
497.920,2.27801e-12,4.53569e-15
498.194,2.25031e-12,4.52452e-15
498.468,2.31726e-12,4.59969e-15
498.743,2.35607e-12,4.62948e-15
499.017,2.33140e-12,4.60462e-15
499.292,2.35834e-12,4.63080e-15
499.566,2.36619e-12,4.63479e-15
499.840,2.32292e-12,4.59670e-15
500.115,2.31462e-12,4.58064e-15
500.389,2.27943e-12,4.54162e-15
500.663,2.30140e-12,4.57721e-15
500.938,2.30002e-12,4.56868e-15
501.212,2.20967e-12,4.47487e-15
501.486,2.25849e-12,4.52064e-15
501.761,2.29693e-12,4.57289e-15
502.035,2.32478e-12,4.59924e-15
502.309,2.34704e-12,4.59740e-15
502.584,2.36815e-12,4.62111e-15
502.858,2.36542e-12,4.60269e-15
503.132,2.38319e-12,4.62386e-15
503.407,2.30370e-12,4.53798e-15
503.681,2.26300e-12,4.49445e-15
503.955,2.23357e-12,4.47260e-15
504.230,2.33833e-12,4.58450e-15
504.504,2.37864e-12,4.61431e-15
504.778,2.33959e-12,4.56409e-15
505.053,2.37168e-12,4.59879e-15
505.327,2.40976e-12,4.63101e-15
505.601,2.42752e-12,4.64761e-15
505.876,2.40284e-12,4.61318e-15
506.150,2.38460e-12,4.61156e-15
506.424,2.33711e-12,4.56817e-15
506.698,2.36973e-12,4.58440e-15
506.973,2.37422e-12,4.61365e-15
507.247,2.35817e-12,4.57716e-15
507.521,2.34683e-12,4.56049e-15
507.796,2.27389e-12,4.48614e-15
508.070,2.29970e-12,4.51628e-15
508.344,2.36558e-12,4.56634e-15
508.618,2.38592e-12,4.57863e-15
508.893,2.40476e-12,4.60695e-15
509.167,2.40462e-12,4.60671e-15
509.441,2.37163e-12,4.57428e-15
509.715,2.31714e-12,4.50644e-15
509.990,2.35986e-12,4.55503e-15
510.264,2.36725e-12,4.56405e-15
510.538,2.30895e-12,4.50189e-15
510.812,2.31239e-12,4.49488e-15
511.087,2.37695e-12,4.57197e-15
511.361,2.39177e-12,4.59321e-15
511.635,2.39930e-12,4.59262e-15
511.910,2.37239e-12,4.57026e-15
512.184,2.31920e-12,4.52122e-15
512.458,2.31055e-12,4.50241e-15
512.732,2.32416e-12,4.52322e-15
513.006,2.33974e-12,4.52841e-15
513.281,2.35078e-12,4.55923e-15
513.555,2.28832e-12,4.48622e-15
513.829,2.27131e-12,4.46166e-15
514.103,2.28147e-12,4.46982e-15
514.378,2.32157e-12,4.50382e-15
514.652,2.32369e-12,4.51399e-15
514.926,2.30960e-12,4.50339e-15
515.200,2.32088e-12,4.51102e-15
515.474,2.36673e-12,4.55316e-15
515.749,2.37691e-12,4.55707e-15
516.023,2.33970e-12,4.52757e-15
516.297,2.23521e-12,4.42135e-15
516.571,2.02865e-12,4.20964e-15
516.845,2.08581e-12,4.26959e-15
517.120,2.08283e-12,4.27108e-15
517.394,2.30547e-12,4.49637e-15
517.668,2.33648e-12,4.51470e-15
517.942,2.23629e-12,4.41746e-15
518.216,2.08095e-12,4.26782e-15
518.490,2.24794e-12,4.43527e-15
518.765,2.27456e-12,4.46402e-15
519.039,2.24200e-12,4.41982e-15
519.313,2.28469e-12,4.46588e-15
519.587,2.32747e-12,4.51908e-15
519.861,2.32587e-12,4.50887e-15
520.135,2.29136e-12,4.47296e-15
520.410,2.24838e-12,4.44991e-15
520.684,2.26739e-12,4.46641e-15
520.958,2.33807e-12,4.52914e-15
521.232,2.35864e-12,4.54807e-15
521.506,2.35273e-12,4.54275e-15
521.780,2.39463e-12,4.58558e-15
522.054,2.37574e-12,4.56309e-15
522.328,2.27212e-12,4.46733e-15
522.602,2.25440e-12,4.45471e-15
522.877,2.33374e-12,4.52888e-15
523.151,2.33213e-12,4.51583e-15
523.425,2.36957e-12,4.55407e-15
523.699,2.40144e-12,4.57596e-15
523.973,2.38991e-12,4.57507e-15
524.247,2.39893e-12,4.60011e-15
524.521,2.35876e-12,4.55779e-15
524.795,2.32313e-12,4.51497e-15
525.069,2.35809e-12,4.55073e-15
525.344,2.36823e-12,4.55423e-15
525.618,2.39780e-12,4.59493e-15
525.892,2.30335e-12,4.50147e-15
526.166,2.20269e-12,4.41080e-15
526.440,2.21066e-12,4.43145e-15
526.714,2.19053e-12,4.39968e-15
526.988,2.26444e-12,4.48454e-15
527.262,2.31773e-12,4.53257e-15
527.536,2.39312e-12,4.61735e-15
527.810,2.37582e-12,4.59684e-15
528.084,2.35026e-12,4.56653e-15
528.358,2.41009e-12,4.63208e-15
528.632,2.44369e-12,4.66807e-15
528.906,2.43688e-12,4.64820e-15
529.180,2.40899e-12,4.63621e-15
529.454,2.35647e-12,4.58683e-15
529.729,2.35901e-12,4.58588e-15
530.003,2.38679e-12,4.61746e-15
530.277,2.40337e-12,4.62484e-15
530.551,2.42245e-12,4.65339e-15
530.825,2.43927e-12,4.66398e-15
531.099,2.42514e-12,4.66590e-15
531.373,2.37021e-12,4.59721e-15
531.647,2.36221e-12,4.61219e-15
531.921,2.36886e-12,4.60900e-15
532.195,2.32218e-12,4.56876e-15
532.469,2.25631e-12,4.51256e-15
532.743,2.28372e-12,4.54317e-15
533.017,2.35498e-12,4.60325e-15
533.291,2.37466e-12,4.63146e-15
533.565,2.35924e-12,4.62046e-15
533.839,2.33133e-12,4.58606e-15
534.113,2.37994e-12,4.63882e-15
534.387,2.36643e-12,4.63424e-15
534.661,2.36451e-12,4.64634e-15
534.935,2.39057e-12,4.66680e-15
535.208,2.41704e-12,4.70321e-15
535.482,2.43808e-12,4.71783e-15
535.756,2.41860e-12,4.69577e-15
536.030,2.37898e-12,4.65383e-15
536.304,2.35449e-12,4.63541e-15
536.578,2.31969e-12,4.61126e-15
536.852,2.31823e-12,4.60383e-15
537.126,2.38370e-12,4.66676e-15
537.400,2.42415e-12,4.70467e-15
537.674,2.39040e-12,4.68565e-15
537.948,2.36961e-12,4.66216e-15
538.222,2.39621e-12,4.69377e-15
538.496,2.39423e-12,4.67828e-15
538.770,2.37254e-12,4.66215e-15
539.044,2.35557e-12,4.65176e-15
539.318,2.33129e-12,4.62287e-15
539.591,2.32351e-12,4.62812e-15
539.865,2.32752e-12,4.65253e-15
540.139,2.30771e-12,4.62348e-15
540.413,2.29745e-12,4.60605e-15
540.687,2.32128e-12,4.62910e-15
540.961,2.35880e-12,4.67772e-15
541.235,2.36360e-12,4.68164e-15
541.509,2.38345e-12,4.70211e-15
541.783,2.38492e-12,4.71597e-15
542.057,2.37354e-12,4.70302e-15
542.330,2.36653e-12,4.69305e-15
542.604,2.33830e-12,4.66831e-15
542.878,2.31613e-12,4.64528e-15
543.152,2.33264e-12,4.65832e-15
543.426,2.37678e-12,4.70988e-15
543.700,2.40734e-12,4.74847e-15
543.974,2.37834e-12,4.71357e-15
544.247,2.31467e-12,4.65633e-15
544.521,2.32989e-12,4.67084e-15
544.795,2.40534e-12,4.74939e-15
545.069,2.38442e-12,4.73048e-15
545.343,2.31862e-12,4.68172e-15
545.617,2.38853e-12,4.74395e-15
545.890,2.37652e-12,4.73060e-15
546.164,2.37882e-12,4.73317e-15
546.438,2.39064e-12,4.74178e-15
546.712,2.41459e-12,4.79586e-15
546.986,2.38050e-12,4.73982e-15
547.260,2.32983e-12,4.69103e-15
547.533,2.33844e-12,4.70483e-15
547.807,2.36139e-12,4.73016e-15
548.081,2.37466e-12,4.74393e-15
548.355,2.39120e-12,4.75635e-15
548.628,2.38608e-12,4.74940e-15
548.902,2.38323e-12,4.74745e-15
549.176,2.38632e-12,4.75266e-15
549.450,2.36919e-12,4.75034e-15
549.724,2.36944e-12,4.74884e-15
549.997,2.36891e-12,4.74300e-15
550.271,2.36280e-12,4.73528e-15
550.545,2.36700e-12,4.74043e-15
550.819,2.37435e-12,4.74991e-15
551.092,2.37492e-12,4.74953e-15
551.366,2.40748e-12,4.79180e-15
551.640,2.42171e-12,4.80729e-15
551.914,2.41504e-12,4.79053e-15
552.187,2.38954e-12,4.77334e-15
552.461,2.33219e-12,4.70732e-15
552.735,2.35571e-12,4.74703e-15
553.008,2.40215e-12,4.79197e-15
553.282,2.39342e-12,4.76785e-15
553.556,2.40941e-12,4.78851e-15
553.830,2.41377e-12,4.79851e-15
554.103,2.40116e-12,4.77558e-15
554.377,2.41636e-12,4.81530e-15
554.651,2.43194e-12,4.81754e-15
554.924,2.41194e-12,4.79623e-15
555.198,2.40761e-12,4.78333e-15
555.472,2.41360e-12,4.79560e-15
555.746,2.39608e-12,4.77378e-15
556.019,2.38532e-12,4.75711e-15
556.293,2.36314e-12,4.75227e-15
556.567,2.36201e-12,4.75466e-15
556.840,2.35374e-12,4.75700e-15
557.114,2.34777e-12,4.74049e-15
557.388,2.36698e-12,4.74610e-15
557.661,2.39762e-12,4.78934e-15
557.935,2.37190e-12,4.78859e-15
558.209,2.34667e-12,4.73727e-15
558.482,2.30784e-12,4.70134e-15
558.756,2.31108e-12,4.69383e-15
559.029,2.33743e-12,4.72532e-15
559.303,2.34390e-12,4.73562e-15
559.577,2.33576e-12,4.72901e-15
559.850,2.32650e-12,4.71474e-15
560.124,2.34005e-12,4.73186e-15
560.398,2.39764e-12,4.78768e-15
560.671,2.41480e-12,4.80546e-15
560.945,2.38661e-12,4.78761e-15
561.219,2.35298e-12,4.76123e-15
561.492,2.36283e-12,4.75155e-15
561.766,2.39087e-12,4.78415e-15
562.039,2.36891e-12,4.77114e-15
562.313,2.36117e-12,4.76088e-15
562.587,2.40049e-12,4.80629e-15
562.860,2.41054e-12,4.82073e-15
563.134,2.39638e-12,4.80237e-15
563.407,2.38711e-12,4.79981e-15
563.681,2.38092e-12,4.79745e-15
563.954,2.38662e-12,4.80587e-15
564.228,2.40108e-12,4.83117e-15
564.501,2.41816e-12,4.84583e-15
564.775,2.41475e-12,4.83719e-15
565.048,2.40004e-12,4.83298e-15
565.322,2.36419e-12,4.79624e-15
565.596,2.32550e-12,4.75208e-15
565.869,2.35776e-12,4.79125e-15
566.143,2.36617e-12,4.79681e-15
566.416,2.38334e-12,4.81527e-15
566.690,2.38789e-12,4.83141e-15
566.963,2.40192e-12,4.82440e-15
567.237,2.39930e-12,4.82179e-15
567.510,2.40339e-12,4.83923e-15
567.784,2.38532e-12,4.81489e-15
568.306,2.39018e-12,7.85369e-15
568.794,2.39416e-12,7.83860e-15
569.282,2.38158e-12,1.10700e-14
569.770,2.34890e-12,7.76282e-15
570.258,2.32766e-12,7.69970e-15
570.746,2.37046e-12,7.75863e-15
571.234,2.40069e-12,7.82585e-15
571.722,2.39680e-12,7.78698e-15
572.210,2.41585e-12,7.81416e-15
572.698,2.40732e-12,7.78332e-15
573.186,2.40546e-12,7.78921e-15
573.674,2.39418e-12,7.76316e-15
574.162,2.38742e-12,7.72647e-15
574.650,2.38233e-12,7.71109e-15
575.138,2.38894e-12,7.71237e-15
575.626,2.39960e-12,7.71770e-15
576.114,2.41124e-12,7.71835e-15
576.602,2.39597e-12,7.68817e-15
577.090,2.38854e-12,7.66168e-15
577.578,2.36353e-12,7.61796e-15
578.067,2.38103e-12,7.62538e-15
578.555,2.39026e-12,7.62340e-15
579.043,2.38872e-12,7.61372e-15
579.531,2.40128e-12,7.64274e-15
580.019,2.37997e-12,7.58830e-15
580.507,2.39246e-12,7.60371e-15
580.995,2.40405e-12,7.59416e-15
581.483,2.38506e-12,7.55235e-15
581.971,2.41006e-12,7.57932e-15
582.459,2.41531e-12,7.60706e-15
582.947,2.40514e-12,7.55789e-15
583.435,2.39633e-12,7.53870e-15
583.924,2.37167e-12,7.49832e-15
584.412,2.36447e-12,7.48056e-15
584.900,2.35629e-12,7.47084e-15
585.388,2.35723e-12,7.46529e-15
585.876,2.37834e-12,7.50307e-15
586.364,2.37758e-12,7.49219e-15
586.852,2.39442e-12,7.52562e-15
587.340,2.39032e-12,7.52154e-15
587.828,2.36150e-12,7.45747e-15
588.317,2.28827e-12,7.35204e-15
588.805,2.27668e-12,7.34639e-15
589.293,2.33206e-12,7.41729e-15
589.781,2.38715e-12,7.52277e-15
590.269,2.36665e-12,7.48562e-15
590.757,2.36819e-12,7.48663e-15
591.245,2.38146e-12,7.52004e-15
591.734,2.38137e-12,7.52402e-15
592.222,2.37924e-12,7.52076e-15
592.710,2.36253e-12,7.50112e-15
593.198,2.37934e-12,7.52539e-15
593.686,2.37358e-12,7.51663e-15
594.174,2.36267e-12,7.48484e-15
594.662,2.35784e-12,7.49092e-15
595.151,2.36340e-12,7.50335e-15
595.639,2.34970e-12,7.46196e-15
596.127,2.36560e-12,7.49816e-15
596.615,2.36456e-12,7.50678e-15
597.103,2.33671e-12,7.44853e-15
597.591,2.34378e-12,7.45177e-15
598.080,2.35312e-12,7.46062e-15
598.568,2.37495e-12,7.50814e-15
599.056,2.35752e-12,7.47644e-15
599.544,2.34156e-12,7.44078e-15
600.032,2.33851e-12,7.44923e-15
600.520,2.33408e-12,7.40720e-15
601.009,2.33283e-12,7.40710e-15
601.497,2.32054e-12,7.36004e-15
601.985,2.33300e-12,7.37577e-15
602.473,2.33415e-12,7.35566e-15
602.961,2.36649e-12,7.41693e-15
603.450,2.33022e-12,7.34432e-15
603.938,2.34656e-12,7.35939e-15
604.426,2.32180e-12,7.28835e-15
604.914,2.33480e-12,7.30499e-15
605.402,2.31361e-12,7.26509e-15
605.891,2.32209e-12,7.28070e-15
606.379,2.31793e-12,7.24301e-15
606.867,2.32287e-12,7.23107e-15
607.355,2.32661e-12,7.23816e-15
607.843,2.32794e-12,7.23359e-15
608.332,2.30796e-12,7.17936e-15
608.820,2.32265e-12,7.17438e-15
609.308,2.32140e-12,7.19525e-15
609.796,2.28329e-12,7.10019e-15
610.284,2.30598e-12,7.13931e-15
610.773,2.31130e-12,7.14959e-15
611.261,2.29551e-12,7.11450e-15
611.749,2.28876e-12,7.12049e-15
612.237,2.31829e-12,7.15081e-15
612.726,2.29676e-12,7.11965e-15
613.214,2.25545e-12,7.02073e-15
613.702,2.28944e-12,7.06748e-15
614.190,2.29293e-12,7.06671e-15
614.679,2.29094e-12,7.06720e-15
615.167,2.28218e-12,7.05921e-15
615.655,2.22577e-12,6.97060e-15
616.143,2.24503e-12,6.97904e-15
616.631,2.27680e-12,7.03219e-15
617.120,2.29934e-12,7.05369e-15
617.608,2.31178e-12,7.08012e-15
618.096,2.31165e-12,7.09454e-15
618.584,2.28570e-12,7.05399e-15
619.073,2.30193e-12,7.07686e-15
619.561,2.29340e-12,7.05733e-15
620.049,2.29345e-12,7.05794e-15
620.537,2.30150e-12,7.08056e-15
621.026,2.27519e-12,7.04080e-15
621.514,2.27882e-12,7.04888e-15
622.002,2.29849e-12,7.05783e-15
622.490,2.26594e-12,7.00798e-15
622.979,2.28278e-12,7.04998e-15
623.467,2.27463e-12,7.02168e-15
623.955,2.23941e-12,6.95913e-15
624.443,2.23990e-12,6.96735e-15
624.932,2.23667e-12,6.97766e-15
625.420,2.25959e-12,7.02223e-15
625.908,2.27883e-12,7.01773e-15
626.397,2.26380e-12,6.98200e-15
626.885,2.27466e-12,6.99655e-15
627.373,2.28126e-12,7.00566e-15
627.862,2.28586e-12,7.01270e-15
628.350,2.28852e-12,7.02735e-15
628.838,2.26265e-12,6.95871e-15
629.326,2.21769e-12,6.87171e-15
629.815,2.22411e-12,6.88150e-15
630.303,2.24120e-12,6.92875e-15
630.791,2.24884e-12,6.90981e-15
631.279,2.21475e-12,6.84701e-15
631.768,2.24472e-12,6.89668e-15
632.256,2.24354e-12,6.88763e-15
632.744,2.21215e-12,6.81412e-15
633.233,2.22501e-12,6.83774e-15
633.721,2.22887e-12,6.82185e-15
634.209,2.24606e-12,6.86792e-15
634.698,2.24451e-12,6.84309e-15
635.186,2.22804e-12,6.79683e-15
635.674,2.22573e-12,6.80472e-15
636.162,2.22494e-12,6.79025e-15
636.651,2.23901e-12,6.79318e-15
637.139,2.23700e-12,6.77868e-15
637.627,2.25125e-12,6.81684e-15
638.116,2.24364e-12,6.79282e-15
638.604,2.21370e-12,6.74155e-15
639.092,2.20923e-12,6.73085e-15
639.581,2.20165e-12,6.72972e-15
640.069,2.21163e-12,6.73216e-15
640.557,2.21435e-12,6.73919e-15
641.046,2.22443e-12,6.74078e-15
641.534,2.21083e-12,6.70683e-15
642.022,2.21553e-12,6.70701e-15
642.510,2.20361e-12,6.70541e-15
642.999,2.21925e-12,6.73174e-15
643.487,2.21468e-12,6.70910e-15
643.975,2.22576e-12,6.72446e-15
644.464,2.22075e-12,6.72523e-15
644.952,2.22445e-12,6.73762e-15
645.440,2.20227e-12,6.70349e-15
645.929,2.19837e-12,6.68659e-15
646.417,2.20935e-12,6.70846e-15
646.905,2.22930e-12,6.75221e-15
647.394,2.21608e-12,6.71091e-15
647.882,2.22297e-12,6.73059e-15
648.370,2.21755e-12,6.75819e-15
648.859,2.15917e-12,6.63264e-15
649.347,2.20835e-12,6.78381e-15
649.835,2.22043e-12,6.75786e-15
650.324,2.23794e-12,6.79976e-15
650.812,2.25172e-12,6.81238e-15
651.300,2.18754e-12,6.66090e-15
651.789,2.19216e-12,6.67909e-15
652.277,2.19442e-12,6.66307e-15
652.765,2.23906e-12,6.82691e-15
653.254,2.21317e-12,6.77240e-15
653.742,2.17688e-12,6.66774e-15
654.230,2.18736e-12,6.72660e-15
654.719,2.14608e-12,6.66433e-15
655.207,2.04953e-12,6.49405e-15
655.695,1.91675e-12,6.30638e-15
656.184,2.01919e-12,6.47446e-15
656.672,2.15270e-12,6.67785e-15
657.160,2.18744e-12,6.74373e-15
657.649,2.20045e-12,6.76587e-15
658.137,2.20783e-12,6.91462e-15
658.625,2.20853e-12,6.95844e-15
659.114,2.22425e-12,6.99140e-15
659.602,2.20357e-12,6.91870e-15
660.090,2.21895e-12,6.97543e-15
660.579,2.22223e-12,6.97945e-15
661.067,2.22386e-12,6.96276e-15
661.556,2.19132e-12,6.87904e-15
662.044,2.18695e-12,6.85160e-15
662.532,2.17238e-12,6.82987e-15
663.021,2.17384e-12,6.84708e-15
663.509,2.17959e-12,6.86490e-15
663.997,2.17432e-12,6.86994e-15
664.486,2.15105e-12,6.75686e-15
664.974,2.15277e-12,6.76774e-15
665.462,2.18443e-12,6.88356e-15
665.951,2.16613e-12,6.84357e-15
666.439,2.17679e-12,6.86162e-15
666.927,2.17285e-12,6.84618e-15
667.416,2.15495e-12,6.79414e-15
667.904,2.19145e-12,6.87553e-15
668.392,2.16175e-12,6.81241e-15
668.881,2.21607e-12,6.94814e-15
669.369,2.17242e-12,6.84295e-15
669.858,2.18625e-12,6.88005e-15
670.346,2.15617e-12,6.81383e-15
670.834,2.13661e-12,6.72796e-15
671.323,2.12182e-12,6.69402e-15
671.811,2.14141e-12,6.70585e-15
672.299,2.13429e-12,6.59197e-15
672.788,2.16198e-12,6.65994e-15
673.276,2.12356e-12,6.57048e-15
673.765,2.16039e-12,6.68497e-15
674.253,2.15788e-12,6.71604e-15
674.741,2.14341e-12,6.66108e-15
675.230,2.17764e-12,6.74384e-15
675.718,2.17058e-12,6.69565e-15
676.206,2.10123e-12,6.49640e-15
676.695,2.14666e-12,6.66399e-15
677.183,2.14138e-12,6.65680e-15
677.671,2.15479e-12,6.70181e-15
678.160,2.17114e-12,6.69823e-15
678.648,2.11815e-12,6.54287e-15
679.137,2.12707e-12,6.59310e-15
679.625,2.16154e-12,6.71394e-15
680.113,2.13107e-12,6.64160e-15
680.602,2.12625e-12,6.62109e-15
681.090,2.14110e-12,6.65172e-15
681.578,2.11382e-12,6.56710e-15
682.067,2.13284e-12,6.61099e-15
682.555,2.15264e-12,6.65774e-15
683.044,2.10884e-12,6.55401e-15
683.532,2.11795e-12,6.62837e-15
684.020,2.16304e-12,6.76214e-15
684.509,2.15568e-12,6.71996e-15
684.997,2.12472e-12,6.61723e-15
685.485,2.09053e-12,6.51238e-15
685.974,2.08891e-12,6.54073e-15
686.462,2.11495e-12,6.60224e-15
686.951,2.08981e-12,6.54536e-15
687.439,2.10118e-12,6.56904e-15
687.927,2.09856e-12,6.55057e-15
688.416,2.10874e-12,6.58187e-15
688.904,2.12224e-12,6.64053e-15
689.392,2.14476e-12,6.71906e-15
689.881,2.09373e-12,6.57279e-15
690.369,2.08316e-12,6.56930e-15
690.857,2.07378e-12,6.55700e-15
691.346,2.09165e-12,6.56770e-15
691.834,2.10185e-12,6.59530e-15
692.323,2.09300e-12,6.56792e-15
692.811,2.07901e-12,6.54320e-15
693.299,2.07435e-12,6.55598e-15
693.788,2.09136e-12,6.60773e-15
694.276,2.09263e-12,6.62118e-15
694.764,2.11333e-12,6.68706e-15
695.253,2.10438e-12,6.62805e-15
695.741,2.07529e-12,6.50510e-15
696.229,2.05525e-12,6.48086e-15
696.718,2.07670e-12,6.55695e-15
697.206,2.08022e-12,6.60299e-15
697.695,2.05487e-12,6.50105e-15
698.183,2.03232e-12,6.43295e-15
698.671,2.06664e-12,6.50943e-15
699.160,2.05476e-12,6.49749e-15
699.648,2.00352e-12,6.35528e-15
700.137,2.03700e-12,6.46741e-15
700.625,2.04409e-12,6.46874e-15
701.113,2.00616e-12,6.38570e-15
701.602,2.06190e-12,6.55220e-15
702.090,2.07334e-12,6.56132e-15
702.578,2.06696e-12,6.56957e-15
703.067,2.05549e-12,6.53214e-15
703.555,2.08078e-12,6.59623e-15
704.043,2.03378e-12,6.44393e-15
704.532,2.07678e-12,6.56099e-15
705.020,2.05913e-12,6.52285e-15
705.508,2.02735e-12,6.41697e-15
705.997,2.05188e-12,9.17820e-15
706.485,2.06201e-12,6.54360e-15
706.974,2.03354e-12,6.46662e-15
707.462,2.04155e-12,6.50327e-15
707.950,2.01182e-12,6.43036e-15
708.439,2.01700e-12,6.42813e-15
708.927,2.02128e-12,6.42707e-15
709.415,2.00273e-12,6.36936e-15
709.904,2.02900e-12,6.42271e-15
710.392,2.01325e-12,6.43492e-15
710.880,2.02324e-12,6.47647e-15
711.369,2.02681e-12,6.48419e-15
711.857,2.03569e-12,6.55470e-15
712.346,2.03640e-12,6.53916e-15
712.834,2.02069e-12,6.46443e-15
713.322,2.01254e-12,6.46667e-15
713.811,2.01657e-12,6.48391e-15
714.299,2.01048e-12,6.46048e-15
714.787,2.00017e-12,6.45637e-15
715.276,1.99863e-12,6.49274e-15
715.764,1.99630e-12,6.47804e-15
716.252,1.96599e-12,6.40080e-15
716.741,1.99154e-12,6.44386e-15
717.229,2.00130e-12,6.46144e-15
717.717,1.99999e-12,6.48891e-15
718.206,1.99066e-12,6.49368e-15
718.694,1.96734e-12,6.44920e-15
719.182,1.99352e-12,6.56164e-15
719.671,1.99307e-12,6.56737e-15
720.159,1.96663e-12,6.52202e-15
720.648,2.00440e-12,6.60394e-15
721.136,2.00230e-12,6.58615e-15
721.624,1.99057e-12,6.55192e-15
722.113,1.99361e-12,6.56171e-15
722.601,1.99704e-12,6.56000e-15
723.089,1.99270e-12,6.57552e-15
723.578,1.99835e-12,6.62885e-15
724.066,1.99785e-12,6.61563e-15
724.554,1.95698e-12,6.52192e-15
725.043,1.97401e-12,6.59889e-15
725.531,1.95245e-12,6.54328e-15
726.019,1.95678e-12,6.53426e-15
726.508,1.97479e-12,6.60429e-15
726.996,1.95590e-12,6.53083e-15
727.484,1.97543e-12,6.62416e-15
727.973,1.95117e-12,6.58159e-15
728.461,1.93551e-12,6.55124e-15
728.949,1.94496e-12,6.60091e-15
729.438,1.97437e-12,6.70555e-15
729.926,1.95712e-12,6.64864e-15
730.414,1.94930e-12,6.64820e-15
730.903,1.90917e-12,6.52887e-15
731.391,1.96058e-12,6.67330e-15
731.879,1.97046e-12,6.70395e-15
732.368,1.94471e-12,6.64333e-15
732.856,1.96143e-12,6.69811e-15
733.344,1.98164e-12,6.76969e-15
733.833,1.96823e-12,6.74845e-15
734.321,1.93182e-12,6.67813e-15
734.809,1.93236e-12,6.69451e-15
735.298,1.95236e-12,6.74300e-15
735.786,1.94545e-12,6.68714e-15
736.274,1.96713e-12,6.76572e-15
736.763,1.97988e-12,6.81357e-15
737.251,1.93943e-12,6.71616e-15
737.739,1.90860e-12,6.65545e-15
738.227,1.91019e-12,6.69091e-15
738.716,1.90508e-12,6.68690e-15
739.204,1.95326e-12,6.84174e-15
739.693,1.93017e-12,6.80184e-15
740.181,1.90941e-12,6.75108e-15
740.669,1.88401e-12,6.67058e-15
741.157,1.88369e-12,6.65850e-15
741.646,1.91119e-12,6.71044e-15
742.134,1.92485e-12,6.75111e-15
742.622,1.89117e-12,6.63586e-15
743.111,1.87852e-12,6.59120e-15
743.599,1.90062e-12,6.69544e-15
744.087,1.89231e-12,6.70293e-15
744.576,1.92250e-12,6.80304e-15
745.064,1.93057e-12,6.82237e-15
745.552,1.91677e-12,6.80269e-15
746.040,1.90435e-12,6.75106e-15
746.529,1.90350e-12,6.76649e-15
747.017,1.93192e-12,6.81946e-15
747.505,1.90014e-12,6.72273e-15
747.994,1.92248e-12,6.75678e-15
748.482,1.90898e-12,6.73795e-15
748.970,1.90633e-12,6.75760e-15
749.458,1.92052e-12,6.83189e-15
749.947,1.91625e-12,6.83979e-15
750.435,1.89198e-12,6.79650e-15
750.923,1.88409e-12,6.80134e-15
751.412,1.91453e-12,6.83623e-15
751.900,1.89170e-12,6.74165e-15
752.388,1.87076e-12,6.65568e-15
752.876,1.90180e-12,6.73432e-15
753.365,1.89928e-12,6.74792e-15
753.853,1.89701e-12,6.76221e-15
754.341,1.85714e-12,6.66844e-15
754.829,1.88584e-12,6.78587e-15
755.318,1.89303e-12,6.84823e-15
755.806,1.87075e-12,6.78894e-15
756.294,1.87983e-12,6.79172e-15
756.783,1.88114e-12,6.78206e-15
757.271,1.87056e-12,6.72157e-15
757.759,1.87392e-12,6.73107e-15
758.247,1.87370e-12,6.72322e-15
758.736,1.85375e-12,6.67694e-15
759.224,1.88093e-12,6.77549e-15
759.712,1.84623e-12,6.74418e-15
760.200,1.88185e-12,6.93306e-15
760.689,1.89400e-12,7.01523e-15
761.177,1.88508e-12,6.99493e-15
761.665,1.90899e-12,7.05654e-15
762.153,1.85385e-12,6.78506e-15
762.642,1.84131e-12,6.68185e-15
763.130,1.85849e-12,6.72362e-15
763.618,1.84573e-12,6.69917e-15
764.106,1.85612e-12,6.79763e-15
764.595,1.81389e-12,6.73948e-15
765.083,1.83028e-12,6.84589e-15
765.571,1.82411e-12,6.88831e-15
766.059,1.81530e-12,6.88726e-15
766.547,1.84039e-12,6.89577e-15
767.036,1.86493e-12,6.95516e-15
767.524,1.83976e-12,6.82926e-15
768.012,1.87570e-12,6.92232e-15
768.500,1.82783e-12,6.81499e-15
768.989,1.79619e-12,6.82933e-15
769.477,1.81769e-12,6.99273e-15
769.965,1.86765e-12,7.20730e-15
770.453,1.85406e-12,7.13230e-15
770.942,1.84648e-12,7.02952e-15
771.430,1.82628e-12,6.89789e-15
771.918,1.81599e-12,6.85015e-15
772.406,1.82837e-12,6.93551e-15
772.894,1.82650e-12,6.99721e-15
773.383,1.80573e-12,7.03026e-15
773.871,1.82630e-12,7.17088e-15
774.359,1.78422e-12,7.06747e-15
774.847,1.82385e-12,7.16593e-15
775.335,1.83684e-12,7.14544e-15
775.823,1.83463e-12,7.07226e-15
776.312,1.80597e-12,6.93134e-15
776.800,1.79212e-12,6.86714e-15
777.288,1.81740e-12,7.08553e-15
777.776,1.80342e-12,7.12388e-15
778.265,1.82673e-12,7.31752e-15
778.753,1.84103e-12,7.43770e-15
779.241,1.83654e-12,7.43575e-15
779.729,1.80579e-12,7.29612e-15
780.217,1.80888e-12,7.27775e-15
780.705,1.80672e-12,7.16153e-15
781.193,1.80355e-12,7.09043e-15
781.682,1.82227e-12,7.11500e-15
782.170,1.82454e-12,7.18333e-15
782.658,1.79859e-12,7.18787e-15
783.146,1.82568e-12,7.38563e-15
783.634,1.82890e-12,7.48559e-15
784.122,1.85029e-12,7.62788e-15
784.611,1.82832e-12,7.59743e-15
785.099,1.80066e-12,7.53835e-15
785.587,1.82792e-12,7.62088e-15
786.075,1.78898e-12,7.46886e-15
786.563,1.75875e-12,7.30758e-15
787.051,1.75495e-12,7.28288e-15
787.539,1.77467e-12,7.30345e-15
788.028,1.77689e-12,7.30116e-15
788.516,1.81217e-12,7.34309e-15
789.004,1.78355e-12,7.24119e-15
789.492,1.77125e-12,7.27826e-15
789.980,1.76733e-12,7.38572e-15
790.468,1.78983e-12,7.60113e-15
790.956,1.79313e-12,7.73650e-15
791.445,1.79172e-12,7.77387e-15
791.933,1.79007e-12,7.70160e-15
792.421,1.78784e-12,7.63357e-15
792.909,1.77910e-12,7.57645e-15
793.397,1.73319e-12,7.38065e-15
793.885,1.77155e-12,7.52736e-15
794.373,1.75816e-12,7.50986e-15
794.861,1.78655e-12,7.67738e-15
795.349,1.81043e-12,7.80148e-15
795.838,1.76505e-12,7.72872e-15
796.326,1.78184e-12,7.80072e-15
796.814,1.75025e-12,7.70831e-15
797.302,1.76741e-12,7.72829e-15
797.790,1.77965e-12,7.72377e-15
798.278,1.78191e-12,7.67564e-15
798.766,1.75090e-12,7.56390e-15
799.254,1.76124e-12,7.62592e-15
799.742,1.72845e-12,7.62742e-15
800.230,1.75348e-12,7.80143e-15
800.719,1.74121e-12,7.84546e-15
801.207,1.72474e-12,7.82728e-15
801.695,1.74793e-12,7.93377e-15
802.183,1.75401e-12,7.92661e-15
802.671,1.73260e-12,7.76261e-15
803.159,1.73018e-12,7.72461e-15
803.647,1.73898e-12,7.73167e-15
804.135,1.70399e-12,7.62352e-15
804.623,1.72504e-12,7.72571e-15
805.111,1.74604e-12,7.80207e-15
805.599,1.70304e-12,7.70978e-15
806.087,1.71837e-12,7.83534e-15
806.575,1.73554e-12,8.01006e-15
807.063,1.73172e-12,8.06913e-15
807.551,1.72141e-12,8.03771e-15
808.039,1.72505e-12,8.05053e-15
808.527,1.70555e-12,7.95078e-15
809.015,1.70398e-12,7.93315e-15
809.503,1.74747e-12,8.09388e-15
809.991,1.75105e-12,8.08217e-15
810.479,1.75935e-12,8.14432e-15
810.967,1.74245e-12,8.07904e-15
811.456,1.73540e-12,8.12197e-15
811.943,1.75650e-12,8.29032e-15
812.432,1.73221e-12,8.23129e-15
812.919,1.69936e-12,8.12040e-15
813.408,1.70538e-12,8.20142e-15
813.896,1.72815e-12,8.26066e-15
814.383,1.70575e-12,8.16511e-15
814.871,1.69705e-12,8.06869e-15
815.359,1.69690e-12,8.00833e-15
815.848,1.68849e-12,7.92551e-15
816.336,1.69635e-12,7.95243e-15
816.823,1.71482e-12,8.10523e-15
817.312,1.67794e-12,8.01753e-15
817.799,1.65060e-12,7.99487e-15
818.287,1.66148e-12,8.10195e-15
818.775,1.65754e-12,8.12293e-15
819.263,1.66252e-12,8.13784e-15
819.751,1.69057e-12,8.26330e-15
820.239,1.67251e-12,8.14963e-15
820.727,1.66821e-12,8.17736e-15
821.215,1.68052e-12,8.17584e-15
821.703,1.67820e-12,8.10616e-15
822.191,1.65349e-12,7.99380e-15
822.679,1.68574e-12,8.16567e-15
823.167,1.66602e-12,8.17952e-15
823.655,1.66940e-12,8.24621e-15
824.143,1.65551e-12,8.25200e-15
824.631,1.65764e-12,8.28477e-15
825.119,1.67389e-12,8.29704e-15
825.607,1.65468e-12,8.22767e-15
826.095,1.67990e-12,8.24240e-15
826.583,1.67120e-12,8.22107e-15
827.070,1.65707e-12,8.16664e-15
827.558,1.65555e-12,8.17808e-15
828.046,1.66631e-12,8.29503e-15
828.534,1.66061e-12,8.33813e-15
829.022,1.63208e-12,8.33033e-15
829.510,1.65393e-12,8.40660e-15
829.998,1.63735e-12,8.33151e-15
830.486,1.61468e-12,8.21345e-15
830.974,1.67425e-12,8.41192e-15
831.462,1.64385e-12,8.23884e-15
831.950,1.60511e-12,8.06376e-15
832.437,1.61253e-12,8.11154e-15
832.925,1.63654e-12,8.15060e-15
833.413,1.62656e-12,8.17910e-15
833.901,1.64973e-12,8.25272e-15
834.389,1.65005e-12,8.36601e-15
834.877,1.66347e-12,8.52770e-15
835.365,1.62647e-12,8.43538e-15
835.853,1.60796e-12,8.42663e-15
836.340,1.61352e-12,8.40386e-15
836.828,1.63378e-12,8.40796e-15
837.316,1.61475e-12,8.27499e-15
837.804,1.61427e-12,8.24361e-15
838.292,1.61568e-12,8.15015e-15
838.780,1.58287e-12,7.97976e-15
839.267,1.61851e-12,8.14265e-15
839.755,1.65009e-12,8.31045e-15
840.243,1.63270e-12,8.41033e-15
840.731,1.61682e-12,8.48045e-15
841.219,1.60368e-12,8.46491e-15
841.707,1.61642e-12,8.47590e-15
842.194,1.59386e-12,8.31272e-15
842.682,1.58271e-12,8.15631e-15
843.170,1.57136e-12,8.02495e-15
843.658,1.58794e-12,8.02496e-15
844.146,1.59396e-12,8.02587e-15
844.633,1.57685e-12,7.96430e-15
845.121,1.58432e-12,8.06192e-15
845.609,1.62069e-12,8.23880e-15
846.097,1.57478e-12,8.18674e-15
846.584,1.56540e-12,8.28918e-15
847.072,1.57679e-12,8.37706e-15
847.560,1.58158e-12,8.43189e-15
848.048,1.55301e-12,8.30264e-15
848.536,1.52400e-12,8.14604e-15
849.023,1.48532e-12,7.98998e-15
849.511,1.44712e-12,7.77797e-15
849.999,1.51652e-12,7.89521e-15
850.487,1.54830e-12,7.96399e-15
850.974,1.54153e-12,7.90238e-15
851.462,1.58266e-12,8.06597e-15
851.950,1.55345e-12,1.11710e-14
852.438,1.57048e-12,8.17344e-15
852.925,1.54347e-12,8.15250e-15
853.413,1.41994e-12,7.91638e-15
853.901,1.37489e-12,7.92721e-15
854.388,1.52417e-12,8.46181e-15
854.876,1.51518e-12,1.15100e-14
855.364,1.55677e-12,1.17734e-14
855.852,1.57530e-12,8.56903e-15
856.339,1.56963e-12,8.49949e-15
856.827,1.57897e-12,8.43235e-15
857.315,1.55467e-12,8.27128e-15
857.803,1.53150e-12,8.12082e-15
858.290,1.55653e-12,8.13967e-15
858.778,1.53300e-12,7.93390e-15
859.266,1.53323e-12,7.89690e-15
859.753,1.53225e-12,7.82941e-15
860.241,1.51247e-12,7.70231e-15
860.729,1.51506e-12,7.66709e-15
861.216,1.54030e-12,7.80826e-15
861.704,1.54654e-12,7.95157e-15
862.192,1.54781e-12,8.03174e-15
862.679,1.54727e-12,8.12839e-15
863.167,1.52096e-12,8.17036e-15
863.654,1.54199e-12,8.30729e-15
864.142,1.51727e-12,8.22629e-15
864.630,1.47858e-12,8.05740e-15
865.117,1.44029e-12,7.92186e-15
865.605,1.36496e-12,7.68183e-15
866.093,1.35476e-12,7.54089e-15
866.580,1.49196e-12,7.86159e-15
867.068,1.51854e-12,7.84522e-15
867.555,1.49752e-12,7.72418e-15
868.043,1.51790e-12,7.86093e-15
868.531,1.49212e-12,7.93202e-15
869.018,1.53252e-12,8.17070e-15
869.506,1.53761e-12,8.31008e-15
869.993,1.53341e-12,8.32894e-15
870.481,1.53870e-12,8.34168e-15
870.969,1.53601e-12,8.32109e-15
871.456,1.50556e-12,8.11806e-15
871.944,1.53025e-12,8.17377e-15
872.431,1.55418e-12,8.13516e-15
872.919,1.51819e-12,7.85989e-15
873.407,1.52040e-12,7.88525e-15
873.894,1.52102e-12,7.95049e-15
874.382,1.51144e-12,8.01454e-15
874.869,1.48679e-12,8.04909e-15
875.357,1.49699e-12,8.21729e-15
875.844,1.54163e-12,8.41820e-15
876.332,1.51583e-12,8.24934e-15
876.819,1.51229e-12,8.21766e-15
877.307,1.51475e-12,8.26433e-15
877.795,1.51728e-12,8.23749e-15
878.282,1.50845e-12,8.12411e-15
878.770,1.51210e-12,8.00609e-15
879.257,1.52199e-12,8.01187e-15
879.745,1.49303e-12,7.91221e-15
880.232,1.45729e-12,7.87511e-15
880.720,1.48349e-12,8.07002e-15
881.207,1.47795e-12,8.09796e-15
881.695,1.48516e-12,8.18773e-15
882.182,1.49943e-12,8.26944e-15
882.670,1.50729e-12,8.23552e-15
883.157,1.50830e-12,8.20148e-15
883.644,1.48865e-12,8.15226e-15
884.132,1.51274e-12,8.29913e-15
884.619,1.49030e-12,8.22558e-15
885.107,1.47879e-12,8.16587e-15
885.594,1.49126e-12,8.16652e-15
886.082,1.48103e-12,8.03332e-15
886.569,1.47231e-12,7.94141e-15
887.057,1.46865e-12,7.95566e-15
887.544,1.50596e-12,8.20553e-15
888.031,1.49202e-12,8.18281e-15
888.519,1.47852e-12,8.09182e-15
889.006,1.47153e-12,8.05701e-15
889.494,1.46517e-12,8.00007e-15
889.981,1.51487e-12,8.15041e-15
890.468,1.50288e-12,8.07955e-15
890.956,1.50337e-12,8.09596e-15
891.443,1.50438e-12,8.13473e-15
891.931,1.47289e-12,8.10306e-15
892.418,1.47386e-12,8.20709e-15
892.905,1.44382e-12,8.19216e-15
893.393,1.43999e-12,8.17891e-15
893.880,1.44236e-12,8.15346e-15
894.368,1.47575e-12,8.22289e-15
894.855,1.48110e-12,8.17012e-15
895.342,1.49904e-12,8.17562e-15
895.830,1.48062e-12,8.07083e-15
896.317,1.48286e-12,8.11527e-15
896.804,1.46731e-12,8.01605e-15
897.292,1.45564e-12,7.95000e-15
897.779,1.45867e-12,7.88086e-15
898.266,1.47638e-12,7.87468e-15
898.754,1.48421e-12,7.88114e-15
899.241,1.48803e-12,7.92903e-15
899.728,1.46064e-12,8.03176e-15
900.216,1.45970e-12,8.21309e-15
900.703,1.43900e-12,8.25675e-15
901.190,1.44685e-12,8.30893e-15
901.678,1.43635e-12,8.21677e-15
902.165,1.47475e-12,8.31107e-15
902.652,1.47099e-12,8.19994e-15
903.139,1.45676e-12,8.04697e-15
903.627,1.45723e-12,7.95315e-15
904.114,1.45427e-12,7.86765e-15
904.601,1.45560e-12,7.77274e-15
905.089,1.46372e-12,7.81173e-15
905.576,1.45333e-12,7.83567e-15
906.063,1.41741e-12,7.79252e-15
906.550,1.41961e-12,7.93111e-15
907.037,1.45718e-12,8.11685e-15
907.525,1.45895e-12,8.24764e-15
908.012,1.44497e-12,8.24099e-15
908.499,1.42802e-12,8.23020e-15
908.986,1.43471e-12,8.23037e-15
909.474,1.44647e-12,8.19011e-15
909.961,1.45194e-12,8.07539e-15
910.448,1.42529e-12,7.89588e-15
910.935,1.44468e-12,7.82784e-15
911.422,1.42119e-12,7.59072e-15
911.910,1.44205e-12,7.58506e-15
912.397,1.44182e-12,7.56419e-15
912.884,1.43816e-12,7.65115e-15
913.371,1.45565e-12,7.91408e-15
913.858,1.42296e-12,8.06952e-15
914.346,1.42376e-12,8.33599e-15
914.833,1.42338e-12,8.47173e-15
915.320,1.42142e-12,8.44059e-15
915.807,1.45744e-12,8.44552e-15
916.294,1.42704e-12,8.18918e-15
916.781,1.40455e-12,7.96236e-15
917.268,1.42448e-12,7.84956e-15
917.755,1.43355e-12,7.70191e-15
918.243,1.42196e-12,7.52131e-15
918.730,1.39192e-12,7.40230e-15
919.217,1.37453e-12,7.48267e-15
919.704,1.39424e-12,7.82684e-15
920.191,1.37583e-12,8.09768e-15
920.678,1.38478e-12,8.40667e-15
921.165,1.39458e-12,8.51159e-15
921.652,1.38306e-12,8.42815e-15
922.139,1.39502e-12,8.33271e-15
922.626,1.36609e-12,8.05105e-15
923.114,1.38534e-12,7.95024e-15
923.601,1.38046e-12,7.69763e-15
924.088,1.39181e-12,7.57589e-15
924.575,1.38498e-12,7.44237e-15
925.062,1.38079e-12,7.38875e-15
925.549,1.36916e-12,7.40336e-15
926.036,1.37767e-12,7.68020e-15
926.523,1.37251e-12,7.98843e-15
927.010,1.38218e-12,8.30937e-15
927.497,1.37138e-12,8.48863e-15
927.984,1.38780e-12,8.62463e-15
928.471,1.41597e-12,8.70292e-15
928.958,1.38676e-12,8.44981e-15
929.445,1.39298e-12,8.30629e-15
929.932,1.38084e-12,8.08317e-15
930.419,1.37484e-12,7.97138e-15
930.906,1.36959e-12,7.82221e-15
931.393,1.37613e-12,7.77235e-15
931.880,1.37538e-12,7.71767e-15
932.367,1.38060e-12,7.67926e-15
932.854,1.38424e-12,7.71159e-15
933.341,1.36331e-12,7.69685e-15
933.828,1.37513e-12,7.86704e-15
934.315,1.34960e-12,7.88865e-15
934.802,1.36453e-12,8.10748e-15
935.288,1.37485e-12,8.25818e-15
935.775,1.35888e-12,8.34418e-15
936.262,1.37382e-12,8.48484e-15
936.749,1.35895e-12,8.56249e-15
937.236,1.34993e-12,8.61395e-15
937.723,1.34749e-12,8.55951e-15
938.210,1.33654e-12,8.37523e-15
938.697,1.37062e-12,8.33786e-15
939.184,1.36235e-12,8.11009e-15
939.671,1.35431e-12,7.86892e-15
940.158,1.34384e-12,7.64779e-15
940.644,1.34135e-12,7.58726e-15
941.131,1.33398e-12,7.60108e-15
941.618,1.33912e-12,7.69574e-15
942.105,1.32757e-12,7.93417e-15
942.592,1.32218e-12,8.22095e-15
943.079,1.34849e-12,8.61813e-15
943.565,1.33292e-12,8.78879e-15
944.052,1.34619e-12,9.02630e-15
944.539,1.34797e-12,9.04790e-15
945.026,1.33909e-12,9.02222e-15
945.513,1.33589e-12,8.91231e-15
946.000,1.33394e-12,8.82301e-15
946.486,1.33902e-12,8.72574e-15
946.973,1.31271e-12,8.42049e-15
947.460,1.28700e-12,8.18729e-15
947.947,1.31005e-12,8.21862e-15
948.433,1.29090e-12,8.09581e-15
948.920,1.32078e-12,8.13283e-15
949.407,1.30332e-12,8.03202e-15
949.894,1.32450e-12,8.08584e-15
950.380,1.30549e-12,7.98130e-15
950.867,1.30379e-12,7.96493e-15
951.354,1.31198e-12,8.00288e-15
951.841,1.32031e-12,8.08419e-15
952.327,1.29539e-12,8.12755e-15
952.814,1.28719e-12,8.26173e-15
953.301,1.28342e-12,8.51285e-15
953.787,1.28665e-12,8.84385e-15
954.274,1.25316e-12,8.91375e-15
954.761,1.26106e-12,9.10665e-15
955.247,1.25158e-12,9.19027e-15
955.734,1.28877e-12,9.44679e-15
956.221,1.29401e-12,9.44837e-15
956.708,1.28239e-12,9.25186e-15
957.194,1.26593e-12,9.03493e-15
957.681,1.28252e-12,8.91088e-15
958.167,1.25496e-12,8.53547e-15
958.654,1.25236e-12,8.27279e-15
959.141,1.27761e-12,8.21447e-15
959.627,1.26928e-12,8.05195e-15
960.114,1.27382e-12,8.04380e-15
960.601,1.27692e-12,8.07647e-15
961.087,1.27566e-12,8.17882e-15
961.574,1.26411e-12,8.40869e-15
962.061,1.25576e-12,8.72719e-15
962.547,1.24744e-12,8.99939e-15
963.034,1.26998e-12,9.33433e-15
963.520,1.24867e-12,9.43394e-15
964.007,1.27045e-12,9.76280e-15
964.493,1.24322e-12,9.83322e-15
964.980,1.23577e-12,9.77936e-15
965.466,1.25098e-12,9.85428e-15
965.953,1.23877e-12,9.81381e-15
966.440,1.25434e-12,9.85065e-15
966.926,1.25497e-12,9.76658e-15
967.413,1.24193e-12,9.54372e-15
967.899,1.25363e-12,9.48518e-15
968.386,1.23486e-12,9.22762e-15
968.872,1.24582e-12,9.02420e-15
969.359,1.28553e-12,8.98383e-15
969.845,1.29103e-12,8.91680e-15
970.332,1.27046e-12,8.84076e-15
970.818,1.28079e-12,9.08904e-15
971.305,1.27062e-12,9.26367e-15
971.791,1.25770e-12,9.53847e-15
972.278,1.26287e-12,9.93062e-15
972.764,1.25762e-12,1.02262e-14
973.250,1.23646e-12,1.03584e-14
973.737,1.26553e-12,1.06007e-14
974.223,1.25810e-12,1.05867e-14
974.710,1.27376e-12,1.06556e-14
975.196,1.27919e-12,1.04864e-14
975.683,1.24059e-12,1.01311e-14
976.169,1.24991e-12,1.00541e-14
976.655,1.25430e-12,9.91941e-15
977.142,1.24760e-12,9.79453e-15
977.628,1.27037e-12,9.73288e-15
978.115,1.25223e-12,9.56037e-15
978.601,1.27550e-12,9.56976e-15
979.087,1.27649e-12,9.53444e-15
979.574,1.27089e-12,9.62194e-15
980.060,1.26428e-12,9.79259e-15
980.546,1.23748e-12,1.00776e-14
981.033,1.23066e-12,1.05490e-14
981.519,1.19209e-12,1.07795e-14
982.005,1.22107e-12,1.12292e-14
982.492,1.22294e-12,1.12796e-14
982.978,1.26299e-12,1.15464e-14
983.464,1.25030e-12,1.14234e-14
983.951,1.28115e-12,1.14413e-14
984.437,1.23206e-12,1.10430e-14
984.923,1.23852e-12,1.08530e-14
985.410,1.22735e-12,1.06196e-14
985.896,1.23066e-12,1.04749e-14
986.382,1.24309e-12,1.04054e-14
986.868,1.24299e-12,1.03775e-14
987.355,1.21999e-12,1.03545e-14
987.841,1.20938e-12,1.06509e-14
988.327,1.21838e-12,1.10295e-14
988.813,1.19609e-12,1.13421e-14
989.300,1.19393e-12,1.16847e-14
989.786,1.15699e-12,1.17350e-14
990.272,1.14105e-12,1.18372e-14
990.758,1.18364e-12,1.20128e-14
991.244,1.18733e-12,1.19757e-14
991.731,1.24748e-12,1.20979e-14
992.217,1.21279e-12,1.16266e-14
992.703,1.21305e-12,1.13550e-14
993.189,1.21748e-12,1.11822e-14
993.675,1.20621e-12,1.09717e-14
994.161,1.18641e-12,1.09706e-14
994.648,1.20877e-12,1.11624e-14
995.134,1.16109e-12,1.11865e-14
995.620,1.18530e-12,1.16414e-14
996.106,1.21635e-12,1.22919e-14
996.592,1.20194e-12,1.24210e-14
997.078,1.14713e-12,1.23797e-14
997.564,1.15341e-12,1.27158e-14
998.050,1.16259e-12,1.30843e-14
998.537,1.14941e-12,1.30804e-14
999.023,1.19638e-12,1.31681e-14
999.509,1.21582e-12,1.30728e-14
999.995,1.24516e-12,1.28984e-14
1000.48,1.20614e-12,1.23552e-14
1000.97,1.18881e-12,1.22804e-14
1001.45,1.17036e-12,1.24488e-14
1001.94,1.10701e-12,1.25011e-14
1002.43,1.12494e-12,1.32546e-14
1002.91,1.10012e-12,1.35877e-14
1003.40,1.12523e-12,1.41010e-14
1003.88,1.10777e-12,1.39939e-14
1004.37,1.11362e-12,1.40452e-14
1004.86,1.11619e-12,1.39423e-14
1005.34,1.18781e-12,1.40713e-14
1005.83,1.16393e-12,1.35378e-14
1006.31,1.18051e-12,1.34899e-14
